/*--------------------------------*- C++ -*----------------------------------*\
| =========                 |                                                 |
| \\      /  F ield         | OpenFOAM: The Open Source CFD Toolbox           |
|  \\    /   O peration     | Version:  2112                                  |
|   \\  /    A nd           | Website:  www.openfoam.com                      |
|    \\/     M anipulation  |                                                 |
\*---------------------------------------------------------------------------*/
FoamFile
{
    version     2.0;
    format      ascii;
    arch        "LSB;label=32;scalar=64";
    class       volScalarField;
    location    "53.5";
    object      p;
}
// * * * * * * * * * * * * * * * * * * * * * * * * * * * * * * * * * * * * * //

dimensions      [0 2 -2 0 0 0 0];

internalField   nonuniform List<scalar> 
8800
(
0.818712
0.770925
0.732235
0.703239
0.682375
0.667543
0.656947
0.649466
0.644647
0.642591
0.643861
0.648052
0.654698
0.664014
0.676793
0.694527
0.719304
0.753244
0.795794
0.854496
0.649964
0.657642
0.665117
0.668424
0.66692
0.661842
0.655354
0.649276
0.644552
0.64171
0.641432
0.643939
0.648428
0.654373
0.661142
0.667422
0.671062
0.670326
0.664905
0.656214
0.628371
0.63453
0.638656
0.641599
0.643647
0.64425
0.643142
0.641036
0.63902
0.638114
0.639077
0.641459
0.644258
0.646438
0.647044
0.645844
0.643501
0.640107
0.635549
0.631788
0.622569
0.625219
0.627969
0.63037
0.632002
0.633161
0.633901
0.634016
0.633721
0.633672
0.634425
0.635595
0.636433
0.636496
0.635885
0.634792
0.632974
0.630402
0.627998
0.626494
0.617198
0.618623
0.6204
0.622429
0.62421
0.625548
0.626533
0.627328
0.627941
0.628506
0.629157
0.629651
0.629748
0.629457
0.628757
0.627506
0.625808
0.623958
0.622649
0.621818
0.612136
0.613056
0.614294
0.615857
0.617485
0.619005
0.620286
0.621349
0.622311
0.623204
0.623892
0.624217
0.62417
0.623725
0.62284
0.621636
0.620305
0.619042
0.618218
0.617667
0.607246
0.607916
0.608875
0.610173
0.611576
0.613028
0.614461
0.615778
0.616972
0.618076
0.618895
0.619257
0.619166
0.618649
0.617836
0.616883
0.615865
0.614937
0.61435
0.613945
0.602484
0.603
0.603781
0.604905
0.606176
0.607542
0.608979
0.610443
0.611865
0.613195
0.614195
0.614657
0.61462
0.614224
0.613611
0.612877
0.612096
0.611407
0.610971
0.610655
0.597779
0.59819
0.598842
0.599841
0.601039
0.602356
0.60379
0.605335
0.606946
0.608534
0.609768
0.610411
0.610559
0.610373
0.609976
0.609448
0.608867
0.608367
0.608042
0.607785
0.593046
0.593381
0.593944
0.594863
0.59601
0.59731
0.598776
0.600414
0.602205
0.604072
0.605611
0.606535
0.606948
0.607005
0.606829
0.606517
0.606125
0.605782
0.605541
0.605325
0.588199
0.588476
0.588977
0.58985
0.590976
0.592298
0.593834
0.595605
0.597616
0.599804
0.601729
0.603018
0.603748
0.604082
0.604147
0.604049
0.603843
0.603637
0.603463
0.603277
0.58315
0.583383
0.583845
0.584701
0.585847
0.587234
0.588881
0.590838
0.593132
0.59572
0.598118
0.599843
0.600946
0.601595
0.601927
0.602052
0.602029
0.601948
0.601829
0.601664
0.577812
0.57801
0.578452
0.57932
0.580528
0.582023
0.583836
0.586046
0.588702
0.591795
0.594766
0.597011
0.598546
0.599554
0.600183
0.600539
0.600717
0.600752
0.600679
0.600529
0.572086
0.572255
0.572694
0.573604
0.574914
0.576569
0.578614
0.581158
0.584277
0.587997
0.591665
0.594528
0.59657
0.597988
0.598956
0.599592
0.599962
0.600107
0.600074
0.599933
0.565858
0.566003
0.566455
0.567436
0.568895
0.570768
0.573123
0.576091
0.579794
0.584286
0.588798
0.592401
0.595047
0.596946
0.598296
0.599233
0.599824
0.600085
0.600089
0.599954
0.558995
0.559115
0.559594
0.560678
0.562337
0.5645
0.56725
0.57076
0.575189
0.580625
0.58616
0.590653
0.594013
0.596482
0.598281
0.599559
0.600398
0.600779
0.600816
0.600683
0.551326
0.551421
0.551942
0.553165
0.555082
0.557612
0.560869
0.565064
0.570397
0.576991
0.583764
0.589317
0.593521
0.596658
0.598995
0.600679
0.601788
0.602293
0.602363
0.602227
0.542621
0.542721
0.543295
0.544675
0.546922
0.54993
0.553834
0.55889
0.565349
0.573365
0.581626
0.588441
0.593639
0.597561
0.600534
0.602684
0.604105
0.604744
0.604844
0.604703
0.532587
0.532668
0.533331
0.534934
0.537612
0.541233
0.545958
0.5521
0.559963
0.569719
0.579768
0.58807
0.594442
0.599288
0.602994
0.6057
0.607469
0.608251
0.608381
0.608231
0.520856
0.52092
0.521682
0.523597
0.52683
0.53124
0.537015
0.544533
0.55414
0.566016
0.578206
0.588266
0.596012
0.601942
0.606499
0.609849
0.612007
0.612937
0.613092
0.612929
0.506893
0.506946
0.50785
0.510176
0.514139
0.519588
0.526734
0.536025
0.547829
0.562298
0.577023
0.589123
0.598442
0.605619
0.611165
0.615246
0.617825
0.618904
0.619077
0.618898
0.489936
0.489976
0.491096
0.494005
0.498972
0.505827
0.514802
0.5264
0.540975
0.558591
0.576291
0.590735
0.601838
0.610432
0.617083
0.621985
0.625005
0.626221
0.626403
0.626204
0.468866
0.468905
0.470364
0.474142
0.480552
0.489386
0.500871
0.515519
0.53359
0.554992
0.576124
0.593199
0.606298
0.616462
0.624324
0.630122
0.633575
0.634902
0.635077
0.634856
0.441951
0.442008
0.444048
0.449233
0.457875
0.469619
0.484634
0.503332
0.525769
0.551652
0.576678
0.596638
0.611899
0.623777
0.632938
0.639651
0.643486
0.644871
0.645019
0.644774
0.406179
0.406332
0.409568
0.417352
0.429768
0.445953
0.466009
0.490041
0.517847
0.548914
0.578209
0.601225
0.618735
0.632386
0.642929
0.650488
0.654586
0.655946
0.656039
0.655773
0.355809
0.356767
0.363203
0.376319
0.395296
0.418346
0.445343
0.476097
0.51021
0.547032
0.580867
0.607045
0.626844
0.642265
0.654161
0.662419
0.666598
0.667827
0.667843
0.66756
0.281973
0.289149
0.304049
0.32714
0.355913
0.388154
0.423645
0.462164
0.503316
0.546429
0.585155
0.614751
0.637062
0.654458
0.667798
0.676694
0.68089
0.681982
0.681946
0.681697
0.202473
0.219502
0.24367
0.277405
0.316358
0.357948
0.402027
0.448528
0.497143
0.547281
0.591899
0.625851
0.651374
0.671237
0.686414
0.695892
0.699855
0.70071
0.700696
0.700549
0.136243
0.156327
0.188173
0.23092
0.27887
0.329264
0.381662
0.435994
0.49194
0.548916
0.599164
0.637189
0.665719
0.687763
0.704176
0.713812
0.717568
0.718364
0.71843
0.718352
0.0819981
0.103733
0.141075
0.190222
0.245279
0.303098
0.362874
0.424406
0.487242
0.550723
0.606315
0.648149
0.67937
0.703277
0.720813
0.730878
0.734891
0.735758
0.735808
0.735756
0.0367894
0.0597159
0.100845
0.155076
0.215853
0.279802
0.345903
0.413822
0.482959
0.55252
0.613155
0.658584
0.692365
0.718128
0.736859
0.747735
0.752055
0.752883
0.752986
0.752968
-0.0016321
0.0219762
0.0659609
0.124239
0.189819
0.258983
0.330581
0.404183
0.479057
0.554259
0.619631
0.668458
0.704671
0.732235
0.752155
0.763805
0.768485
0.769416
0.769553
0.769566
-0.0352728
-0.0112047
0.0350548
0.0966511
0.166293
0.23999
0.31646
0.395179
0.475313
0.555771
0.625603
0.677633
0.716129
0.745341
0.766343
0.778667
0.783752
0.784889
0.785073
0.785096
-0.0656094
-0.0411333
0.00698744
0.0714179
0.14456
0.222224
0.303055
0.386437
0.471445
0.556855
0.630922
0.685966
0.726567
0.7572
0.779176
0.792108
0.797526
0.798891
0.79909
0.799111
-0.0935893
-0.0687377
-0.0190181
0.0478418
0.124065
0.20524
0.289991
0.377644
0.467209
0.557324
0.635454
0.693378
0.735932
0.767878
0.790627
0.803987
0.809662
0.811181
0.8114
0.811409
-0.120001
-0.0947281
-0.0435092
0.025433
0.104395
0.188702
0.276993
0.368572
0.462405
0.557026
0.639126
0.699873
0.744286
0.777413
0.800755
0.814446
0.820294
0.821916
0.822133
0.822118
-0.145203
-0.119494
-0.0670946
0.0038758
0.0852571
0.172372
0.263869
0.35906
0.456905
0.555877
0.641913
0.705494
0.751753
0.785987
0.80991
0.823744
0.829641
0.831321
0.831506
0.83146
-0.169598
-0.143324
-0.0898755
-0.0170823
0.0664569
0.15609
0.250497
0.34901
0.450618
0.5538
0.643791
0.710284
0.758441
0.793794
0.818184
0.832075
0.837984
0.839626
0.839802
0.839731
-0.193316
-0.166617
-0.111987
-0.0375929
0.0478782
0.139769
0.236804
0.338366
0.443493
0.550747
0.644741
0.714289
0.764478
0.801001
0.825777
0.839626
0.845459
0.84703
0.847165
0.847071
-0.216475
-0.189239
-0.133574
-0.0577333
0.0294704
0.123375
0.222769
0.327102
0.435502
0.546679
0.644721
0.717529
0.769971
0.807743
0.83283
0.846548
0.852205
0.853661
0.853728
0.853598
-0.239197
-0.211372
-0.154705
-0.0775321
0.0112099
0.10691
0.208412
0.315244
0.426653
0.541564
0.643675
0.719993
0.775001
0.814158
0.839489
0.85294
0.858278
0.85954
0.859531
0.859375
-0.261491
-0.232994
-0.175389
-0.0969892
-0.00687067
0.0904036
0.193777
0.302834
0.416971
0.535377
0.64154
0.721635
0.779597
0.820378
0.845936
0.858922
0.863745
0.864734
0.864652
0.864483
-0.283201
-0.254069
-0.195566
-0.116075
-0.0247381
0.0739235
0.178924
0.289945
0.406515
0.528141
0.638251
0.722374
0.783717
0.826532
0.852464
0.864757
0.868731
0.869301
0.869136
0.868968
-0.304304
-0.274568
-0.215221
-0.134741
-0.042334
0.0575281
0.163944
0.276656
0.395363
0.519882
0.633761
0.722079
0.787253
0.832682
0.859455
0.870953
0.873562
0.873333
0.873023
0.8729
-0.324866
-0.294455
-0.234326
-0.152955
-0.0595957
0.0412998
0.148924
0.26307
0.383607
0.510665
0.62803
0.720601
0.789998
0.838718
0.867231
0.878374
0.87916
0.877254
0.876444
0.876582
-0.344713
-0.313706
-0.252824
-0.170652
-0.0764649
0.0253215
0.133958
0.249298
0.371363
0.500585
0.62105
0.717771
0.791664
0.844277
0.875722
0.887984
0.887558
0.883152
0.880318
0.879773
-0.363943
-0.332311
-0.270733
-0.187862
-0.092974
0.00955024
0.118992
0.235283
0.358564
0.489573
0.612691
0.713311
0.791933
0.848817
0.884215
0.899971
0.901078
0.895097
0.886646
0.872339
-0.382477
-0.350257
-0.288171
-0.204782
-0.109407
-0.00634343
0.103614
0.220547
0.344679
0.476996
0.602306
0.706432
0.79021
0.851553
0.890875
0.911887
0.915351
0.903276
0.883813
0.871624
-0.400141
-0.367675
-0.304941
-0.221202
-0.125423
-0.0220167
0.0880487
0.205415
0.330013
0.463118
0.589973
0.696675
0.785723
0.85136
0.891365
0.91219
0.918722
0.896058
0.828164
0.79758
-0.416265
-0.385803
-0.32071
-0.236601
-0.140255
-0.0369683
0.072607
0.190113
0.314782
0.44806
0.575632
0.683747
0.777125
0.847606
0.88085
0.895872
0.886868
0.833415
0.764335
0.721795
-0.472232
-0.401786
-0.335065
-0.252075
-0.155495
-0.0526468
0.0572243
0.174362
0.29862
0.431376
0.558688
0.667037
0.760656
0.837701
0.843604
0.847602
0.799665
0.73031
0.653954
0.611437
-0.433358
-0.417238
-0.356481
-0.272798
-0.177922
-0.0751768
0.0336666
0.150122
0.273327
0.404559
0.52975
0.636101
0.721604
0.802553
0.790608
0.679022
0.574829
0.502315
0.429266
0.46036
-0.464544
-0.43501
-0.37328
-0.29038
-0.195507
-0.0929405
0.0161542
0.131953
0.254062
0.383449
0.505798
0.607781
0.684563
0.727012
0.679343
0.531856
0.404882
0.314094
0.215658
0.266248
-0.488559
-0.456073
-0.393057
-0.309959
-0.214995
-0.112533
-0.00352629
0.111427
0.232118
0.359086
0.4777
0.573523
0.641135
0.649888
0.544231
0.372255
0.220243
0.101985
-0.0287625
0.00436229
-0.512077
-0.478022
-0.413796
-0.329779
-0.234693
-0.13237
-0.023882
0.0901032
0.209194
0.333379
0.447352
0.535632
0.587824
0.565663
0.407936
0.212396
0.0226355
-0.144811
-0.333042
-0.350972
-0.534987
-0.500465
-0.435325
-0.350524
-0.255255
-0.153136
-0.0452893
0.0676109
0.18485
0.305879
0.414527
0.495162
0.528466
0.470264
0.278421
0.0685803
-0.148202
-0.337118
-0.578895
-0.877136
-0.558184
-0.523647
-0.457942
-0.372631
-0.277149
-0.17518
-0.0678997
0.0438875
0.159181
0.276819
0.379849
0.45225
0.465032
0.355843
0.165795
-0.04349
-0.247346
-0.41935
-0.488361
-0.567719
-0.582622
-0.548016
-0.481994
-0.396427
-0.30087
-0.199141
-0.092517
0.0179906
0.131033
0.244774
0.341827
0.403371
0.391473
0.248656
0.0657672
-0.124606
-0.28696
-0.379564
-0.403608
-0.419561
-0.608611
-0.57388
-0.507653
-0.421995
-0.326548
-0.225228
-0.119497
-0.0105653
0.0998214
0.209042
0.299633
0.347314
0.3179
0.149255
-0.0248448
-0.190206
-0.316352
-0.355354
-0.368241
-0.369551
-0.636352
-0.601413
-0.534978
-0.449325
-0.354127
-0.253441
-0.148853
-0.0418263
0.0654807
0.169625
0.25287
0.286403
0.237691
0.0574356
-0.107638
-0.255715
-0.331708
-0.348913
-0.350205
-0.349995
-0.665903
-0.630668
-0.563986
-0.478407
-0.383616
-0.283763
-0.180586
-0.0758049
0.0280212
0.126592
0.201607
0.22354
0.138985
-0.0264958
-0.183326
-0.305409
-0.342236
-0.340515
-0.339478
-0.338854
-0.69697
-0.661465
-0.594566
-0.509145
-0.41492
-0.316131
-0.214658
-0.112472
-0.0125243
0.0800405
0.146694
0.151969
0.048808
-0.104807
-0.24346
-0.318419
-0.329125
-0.332149
-0.332981
-0.332653
-0.728983
-0.693331
-0.626452
-0.541302
-0.447841
-0.35038
-0.250909
-0.151693
-0.0559916
0.0303113
0.0884963
0.0791235
-0.0323754
-0.171723
-0.287441
-0.319005
-0.327295
-0.329108
-0.329057
-0.328791
-0.761467
-0.725713
-0.659174
-0.574466
-0.48202
-0.386174
-0.289053
-0.193181
-0.102118
-0.0219414
0.0259646
0.0103897
-0.106721
-0.227452
-0.31954
-0.333713
-0.327125
-0.326197
-0.326136
-0.32598
-0.793523
-0.757881
-0.69184
-0.608019
-0.516895
-0.423025
-0.328629
-0.23646
-0.150445
-0.0762237
-0.0379744
-0.0527666
-0.170545
-0.27403
-0.32609
-0.335224
-0.329748
-0.326043
-0.324594
-0.324156
-0.823508
-0.788619
-0.723472
-0.641013
-0.551674
-0.460205
-0.368959
-0.280855
-0.200168
-0.132002
-0.0964798
-0.123545
-0.218471
-0.312917
-0.329459
-0.336619
-0.3321
-0.326008
-0.323588
-0.322537
-0.849847
-0.81603
-0.752914
-0.672242
-0.585284
-0.49674
-0.409146
-0.325499
-0.250223
-0.188581
-0.15302
-0.192729
-0.253992
-0.310101
-0.362556
-0.345642
-0.335728
-0.332198
-0.331031
-0.3301
-0.87036
-0.83832
-0.777996
-0.700246
-0.616382
-0.531429
-0.448038
-0.369297
-0.299583
-0.244782
-0.212174
-0.254967
-0.279108
-0.269514
-0.318139
-0.341459
-0.363278
-0.373416
-0.37423
-0.37261
-0.882783
-0.853485
-0.796873
-0.723077
-0.64339
-0.562851
-0.484312
-0.410909
-0.347142
-0.299582
-0.270437
-0.328502
-0.338697
-0.253549
-0.283466
-0.385654
-0.442423
-0.458862
-0.457183
-0.457031
-0.88441
-0.859214
-0.807491
-0.738855
-0.664515
-0.589432
-0.516412
-0.448784
-0.391386
-0.351458
-0.323732
-0.425296
-0.56763
-0.604034
-0.568439
-0.549639
-0.533205
-0.519272
-0.512328
-0.511874
-0.873099
-0.852778
-0.807612
-0.74589
-0.678153
-0.609511
-0.542693
-0.481071
-0.43018
-0.398016
-0.38057
-0.517863
-0.781784
-1.17343
-1.05464
-0.741298
-0.583692
-0.529173
-0.512117
-0.50697
-0.846735
-0.831369
-0.795415
-0.742872
-0.683183
-0.621851
-0.561593
-0.50573
-0.460214
-0.433013
-0.422761
-0.483456
-0.582495
-0.786263
-0.745718
-0.512663
-0.388162
-0.347994
-0.339044
-0.334122
-0.807634
-0.797676
-0.771498
-0.729888
-0.679482
-0.626026
-0.572092
-0.521185
-0.478292
-0.452094
-0.42795
-0.287695
0.00145466
0.281287
0.242956
0.0689693
-0.085329
-0.140582
-0.150764
-0.150597
-0.762242
-0.756602
-0.740582
-0.709603
-0.668932
-0.622796
-0.574519
-0.526604
-0.483868
-0.453036
-0.425075
-0.232764
0.105609
0.529837
0.486277
0.184611
-0.031017
-0.124327
-0.161093
-0.17757
-0.720058
-0.716683
-0.708743
-0.687447
-0.654611
-0.614474
-0.57027
-0.523803
-0.478068
-0.443147
-0.424823
-0.419887
-0.622512
-1.05364
-1.53083
-1.8676
-1.88877
-1.69083
-1.38569
-1.27036
-0.688209
-0.686022
-0.681999
-0.668294
-0.641282
-0.604594
-0.561922
-0.513852
-0.463303
-0.416057
-0.390805
-0.527251
-1.08422
-1.88878
-2.40122
-2.40359
-2.13049
-1.77078
-1.46979
-1.36425
-0.663277
-0.662409
-0.661121
-0.653979
-0.631985
-0.59675
-0.552301
-0.500426
-0.441466
-0.370286
-0.306865
-0.285625
-0.407214
-0.44961
-0.410381
-0.225592
0.0824022
0.324236
0.47467
0.531741
-0.648037
-0.64768
-0.647191
-0.644056
-0.62705
-0.591497
-0.543308
-0.48594
-0.416054
-0.332597
-0.232666
-0.102719
0.0624708
0.37918
0.79755
1.23478
1.58893
1.79342
1.88139
1.90425
-0.637286
-0.637078
-0.636592
-0.635949
-0.624118
-0.588795
-0.537074
-0.47314
-0.395801
-0.297223
-0.172267
-0.0430841
0.209566
0.678176
1.21214
1.69018
2.03538
2.21763
2.28568
2.29954
-0.629375
-0.629525
-0.629762
-0.629846
-0.62109
-0.588202
-0.534662
-0.465619
-0.379228
-0.270135
-0.146494
-0.0149276
0.192983
0.63945
1.11085
1.53149
1.8186
1.96515
2.01714
2.02763
-0.623151
-0.622839
-0.621345
-0.618758
-0.61361
-0.589583
-0.538915
-0.465204
-0.372243
-0.262668
-0.143168
-0.0204421
0.132544
0.484706
0.851274
1.16012
1.37371
1.4817
1.52068
1.52927
-0.633461
-0.629681
-0.617463
-0.603257
-0.603998
-0.601712
-0.553876
-0.471975
-0.37267
-0.262003
-0.152099
-0.043043
0.0719209
0.321197
0.582989
0.791219
0.935884
1.00861
1.03635
1.0429
-0.689299
-0.684697
-0.677212
-0.675714
-0.679001
-0.663107
-0.586487
-0.483805
-0.374035
-0.262998
-0.164033
-0.0751291
0.0142173
0.183429
0.359741
0.495643
0.587987
0.635283
0.65504
0.660526
-0.789333
-0.798303
-0.824281
-0.841199
-0.832034
-0.76403
-0.628694
-0.491375
-0.369873
-0.262586
-0.180232
-0.114354
-0.0525556
0.0763736
0.201452
0.290909
0.350665
0.381752
0.396387
0.400521
-0.840685
-0.861309
-0.893084
-0.911336
-0.891993
-0.792711
-0.625148
-0.474388
-0.353256
-0.256023
-0.189806
-0.145717
-0.106617
-0.0126047
0.0815278
0.153253
0.200753
0.226515
0.23771
0.240242
-0.712774
-0.73213
-0.761364
-0.780396
-0.758993
-0.664236
-0.533656
-0.413374
-0.313502
-0.235676
-0.185632
-0.164788
-0.147458
-0.0606401
0.0164721
0.0690543
0.106283
0.126462
0.134629
0.136167
-0.428196
-0.44038
-0.460528
-0.478371
-0.475507
-0.434529
-0.374668
-0.311152
-0.252062
-0.199576
-0.166347
-0.157701
-0.146426
-0.0773234
-0.0138773
0.0284612
0.0561127
0.0704311
0.0762293
0.0766669
-0.143322
-0.14858
-0.161286
-0.181645
-0.201571
-0.214129
-0.214832
-0.203107
-0.181593
-0.153577
-0.129811
-0.115954
-0.0933754
-0.0472943
-0.0122394
0.0110827
0.026632
0.0352135
0.0388946
0.0394381
0.0333451
0.0308286
0.0214009
4.00402e-05
-0.0337476
-0.0698686
-0.0982484
-0.114749
-0.117476
-0.106414
-0.0863338
-0.062362
-0.0303157
-0.00460977
0.0122362
0.0238225
0.0323846
0.0390763
0.0418151
0.0413207
0.104475
0.102806
0.095244
0.0763127
0.0445529
0.00698208
-0.0279841
-0.0540718
-0.0674697
-0.0650309
-0.0458384
-0.014565
0.0178807
0.0308333
0.0322583
0.0356832
0.0412369
0.0455158
0.0473015
0.0465745
0.116642
0.115394
0.109803
0.0955832
0.0711513
0.0407399
0.00975008
-0.0164543
-0.0331909
-0.035498
-0.0190848
0.0109124
0.0402803
0.0416781
0.0420417
0.0455085
0.0503595
0.0552195
0.0559691
0.0542411
0.104037
0.103186
0.0993667
0.0895523
0.0723305
0.0498487
0.0251896
0.00257138
-0.0138186
-0.0189153
-0.00703704
0.0157564
0.0347845
0.0310116
0.0283603
0.0331006
0.0403679
0.044698
0.0449908
0.0432856
0.0835553
0.0830164
0.0805031
0.0739474
0.0621439
0.046059
0.0273486
0.00886354
-0.00620763
-0.0137998
-0.0086618
0.0038447
0.0109629
0.00143166
0.000179849
0.00512647
0.0114666
0.0146043
0.0141597
0.0125575
0.0622107
0.0618768
0.060228
0.0558615
0.0478025
0.0363251
0.0221542
0.00693109
-0.00744949
-0.0182478
-0.0216106
-0.0201345
-0.0219608
-0.0325579
-0.0362823
-0.032268
-0.0287915
-0.0292819
-0.0300523
-0.0309793
0.0427929
0.0425572
0.0414659
0.0385073
0.0328989
0.0245295
0.0135617
0.000603078
-0.0136852
-0.0284379
-0.0418485
-0.0540345
-0.0673193
-0.0800202
-0.0782774
-0.0735845
-0.0713056
-0.0720108
-0.0729087
-0.0734608
0.0264618
0.0262763
0.025475
0.0234184
0.0194331
0.013167
0.00437675
-0.00712533
-0.0217991
-0.0409098
-0.0647939
-0.0910268
-0.111417
-0.119061
-0.114985
-0.1097
-0.108002
-0.108452
-0.108992
-0.109328
0.01357
0.0134243
0.0128295
0.01137
0.00849829
0.00368858
-0.00354264
-0.0139554
-0.0289257
-0.0515331
-0.0849327
-0.124175
-0.150925
-0.151505
-0.142098
-0.135879
-0.134346
-0.135131
-0.135305
-0.135403
0.00423015
0.00409466
0.00364728
0.00262756
0.000592895
-0.00303787
-0.00892682
-0.0180747
-0.0327336
-0.0570068
-0.0959573
-0.144058
-0.172814
-0.166227
-0.152989
-0.147124
-0.146861
-0.14806
-0.147985
-0.147804
-0.00155063
-0.00168179
-0.0020118
-0.00266844
-0.00402655
-0.00664137
-0.0112304
-0.0189359
-0.0317597
-0.0546729
-0.0927348
-0.140518
-0.164798
-0.152711
-0.141314
-0.138154
-0.140209
-0.142095
-0.141829
-0.14141
-0.00400665
-0.00412377
-0.00435215
-0.00472211
-0.00549744
-0.00716239
-0.0103419
-0.0159727
-0.0257728
-0.0438311
-0.074521
-0.112371
-0.126721
-0.11474
-0.107487
-0.108823
-0.112731
-0.114745
-0.114462
-0.114093
-0.00358504
-0.00367313
-0.00380231
-0.00394497
-0.00425659
-0.0050674
-0.00679259
-0.010024
-0.0158368
-0.0267078
-0.0449013
-0.067134
-0.072267
-0.0626053
-0.0611532
-0.0649917
-0.069705
-0.0714265
-0.0709538
-0.0705098
-0.000916581
-0.000943068
-0.000993135
-0.00100645
-0.000904769
-0.000857004
-0.00103005
-0.0014672
-0.00227343
-0.00370762
-0.00616069
-0.00976427
-0.0154537
-0.0166024
-0.0170629
-0.0163022
-0.016696
-0.0157394
-0.0149099
-0.0145855
-0.103415
0.0637909
0.259052
0.429545
0.565927
0.673521
0.762597
0.838418
0.872935
0.849661
0.200252
0.321203
0.451385
0.563959
0.658918
0.737559
0.80125
0.846468
0.869109
0.881182
0.419763
0.502773
0.591772
0.670409
0.738075
0.794699
0.839735
0.872638
0.89641
0.914387
0.581001
0.640399
0.702238
0.759477
0.809276
0.851573
0.886315
0.914028
0.936845
0.955142
0.706739
0.749961
0.796024
0.839929
0.878714
0.912598
0.941599
0.965733
0.986134
1.00397
0.811243
0.844182
0.882363
0.917969
0.950654
0.979951
1.00555
1.02707
1.04493
1.06228
0.903903
0.932633
0.966648
0.998822
1.02881
1.05601
1.07978
1.09952
1.11503
1.13211
0.992558
1.02178
1.05582
1.08789
1.11751
1.14412
1.167
1.1855
1.19888
1.21591
1.08791
1.12113
1.15779
1.19139
1.22144
1.24764
1.2696
1.28689
1.29876
1.31616
1.20293
1.24077
1.27942
1.31367
1.34303
1.36778
1.38816
1.40405
1.41552
1.43359
1.34788
1.38643
1.42258
1.45327
1.47895
1.50105
1.52011
1.53564
1.54807
1.56607
1.52297
1.55459
1.58078
1.60323
1.6232
1.64193
1.65965
1.67613
1.69148
1.70955
1.71159
1.72879
1.74383
1.76006
1.77597
1.7905
1.80371
1.81764
1.83518
1.85533
1.89331
1.90285
1.91439
1.9252
1.93449
1.94407
1.95485
1.96622
1.97758
1.99294
2.10055
2.10421
2.08926
2.07446
2.06818
2.07385
2.09233
2.12264
2.15482
2.18148
2.40687
2.272
2.19536
2.15298
2.13556
2.13953
2.16692
2.22334
2.32596
2.55032
0.709312
0.707184
0.7027
0.694074
0.681848
0.669717
0.659486
0.651587
0.645965
0.642706
0.642345
0.645076
0.650174
0.657392
0.666776
0.678312
0.690961
0.701994
0.708106
0.711159
0.633768
0.639614
0.645947
0.650438
0.652906
0.652579
0.649839
0.646025
0.642511
0.640245
0.640091
0.642281
0.645937
0.65022
0.654022
0.655902
0.654963
0.651479
0.646315
0.639694
0.625345
0.627641
0.631044
0.634039
0.636111
0.637604
0.638356
0.638035
0.637005
0.636116
0.636282
0.637699
0.639506
0.640805
0.640979
0.640084
0.638532
0.636193
0.632928
0.630006
0.619839
0.620925
0.622757
0.625133
0.627153
0.628577
0.629593
0.63034
0.630735
0.63095
0.63143
0.632226
0.632813
0.632871
0.632451
0.631596
0.630122
0.628034
0.625945
0.624561
0.614642
0.615305
0.616411
0.618113
0.619891
0.621518
0.622808
0.623817
0.624692
0.625473
0.626189
0.626726
0.626906
0.626728
0.626151
0.625088
0.623654
0.622105
0.620784
0.620003
0.609674
0.610135
0.610919
0.612213
0.613696
0.615207
0.616665
0.617954
0.61908
0.620123
0.621022
0.621572
0.621699
0.62141
0.6207
0.6197
0.618566
0.617427
0.616508
0.61599
0.604855
0.6052
0.605809
0.606873
0.608161
0.609527
0.610957
0.612392
0.613752
0.615017
0.616107
0.616774
0.616928
0.616633
0.616018
0.615227
0.614365
0.613491
0.612814
0.612435
0.600133
0.600401
0.600892
0.601796
0.602958
0.604245
0.605628
0.607104
0.608628
0.610128
0.611449
0.612287
0.61256
0.612414
0.611999
0.611422
0.610759
0.61011
0.609613
0.609323
0.595425
0.595638
0.596046
0.596839
0.597919
0.599156
0.600528
0.602046
0.603697
0.605426
0.607025
0.608113
0.608614
0.6087
0.608508
0.608144
0.607683
0.607221
0.606863
0.606636
0.590646
0.590817
0.591167
0.591886
0.592919
0.594132
0.595528
0.597126
0.598927
0.600902
0.60283
0.604261
0.605071
0.605432
0.605482
0.605339
0.605082
0.604789
0.604545
0.604365
0.585709
0.585848
0.586155
0.586829
0.587844
0.58908
0.590538
0.592257
0.594259
0.596533
0.598865
0.600723
0.601905
0.602585
0.602909
0.603
0.602944
0.602812
0.602664
0.602519
0.580527
0.580639
0.580919
0.581572
0.582604
0.583906
0.585472
0.587364
0.589635
0.592289
0.59512
0.597491
0.599111
0.600158
0.60079
0.601133
0.601283
0.601313
0.601249
0.601132
0.575008
0.575097
0.57536
0.576018
0.577102
0.578513
0.58024
0.582374
0.584992
0.588131
0.591576
0.594563
0.596699
0.598169
0.599146
0.599782
0.60016
0.60034
0.60035
0.600254
0.569046
0.569114
0.56937
0.570056
0.57123
0.572797
0.57475
0.577205
0.580265
0.58401
0.588206
0.591934
0.594684
0.596651
0.598023
0.598986
0.599613
0.599954
0.600034
0.599955
0.562517
0.562565
0.562823
0.563558
0.564864
0.566642
0.568893
0.571758
0.57538
0.579876
0.584988
0.58961
0.593091
0.595646
0.597479
0.598803
0.599718
0.600234
0.600382
0.600318
0.555272
0.555301
0.555564
0.556373
0.557854
0.559908
0.56254
0.565929
0.570256
0.575675
0.581903
0.587603
0.591954
0.5952
0.597583
0.599335
0.600579
0.60128
0.601497
0.601444
0.547125
0.547142
0.547405
0.548311
0.550022
0.55242
0.555544
0.559599
0.56481
0.571374
0.578959
0.585946
0.591329
0.595388
0.598416
0.600685
0.602297
0.603202
0.603489
0.603445
0.537767
0.537754
0.53808
0.539123
0.54112
0.543968
0.547722
0.552618
0.558936
0.566915
0.576147
0.584669
0.591271
0.596291
0.600074
0.602948
0.604986
0.606118
0.606476
0.606439
0.526926
0.526887
0.527256
0.528492
0.530857
0.53429
0.538848
0.544811
0.552519
0.562242
0.573467
0.583816
0.591848
0.597996
0.602671
0.606244
0.608773
0.61015
0.610581
0.610547
0.514125
0.514059
0.514506
0.515991
0.518839
0.523034
0.528631
0.535965
0.545427
0.557307
0.570934
0.583443
0.593143
0.600595
0.606317
0.610692
0.613777
0.615417
0.615917
0.615881
0.49873
0.498635
0.499205
0.501039
0.504534
0.509748
0.516726
0.525857
0.537568
0.552121
0.568623
0.583647
0.59526
0.604199
0.611118
0.616402
0.6201
0.622009
0.622569
0.622526
0.479813
0.479691
0.480457
0.482802
0.487208
0.493838
0.502703
0.514229
0.528835
0.546696
0.566608
0.584512
0.598287
0.608905
0.617145
0.623455
0.627807
0.629976
0.630579
0.630522
0.455985
0.455845
0.456941
0.460076
0.465854
0.474555
0.486095
0.500879
0.519221
0.541124
0.565015
0.58617
0.602334
0.614787
0.624472
0.631899
0.636906
0.639297
0.639914
0.639834
0.424945
0.424824
0.426525
0.431033
0.439093
0.45101
0.466473
0.485731
0.508867
0.53565
0.564089
0.5888
0.607508
0.621916
0.63314
0.64173
0.647318
0.649847
0.650436
0.650325
0.382581
0.38262
0.385654
0.393017
0.405305
0.422482
0.443753
0.469043
0.498149
0.530622
0.564086
0.592574
0.613922
0.630339
0.64313
0.652841
0.658849
0.661371
0.661876
0.66173
0.321203
0.322382
0.329811
0.343543
0.363545
0.389074
0.418511
0.45147
0.487634
0.526461
0.565257
0.597608
0.62159
0.639975
0.654258
0.6649
0.671122
0.67341
0.673742
0.673564
0.248265
0.249988
0.264219
0.287825
0.318663
0.354066
0.392442
0.433614
0.477389
0.523268
0.56829
0.60546
0.632922
0.65388
0.670037
0.681806
0.688202
0.690371
0.690676
0.690592
0.17292
0.179028
0.200062
0.233822
0.274994
0.319985
0.367262
0.416693
0.468161
0.521214
0.572677
0.614869
0.645944
0.669676
0.687969
0.700643
0.706833
0.708634
0.708873
0.708844
0.111294
0.119691
0.145286
0.186025
0.235267
0.288439
0.343744
0.400917
0.459745
0.519716
0.577345
0.624265
0.658672
0.684822
0.704701
0.718019
0.72421
0.725844
0.726168
0.726178
0.0611493
0.0701421
0.0992754
0.145233
0.200594
0.260364
0.322462
0.38647
0.452003
0.518438
0.581896
0.633283
0.670784
0.699153
0.720547
0.734684
0.741095
0.743179
0.743615
0.743687
0.0191168
0.0283965
0.0599848
0.109936
0.170315
0.235558
0.303411
0.373388
0.444951
0.517341
0.586261
0.641862
0.682302
0.712822
0.735748
0.750887
0.757936
0.760347
0.760833
0.760906
-0.0171449
-0.0077437
0.0256992
0.078852
0.143371
0.213283
0.286153
0.361418
0.438433
0.516306
0.590334
0.649904
0.693123
0.725674
0.750081
0.766169
0.773909
0.776541
0.777119
0.777205
-0.0492898
-0.0398388
-0.00496639
0.0508893
0.118881
0.192814
0.270118
0.350134
0.432134
0.515102
0.593944
0.657263
0.703087
0.737472
0.763174
0.780108
0.788518
0.791403
0.79201
0.79209
-0.0785804
-0.0690749
-0.0330311
0.0251591
0.0961349
0.173583
0.254823
0.339146
0.425744
0.513502
0.596924
0.663815
0.712066
0.74814
0.774941
0.792575
0.801481
0.804576
0.805212
0.805269
-0.105872
-0.0963065
-0.0592105
0.000966303
0.0746049
0.155161
0.23992
0.328158
0.419018
0.511302
0.599131
0.669485
0.720061
0.757682
0.785427
0.8036
0.812808
0.816071
0.816748
0.816791
-0.13172
-0.122079
-0.0839974
-0.0221251
0.0539067
0.137227
0.225154
0.31696
0.411777
0.508358
0.600483
0.674268
0.72714
0.76622
0.794843
0.813398
0.822751
0.826117
0.826817
0.826832
-0.156616
-0.146791
-0.107857
-0.0443664
0.0337749
0.119565
0.210349
0.305411
0.403907
0.50458
0.600923
0.678179
0.733382
0.77392
0.803335
0.822187
0.83159
0.834936
0.835617
0.835613
-0.180782
-0.170725
-0.131023
-0.0659689
0.0140405
0.102037
0.195396
0.293429
0.395332
0.499899
0.600411
0.681225
0.738867
0.780934
0.811116
0.83015
0.839516
0.842806
0.843438
0.843392
-0.20432
-0.194047
-0.153508
-0.0870834
-0.00539539
0.0845803
0.180244
0.28097
0.386015
0.494264
0.598901
0.683408
0.743672
0.787407
0.818335
0.837443
0.846697
0.84987
0.85043
0.850364
-0.227373
-0.216788
-0.175488
-0.107771
-0.0245742
0.067164
0.164885
0.268036
0.375954
0.487666
0.596346
0.684696
0.74785
0.793457
0.825135
0.844212
0.853247
0.856217
0.856668
0.85656
-0.249906
-0.239034
-0.19698
-0.128062
-0.0434987
0.0498031
0.149354
0.254665
0.365177
0.480095
0.592699
0.685033
0.75142
0.799185
0.831669
0.850585
0.859204
0.861858
0.862169
0.862026
-0.271971
-0.260781
-0.217924
-0.147932
-0.0621457
0.032533
0.133694
0.240916
0.353739
0.471576
0.587921
0.684346
0.754339
0.804651
0.838135
0.856785
0.864716
0.866862
0.867002
0.866831
-0.293385
-0.28195
-0.238313
-0.16734
-0.0804653
0.0154276
0.117972
0.226863
0.341713
0.462166
0.581993
0.682553
0.7565
0.809854
0.844774
0.863207
0.870073
0.871353
0.871213
0.87103
-0.314289
-0.3025
-0.258131
-0.186264
-0.0984231
-0.00147251
0.102283
0.212588
0.329189
0.451947
0.574928
0.67955
0.75774
0.814679
0.851751
0.870421
0.875947
0.875688
0.874879
0.874673
-0.334517
-0.322404
-0.277343
-0.204652
-0.115939
-0.0180821
0.0867082
0.198213
0.316278
0.440985
0.566768
0.675241
0.75785
0.818864
0.858976
0.879011
0.88366
0.881145
0.878545
0.87751
-0.354127
-0.341704
-0.295895
-0.222453
-0.132974
-0.0343307
0.0713323
0.183818
0.303094
0.429418
0.55759
0.669533
0.756595
0.822008
0.8659
0.888953
0.894736
0.89093
0.884378
0.875749
-0.373036
-0.360357
-0.313882
-0.23982
-0.149737
-0.0504921
0.0558225
0.169005
0.289188
0.416746
0.54686
0.661858
0.75345
0.823691
0.871763
0.899371
0.90936
0.906214
0.896183
0.890431
-0.391194
-0.378285
-0.33129
-0.256721
-0.166228
-0.0665623
0.0401946
0.153757
0.274517
0.402853
0.534387
0.651837
0.747652
0.82313
0.874511
0.905721
0.918216
0.919537
0.881943
0.829937
-0.408306
-0.394705
-0.347984
-0.27308
-0.182549
-0.0826917
0.0243983
0.13819
0.259139
0.387799
0.520105
0.639241
0.738127
0.819772
0.871941
0.898395
0.911115
0.893806
0.837322
0.774943
-0.424699
-0.41017
-0.363823
-0.288187
-0.198248
-0.0984155
0.00820773
0.122359
0.243199
0.371755
0.504039
0.623843
0.723684
0.814323
0.86155
0.901849
0.867686
0.820097
0.749262
0.682283
-0.410609
-0.392343
-0.342087
-0.262039
-0.166249
-0.063363
0.0485103
0.165432
0.289381
0.421719
0.548616
0.656759
0.74882
0.844278
0.881068
0.800381
0.74889
0.682604
0.609219
0.561126
-0.434955
-0.418647
-0.382382
-0.311985
-0.222419
-0.123554
-0.0166563
0.0969226
0.217096
0.344555
0.475253
0.593644
0.691359
0.774122
0.847538
0.837396
0.71362
0.627924
0.563684
0.481069
-0.455021
-0.439314
-0.397413
-0.325684
-0.235643
-0.137162
-0.0313881
0.0812771
0.2005
0.326576
0.455671
0.572015
0.666503
0.737791
0.763555
0.685025
0.544068
0.447411
0.371612
0.283973
-0.475551
-0.462899
-0.416482
-0.343531
-0.253416
-0.154555
-0.0488115
0.0635566
0.181894
0.306483
0.432807
0.544583
0.629997
0.687028
0.663451
0.531399
0.379154
0.261502
0.163392
0.0278095
-0.499272
-0.486201
-0.437619
-0.363443
-0.273109
-0.174157
-0.0685319
0.0432728
0.160522
0.283236
0.406176
0.512449
0.589215
0.624797
0.565537
0.382787
0.202022
0.0497762
-0.0900694
-0.285738
-0.522015
-0.509251
-0.459458
-0.384008
-0.293193
-0.194283
-0.0890445
0.0219236
0.137827
0.258275
0.377367
0.477405
0.5465
0.547712
0.438833
0.241899
0.0300759
-0.16884
-0.342775
-0.73271
-0.544843
-0.532413
-0.482081
-0.405694
-0.314482
-0.21554
-0.110701
-0.000593293
0.113838
0.231761
0.346616
0.439445
0.497116
0.466205
0.315658
0.116504
-0.0993955
-0.309546
-0.487367
-0.761163
-0.568615
-0.556321
-0.505738
-0.428761
-0.337277
-0.238297
-0.133817
-0.0245513
0.0883421
0.203552
0.313873
0.399201
0.442055
0.394467
0.205454
0.0133842
-0.182636
-0.348267
-0.41966
-0.458283
-0.593826
-0.581655
-0.530813
-0.453513
-0.361959
-0.26312
-0.159156
-0.0509659
0.0600584
0.172067
0.277187
0.354475
0.380997
0.298909
0.107419
-0.0725898
-0.23561
-0.340956
-0.378547
-0.387693
-0.620673
-0.60852
-0.557475
-0.479966
-0.388473
-0.28996
-0.186736
-0.0798876
0.0288956
0.137201
0.236399
0.305385
0.305552
0.194229
0.0179689
-0.148357
-0.286448
-0.341397
-0.353417
-0.358282
-0.649364
-0.637128
-0.585804
-0.508134
-0.416812
-0.318816
-0.216557
-0.111356
-0.00518242
0.098976
0.191583
0.251416
0.227145
0.0963314
-0.0651258
-0.221536
-0.319698
-0.348288
-0.344474
-0.344504
-0.67959
-0.66756
-0.615757
-0.537974
-0.446934
-0.349637
-0.248602
-0.145354
-0.0421607
0.0574027
0.142997
0.191588
0.15848
0.00636945
-0.140681
-0.27743
-0.31757
-0.330266
-0.335286
-0.335457
-0.7112
-0.69915
-0.647114
-0.569311
-0.478697
-0.382312
-0.282771
-0.181801
-0.0819798
0.0126488
0.0908038
0.12876
0.0894696
-0.0707849
-0.207325
-0.301385
-0.345949
-0.333623
-0.331043
-0.330825
-0.743649
-0.731582
-0.679557
-0.601805
-0.5118
-0.416578
-0.318822
-0.220482
-0.124432
-0.0349767
0.0354442
0.0651935
0.00546896
-0.1383
-0.26116
-0.309006
-0.325442
-0.327209
-0.327769
-0.327677
-0.776169
-0.764183
-0.712185
-0.634892
-0.545766
-0.452004
-0.356386
-0.261035
-0.169144
-0.0851405
-0.02171
-0.00676149
-0.0734205
-0.197197
-0.295376
-0.319207
-0.323555
-0.326103
-0.32562
-0.325413
-0.807521
-0.795974
-0.74416
-0.667788
-0.579874
-0.487955
-0.394869
-0.302898
-0.215491
-0.137379
-0.0790333
-0.0777963
-0.140746
-0.2467
-0.326011
-0.370762
-0.34283
-0.329206
-0.324614
-0.323437
-0.836192
-0.825148
-0.774365
-0.69916
-0.613143
-0.523545
-0.43347
-0.345301
-0.262655
-0.190713
-0.136675
-0.140393
-0.202096
-0.273288
-0.349001
-0.338967
-0.335119
-0.329768
-0.326532
-0.325293
-0.860461
-0.850125
-0.800838
-0.727778
-0.644296
-0.557615
-0.471131
-0.387256
-0.309652
-0.243828
-0.19542
-0.19765
-0.255282
-0.276705
-0.29926
-0.333699
-0.343589
-0.345182
-0.345713
-0.34528
-0.877932
-0.86853
-0.821578
-0.751666
-0.67174
-0.58884
-0.506565
-0.427536
-0.355338
-0.295664
-0.25376
-0.257082
-0.309564
-0.264136
-0.19899
-0.313513
-0.377696
-0.410811
-0.41674
-0.414207
-0.88652
-0.877944
-0.834451
-0.768845
-0.693622
-0.615575
-0.538351
-0.464633
-0.398348
-0.345055
-0.310654
-0.321823
-0.415011
-0.406049
-0.366169
-0.421697
-0.473947
-0.490622
-0.489263
-0.486935
-0.881826
-0.874803
-0.83773
-0.777353
-0.708136
-0.636149
-0.564825
-0.496976
-0.436872
-0.390454
-0.367353
-0.395179
-0.570466
-0.820717
-0.88433
-0.732672
-0.615186
-0.556044
-0.533414
-0.526169
-0.86248
-0.857693
-0.828471
-0.775789
-0.713853
-0.649091
-0.584447
-0.522797
-0.468523
-0.428945
-0.417574
-0.451006
-0.624346
-0.990265
-1.17173
-0.841419
-0.594433
-0.487605
-0.458546
-0.447737
-0.828893
-0.825436
-0.8054
-0.763098
-0.710273
-0.653653
-0.596123
-0.540468
-0.490793
-0.455384
-0.443147
-0.421759
-0.339241
-0.215733
-0.258862
-0.238418
-0.232319
-0.236986
-0.233988
-0.23039
-0.785466
-0.783282
-0.771679
-0.741304
-0.698343
-0.650262
-0.59969
-0.549055
-0.502536
-0.466126
-0.446496
-0.36445
-0.0341528
0.422576
0.747137
0.514656
0.174519
-0.0399866
-0.100169
-0.118024
-0.740441
-0.739163
-0.733262
-0.714752
-0.681723
-0.640745
-0.596294
-0.549407
-0.503199
-0.463923
-0.438208
-0.378043
-0.258763
-0.139031
-0.134314
-0.447654
-0.623265
-0.599581
-0.518304
-0.471129
-0.702738
-0.702046
-0.699129
-0.688058
-0.663775
-0.629197
-0.588506
-0.543214
-0.495809
-0.449409
-0.418856
-0.430964
-0.706121
-1.42754
-2.27422
-2.73187
-2.7293
-2.43655
-2.08867
-1.92407
-0.674832
-0.673999
-0.672395
-0.66776
-0.650019
-0.619326
-0.579399
-0.533031
-0.480433
-0.42323
-0.372434
-0.321465
-0.581996
-0.954838
-1.2699
-1.29715
-1.08527
-0.784513
-0.544758
-0.405053
-0.65495
-0.654611
-0.65394
-0.652026
-0.641212
-0.612933
-0.571664
-0.52128
-0.461815
-0.392978
-0.306752
-0.22962
-0.144605
-0.0344442
0.186582
0.447136
0.805287
1.09745
1.25976
1.32589
-0.642266
-0.642134
-0.641753
-0.640965
-0.635567
-0.609914
-0.566243
-0.510836
-0.444782
-0.362608
-0.259897
-0.141307
0.0210552
0.341689
0.833124
1.3446
1.77043
2.04391
2.17183
2.21146
-0.633138
-0.63315
-0.633021
-0.633075
-0.630369
-0.608619
-0.563689
-0.503762
-0.429523
-0.337244
-0.222377
-0.0875163
0.0772269
0.435572
0.947181
1.4415
1.83807
2.07705
2.18304
2.21155
-0.625506
-0.625815
-0.626015
-0.625922
-0.623833
-0.607281
-0.564784
-0.501994
-0.421507
-0.322826
-0.206355
-0.0778842
0.0451411
0.346387
0.783483
1.1819
1.49737
1.68162
1.76184
1.78411
-0.623912
-0.623741
-0.620062
-0.611942
-0.606225
-0.604118
-0.573241
-0.508712
-0.422177
-0.317897
-0.205017
-0.0873294
0.0196054
0.23712
0.564432
0.848827
1.06904
1.20038
1.2573
1.27466
-0.655614
-0.653064
-0.64341
-0.627846
-0.622449
-0.629012
-0.60166
-0.525094
-0.426604
-0.318307
-0.211067
-0.107346
-0.0126904
0.134412
0.359785
0.554356
0.697873
0.783523
0.821543
0.834552
-0.738175
-0.735203
-0.739032
-0.752697
-0.75624
-0.744346
-0.667114
-0.549113
-0.42939
-0.317284
-0.216091
-0.132593
-0.0617595
0.0488389
0.205769
0.333477
0.423632
0.478519
0.504034
0.514108
-0.831941
-0.836104
-0.864298
-0.893738
-0.896807
-0.852764
-0.716571
-0.558433
-0.421844
-0.309912
-0.220287
-0.156313
-0.109318
-0.0322679
0.0846091
0.179545
0.245053
0.283894
0.303293
0.310684
-0.801233
-0.810429
-0.838115
-0.866696
-0.869065
-0.812841
-0.669069
-0.517492
-0.38924
-0.288645
-0.215434
-0.172308
-0.146629
-0.0867332
0.00331335
0.07604
0.12714
0.160085
0.175844
0.181231
-0.578003
-0.587924
-0.610255
-0.635016
-0.641082
-0.597711
-0.506678
-0.410757
-0.323103
-0.249832
-0.19621
-0.170492
-0.162945
-0.110999
-0.0337588
0.0248327
0.0644005
0.0890114
0.100034
0.103289
-0.27393
-0.279506
-0.291848
-0.309855
-0.325417
-0.324796
-0.306119
-0.274137
-0.236634
-0.196698
-0.161747
-0.143566
-0.139321
-0.09337
-0.0395011
0.000149657
0.0268411
0.0432783
0.0511499
0.0536408
-0.0382518
-0.0407183
-0.0471393
-0.0628043
-0.0889611
-0.118983
-0.142383
-0.15468
-0.153381
-0.140041
-0.119062
-0.0990635
-0.0805085
-0.0446568
-0.0111896
0.00890621
0.0222032
0.0313246
0.0367614
0.0378905
0.0802122
0.0786263
0.0742221
0.060217
0.0324955
-0.00552866
-0.0426308
-0.071539
-0.0878114
-0.0896042
-0.0766923
-0.0512065
-0.0218969
0.00448731
0.0184318
0.0267508
0.0333448
0.0399809
0.0435302
0.0445373
0.11588
0.114897
0.111588
0.100494
0.0777146
0.0453007
0.0105991
-0.020447
-0.0423408
-0.0507908
-0.041425
-0.0159946
0.0184718
0.0416461
0.0391548
0.0395084
0.0435538
0.0492052
0.0522937
0.0518786
0.112352
0.111751
0.109395
0.101524
0.0851447
0.0610874
0.0334288
0.00653662
-0.0147628
-0.0259536
-0.0206875
0.00165464
0.0303685
0.0452088
0.0388574
0.0396767
0.0449162
0.051963
0.0542717
0.0528442
0.0943195
0.0940103
0.0924384
0.087162
0.0759749
0.0590064
0.0383507
0.016824
-0.00179998
-0.0136205
-0.012497
0.00244829
0.0197711
0.022819
0.0153999
0.0179475
0.0242962
0.0303855
0.0321672
0.031043
0.0727795
0.0726608
0.0716333
0.0681575
0.0606435
0.0488433
0.0337255
0.0169054
0.000844707
-0.0116715
-0.0158511
-0.0105306
-0.00383991
-0.00747022
-0.0179118
-0.0153299
-0.0101402
-0.00705
-0.00729415
-0.00826903
0.0521336
0.0521104
0.051437
0.0491259
0.0440299
0.0357422
0.0245677
0.011193
-0.00310342
-0.0170487
-0.0275883
-0.0337847
-0.0391155
-0.0511594
-0.057773
-0.055191
-0.0511899
-0.0501763
-0.0512524
-0.0521956
0.0341757
0.0341844
0.0336747
0.0320913
0.0285618
0.0226114
0.0141119
0.0030973
-0.0101948
-0.0260376
-0.0437417
-0.06279
-0.0808845
-0.0963364
-0.0996698
-0.0950051
-0.091227
-0.0909843
-0.0918772
-0.0921898
0.0195265
0.0195463
0.0191648
0.0180192
0.0155317
0.0111463
0.00448879
-0.00490212
-0.017641
-0.0352736
-0.0599969
-0.0915476
-0.122859
-0.136619
-0.133936
-0.12657
-0.122921
-0.122708
-0.123508
-0.12354
0.00841284
0.00842133
0.00811403
0.00729419
0.00553678
0.00231432
-0.00296986
-0.0109996
-0.0231128
-0.041768
-0.0715979
-0.113905
-0.154634
-0.165601
-0.155861
-0.146115
-0.142756
-0.143239
-0.143869
-0.143568
0.000875445
0.000864874
0.000612967
4.1187e-05
-0.00114897
-0.00344624
-0.00755232
-0.014255
-0.0250139
-0.0430371
-0.0742652
-0.120253
-0.165378
-0.170122
-0.155238
-0.146815
-0.145496
-0.147191
-0.14789
-0.147323
-0.00317812
-0.00320392
-0.00341189
-0.00378532
-0.00450211
-0.0060068
-0.00892176
-0.0140525
-0.0228477
-0.0381795
-0.0659735
-0.107802
-0.145731
-0.142919
-0.129819
-0.125143
-0.12726
-0.130166
-0.130857
-0.130262
-0.00412152
-0.00415929
-0.00431932
-0.00451951
-0.00484457
-0.00564302
-0.00739538
-0.0107238
-0.016704
-0.0274201
-0.0469334
-0.0765715
-0.10017
-0.0949743
-0.0856555
-0.0859088
-0.0907193
-0.0941599
-0.0946307
-0.094168
-0.000924939
-0.000967711
-0.0010127
-0.000962031
-0.000862512
-0.000909846
-0.0012162
-0.00180926
-0.00290495
-0.00485257
-0.00785354
-0.011834
-0.0162754
-0.015571
-0.0152526
-0.0173151
-0.0162837
-0.0152461
-0.0147398
-0.0434635
-1.14024
-0.460531
-0.0102872
0.249351
0.436387
0.579897
0.691485
0.782217
0.879228
0.971004
-0.0891365
0.106209
0.284414
0.434599
0.56025
0.662784
0.746374
0.814849
0.857374
0.86134
0.244731
0.36048
0.473839
0.574747
0.66158
0.734817
0.794826
0.840442
0.869815
0.887471
0.455853
0.534572
0.612654
0.684092
0.746411
0.799637
0.843452
0.877837
0.903996
0.923084
0.610556
0.664002
0.722974
0.776219
0.822803
0.86337
0.897812
0.926397
0.949797
0.9668
0.732901
0.773744
0.819528
0.859694
0.896955
0.930214
0.959345
0.98425
1.00507
1.01932
0.835608
0.87004
0.907065
0.94128
0.97348
1.00305
1.02936
1.05193
1.07058
1.08231
0.928778
0.959785
0.993709
1.02627
1.05697
1.08528
1.11037
1.13162
1.14855
1.15808
1.0197
1.05221
1.08748
1.12145
1.15272
1.18097
1.2055
1.22579
1.24123
1.24944
1.12159
1.15907
1.19733
1.23355
1.26556
1.2934
1.31682
1.3358
1.34992
1.35841
1.24847
1.29081
1.32998
1.36582
1.3962
1.42185
1.44338
1.46099
1.47449
1.48465
1.40996
1.4514
1.48508
1.51462
1.53913
1.56064
1.58021
1.59763
1.61236
1.62505
1.60035
1.63113
1.65236
1.67148
1.68953
1.70675
1.72295
1.73876
1.75527
1.77219
1.79818
1.80957
1.82061
1.8347
1.84897
1.8618
1.87316
1.88401
1.89691
1.91379
1.98397
1.99387
2.00251
2.00495
2.00582
2.01007
2.02086
2.0368
2.05442
2.05902
2.285
2.2296
2.17876
2.13852
2.11612
2.11207
2.12557
2.15937
2.2158
2.29136
0.851525
0.792831
0.75035
0.71649
0.691831
0.674275
0.661761
0.652827
0.646708
0.643216
0.642815
0.645664
0.651094
0.659024
0.669942
0.684991
0.705999
0.735093
0.773855
0.82168
0.653079
0.661836
0.667367
0.668187
0.664701
0.658651
0.65221
0.646729
0.64288
0.641214
0.642373
0.645956
0.651227
0.657696
0.664459
0.669727
0.671351
0.668114
0.660773
0.653104
0.630116
0.632146
0.636749
0.640258
0.642765
0.644187
0.643891
0.642145
0.639942
0.638357
0.638356
0.640166
0.642875
0.64549
0.646965
0.646624
0.644767
0.641966
0.637915
0.633533
0.623211
0.624077
0.626559
0.629269
0.631275
0.632628
0.633604
0.634043
0.633885
0.633614
0.633945
0.635011
0.636091
0.636561
0.63625
0.6354
0.633988
0.631748
0.629109
0.627143
0.617568
0.618029
0.619423
0.62144
0.623373
0.624941
0.626073
0.626955
0.627658
0.628214
0.628822
0.629444
0.62975
0.629645
0.629165
0.628197
0.626687
0.624859
0.623212
0.622195
0.612395
0.612681
0.613597
0.615061
0.616679
0.618273
0.619684
0.620839
0.621841
0.62277
0.62358
0.624101
0.624237
0.623999
0.62333
0.622261
0.620968
0.619649
0.618561
0.617936
0.607441
0.607642
0.608328
0.609495
0.610869
0.612301
0.613757
0.615141
0.616389
0.61754
0.61853
0.619132
0.619265
0.618952
0.618266
0.617367
0.61638
0.615379
0.614592
0.614153
0.602635
0.602787
0.603332
0.604309
0.605527
0.606851
0.608256
0.609716
0.611166
0.612548
0.613747
0.614492
0.614691
0.614455
0.613936
0.613253
0.612492
0.611732
0.611151
0.610821
0.597898
0.598018
0.598463
0.599305
0.600423
0.601686
0.603061
0.604553
0.60614
0.607755
0.609208
0.61016
0.610534
0.610497
0.610194
0.609722
0.609158
0.608601
0.608178
0.607923
0.593141
0.593238
0.593613
0.594365
0.595418
0.596642
0.598024
0.599576
0.601296
0.603144
0.604899
0.606147
0.606794
0.607011
0.606939
0.606684
0.606322
0.605943
0.605645
0.605443
0.588274
0.588353
0.588679
0.589372
0.590392
0.591614
0.59304
0.594692
0.596585
0.5987
0.600819
0.602453
0.603441
0.603954
0.60414
0.60411
0.603952
0.603737
0.603542
0.603381
0.583209
0.583275
0.583567
0.584226
0.585245
0.586513
0.588023
0.58982
0.591947
0.594398
0.596966
0.599069
0.600461
0.601316
0.601794
0.602006
0.602051
0.601993
0.601888
0.601758
0.577857
0.577912
0.578182
0.578833
0.579886
0.581242
0.582886
0.584889
0.587321
0.590202
0.593324
0.595989
0.597855
0.599104
0.599908
0.600388
0.60065
0.600749
0.600723
0.600617
0.572118
0.572164
0.572422
0.573089
0.574212
0.575702
0.577538
0.57982
0.582645
0.58607
0.589871
0.593211
0.595639
0.597345
0.59852
0.599314
0.599808
0.600059
0.600104
0.600017
0.565878
0.565917
0.566171
0.566875
0.568108
0.569782
0.571878
0.574525
0.577848
0.581948
0.586579
0.590734
0.593832
0.596077
0.59768
0.598816
0.599571
0.599992
0.600107
0.600037
0.559
0.55903
0.55929
0.560054
0.561438
0.563357
0.565793
0.568902
0.572855
0.577787
0.583429
0.588565
0.592462
0.595345
0.597455
0.598981
0.600036
0.60064
0.600824
0.600767
0.551324
0.55134
0.55161
0.552456
0.554039
0.55627
0.559139
0.562839
0.567581
0.573541
0.580414
0.586728
0.591572
0.595206
0.597915
0.599911
0.601309
0.602108
0.602362
0.602315
0.542597
0.542623
0.542925
0.543866
0.545702
0.548329
0.551757
0.556205
0.561936
0.569168
0.577536
0.585258
0.591224
0.595739
0.599151
0.601701
0.603493
0.604509
0.604835
0.604796
0.532546
0.53256
0.532905
0.53399
0.536153
0.539304
0.543441
0.548835
0.555807
0.564612
0.574793
0.584188
0.591477
0.597032
0.601268
0.60446
0.606711
0.607965
0.608364
0.60833
0.520794
0.520804
0.521185
0.522467
0.525063
0.528888
0.533937
0.540537
0.549066
0.559806
0.572175
0.583563
0.592402
0.599175
0.604381
0.608313
0.611089
0.612599
0.61307
0.613037
0.506806
0.50681
0.507255
0.5088
0.511964
0.51668
0.522925
0.531091
0.541605
0.554749
0.56975
0.583468
0.594096
0.602263
0.608596
0.613376
0.616737
0.618516
0.619054
0.619017
0.489816
0.489816
0.490356
0.492284
0.496239
0.50217
0.510021
0.520253
0.533316
0.549434
0.56757
0.58399
0.596657
0.606406
0.614008
0.619743
0.623742
0.62579
0.626382
0.626335
0.4687
0.468695
0.469399
0.471911
0.477021
0.484683
0.494767
0.507787
0.524141
0.543923
0.565751
0.585235
0.600184
0.611696
0.620678
0.627488
0.632148
0.634441
0.635064
0.634998
0.44172
0.441715
0.442702
0.446189
0.453127
0.463389
0.476693
0.493529
0.514119
0.538349
0.564446
0.587349
0.604776
0.6182
0.628687
0.636625
0.641925
0.644403
0.645021
0.644928
0.405842
0.405852
0.407458
0.412843
0.423039
0.437415
0.455502
0.477562
0.503534
0.533067
0.563964
0.59054
0.610563
0.625977
0.63803
0.647118
0.652949
0.655505
0.656064
0.655934
0.355297
0.355533
0.359202
0.368958
0.385208
0.406357
0.431392
0.460314
0.492821
0.528397
0.564501
0.594924
0.617607
0.635031
0.648645
0.658791
0.664972
0.667453
0.667897
0.667725
0.282498
0.284791
0.295555
0.314707
0.341064
0.371671
0.405569
0.442616
0.482528
0.524772
0.566503
0.601065
0.62665
0.646293
0.661662
0.67284
0.679299
0.681672
0.682016
0.681836
0.204891
0.21117
0.230313
0.259553
0.29657
0.336914
0.379764
0.425077
0.472704
0.522178
0.570445
0.610163
0.639472
0.661913
0.67947
0.691896
0.698426
0.700483
0.700739
0.700638
0.138361
0.145012
0.170726
0.208531
0.254611
0.303904
0.355321
0.408712
0.463918
0.52047
0.575049
0.619636
0.652419
0.677452
0.696752
0.709824
0.716251
0.718148
0.718428
0.71844
0.0839914
0.0909089
0.120619
0.164562
0.217404
0.274039
0.332873
0.393573
0.455836
0.519095
0.579679
0.628861
0.664837
0.692127
0.712906
0.72674
0.73344
0.735553
0.735813
0.735807
0.0387784
0.0460131
0.0782029
0.12683
0.185054
0.247664
0.312734
0.379815
0.448436
0.517906
0.584138
0.637661
0.676653
0.70613
0.728399
0.743234
0.750552
0.752647
0.752964
0.752997
0.000328968
0.00773884
0.0416853
0.0938528
0.156556
0.224213
0.294642
0.367332
0.441681
0.516862
0.588374
0.645987
0.687836
0.719403
0.743206
0.75898
0.76685
0.769143
0.769518
0.769566
-0.0333472
-0.0258231
0.00940352
0.0645042
0.130928
0.202914
0.278057
0.355754
0.435308
0.515769
0.592233
0.653701
0.698247
0.731746
0.756875
0.773572
0.781914
0.784548
0.785039
0.785085
-0.0637162
-0.0560791
-0.0198074
0.0378002
0.10738
0.18312
0.262438
0.344655
0.428996
0.514391
0.595546
0.660668
0.707723
0.742973
0.769303
0.786729
0.795535
0.798476
0.799053
0.799097
-0.0917125
-0.0839764
-0.0467711
0.0129402
0.08529
0.164331
0.247372
0.333694
0.422461
0.51251
0.598151
0.666782
0.716203
0.753072
0.780377
0.798428
0.807554
0.810709
0.811362
0.811403
-0.118083
-0.11022
-0.0721274
-0.0106804
0.0642099
0.146183
0.232559
0.322619
0.415492
0.509949
0.599937
0.672006
0.723727
0.762086
0.7903
0.808773
0.818106
0.821417
0.822092
0.822126
-0.143277
-0.135249
-0.0962756
-0.0333173
0.0438168
0.128402
0.217788
0.311258
0.407945
0.506595
0.600836
0.676347
0.730377
0.770185
0.799221
0.817991
0.827467
0.830801
0.831488
0.831484
-0.167642
-0.159427
-0.119755
-0.0552183
0.0238941
0.110814
0.202916
0.299496
0.399727
0.502371
0.600804
0.679825
0.736229
0.777521
0.807329
0.826315
0.835784
0.839119
0.839784
0.839772
-0.191335
-0.182873
-0.142539
-0.0765662
0.0043135
0.093325
0.187863
0.287276
0.390783
0.497215
0.599796
0.68244
0.741365
0.784246
0.814811
0.833912
0.843288
0.846553
0.847163
0.847131
-0.214444
-0.205855
-0.164705
-0.0974659
-0.0149923
0.0758846
0.172603
0.274576
0.381093
0.491098
0.597771
0.684178
0.74585
0.790494
0.821799
0.840918
0.850114
0.853233
0.853758
0.853668
-0.237064
-0.228284
-0.186398
-0.117957
-0.0340496
0.0584917
0.157153
0.261418
0.370662
0.484007
0.594671
0.684997
0.749724
0.796371
0.828443
0.847466
0.856338
0.859191
0.859585
0.859457
-0.259223
-0.250248
-0.207597
-0.138046
-0.0528465
0.0411706
0.141544
0.247844
0.359543
0.475961
0.590461
0.684831
0.752977
0.801964
0.834913
0.853711
0.862042
0.864487
0.864729
0.864568
-0.280851
-0.271672
-0.228246
-0.157692
-0.0713392
0.0239661
0.125847
0.233928
0.347801
0.466988
0.585109
0.683604
0.755534
0.807303
0.841435
0.859959
0.867418
0.869206
0.869233
0.869049
-0.301884
-0.292498
-0.248337
-0.176867
-0.0894832
0.00695111
0.11013
0.219753
0.335513
0.457161
0.578606
0.681216
0.75726
0.81234
0.848232
0.866695
0.872911
0.873534
0.873146
0.872954
-0.322327
-0.312723
-0.267846
-0.19553
-0.107233
-0.00980314
0.0944832
0.205417
0.322779
0.446553
0.570989
0.677572
0.757963
0.816888
0.855369
0.874538
0.879499
0.878169
0.876688
0.876438
-0.342108
-0.33229
-0.286732
-0.213636
-0.12452
-0.0262427
0.0789896
0.191011
0.309712
0.43527
0.562301
0.672573
0.757421
0.820611
0.862546
0.883877
0.888764
0.885333
0.881428
0.879753
-0.361251
-0.351229
-0.304978
-0.231185
-0.14137
-0.0423823
0.0636286
0.176506
0.296284
0.42328
0.552475
0.666004
0.755334
0.823097
0.869077
0.89425
0.901803
0.898462
0.890789
0.874985
-0.379784
-0.369541
-0.322688
-0.248355
-0.158023
-0.0585284
0.0480216
0.161442
0.28195
0.409951
0.540848
0.657162
0.750963
0.823762
0.873696
0.903318
0.915389
0.910975
0.902977
0.85851
-0.397977
-0.38684
-0.339775
-0.26501
-0.174381
-0.0745846
0.0323423
0.146034
0.266932
0.395486
0.527487
0.645887
0.74347
0.821837
0.874082
0.903836
0.91617
0.914808
0.863483
0.803252
-0.416861
-0.402036
-0.356007
-0.280995
-0.190679
-0.0907674
0.0163291
0.130283
0.251214
0.379868
0.512263
0.631889
0.731587
0.817224
0.867484
0.883549
0.894889
0.863925
0.798913
0.734442
-0.435535
-0.437159
-0.376885
-0.293826
-0.203799
-0.104198
0.000583092
0.114848
0.235527
0.363867
0.495799
0.615426
0.715011
0.811748
0.82764
0.844299
0.826339
0.765845
0.692378
0.622326
-0.410961
-0.409768
-0.351153
-0.268594
-0.173478
-0.0706544
0.0388478
0.155598
0.279216
0.411067
0.53729
0.644843
0.734415
0.828052
0.841998
0.74503
0.662912
0.596876
0.524593
0.382416
-0.452147
-0.425646
-0.364263
-0.280915
-0.186068
-0.0834004
0.0255235
0.141674
0.26439
0.394789
0.518651
0.62309
0.703685
0.764998
0.735834
0.608677
0.490658
0.409715
0.326344
0.164921
-0.476753
-0.445458
-0.383017
-0.300165
-0.205229
-0.102738
0.00638958
0.121781
0.243207
0.371421
0.492027
0.591028
0.663751
0.68998
0.613352
0.452517
0.315395
0.213549
0.0993228
-0.133107
-0.500781
-0.467117
-0.403385
-0.319823
-0.2248
-0.122396
-0.013605
0.100877
0.220788
0.346405
0.462794
0.554938
0.615468
0.608093
0.475674
0.291154
0.12201
-0.0183409
-0.176914
-0.557237
-0.523868
-0.489303
-0.424478
-0.339996
-0.244823
-0.142593
-0.0344284
0.0790266
0.197223
0.319869
0.431245
0.515614
0.558566
0.522008
0.341985
0.13731
-0.0738251
-0.250699
-0.496149
-1.04257
-0.546749
-0.512102
-0.446537
-0.361416
-0.266031
-0.163997
-0.056448
0.0558877
0.17216
0.291499
0.397331
0.473954
0.49787
0.412796
0.219683
0.00804801
-0.206625
-0.405327
-0.570799
-1.16121
-0.570578
-0.535836
-0.469835
-0.384321
-0.288766
-0.186896
-0.0799281
0.0312594
0.145475
0.261239
0.361313
0.42845
0.428737
0.300887
0.114501
-0.0871123
-0.272019
-0.398833
-0.431347
-0.478331
-0.595783
-0.560958
-0.494692
-0.40901
-0.313468
-0.211924
-0.105712
0.0040476
0.115807
0.227357
0.32124
0.375941
0.354456
0.198031
0.0195022
-0.157397
-0.300054
-0.360583
-0.383267
-0.389027
-0.622721
-0.587664
-0.521199
-0.435468
-0.340107
-0.239075
-0.133882
-0.0258671
0.0830366
0.189775
0.276787
0.316887
0.280864
0.10227
-0.0670769
-0.222334
-0.330148
-0.356559
-0.357663
-0.358032
-0.651478
-0.616089
-0.549399
-0.463676
-0.368642
-0.268348
-0.164434
-0.0584868
0.0471287
0.148546
0.227668
0.255589
0.188851
0.0145492
-0.146199
-0.283104
-0.329134
-0.343463
-0.344587
-0.344145
-0.681948
-0.646164
-0.579245
-0.493615
-0.399055
-0.299709
-0.197347
-0.0938158
0.00811011
0.103725
0.174385
0.188941
0.0919318
-0.0668886
-0.213471
-0.321048
-0.334367
-0.334416
-0.335541
-0.335159
-0.713653
-0.677682
-0.610547
-0.525105
-0.431202
-0.333047
-0.232538
-0.13179
-0.03392
0.0555065
0.1178
0.115215
0.00743332
-0.139108
-0.267216
-0.303885
-0.326279
-0.330443
-0.330939
-0.330677
-0.746233
-0.709934
-0.642935
-0.557835
-0.464812
-0.368122
-0.269786
-0.172194
-0.0787556
0.00442495
0.0574901
0.044105
-0.0711401
-0.199918
-0.303142
-0.34319
-0.330988
-0.328126
-0.327738
-0.327589
-0.778727
-0.742445
-0.675842
-0.591291
-0.499425
-0.404521
-0.308719
-0.214655
-0.12606
-0.0488779
-0.00665115
-0.0208313
-0.140887
-0.248837
-0.323975
-0.321468
-0.325248
-0.325698
-0.325494
-0.325348
-0.810086
-0.774338
-0.708092
-0.624714
-0.534368
-0.441646
-0.34877
-0.258589
-0.175215
-0.103971
-0.0681903
-0.0873944
-0.196702
-0.294975
-0.321749
-0.339072
-0.332105
-0.326245
-0.32384
-0.323074
-0.83872
-0.803946
-0.73884
-0.657017
-0.568709
-0.478645
-0.389162
-0.303235
-0.225256
-0.160294
-0.125071
-0.159187
-0.23773
-0.315762
-0.346298
-0.338511
-0.332417
-0.327798
-0.325809
-0.324654
-0.862874
-0.829595
-0.766309
-0.686878
-0.601254
-0.514424
-0.428865
-0.347607
-0.275102
-0.216912
-0.182584
-0.223841
-0.266861
-0.291147
-0.358257
-0.346713
-0.343949
-0.345636
-0.345601
-0.344464
-0.880211
-0.849116
-0.788482
-0.71254
-0.630534
-0.547668
-0.466617
-0.390497
-0.3237
-0.272567
-0.24227
-0.289366
-0.29562
-0.241638
-0.27137
-0.349441
-0.398853
-0.416151
-0.415171
-0.414112
-0.888348
-0.859982
-0.80343
-0.73205
-0.654815
-0.576888
-0.501033
-0.430457
-0.369805
-0.326187
-0.297711
-0.375946
-0.422124
-0.368892
-0.384483
-0.451701
-0.486466
-0.490948
-0.487726
-0.48755
-0.884362
-0.860257
-0.809215
-0.743529
-0.672376
-0.600416
-0.530422
-0.465815
-0.411679
-0.37553
-0.351196
-0.479006
-0.689297
-0.875496
-0.813042
-0.666304
-0.578622
-0.541787
-0.528519
-0.525652
-0.864666
-0.846691
-0.804052
-0.745563
-0.681772
-0.616741
-0.553199
-0.494501
-0.446627
-0.417615
-0.415765
-0.523394
-0.783292
-1.15572
-1.04474
-0.69688
-0.523354
-0.470268
-0.451533
-0.445387
-0.830765
-0.818323
-0.786292
-0.73753
-0.682292
-0.625002
-0.567945
-0.514732
-0.470856
-0.445932
-0.432283
-0.394844
-0.269117
-0.241343
-0.255839
-0.230229
-0.235188
-0.236206
-0.232161
-0.228267
-0.787076
-0.779301
-0.758763
-0.720807
-0.674693
-0.625266
-0.574303
-0.525116
-0.48257
-0.454383
-0.426838
-0.218426
0.162496
0.663515
0.679843
0.345302
0.0404491
-0.085533
-0.113246
-0.118355
-0.74167
-0.737301
-0.725874
-0.699641
-0.661942
-0.619083
-0.5731
-0.526089
-0.482323
-0.448834
-0.425063
-0.319931
-0.201649
-0.0644625
-0.289249
-0.565302
-0.628536
-0.560299
-0.483807
-0.482466
-0.703471
-0.701177
-0.695064
-0.677459
-0.647569
-0.609431
-0.566394
-0.519649
-0.4716
-0.433233
-0.411095
-0.524696
-1.00904
-1.88122
-2.56476
-2.78428
-2.60827
-2.2358
-1.99958
-1.88328
-0.674468
-0.673323
-0.671047
-0.660709
-0.636012
-0.600294
-0.557099
-0.507339
-0.453359
-0.394164
-0.35287
-0.408166
-0.767105
-1.13873
-1.31359
-1.21989
-0.931388
-0.651537
-0.464211
-0.367204
-0.654846
-0.654273
-0.653507
-0.648492
-0.629051
-0.593665
-0.547564
-0.493222
-0.428304
-0.349046
-0.268581
-0.181292
-0.103999
0.0711823
0.301058
0.623418
0.967318
1.19264
1.30363
1.33945
-0.64223
-0.641964
-0.641478
-0.639916
-0.625454
-0.589812
-0.539886
-0.479138
-0.40543
-0.315698
-0.198976
-0.062967
0.151425
0.5747
1.09301
1.57266
1.92917
2.12255
2.1996
2.21754
-0.633147
-0.633106
-0.632891
-0.632601
-0.622672
-0.588407
-0.535362
-0.468546
-0.386827
-0.280876
-0.154865
-0.0242276
0.219556
0.686762
1.2001
1.65805
1.97792
2.14373
2.20353
2.21536
-0.625693
-0.62592
-0.626025
-0.625863
-0.618535
-0.588827
-0.535696
-0.464414
-0.374268
-0.26505
-0.143472
-0.0151265
0.160911
0.566709
0.987942
1.355
1.60504
1.73245
1.77753
1.78705
-0.624167
-0.62242
-0.616719
-0.608613
-0.606963
-0.593132
-0.544502
-0.467744
-0.372007
-0.261533
-0.146348
-0.0303344
0.102411
0.401779
0.71368
0.968433
1.14667
1.23605
1.26924
1.2769
-0.654985
-0.649435
-0.635436
-0.623043
-0.625485
-0.622555
-0.567455
-0.477616
-0.373709
-0.262905
-0.157804
-0.0574251
0.0439491
0.246877
0.463188
0.632632
0.748305
0.807009
0.830292
0.836202
-0.73585
-0.736634
-0.744755
-0.7561
-0.753317
-0.715617
-0.609512
-0.489172
-0.372854
-0.262891
-0.172042
-0.0951752
-0.019327
0.128823
0.274523
0.382502
0.456029
0.493798
0.510661
0.515498
-0.830688
-0.847795
-0.880879
-0.899442
-0.883913
-0.794697
-0.635743
-0.487486
-0.36395
-0.260716
-0.186534
-0.131291
-0.0817199
0.0268585
0.135891
0.215649
0.267734
0.295467
0.308216
0.311491
-0.803957
-0.821847
-0.853662
-0.872638
-0.850812
-0.748217
-0.591181
-0.450298
-0.336331
-0.247914
-0.189739
-0.157135
-0.12899
-0.0400919
0.0423259
0.103821
0.146267
0.16967
0.179553
0.181498
-0.581443
-0.597783
-0.623342
-0.642078
-0.626952
-0.554791
-0.458495
-0.365395
-0.284984
-0.219359
-0.178528
-0.16611
-0.154271
-0.0784431
-0.00123979
0.0462906
0.0788752
0.0957931
0.102366
0.10314
-0.276305
-0.284683
-0.300252
-0.318841
-0.327667
-0.317189
-0.291219
-0.255788
-0.21686
-0.177264
-0.149694
-0.140068
-0.123887
-0.0663573
-0.0180464
0.0150781
0.0365011
0.0480244
0.0529477
0.0534964
-0.0396326
-0.0430183
-0.0536637
-0.0747479
-0.104162
-0.131865
-0.149918
-0.155551
-0.148059
-0.129681
-0.108297
-0.0891502
-0.0608801
-0.0255886
-0.000317917
0.0161431
0.0272859
0.0346487
0.0376779
0.0376232
0.0792395
0.0772249
0.0687225
0.0481019
0.0141567
-0.0246744
-0.058347
-0.081169
-0.0905409
-0.0845556
-0.064764
-0.0362383
-0.00364409
0.0146441
0.0232336
0.030195
0.0367493
0.0420054
0.0444039
0.0439143
0.115324
0.113869
0.107288
0.0906249
0.0622835
0.0279257
-0.00567898
-0.0326427
-0.0483376
-0.048559
-0.0307001
0.000924327
0.0326624
0.0404715
0.0391871
0.0410983
0.0465096
0.051364
0.0523521
0.0511024
0.112055
0.111011
0.106354
0.0944617
0.0738378
0.0475132
0.0196148
-0.00497903
-0.0218109
-0.0257028
-0.0112432
0.015785
0.0401966
0.0394307
0.0383459
0.0422094
0.0499398
0.0534684
0.0537608
0.0518702
0.0941962
0.0935153
0.0904092
0.0823694
0.0680875
0.049033
0.0274951
0.00699319
-0.00872064
-0.0149832
-0.00626198
0.0116492
0.0245411
0.017759
0.0154192
0.0207775
0.0278068
0.0319069
0.0319905
0.0302412
0.0727718
0.0723393
0.0703036
0.0649609
0.0552209
0.0416522
0.0253915
0.00867722
-0.00595335
-0.0150749
-0.0140462
-0.00694553
-0.00437129
-0.0148509
-0.0174989
-0.0127258
-0.00805878
-0.00714076
-0.00765295
-0.00883509
0.0521483
0.0519117
0.05056
0.0469729
0.0402674
0.0304975
0.0180797
0.00410668
-0.0101421
-0.0228693
-0.0311676
-0.0364997
-0.0439113
-0.0562971
-0.0572315
-0.0528738
-0.05025
-0.0506675
-0.0518581
-0.052646
0.0342282
0.0340116
0.0330666
0.0306148
0.0258954
0.0186853
0.00890801
-0.00324233
-0.0177292
-0.034582
-0.0533052
-0.0721832
-0.0894913
-0.0998632
-0.0975358
-0.092628
-0.090782
-0.0913677
-0.0920844
-0.0925066
0.0195742
0.0194167
0.0187237
0.0169762
0.0136014
0.00812212
0.000166892
-0.0107846
-0.0256598
-0.0467035
-0.0754129
-0.108187
-0.132349
-0.136873
-0.130085
-0.124178
-0.12253
-0.123213
-0.123542
-0.123771
0.0084526
0.00831243
0.00778724
0.00656232
0.00414059
-4.31077e-05
-0.00658511
-0.0163608
-0.0313784
-0.0551086
-0.0917488
-0.136009
-0.164844
-0.161743
-0.150168
-0.143875
-0.142756
-0.143678
-0.143714
-0.14367
0.000901888
0.000766619
0.000380143
-0.000450079
-0.00212792
-0.00526425
-0.0105033
-0.0190751
-0.0327715
-0.056855
-0.0961556
-0.145614
-0.173124
-0.162964
-0.150095
-0.145346
-0.146271
-0.147805
-0.147607
-0.147281
-0.00316474
-0.00329029
-0.00357319
-0.00407837
-0.00512323
-0.00725126
-0.0111501
-0.0178722
-0.0293949
-0.0504209
-0.0857289
-0.130113
-0.149284
-0.13564
-0.125732
-0.125896
-0.128883
-0.130829
-0.130566
-0.130154
-0.00412037
-0.0042308
-0.00441603
-0.00464881
-0.00515819
-0.00637046
-0.00881678
-0.0132937
-0.0212857
-0.0360113
-0.0609867
-0.0917069
-0.0996198
-0.0901933
-0.0846504
-0.0883123
-0.0928163
-0.0947047
-0.0943928
-0.0940594
-0.00250865
-0.00254851
-0.00263794
-0.00266618
-0.00272229
-0.00295868
-0.00364644
-0.00505999
-0.00764225
-0.0123458
-0.0210254
-0.0339369
-0.0459465
-0.0400178
-0.0360249
-0.0371315
-0.0414525
-0.0442656
-0.0440172
-0.0432981
-0.754452
-0.189445
0.131377
0.347125
0.512025
0.638171
0.739467
0.826703
0.935982
0.933911
0.0541622
0.201799
0.362727
0.50065
0.614296
0.706565
0.782625
0.840672
0.864496
0.868711
0.319021
0.418546
0.526166
0.619905
0.69986
0.766486
0.819619
0.857004
0.880357
0.897452
0.506617
0.575228
0.649615
0.716387
0.774182
0.822734
0.861796
0.891761
0.91534
0.934043
0.647266
0.698562
0.750509
0.800304
0.843848
0.881344
0.912815
0.938648
0.960298
0.978652
0.76108
0.798415
0.839839
0.878813
0.914097
0.945291
0.972346
0.995091
1.01419
1.03198
0.858683
0.88895
0.924428
0.957666
0.988641
1.01664
1.04115
1.0617
1.07837
1.09574
0.948239
0.976748
1.01022
1.04188
1.07148
1.09827
1.12152
1.14062
1.15504
1.17217
1.03867
1.06966
1.10479
1.13742
1.16726
1.19373
1.21621
1.23414
1.2467
1.26395
1.14227
1.17802
1.21594
1.25006
1.28002
1.30568
1.32688
1.34346
1.35502
1.37286
1.2714
1.31044
1.34859
1.38164
1.40957
1.43311
1.4527
1.46818
1.47998
1.49823
1.43251
1.46853
1.5006
1.52736
1.55017
1.57065
1.58925
1.60527
1.61897
1.63684
1.61719
1.64224
1.6621
1.6806
1.69825
1.71499
1.73085
1.74684
1.76396
1.7831
1.80387
1.81471
1.82743
1.84198
1.85559
1.86766
1.87856
1.8899
1.90531
1.92474
1.98576
1.99919
2.00425
2.00527
2.00724
2.01459
2.0283
2.04589
2.05963
2.07097
2.25463
2.20404
2.15658
2.12499
2.11194
2.11649
2.13973
2.18479
2.25148
2.3456
0.708153
0.705143
0.699083
0.688155
0.675661
0.664346
0.655281
0.648517
0.644043
0.642136
0.643355
0.647334
0.65349
0.66177
0.672268
0.684585
0.696937
0.705647
0.710159
0.712324
0.636459
0.643105
0.648351
0.651966
0.653076
0.651437
0.647977
0.644177
0.641184
0.639861
0.640933
0.643964
0.648047
0.652268
0.655295
0.655824
0.653504
0.649125
0.642833
0.637008
0.626351
0.629312
0.632674
0.635161
0.636917
0.638096
0.638316
0.637562
0.636489
0.636026
0.636877
0.638608
0.640273
0.641058
0.640641
0.639388
0.637489
0.634619
0.631284
0.628996
0.620307
0.62173
0.62394
0.62621
0.627928
0.629117
0.63
0.630577
0.630838
0.631137
0.631821
0.632576
0.632916
0.632713
0.632091
0.630952
0.629143
0.62692
0.625171
0.624086
0.614947
0.615765
0.617227
0.618998
0.620734
0.622203
0.623333
0.624265
0.625089
0.625845
0.626499
0.626865
0.626863
0.6265
0.625684
0.624407
0.62289
0.621373
0.620355
0.619689
0.609897
0.610451
0.611531
0.612941
0.614448
0.615946
0.61733
0.618529
0.619607
0.620609
0.621355
0.621688
0.621612
0.621107
0.620228
0.619147
0.617986
0.616912
0.616224
0.615755
0.605026
0.605441
0.606303
0.607509
0.608832
0.610234
0.611676
0.613081
0.614393
0.615606
0.61651
0.616914
0.616834
0.616358
0.615639
0.614801
0.613912
0.613111
0.612606
0.61225
0.600266
0.600592
0.601303
0.602358
0.603587
0.604922
0.606353
0.607861
0.609382
0.610839
0.611949
0.612488
0.612531
0.612234
0.611728
0.611095
0.610421
0.609833
0.609457
0.609172
0.59553
0.595794
0.596399
0.597353
0.598521
0.599822
0.601266
0.602854
0.604553
0.606278
0.607656
0.608428
0.608701
0.608633
0.608344
0.607921
0.607444
0.607025
0.606744
0.606509
0.59073
0.59095
0.59148
0.592372
0.593502
0.594804
0.596299
0.597999
0.599894
0.601914
0.603636
0.604733
0.6053
0.605489
0.60543
0.605226
0.604932
0.60466
0.604454
0.604254
0.585775
0.585962
0.586442
0.587304
0.588433
0.589777
0.591361
0.593219
0.595363
0.59774
0.59989
0.601388
0.602299
0.602784
0.602978
0.602989
0.602881
0.60274
0.602595
0.602421
0.580579
0.580742
0.581192
0.582052
0.583222
0.584651
0.586371
0.588447
0.590912
0.593739
0.59641
0.598385
0.599697
0.600518
0.600993
0.601221
0.601311
0.601293
0.601198
0.601041
0.575046
0.575191
0.575631
0.576518
0.577769
0.57933
0.581249
0.583617
0.586492
0.589883
0.593185
0.595726
0.597506
0.598709
0.5995
0.599997
0.600273
0.600366
0.600313
0.600168
0.569071
0.569203
0.569648
0.570593
0.571969
0.573717
0.575906
0.57865
0.582046
0.586132
0.590202
0.593418
0.595753
0.597399
0.598546
0.599333
0.59982
0.600024
0.600009
0.599871
0.56253
0.562652
0.563117
0.564151
0.565699
0.567698
0.570237
0.573463
0.577511
0.582452
0.587451
0.591479
0.59447
0.59664
0.598192
0.599307
0.600028
0.600349
0.600369
0.600235
0.555272
0.555386
0.555883
0.557041
0.558816
0.561139
0.564126
0.56796
0.572818
0.578804
0.58493
0.58993
0.593698
0.596485
0.598524
0.600019
0.601
0.60144
0.601493
0.601359
0.54711
0.547223
0.547755
0.549077
0.55114
0.553877
0.557439
0.562042
0.56791
0.57518
0.582663
0.58882
0.593504
0.597012
0.599634
0.601574
0.602841
0.60341
0.603493
0.603356
0.537734
0.53786
0.538487
0.540008
0.54244
0.545717
0.550007
0.555578
0.562701
0.571545
0.58066
0.588188
0.593954
0.598313
0.601619
0.604073
0.60567
0.606375
0.606488
0.606344
0.526874
0.526997
0.527742
0.529534
0.532443
0.536411
0.541629
0.548422
0.55711
0.567875
0.578947
0.588091
0.595127
0.600489
0.604587
0.607645
0.609609
0.610459
0.610599
0.610444
0.514051
0.514191
0.515091
0.517243
0.52077
0.525636
0.532051
0.540401
0.551045
0.564156
0.577562
0.588604
0.597111
0.603639
0.608659
0.612409
0.614778
0.615777
0.615938
0.615768
0.498627
0.498805
0.499933
0.502573
0.506928
0.512992
0.520988
0.531359
0.54447
0.560437
0.576595
0.589828
0.600016
0.607868
0.613947
0.618471
0.621273
0.622415
0.62259
0.622402
0.479675
0.479928
0.481399
0.484736
0.490248
0.497964
0.508096
0.521116
0.537343
0.556771
0.576128
0.591848
0.603928
0.613279
0.620517
0.625909
0.629152
0.630419
0.630595
0.630387
0.455803
0.456197
0.458217
0.462617
0.469842
0.479941
0.493045
0.509579
0.529715
0.553269
0.576296
0.594784
0.608944
0.61994
0.62844
0.634746
0.638404
0.639759
0.639919
0.639688
0.42471
0.425399
0.428383
0.434598
0.444585
0.458271
0.475597
0.496794
0.521794
0.55019
0.57731
0.598778
0.615151
0.627886
0.637746
0.64494
0.648924
0.650302
0.650422
0.650171
0.382302
0.3837
0.388745
0.398537
0.41334
0.432587
0.455873
0.4831
0.513954
0.547839
0.579384
0.603974
0.622627
0.637135
0.64838
0.656346
0.66048
0.661781
0.661838
0.661573
0.320938
0.325355
0.335898
0.352755
0.375738
0.403295
0.434517
0.469121
0.506692
0.54655
0.582692
0.610436
0.631335
0.647581
0.660062
0.668599
0.672663
0.673711
0.673676
0.673416
0.247774
0.255768
0.27502
0.302399
0.335906
0.37283
0.412606
0.455114
0.50001
0.546659
0.588358
0.620161
0.64406
0.662508
0.676535
0.685686
0.689686
0.690636
0.690647
0.690527
0.174288
0.187557
0.215859
0.253595
0.297086
0.343264
0.391607
0.442088
0.494412
0.548008
0.595482
0.631506
0.658553
0.679453
0.69513
0.7045
0.708095
0.70884
0.708863
0.708835
0.113251
0.130338
0.164307
0.209798
0.261426
0.315745
0.371983
0.430024
0.489494
0.549779
0.60274
0.642701
0.672594
0.695505
0.712263
0.721952
0.725342
0.726084
0.726189
0.72621
0.0631667
0.0823001
0.120721
0.171994
0.229995
0.291038
0.354108
0.418938
0.485004
0.551586
0.609742
0.6534
0.685905
0.710691
0.728642
0.73873
0.742476
0.743506
0.743677
0.743751
0.0211109
0.041502
0.0832512
0.139133
0.202398
0.269065
0.338012
0.408857
0.480934
0.553372
0.616417
0.66357
0.698581
0.725217
0.744371
0.755319
0.759507
0.760707
0.760882
0.76097
-0.015188
0.0060147
0.0504279
0.110039
0.177727
0.249249
0.32336
0.399589
0.47715
0.555027
0.622663
0.673117
0.710491
0.738881
0.759232
0.770976
0.77562
0.776974
0.777171
0.777262
-0.047375
-0.0255913
0.0209897
0.0837315
0.155185
0.230942
0.309657
0.390764
0.473383
0.556352
0.628329
0.681889
0.721458
0.751373
0.772769
0.785305
0.790399
0.791878
0.792061
0.792138
-0.0766571
-0.0544399
-0.00602895
0.05941
0.134138
0.213621
0.296466
0.382035
0.469362
0.557155
0.633271
0.689768
0.73136
0.762656
0.784978
0.798022
0.803513
0.805066
0.805254
0.805295
-0.103986
-0.08131
-0.0312595
0.0364718
0.114107
0.1969
0.283468
0.37313
0.464864
0.557258
0.637382
0.696719
0.740208
0.772748
0.795755
0.809193
0.814952
0.816593
0.816788
0.816805
-0.129877
-0.106706
-0.0553096
0.0145317
0.0947397
0.180494
0.270431
0.363856
0.459729
0.556544
0.640615
0.702773
0.748106
0.781783
0.805405
0.819071
0.824966
0.826637
0.826843
0.826828
-0.154747
-0.131027
-0.0785155
-0.00669213
0.0757934
0.164206
0.2572
0.354089
0.453846
0.554943
0.64295
0.707973
0.75517
0.789953
0.814105
0.827903
0.833799
0.835456
0.835637
0.835586
-0.178862
-0.154659
-0.100968
-0.0274078
0.0571192
0.147918
0.243674
0.343749
0.447147
0.552385
0.644371
0.71237
0.761518
0.797445
0.822025
0.835864
0.841698
0.843301
0.843435
0.843348
-0.202384
-0.17764
-0.122825
-0.0477229
0.0386333
0.131563
0.229811
0.332797
0.439596
0.54883
0.644843
0.715993
0.767272
0.804404
0.829335
0.843106
0.848816
0.850323
0.850417
0.850301
-0.225373
-0.200061
-0.144194
-0.0676867
0.0203017
0.115134
0.215615
0.321235
0.431175
0.544242
0.644319
0.718846
0.772526
0.810966
0.836177
0.849768
0.855256
0.856605
0.856627
0.856485
-0.247812
-0.222005
-0.165109
-0.0873165
0.00213065
0.0986446
0.201112
0.309095
0.4219
0.538594
0.642734
0.720907
0.777341
0.817267
0.842703
0.855937
0.861033
0.862154
0.862104
0.861943
-0.269766
-0.243411
-0.185544
-0.106588
-0.015848
0.082142
0.18636
0.296434
0.411827
0.531883
0.640034
0.722113
0.781709
0.823442
0.84915
0.861805
0.866243
0.867039
0.866917
0.866745
-0.291128
-0.264241
-0.20546
-0.12547
-0.033588
0.0656985
0.171435
0.283333
0.401016
0.524127
0.636152
0.722354
0.785557
0.829593
0.85586
0.867737
0.871092
0.871329
0.871109
0.870958
-0.311915
-0.284456
-0.224846
-0.143912
-0.0510217
0.0493798
0.156426
0.269892
0.389545
0.51538
0.631045
0.721489
0.788728
0.835715
0.863219
0.874416
0.876132
0.875204
0.874715
0.87466
-0.332036
-0.304054
-0.243652
-0.161867
-0.068096
0.0332661
0.141412
0.256191
0.377528
0.505723
0.624688
0.719356
0.790974
0.841577
0.871407
0.882834
0.882804
0.879645
0.877842
0.87757
-0.351552
-0.323004
-0.261832
-0.179281
-0.0847362
0.0174428
0.126515
0.242366
0.365089
0.495249
0.617096
0.715783
0.791979
0.846673
0.879987
0.893623
0.893495
0.887867
0.880697
0.863778
-0.370401
-0.341296
-0.279521
-0.196357
-0.101235
0.00158267
0.111319
0.227962
0.351718
0.483439
0.607726
0.71018
0.791346
0.850474
0.888017
0.90625
0.909045
0.902946
0.888173
0.902682
-0.388703
-0.358907
-0.296659
-0.213056
-0.117519
-0.0142562
0.0958331
0.213005
0.33741
0.470193
0.596374
0.701922
0.788338
0.851839
0.892146
0.914
0.920763
0.911701
0.850817
0.834858
-0.407067
-0.376422
-0.312984
-0.229031
-0.133039
-0.0296268
0.0802675
0.197755
0.322448
0.455713
0.583046
0.690591
0.782039
0.849935
0.887378
0.908463
0.906121
0.870305
0.802663
0.761959
-0.426191
-0.394812
-0.328078
-0.243956
-0.147418
-0.0443788
0.0650062
0.182386
0.306913
0.440011
0.567595
0.675991
0.770241
0.843676
0.895139
0.87503
0.848456
0.784776
0.713031
0.669595
-0.00607169
0.10803
0.228537
0.356565
0.487779
0.606533
0.704756
0.546577
-0.446633
-0.427847
-0.389429
-0.318615
-0.228839
-0.130344
-0.0241327
0.0888719
0.208562
0.335348
0.465408
0.5832
0.680037
0.75766
0.809807
0.76721
0.624842
0.536623
0.467568
-0.464168
-0.451065
-0.406462
-0.334097
-0.243985
-0.145302
-0.0396085
0.07289
0.191685
0.317046
0.444858
0.559124
0.649578
0.714647
0.711695
0.607437
0.463024
0.35698
0.267825
-0.487275
-0.474496
-0.426875
-0.353389
-0.263215
-0.164285
-0.0585472
0.053599
0.171427
0.295136
0.419826
0.528937
0.60976
0.656859
0.617641
0.456775
0.291564
0.158554
0.0409321
-0.510608
-0.497646
-0.448391
-0.373606
-0.283046
-0.184121
-0.0786712
0.0327377
0.149329
0.270954
0.392036
0.495291
0.568873
0.588823
0.503144
0.311033
0.114211
-0.0637255
-0.229962
-0.533144
-0.52065
-0.470574
-0.394665
-0.303663
-0.204738
-0.0997163
0.0108114
0.125988
0.245188
0.362189
0.458719
0.522871
0.505263
0.375717
0.176101
-0.0413638
-0.247367
-0.433753
-0.556266
-0.54404
-0.493643
-0.416993
-0.325638
-0.226654
-0.121987
-0.0122821
0.101421
0.218053
0.330736
0.419933
0.470362
0.430799
0.259232
0.0631622
-0.146422
-0.342984
-0.464299
-0.50336
-0.580719
-0.568632
-0.517958
-0.440896
-0.349384
-0.250447
-0.146204
-0.0374398
0.074561
0.188236
0.296061
0.377506
0.41249
0.350088
0.155024
-0.0323003
-0.210804
-0.345063
-0.390685
-0.414451
-0.606622
-0.594668
-0.54379
-0.466491
-0.37498
-0.276291
-0.172655
-0.0651026
0.0448459
0.155065
0.25733
0.330706
0.345374
0.245662
0.0620399
-0.110979
-0.261674
-0.344113
-0.36426
-0.369662
-0.634309
-0.622352
-0.571258
-0.49379
-0.402406
-0.304136
-0.201357
-0.0953015
0.0122282
0.11852
0.2145
0.279422
0.26516
0.144712
-0.024316
-0.187018
-0.3055
-0.34967
-0.349306
-0.350373
-0.663679
-0.651827
-0.600384
-0.52279
-0.431649
-0.333976
-0.2323
-0.128032
-0.0232999
0.0786201
0.167766
0.222557
0.191371
0.0496958
-0.104179
-0.255428
-0.320388
-0.338559
-0.339624
-0.339266
-0.694576
-0.68273
-0.631059
-0.553397
-0.46261
-0.365748
-0.265421
-0.163266
-0.061716
0.035425
0.117373
0.160476
0.1259
-0.0329669
-0.177027
-0.290261
-0.339993
-0.333052
-0.332848
-0.332889
-0.726495
-0.714567
-0.663012
-0.585345
-0.495089
-0.399262
-0.300568
-0.200864
-0.102878
-0.0108032
0.0635398
0.0977352
0.0484579
-0.105696
-0.236957
-0.313647
-0.32967
-0.328844
-0.329118
-0.328945
-0.758897
-0.74691
-0.695617
-0.618203
-0.528694
-0.434168
-0.337433
-0.240537
-0.146522
-0.0597463
0.00708604
0.0305047
-0.035491
-0.168659
-0.284103
-0.300663
-0.318387
-0.325214
-0.326187
-0.326074
-0.790745
-0.778838
-0.728008
-0.651289
-0.562835
-0.46995
-0.37554
-0.281825
-0.192139
-0.111042
-0.0503115
-0.0434188
-0.107624
-0.224355
-0.309945
-0.355728
-0.335858
-0.32843
-0.325126
-0.324332
-0.820273
-0.809163
-0.759229
-0.68355
-0.59666
-0.505846
-0.414194
-0.324065
-0.239002
-0.163982
-0.10755
-0.109842
-0.171734
-0.263956
-0.346556
-0.349579
-0.337364
-0.328463
-0.324454
-0.323083
-0.84661
-0.835821
-0.78786
-0.71371
-0.629038
-0.54083
-0.452468
-0.36638
-0.286211
-0.217333
-0.165688
-0.16944
-0.229878
-0.278199
-0.338269
-0.340147
-0.33827
-0.333609
-0.331413
-0.330739
-0.867067
-0.856975
-0.811499
-0.740289
-0.658549
-0.573665
-0.489181
-0.40766
-0.332713
-0.269904
-0.224512
-0.226778
-0.281192
-0.273502
-0.232735
-0.319009
-0.353384
-0.370177
-0.37448
-0.373422
-0.879628
-0.870614
-0.82841
-0.761109
-0.683454
-0.602848
-0.522983
-0.446538
-0.377246
-0.320695
-0.282019
-0.28875
-0.350147
-0.297995
-0.246133
-0.342931
-0.418922
-0.454492
-0.458149
-0.456645
-0.881561
-0.874225
-0.836465
-0.774306
-0.701875
-0.62671
-0.552311
-0.481465
-0.418265
-0.36836
-0.338914
-0.356647
-0.497596
-0.612388
-0.592046
-0.558007
-0.54168
-0.525588
-0.514822
-0.511457
-0.871152
-0.86525
-0.8333
-0.77793
-0.712207
-0.643613
-0.575527
-0.510776
-0.453665
-0.410833
-0.394449
-0.426973
-0.625056
-1.00367
-1.19662
-0.876037
-0.646582
-0.548671
-0.518581
-0.508585
-0.844931
-0.840752
-0.816235
-0.770512
-0.713338
-0.652403
-0.591252
-0.532715
-0.480917
-0.44383
-0.427812
-0.445015
-0.521417
-0.683986
-0.806549
-0.619851
-0.438258
-0.362008
-0.342356
-0.336622
-0.806007
-0.803438
-0.787123
-0.75214
-0.705325
-0.652857
-0.598841
-0.545805
-0.49806
-0.462752
-0.447803
-0.382415
-0.155195
0.17825
0.30323
0.15793
-0.0176199
-0.123209
-0.147689
-0.151408
-0.7608
-0.759186
-0.750874
-0.726539
-0.690306
-0.646134
-0.598709
-0.550155
-0.504058
-0.466266
-0.443479
-0.359752
-0.06547
0.310618
0.567907
0.327606
0.0660433
-0.0913546
-0.145886
-0.173484
-0.719033
-0.717977
-0.71413
-0.69996
-0.672233
-0.63496
-0.59272
-0.547052
-0.50046
-0.458609
-0.429014
-0.418967
-0.491339
-0.82946
-1.28155
-1.73905
-1.90998
-1.81671
-1.53086
-1.29038
-0.687536
-0.686919
-0.684432
-0.677059
-0.656203
-0.6239
-0.583988
-0.538373
-0.488903
-0.43702
-0.402413
-0.389764
-0.779943
-1.46915
-2.22021
-2.44785
-2.28616
-1.94808
-1.60874
-1.39401
-0.663474
-0.66293
-0.661902
-0.659129
-0.645032
-0.615719
-0.575349
-0.527274
-0.471122
-0.408642
-0.337115
-0.26844
-0.339442
-0.442235
-0.431749
-0.344227
-0.0710873
0.214765
0.409508
0.512996
-0.6481
-0.647892
-0.647452
-0.646106
-0.63827
-0.61118
-0.568686
-0.515576
-0.453113
-0.377581
-0.282243
-0.18597
-0.0378573
0.203355
0.58206
1.02016
1.42824
1.70937
1.84853
1.89704
-0.637304
-0.637221
-0.636877
-0.63664
-0.632919
-0.6092
-0.564451
-0.506774
-0.436652
-0.348873
-0.239367
-0.107988
0.0659059
0.419428
0.949428
1.46286
1.88354
2.14399
2.262
2.29507
-0.629288
-0.629442
-0.629631
-0.629904
-0.627787
-0.608035
-0.563526
-0.501998
-0.424331
-0.328412
-0.211555
-0.0790601
0.0616346
0.40105
0.878729
1.33445
1.69449
1.90628
1.99931
2.02431
-0.622877
-0.623162
-0.622251
-0.619777
-0.61674
-0.605115
-0.5676
-0.504329
-0.421056
-0.319648
-0.204247
-0.0804889
0.0331855
0.291697
0.675161
1.0145
1.28073
1.43878
1.50688
1.52669
-0.633523
-0.632373
-0.624528
-0.609259
-0.601155
-0.607515
-0.583867
-0.515645
-0.424134
-0.317646
-0.208179
-0.0970897
0.00450267
0.183142
0.458094
0.694094
0.873099
0.979534
1.02618
1.04112
-0.690729
-0.68719
-0.681278
-0.675788
-0.676694
-0.678638
-0.630504
-0.53674
-0.428733
-0.318396
-0.213224
-0.119053
-0.0353551
0.0910099
0.275511
0.43344
0.547348
0.616353
0.647416
0.658921
-0.791859
-0.791683
-0.809078
-0.835669
-0.840475
-0.809256
-0.699347
-0.558094
-0.427654
-0.314778
-0.219036
-0.145435
-0.0870121
0.00650885
0.143011
0.250481
0.324594
0.368885
0.390628
0.399364
-0.83976
-0.848761
-0.877453
-0.905772
-0.908013
-0.85606
-0.709192
-0.545971
-0.409634
-0.301398
-0.21918
-0.16566
-0.129382
-0.063593
0.0368273
0.120683
0.179736
0.215891
0.233454
0.239772
-0.711032
-0.719347
-0.746576
-0.774
-0.777091
-0.722167
-0.598302
-0.47139
-0.360085
-0.271525
-0.208672
-0.173891
-0.158914
-0.102927
-0.0192473
0.0453943
0.0895153
0.118263
0.131662
0.136007
-0.425175
-0.432943
-0.449965
-0.470701
-0.481237
-0.459288
-0.405695
-0.342575
-0.280841
-0.224439
-0.180503
-0.159815
-0.157859
-0.109909
-0.0423103
0.00938765
0.0438933
0.0646722
0.0741517
0.0769462
-0.141524
-0.145221
-0.153688
-0.170811
-0.192533
-0.208834
-0.216391
-0.210498
-0.193419
-0.16808
-0.140834
-0.122616
-0.111849
-0.0692491
-0.0273099
0.000680115
0.0192512
0.0313795
0.0375898
0.0394928
0.0344024
0.0325426
0.0273859
0.0124559
-0.0156717
-0.0525014
-0.0853686
-0.108424
-0.117962
-0.113633
-0.0974409
-0.0747265
-0.0501503
-0.0200496
0.0044782
0.0186856
0.0282946
0.0365552
0.0409482
0.0419101
0.105176
0.103989
0.100177
0.0874952
0.0617801
0.0257922
-0.0113152
-0.0425954
-0.0627362
-0.0685136
-0.0574649
-0.0311965
0.00175757
0.0264049
0.0304119
0.0337376
0.0383648
0.0432058
0.0467004
0.0471724
0.117058
0.116276
0.113456
0.104016
0.0845035
0.0562712
0.0249362
-0.00435899
-0.026445
-0.0366623
-0.0294528
-0.00495148
0.0278255
0.0493674
0.0421825
0.042962
0.0478898
0.0531844
0.0562136
0.0552135
0.104237
0.103795
0.101861
0.0953918
0.0818058
0.0615337
0.0375166
0.0132937
-0.00676526
-0.0183647
-0.0150235
0.00389765
0.0273741
0.0360563
0.0289558
0.0305224
0.0365652
0.043119
0.0452732
0.0441214
0.0836221
0.0834172
0.0821453
0.0778634
0.0686887
0.0545315
0.0368524
0.0178344
0.000593199
-0.0114993
-0.0128692
-0.00250678
0.00961268
0.00698778
-0.00025377
0.00233097
0.00839946
0.0134452
0.0144772
0.0132829
0.062195
0.0621446
0.0613066
0.0584789
0.052306
0.0424463
0.0294925
0.0145368
-0.00055675
-0.0137026
-0.0208448
-0.0208714
-0.0196548
-0.0257539
-0.0363314
-0.0345464
-0.0302086
-0.0283836
-0.029496
-0.0304906
0.0427501
0.0427234
0.04219
0.0402841
0.0360586
0.0290528
0.0193414
0.00727213
-0.00643674
-0.0212707
-0.0353866
-0.0477523
-0.0601941
-0.0756121
-0.0800665
-0.0759778
-0.0720467
-0.0718198
-0.0725636
-0.0730925
0.0264101
0.0264301
0.0259868
0.0246543
0.0217019
0.0166012
0.00910408
-0.00103615
-0.0140171
-0.0307538
-0.0522288
-0.0778989
-0.102267
-0.116885
-0.117712
-0.112034
-0.108327
-0.107844
-0.108866
-0.109049
0.0135252
0.0135418
0.0132007
0.012247
0.0101458
0.00636318
0.000418004
-0.0082874
-0.0207394
-0.0391427
-0.0667301
-0.104715
-0.140841
-0.153178
-0.147076
-0.13818
-0.134723
-0.134718
-0.135369
-0.135232
0.00419629
0.00419653
0.00392345
0.0032328
0.00177138
-0.000969095
-0.00564343
-0.0130172
-0.0245091
-0.0431759
-0.0742632
-0.120049
-0.163777
-0.17157
-0.158895
-0.14937
-0.146464
-0.147527
-0.148204
-0.147772
-0.00157039
-0.00158916
-0.00181863
-0.00228025
-0.00322899
-0.00512569
-0.00862652
-0.0145808
-0.024515
-0.0414229
-0.0714832
-0.116321
-0.159017
-0.159908
-0.145748
-0.138444
-0.138906
-0.14142
-0.142146
-0.141507
-0.00401398
-0.00404569
-0.00422643
-0.00450892
-0.00503213
-0.00617945
-0.00851015
-0.0127614
-0.0201922
-0.033245
-0.0573057
-0.0935857
-0.125014
-0.12071
-0.110831
-0.107571
-0.110808
-0.114102
-0.114739
-0.114204
-0.00358398
-0.00361776
-0.00373695
-0.00386826
-0.00406124
-0.00457351
-0.00578232
-0.00815959
-0.0125068
-0.0203742
-0.0347253
-0.0558936
-0.0725153
-0.0669749
-0.0598905
-0.0625179
-0.067664
-0.0710372
-0.0712696
-0.0706738
-0.00251681
-0.00259478
-0.00266166
-0.00267998
-0.00280026
-0.00323204
-0.00424656
-0.00616282
-0.00963582
-0.0161849
-0.0272421
-0.040951
-0.0451242
-0.0362697
-0.035538
-0.0394962
-0.043265
-0.0443173
-0.0436695
-0.0146484
-0.40203
-0.0597287
0.158751
0.34799
0.50085
0.622608
0.71983
0.802554
0.862824
0.858437
0.0957902
0.247594
0.388486
0.509901
0.613626
0.700113
0.771309
0.826674
0.860335
0.872684
0.358392
0.454625
0.548258
0.63248
0.705617
0.767771
0.818728
0.857648
0.885254
0.904138
0.537947
0.602298
0.669718
0.731863
0.785305
0.831364
0.869877
0.900969
0.925935
0.943855
0.674636
0.720881
0.772763
0.818618
0.859942
0.896263
0.927703
0.954253
0.976365
0.991836
0.785812
0.823165
0.863678
0.900488
0.934714
0.965743
0.99324
1.01683
1.0365
1.04931
0.88297
0.9152
0.949849
0.982992
1.01412
1.04279
1.06837
1.09018
1.10793
1.11836
0.973717
1.00488
1.03897
1.07215
1.10304
1.13124
1.15606
1.17683
1.19301
1.20158
1.0683
1.10301
1.13971
1.17505
1.20687
1.23505
1.25917
1.27888
1.29364
1.30159
1.18098
1.22127
1.26045
1.2972
1.32893
1.35596
1.3785
1.3967
1.41036
1.41943
1.32474
1.36739
1.40501
1.43866
1.46663
1.49039
1.51098
1.52836
1.5422
1.55332
1.50254
1.54011
1.5681
1.59242
1.61342
1.63269
1.65092
1.66806
1.68395
1.69846
1.70019
1.72121
1.7361
1.75188
1.76815
1.78344
1.79715
1.8104
1.82589
1.84425
1.89078
1.89795
1.90849
1.92003
1.92994
1.93913
1.94938
1.96047
1.97208
1.98094
2.10381
2.10558
2.09765
2.08113
2.06998
2.06941
2.08156
2.10616
2.14028
2.16481
2.52345
2.32956
2.22851
2.17063
2.14149
2.13486
2.15006
2.19088
2.26673
2.40968
-0.41041
-0.414915
-0.375162
-0.3026
-0.212496
-0.113193
0.795825
0.862471
0.855534
0.774131
0.700468
0.627284
0.398485
0.175921
-0.093813
-0.449748
-0.798435
)
;

boundaryField
{
    wall-4
    {
        type            zeroGradient;
    }
    pressure-outlet-7
    {
        type            fixedValue;
        value           uniform 0;
    }
    velocity-inlet-6
    {
        type            zeroGradient;
    }
    velocity-inlet-5
    {
        type            zeroGradient;
    }
    frontAndBackPlanes
    {
        type            empty;
    }
}


// ************************************************************************* //
