/*--------------------------------*- C++ -*----------------------------------*\
| =========                 |                                                 |
| \\      /  F ield         | OpenFOAM: The Open Source CFD Toolbox           |
|  \\    /   O peration     | Version:  2112                                  |
|   \\  /    A nd           | Website:  www.openfoam.com                      |
|    \\/     M anipulation  |                                                 |
\*---------------------------------------------------------------------------*/
FoamFile
{
    version     2.0;
    format      ascii;
    arch        "LSB;label=32;scalar=64";
    class       volScalarField;
    location    "10.0005";
    object      T;
}
// * * * * * * * * * * * * * * * * * * * * * * * * * * * * * * * * * * * * * //

dimensions      [0 0 0 1 0 0 0];

internalField   nonuniform List<scalar> 
7000
(
0.999998
1
0.999994
1.00001
1.00002
1.00027
1.00056
1.0023
1.00367
1.01259
1.02157
1.05095
1.1441
1.36095
1.82537
2.62992
2.7389
2.71922
2.68538
2.68225
2.69076
2.69731
2.70453
2.71148
2.71516
2.72057
2.72692
2.73179
2.73784
2.74136
2.74473
2.75008
2.75447
2.76172
2.76717
2.77126
2.77536
2.77779
2.7804
2.78168
2.78292
2.78411
2.78384
2.78333
2.7823
2.78112
2.7839
2.78124
2.78176
2.80247
0.999999
1
0.999995
1.00001
1.00002
1.00027
1.00055
1.00225
1.00359
1.01231
1.02098
1.05017
1.13955
1.34881
1.81504
2.62695
2.74081
2.72074
2.68853
2.68499
2.69342
2.69938
2.70662
2.71355
2.71706
2.72292
2.72912
2.73299
2.73861
2.74222
2.74683
2.7533
2.75809
2.76513
2.76976
2.77335
2.77712
2.7794
2.78205
2.78332
2.78478
2.78595
2.78563
2.78508
2.78394
2.78314
2.78534
2.78138
2.78511
2.80201
0.999999
1
0.999995
1.00001
1.00003
1.00028
1.00055
1.00223
1.00354
1.01214
1.02066
1.04978
1.13704
1.34283
1.81101
2.63166
2.74166
2.72232
2.69087
2.68682
2.69456
2.69985
2.70798
2.71419
2.71796
2.72425
2.72887
2.73233
2.7373
2.74046
2.74674
2.75333
2.75838
2.76508
2.76859
2.77207
2.77537
2.77746
2.78041
2.78148
2.78284
2.78416
2.78382
2.78369
2.78251
2.7829
2.78532
2.78091
2.78651
2.80349
1
1
0.999997
1.00001
1.00003
1.00028
1.00055
1.00219
1.00346
1.01189
1.02021
1.04877
1.13399
1.33515
1.8023
2.62469
2.74158
2.72144
2.69165
2.68725
2.69453
2.69955
2.70807
2.71422
2.71837
2.72485
2.72882
2.73239
2.73761
2.74113
2.74823
2.75451
2.75946
2.76574
2.76866
2.77219
2.775
2.77696
2.77986
2.78062
2.78192
2.78253
2.78216
2.78205
2.78082
2.78207
2.78405
2.77885
2.78742
2.80188
1
1
0.999998
1.00002
1.00003
1.00029
1.00054
1.00214
1.00339
1.01161
1.01975
1.04751
1.13145
1.32751
1.79638
2.62395
2.74165
2.72203
2.69332
2.68857
2.69511
2.69994
2.70874
2.71456
2.71855
2.72437
2.7274
2.73177
2.73767
2.742
2.74953
2.75517
2.7601
2.76549
2.76819
2.77174
2.77417
2.7765
2.77912
2.77979
2.78123
2.78157
2.78121
2.78051
2.77802
2.77933
2.78247
2.77887
2.78759
2.80259
0.999999
1
1
1.00002
1.00003
1.00029
1.00053
1.0021
1.0033
1.01132
1.01925
1.0463
1.12853
1.31963
1.78833
2.619
2.74058
2.72146
2.69401
2.68877
2.69512
2.69983
2.70897
2.71423
2.71777
2.72323
2.72632
2.73196
2.73837
2.74305
2.75056
2.75543
2.75991
2.76493
2.76725
2.77107
2.77322
2.77564
2.77834
2.7786
2.77969
2.77975
2.77923
2.77945
2.77773
2.77827
2.77975
2.77438
2.78841
2.79958
0.999999
1
1
1.00002
1.00003
1.00029
1.00053
1.00204
1.00321
1.01098
1.0187
1.04484
1.1256
1.31122
1.78017
2.61357
2.73955
2.71992
2.69566
2.68944
2.69528
2.6996
2.70843
2.71282
2.71681
2.72261
2.72651
2.7331
2.73919
2.74397
2.75075
2.75483
2.75923
2.76329
2.76607
2.76969
2.77181
2.77442
2.77659
2.77739
2.7782
2.77785
2.77697
2.7762
2.77479
2.7773
2.77761
2.77434
2.78637
2.79973
0.999999
1
1
1.00002
1.00003
1.00029
1.00051
1.00198
1.0031
1.01061
1.01807
1.04321
1.12253
1.30236
1.7712
2.606
2.73811
2.71633
2.6987
2.69005
2.69418
2.69854
2.70746
2.71231
2.71725
2.72356
2.72744
2.73429
2.73959
2.7438
2.74991
2.75316
2.75768
2.76157
2.76443
2.76817
2.77025
2.77311
2.77521
2.77552
2.77643
2.77668
2.77609
2.77465
2.77164
2.77369
2.77544
2.7693
2.78715
2.79601
0.999999
1
1
1.00002
1.00003
1.00028
1.0005
1.00191
1.00297
1.01019
1.01737
1.04139
1.11927
1.29305
1.76144
2.5963
2.73778
2.71004
2.69864
2.68961
2.69316
2.69952
2.70849
2.71353
2.71868
2.72425
2.72793
2.73418
2.73841
2.74248
2.74797
2.75129
2.75586
2.75968
2.76286
2.76649
2.76838
2.77112
2.77283
2.77317
2.77341
2.77297
2.7726
2.77211
2.76951
2.77111
2.77065
2.7692
2.7825
2.79532
0.999999
1
1
1.00002
1.00003
1.00027
1.00047
1.00181
1.00278
1.00954
1.01654
1.03921
1.11624
1.28353
1.75203
2.59169
2.73197
2.70129
2.70046
2.6929
2.6955
2.70105
2.70864
2.71327
2.71856
2.72375
2.72664
2.73273
2.73657
2.74055
2.74612
2.74941
2.75406
2.75764
2.76102
2.7647
2.76658
2.76933
2.77113
2.7717
2.77163
2.77071
2.76961
2.76873
2.76721
2.7685
2.76823
2.76264
2.78314
2.78891
0.999999
1
1
1.00002
1.00003
1.00026
1.00044
1.00167
1.00256
1.00854
1.01552
1.03659
1.11302
1.27343
1.74135
2.58479
2.72102
2.70904
2.70087
2.6916
2.69391
2.70014
2.70752
2.71183
2.71736
2.72204
2.7252
2.73114
2.73471
2.73885
2.74415
2.74721
2.75203
2.75548
2.75802
2.7618
2.76303
2.76519
2.76664
2.76738
2.76782
2.76741
2.7664
2.76467
2.76207
2.76432
2.76353
2.76234
2.7753
2.78855
1
1
1
1.00002
1.00003
1.00023
1.00039
1.00149
1.00227
1.00735
1.01428
1.03323
1.10965
1.26226
1.72911
2.56832
2.71453
2.71197
2.69997
2.69122
2.69327
2.69937
2.70643
2.71088
2.71624
2.72084
2.72393
2.72963
2.73319
2.73753
2.74246
2.74576
2.75036
2.75369
2.75678
2.76001
2.76191
2.76396
2.76429
2.76402
2.76362
2.76309
2.76236
2.76089
2.75828
2.75906
2.758
2.75411
2.77605
2.77953
1
1
1
1.00002
1.00003
1.0002
1.00033
1.00126
1.00191
1.00596
1.01303
1.02952
1.10602
1.24983
1.7144
2.54701
2.70883
2.70923
2.7002
2.69137
2.69318
2.69917
2.70586
2.70993
2.71583
2.71954
2.72267
2.72804
2.73107
2.73508
2.73976
2.74257
2.74657
2.74937
2.75211
2.7548
2.75653
2.75894
2.76052
2.76039
2.75944
2.75802
2.75702
2.7557
2.75315
2.75393
2.75295
2.7514
2.76334
2.77811
1
1
1
1.00001
1.00003
1.00016
1.00027
1.001
1.00154
1.00443
1.01185
1.0269
1.10069
1.23541
1.69392
2.52308
2.69832
2.70958
2.70072
2.6916
2.69307
2.69906
2.70517
2.70934
2.71469
2.71869
2.72156
2.72709
2.73
2.73409
2.73853
2.74083
2.74527
2.74744
2.74966
2.75182
2.75233
2.75307
2.75415
2.75481
2.75453
2.75316
2.75088
2.74897
2.7473
2.7472
2.74351
2.74171
2.76496
2.76482
1
1
1
1.00001
1.00002
1.00014
1.00024
1.00082
1.00148
1.00348
1.01166
1.02271
1.09434
1.22004
1.67087
2.49306
2.68617
2.71162
2.70236
2.69257
2.69345
2.69926
2.70487
2.70898
2.71422
2.71743
2.71984
2.72447
2.72696
2.73061
2.73473
2.73735
2.74083
2.74371
2.74602
2.74867
2.74986
2.74954
2.74876
2.74783
2.74696
2.74617
2.74546
2.74214
2.73833
2.73859
2.7382
2.73509
2.74374
2.76175
1
1
1
1.00001
1.00002
1.00012
1.0002
1.00067
1.0013
1.00277
1.0103
1.01619
1.08681
1.19595
1.64369
2.44713
2.67158
2.71405
2.70368
2.69142
2.69185
2.69779
2.70368
2.70802
2.71343
2.71656
2.71933
2.72368
2.72606
2.72912
2.732
2.73383
2.73625
2.73781
2.73903
2.74104
2.74295
2.74439
2.74418
2.74276
2.74027
2.73726
2.73423
2.73407
2.73091
2.72777
2.72294
2.72308
2.74266
2.74196
1
1
1
1.00001
1.00003
1.00009
1.00016
1.0006
1.00059
1.00395
1.00107
1.02748
1.06323
1.23562
1.54847
2.21933
2.6495
2.7249
2.71295
2.69614
2.69211
2.69684
2.7008
2.70429
2.7087
2.71109
2.71345
2.71843
2.72202
2.72618
2.72956
2.7317
2.73371
2.73585
2.73578
2.73542
2.73506
2.73492
2.73484
2.73434
2.73392
2.73141
2.72708
2.71966
2.71788
2.71614
2.71381
2.7055
2.71423
2.73331
1
1
1
1.00001
1.00003
1.00006
1.00018
1.00047
1.00059
1.00365
1.00171
1.02477
1.05803
1.20449
1.4723
2.09817
2.60011
2.72264
2.71104
2.69152
2.68704
2.69192
2.69564
2.6994
2.70356
2.70535
2.7069
2.70962
2.71226
2.71638
2.72104
2.72405
2.72699
2.72876
2.73149
2.73176
2.73076
2.72902
2.72605
2.72331
2.71895
2.71882
2.71693
2.71229
2.70177
2.69764
2.69134
2.69046
2.69925
2.69857
1
1
1
1.00001
1.00003
1.00005
1.00017
1.00036
1.00051
1.00249
1.00354
1.02011
1.05185
1.17112
1.40128
1.95734
2.54176
2.70901
2.69158
2.66962
2.66833
2.67749
2.68313
2.68823
2.69329
2.69652
2.69859
2.70136
2.70291
2.70493
2.70824
2.71096
2.71345
2.7156
2.71737
2.72007
2.72152
2.72117
2.71969
2.71624
2.71076
2.70127
2.69863
2.694
2.68906
2.67807
2.66829
2.65252
2.65429
2.66454
1
1
1
1.00001
1.00003
1.00005
1.0001
1.00033
1.00042
1.00238
1.00137
1.01642
1.04465
1.13875
1.34197
1.79644
2.55809
2.71196
2.68596
2.6611
2.65823
2.66769
2.67437
2.68083
2.68551
2.68967
2.69339
2.69762
2.70022
2.70192
2.70309
2.70407
2.70469
2.70486
2.70474
2.7049
2.70559
2.70573
2.7056
2.70432
2.70103
2.69328
2.68146
2.67326
2.65967
2.6519
2.63526
2.61427
2.59445
2.52149
1
1
1
1
1.00001
1.00001
1.00007
1.00012
1.00058
1.0006
1.00515
1.0045
1.04449
1.11015
1.36721
1.97124
2.45283
2.70191
2.67711
2.66624
2.66345
2.66609
2.67329
2.67789
2.68051
2.68361
2.6873
2.69115
2.69436
2.69588
2.69597
2.69574
2.69506
2.69407
2.69203
2.69056
2.68735
2.6843
2.68091
2.67873
2.67515
2.67078
2.66037
2.64706
2.6298
2.60118
2.57828
2.52557
2.47272
2.38238
1
1
1
1
1.00001
1.00001
1.00007
1.00011
1.00055
1.00071
1.00422
1.00347
1.03773
1.09978
1.3198
1.84898
2.38061
2.66767
2.66454
2.65527
2.65142
2.65376
2.66045
2.66505
2.66775
2.67225
2.67753
2.68248
2.68601
2.68723
2.68715
2.68648
2.68512
2.68379
2.68043
2.67798
2.67265
2.66811
2.66028
2.6528
2.64505
2.63564
2.62792
2.61122
2.59639
2.56702
2.52706
2.48145
2.38777
2.3238
1
1
1
1
1.00001
1.00001
1.00007
1.00014
1.00059
1.00077
1.00469
1.00295
1.03167
1.08367
1.27532
1.69048
2.29113
2.64407
2.67445
2.66576
2.65486
2.65557
2.65913
2.66208
2.66359
2.66682
2.66995
2.67406
2.6772
2.6785
2.67847
2.67793
2.67657
2.6744
2.67216
2.6677
2.66384
2.65542
2.64898
2.6351
2.62524
2.60764
2.59261
2.57477
2.55031
2.52903
2.48548
2.4508
2.37545
2.32775
1
1
1
1
1.00001
1.00001
1.00007
1.0001
1.00053
1.00068
1.00474
1.00188
1.02733
1.0663
1.22792
1.54269
2.17751
2.60636
2.68264
2.66908
2.65145
2.64538
2.6472
2.65003
2.65212
2.65226
2.65181
2.65211
2.653
2.65481
2.6568
2.65819
2.65815
2.65738
2.65583
2.65229
2.6479
2.64197
2.63293
2.62421
2.60817
2.59571
2.57099
2.55459
2.52152
2.50078
2.45945
2.42854
2.37634
2.33625
1
1
1
1
1.00001
1.00001
1.00004
1.0001
1.00034
1.00035
1.00261
1.00515
1.01966
1.05399
1.16891
1.38812
1.94122
2.52538
2.69366
2.67043
2.65592
2.6395
2.64135
2.6411
2.64101
2.64132
2.64204
2.64207
2.6417
2.64046
2.63945
2.63831
2.63713
2.6357
2.63349
2.63117
2.62629
2.62206
2.61324
2.60656
2.59231
2.58203
2.55974
2.54463
2.51348
2.4913
2.45448
2.42412
2.38263
2.34563
1
1
1
1
1
1.00001
1.00003
1.00013
1.00023
1.00102
1.0013
1.00781
1.00365
1.04699
1.11581
1.39416
2.01011
2.46179
2.68513
2.66189
2.65133
2.64002
2.63747
2.63792
2.638
2.63857
2.63963
2.63947
2.63855
2.63664
2.63295
2.62984
2.62537
2.62229
2.61716
2.61382
2.60711
2.6026
2.5931
2.58693
2.57359
2.56516
2.5465
2.53426
2.51064
2.48876
2.46089
2.42946
2.3971
2.36441
1
1
1
1
1
1.00001
1.00001
1.00008
1.00013
1.00069
1.00061
1.00445
1.00935
1.03788
1.10223
1.32238
1.88033
2.37443
2.65894
2.6487
2.64144
2.62744
2.62756
2.62906
2.63216
2.63461
2.63547
2.63527
2.63427
2.63235
2.62788
2.62466
2.6188
2.61529
2.60836
2.60416
2.59554
2.59018
2.57945
2.57151
2.55891
2.54768
2.53351
2.51837
2.5021
2.48301
2.46219
2.43815
2.41213
2.38688
1
1
1
1
1
1.00001
1.00001
1.00008
1.00013
1.00069
1.00081
1.00557
1.00172
1.0338
1.08232
1.26724
1.68128
2.26312
2.62907
2.65765
2.64572
2.62792
2.62299
2.62412
2.62635
2.62939
2.63059
2.63034
2.62906
2.62732
2.62314
2.6202
2.61424
2.6107
2.60359
2.59927
2.59088
2.58448
2.57495
2.56553
2.55401
2.54148
2.52759
2.51256
2.49614
2.47897
2.46035
2.44123
2.4198
2.39992
1
1
1
1
1
1.00001
1.00003
1.00005
1.00014
1.00036
1.001
1.00249
1.00624
1.02658
1.06266
1.21062
1.51072
2.09469
2.56827
2.66359
2.64577
2.62922
2.62076
2.61632
2.61518
2.61377
2.61268
2.61062
2.60845
2.60769
2.60631
2.60508
2.60192
2.59939
2.5939
2.58968
2.58227
2.57585
2.56719
2.55862
2.54847
2.53751
2.52511
2.51169
2.49657
2.48085
2.46373
2.44637
2.42818
2.41076
1
1
1
1
1
1
1.00001
1.00002
1.00013
1.00019
1.00103
1.00146
1.00965
1.00386
1.05977
1.12539
1.4724
2.10705
2.52773
2.67765
2.65031
2.62876
2.61225
2.61021
2.61121
2.61158
2.61103
2.60955
2.60609
2.60321
2.59878
2.59582
2.59154
2.58787
2.58317
2.5782
2.57244
2.5654
2.55796
2.54926
2.54015
2.53014
2.51945
2.5078
2.49566
2.48171
2.46801
2.45282
2.43745
2.4225
1
1
1
1
1
1
1.00001
1.00001
1.0001
1.00016
1.0009
1.00109
1.00733
1.00259
1.04543
1.11106
1.3545
1.96101
2.41212
2.65007
2.62715
2.62045
2.60536
2.60194
2.60262
2.60514
2.60657
2.60622
2.60443
2.60159
2.59731
2.59333
2.58859
2.58362
2.57844
2.57272
2.56685
2.55994
2.55256
2.54418
2.53523
2.52557
2.51544
2.50445
2.4931
2.48143
2.46928
2.45622
2.44286
2.43026
1
1
1
1
1
1
1
1.00004
1.00004
1.00034
1.00058
1.00279
1.0024
1.01113
1.01555
1.09648
1.22604
1.70026
2.48954
2.64997
2.64421
2.62597
2.60605
2.59755
2.59569
2.59548
2.59548
2.59527
2.59491
2.59434
2.59295
2.59005
2.58607
2.58138
2.57646
2.57092
2.56533
2.55886
2.55184
2.54388
2.53536
2.52585
2.51605
2.50541
2.4949
2.48349
2.47211
2.46024
2.44809
2.4368
1
1
1
1
1
1
1.00001
1
1.00007
1.00011
1.00058
1.00079
1.0053
1.00213
1.03062
1.0669
1.23011
1.56401
2.14265
2.59913
2.6701
2.6485
2.62705
2.61102
2.60356
2.60094
2.59715
2.59397
2.59072
2.58665
2.58304
2.57953
2.5761
2.57187
2.5678
2.56328
2.55847
2.55386
2.54895
2.54274
2.53566
2.52755
2.51905
2.50954
2.49972
2.48914
2.47843
2.46735
2.45613
2.44563
1
1
1
1
1
1
1
1.00001
1.00001
1.00013
1.00017
1.00112
1.00145
1.01048
1.00296
1.06535
1.13178
1.51042
2.16591
2.52631
2.67043
2.64828
2.63267
2.61637
2.60822
2.60494
2.60211
2.59853
2.59473
2.58978
2.58496
2.58005
2.57529
2.57011
2.56484
2.55927
2.55424
2.54845
2.54304
2.53766
2.53212
2.52584
2.51882
2.51103
2.50279
2.49381
2.48458
2.47487
2.46495
2.45573
1
1
1
1
1
1
1
1.00001
1.00001
1.00011
1.00016
1.001
1.00122
1.00862
1.00269
1.04937
1.1121
1.37207
1.97679
2.42302
2.64098
2.61757
2.61128
2.5982
2.59552
2.59561
2.59518
2.59396
2.59161
2.58767
2.58363
2.57926
2.57492
2.57023
2.56549
2.56018
2.55462
2.54894
2.54319
2.53732
2.53128
2.52478
2.51819
2.51105
2.50364
2.49555
2.4874
2.47881
2.47009
2.46199
1
1
1
1
1
1
1
1
1.00002
1.00002
1.00018
1.0003
1.0016
1.00164
1.01159
1.01832
1.09722
1.23766
1.70965
2.48717
2.64655
2.64061
2.62069
2.59998
2.59236
2.59111
2.58975
2.58696
2.58354
2.5798
2.57628
2.5729
2.57005
2.56749
2.56435
2.56051
2.55611
2.55124
2.54566
2.5395
2.53346
2.52685
2.52016
2.51279
2.50562
2.49786
2.49022
2.48213
2.47406
2.4665
1
1
1
1
1
1
1
1
1.00003
1.00005
1.00022
1.0004
1.00182
1.00184
1.01288
1.00384
1.075
1.18348
1.62521
2.38995
2.61022
2.66513
2.64925
2.6278
2.61306
2.60593
2.60096
2.59502
2.58873
2.58246
2.57682
2.57184
2.56798
2.56473
2.56174
2.55865
2.55498
2.55073
2.54582
2.5406
2.53496
2.52902
2.52287
2.51631
2.50945
2.50231
2.49492
2.4874
2.47958
2.47249
1
1
1
1
1
1
1
1.00001
1.00002
1.0001
1.00011
1.00084
1.00141
1.00734
1.00696
1.02285
1.04806
1.17504
1.41522
1.96773
2.50991
2.66545
2.64316
2.63043
2.60925
2.60176
2.59622
2.59266
2.58663
2.5803
2.57449
2.56877
2.564
2.55966
2.5562
2.55287
2.54958
2.54621
2.54229
2.53828
2.53371
2.52876
2.52318
2.5176
2.51155
2.50545
2.49895
2.49247
2.4856
2.47943
1
1
1
1
1
1
1
1.00001
1.00001
1.00007
1.00007
1.00056
1.00092
1.00474
1.00443
1.01576
1.02974
1.12392
1.2988
1.76921
2.52642
2.66928
2.63671
2.62788
2.60592
2.59577
2.59307
2.59182
2.58896
2.58407
2.5785
2.57272
2.5673
2.56204
2.55728
2.55298
2.54876
2.5447
2.54046
2.53631
2.53167
2.52723
2.52235
2.51735
2.51197
2.50642
2.50056
2.49471
2.48857
2.48305
1
1
1
1
1
1
1
1
1.00002
1.00002
1.00013
1.00023
1.00104
1.00135
1.00818
1.00455
1.04262
1.10195
1.30661
1.80513
2.33163
2.65682
2.65701
2.6379
2.61504
2.60404
2.60066
2.59943
2.59809
2.59601
2.59222
2.58721
2.58115
2.57457
2.56789
2.56147
2.55533
2.54966
2.54432
2.53949
2.53452
2.52964
2.52458
2.51939
2.514
2.50854
2.50287
2.49714
2.4912
2.48577
1
1
1
1
1
1
1
1
1.00002
1.00003
1.00015
1.00013
1.00128
1.00213
1.01053
1.0107
1.03168
1.08096
1.2555
1.65727
2.22038
2.58694
2.64238
2.62542
2.60904
2.59651
2.59302
2.59263
2.59212
2.59112
2.58988
2.5874
2.58414
2.58034
2.57592
2.57111
2.56585
2.56046
2.55481
2.549
2.54334
2.53763
2.5321
2.52639
2.52074
2.51488
2.50905
2.50305
2.49706
2.49145
1
1
1
1
1
1
1
1
1
1.00002
1.00002
1.00019
1.00026
1.00169
1.00196
1.01323
1.00468
1.07719
1.16493
1.58049
2.28595
2.56408
2.65685
2.63404
2.61666
2.60023
2.59436
2.59285
2.59148
2.58951
2.58709
2.58477
2.58225
2.5793
2.57596
2.5723
2.56849
2.5644
2.56019
2.55567
2.55098
2.54614
2.54102
2.53592
2.53041
2.52496
2.51918
2.51333
2.50733
2.50162
1
1
1
1
1
1
1
1
1
1.00002
1.00002
1.00013
1.00018
1.00111
1.00146
1.0112
1.00649
1.06524
1.14267
1.49752
2.18627
2.52062
2.66343
2.63974
2.6201
2.60481
2.59956
2.59773
2.59586
2.59316
2.58997
2.58666
2.58344
2.58004
2.57671
2.57331
2.56979
2.56629
2.56255
2.55882
2.55486
2.55088
2.54676
2.54249
2.53821
2.53362
2.52903
2.5241
2.51903
2.51422
1
1
1
1
1
1
1
1
1
1.00002
1.00001
1.00014
1.00019
1.00116
1.00133
1.00877
1.00434
1.04994
1.11907
1.39654
2.01726
2.45613
2.64857
2.62323
2.60784
2.59252
2.58875
2.58873
2.58827
2.58707
2.58484
2.58204
2.57927
2.57626
2.57327
2.5701
2.56669
2.56332
2.55973
2.55625
2.55266
2.54905
2.54548
2.54162
2.5379
2.53376
2.52965
2.52534
2.52074
2.51659
1
1
1
1
1
1
1
1
1
1.00001
1.00004
1.00003
1.00035
1.00058
1.003
1.00263
1.01333
1.0161
1.10528
1.26075
1.74944
2.53166
2.6493
2.64084
2.61877
2.59589
2.58804
2.58599
2.58504
2.58271
2.57983
2.57684
2.57359
2.5703
2.56666
2.56315
2.5593
2.55564
2.55181
2.5481
2.54451
2.54079
2.53735
2.53355
2.52998
2.52605
2.52208
2.51799
2.51359
2.50974
1
1
1
1
1
1
1
1
1
1
1.00003
1.00003
1.00023
1.00037
1.002
1.00205
1.01418
1.00787
1.09244
1.21291
1.68348
2.45722
2.63771
2.6618
2.64696
2.62386
2.61144
2.60578
2.60173
2.59723
2.59223
2.587
2.58172
2.57686
2.57189
2.56733
2.56263
2.55821
2.55375
2.54944
2.54531
2.54108
2.53712
2.53284
2.52871
2.52427
2.51981
2.51527
2.51049
2.50629
1
1
1
1
1
1
1
1
1
1
1.00002
1.00001
1.00021
1.00031
1.00187
1.0021
1.01446
1.00602
1.07939
1.18613
1.60954
2.37755
2.60082
2.67157
2.65338
2.6355
2.62209
2.6171
2.61477
2.61206
2.60867
2.60496
2.6008
2.59659
2.59184
2.58706
2.58184
2.57664
2.57135
2.56605
2.56091
2.55564
2.55064
2.54542
2.54046
2.53529
2.5302
2.52506
2.51979
2.51505
1
1
1
1
1
1
1
1
1
1.00001
1.00001
1.00009
1.00006
1.00075
1.00116
1.00659
1.0042
1.02326
1.04828
1.18712
1.43594
2.02724
2.52936
2.67873
2.65427
2.63601
2.61732
2.61065
2.60884
2.6072
2.6048
2.60189
2.5987
2.59554
2.59197
2.58833
2.58442
2.58026
2.57595
2.57143
2.56688
2.56221
2.5576
2.55286
2.54819
2.54347
2.53867
2.53397
2.52903
2.52457
1
1
1
1
1
1
1
1
1
1
1.00001
1.00004
1.00003
1.0003
1.00044
1.0032
1.00251
1.01859
1.03621
1.13609
1.33839
1.8105
2.54763
2.68833
2.65709
2.62865
2.60518
2.59675
2.59513
2.59435
2.59283
2.59068
2.58836
2.58621
2.58399
2.58164
2.57891
2.57588
2.57248
2.56891
2.56501
2.56101
2.55688
2.55261
2.54831
2.54392
2.5395
2.53506
2.53054
2.52639
1
1
1
1
1
1
1
1
1
1
1
1.00003
1.00003
1.00023
1.00036
1.00219
1.00211
1.01532
1.024
1.11934
1.29762
1.79346
2.57626
2.70456
2.66591
2.6447
2.61755
2.60675
2.60374
2.60179
2.5991
2.59561
2.59191
2.58849
2.5852
2.58213
2.57892
2.57564
2.57206
2.56842
2.56458
2.56069
2.55668
2.5527
2.54857
2.54451
2.54034
2.53624
2.53206
2.52823
1
1
1
1
1
1
1
1
1
1
1.00001
1.00004
1.00003
1.00034
1.0005
1.00293
1.00238
1.01239
1.0112
1.10589
1.26557
1.76761
2.56983
2.68936
2.66878
2.6526
2.62617
2.6141
2.6105
2.60801
2.60528
2.60148
2.59772
2.59411
2.59056
2.58712
2.58343
2.57972
2.5758
2.57178
2.56772
2.56367
2.55952
2.55554
2.55147
2.54754
2.54355
2.53964
2.5357
2.53215
1
1
1
1
1
1
1
1
1
1
1
1.00003
1.00003
1.00024
1.00038
1.00217
1.00188
1.01358
1.00762
1.09448
1.2439
1.74021
2.5402
2.67967
2.67728
2.65811
2.63348
2.62161
2.61829
2.61529
2.61237
2.60827
2.60422
2.60019
2.59623
2.5923
2.58829
2.58411
2.5799
2.57552
2.57119
2.5668
2.56248
2.5582
2.55399
2.54981
2.54574
2.54166
2.53766
2.53397
1
1
1
1
1
1
1
1
1
1
1.00001
1.00004
1.00003
1.00029
1.00046
1.00259
1.00243
1.01867
1.00243
1.0964
1.22849
1.70953
2.50917
2.67049
2.6807
2.66343
2.63867
2.62671
2.62329
2.62051
2.61796
2.61403
2.61027
2.60604
2.60206
2.59783
2.59377
2.58944
2.58528
2.58088
2.57666
2.57222
2.56799
2.56359
2.55939
2.55508
2.55093
2.54674
2.54261
2.53882
1
1
1
1
1
1
1
1
1
1
1
1.00003
1.00002
1.00024
1.00039
1.00223
1.00221
1.01713
1.00725
1.09014
1.2236
1.67701
2.4753
2.65554
2.68336
2.66613
2.64232
2.62976
2.62642
2.6236
2.62103
2.61698
2.61312
2.60876
2.60483
2.60048
2.59656
2.59222
2.58822
2.58397
2.57989
2.57574
2.57163
2.56756
2.56343
2.55941
2.55528
2.5513
2.54716
2.5435
1
1
1
1
1
1
1
1
1
1
1
1.00003
1.00001
1.00029
1.00043
1.00285
1.00187
1.01836
1.00372
1.08676
1.19653
1.65616
2.43938
2.64038
2.68679
2.66878
2.64673
2.63338
2.62885
2.62565
2.62261
2.61865
2.61453
2.61024
2.60596
2.60164
2.59742
2.59322
2.58905
2.58503
2.58087
2.57696
2.57274
2.56893
2.56467
2.56087
2.55663
2.55281
2.54863
2.54508
1
1
1
1
1
1
1
1
1
1
1
1.00002
1.00002
1.0002
1.00025
1.0016
1.00189
1.0147
1.00686
1.08473
1.19269
1.62492
2.4003
2.63209
2.6955
2.67668
2.65362
2.63926
2.6336
2.63058
2.62669
2.62259
2.61762
2.613
2.60816
2.60384
2.59928
2.59535
2.59103
2.58731
2.58303
2.5793
2.57501
2.57118
2.56692
2.563
2.55883
2.55487
2.5507
2.54703
1
1
1
1
1
1
1
1
1
1
1.00001
1.00001
1.00006
1.00005
1.00049
1.00065
1.00519
1.00339
1.02971
1.06336
1.21879
1.54146
2.12121
2.59643
2.69673
2.67248
2.64756
2.63032
2.62354
2.62157
2.61881
2.6155
2.61144
2.60707
2.60252
2.59826
2.59359
2.58955
2.58506
2.5811
2.57692
2.57297
2.56903
2.56512
2.56121
2.55736
2.55336
2.54954
2.54547
2.54196
1
1
1
1
1
1
1
1
1
1
1.00001
1.00001
1.00005
1.00007
1.00042
1.0005
1.00407
1.00051
1.02338
1.05196
1.18349
1.45386
1.99412
2.55057
2.70266
2.66935
2.64147
2.6181
2.60907
2.60636
2.60368
2.60018
2.59596
2.59168
2.58761
2.58379
2.58015
2.57664
2.57304
2.56954
2.56589
2.56235
2.5587
2.55515
2.55148
2.54789
2.54419
2.54058
2.53688
2.5335
1
1
1
1
1
1
1
1
1
1
1
1.00002
1.00002
1.00015
1.00019
1.00125
1.00161
1.01364
1.00309
1.08167
1.16109
1.60517
2.3438
2.63404
2.70862
2.69016
2.66055
2.64673
2.64094
2.63747
2.63271
2.62728
2.62119
2.61553
2.60973
2.60473
2.59935
2.59466
2.58972
2.58514
2.58058
2.57621
2.57193
2.56782
2.56364
2.55972
2.5556
2.55177
2.54768
2.54412
1
1
1
1
1
1
1
1
1
1
1.00001
1
1.00005
1.00005
1.0004
1.00047
1.0039
1.0013
1.02258
1.04665
1.18398
1.44326
1.97997
2.55898
2.71247
2.68122
2.65115
2.62818
2.62014
2.6175
2.61396
2.61017
2.6053
2.60052
2.59583
2.59085
2.58613
2.58141
2.57675
2.57261
2.56828
2.56447
2.56039
2.5566
2.5526
2.54874
2.54479
2.54094
2.53708
2.53352
2.13447
2.65115
2.70047
2.98615
3.07524
3.02062
3.00955
2.99761
2.99737
2.99868
2.99897
2.99722
2.99654
2.99563
2.9955
2.99367
2.99206
2.98919
2.98535
2.98205
2.9784
2.97439
2.97041
2.96611
2.95929
2.95572
2.94875
2.94286
2.93616
2.92923
2.92126
2.91362
2.90545
2.89746
2.88913
2.88092
2.87234
2.863
2.85281
2.84335
2.83367
2.8242
2.81447
2.80491
2.79511
2.78557
2.77605
2.76643
2.75716
2.74766
2.73851
2.72931
2.72037
2.71147
2.70274
2.69419
2.68593
2.67782
2.67004
2.6625
2.65525
2.64838
2.64186
2.63583
2.63019
2.62513
2.62039
2.61649
2.61285
2.61021
2.60796
2.6066
2.60585
2.60599
2.60648
2.60722
2.60817
2.61016
2.61297
2.61685
2.62082
2.62507
2.62913
2.63329
2.63693
2.64107
2.64386
2.64723
2.64899
2.6513
2.65223
2.65379
2.65424
2.65483
2.65513
2.65532
2.6553
2.65529
2.655
2.653
2.15998
2.44695
2.53764
2.73323
2.85707
2.95234
3.00717
3.05706
3.06947
3.09585
3.11883
3.12803
3.14344
3.14073
3.13329
3.11922
3.09749
3.07157
3.0418
3.01108
2.983
2.95526
2.92814
2.90186
2.87593
2.85141
2.82728
2.80494
2.78361
2.76405
2.74568
2.72845
2.71256
2.69749
2.68388
2.67092
2.65863
2.64617
2.63336
2.62103
2.60872
2.59675
2.58498
2.57343
2.5625
2.55201
2.54208
2.53261
2.52376
2.51525
2.5074
2.49954
2.49245
2.48512
2.47835
2.47142
2.46462
2.45788
2.45078
2.44405
2.43676
2.42993
2.42279
2.41628
2.40991
2.40417
2.39897
2.3942
2.39031
2.38677
2.38403
2.38193
2.38047
2.37969
2.37954
2.37918
2.37935
2.38008
2.38172
2.38438
2.3874
2.39066
2.39414
2.39753
2.40112
2.40427
2.40746
2.41016
2.41237
2.41432
2.41539
2.41647
2.41659
2.41651
2.41626
2.41558
2.41502
2.41403
2.41322
2.40963
2.2248
2.27958
2.36891
2.43152
2.48372
2.54125
2.59367
2.64175
2.67438
2.70124
2.72146
2.73308
2.7355
2.73353
2.72811
2.721
2.70944
2.69686
2.68395
2.67113
2.65853
2.64634
2.63472
2.6235
2.61235
2.60083
2.58912
2.57757
2.56676
2.55684
2.54786
2.53954
2.53112
2.52258
2.51391
2.50523
2.49661
2.48712
2.47723
2.46685
2.45677
2.44632
2.43567
2.42442
2.413
2.4011
2.38918
2.37719
2.36535
2.35395
2.34295
2.33258
2.32291
2.31383
2.30575
2.29832
2.29191
2.28638
2.2816
2.27773
2.27447
2.27194
2.2697
2.268
2.2664
2.26492
2.26418
2.26313
2.26298
2.26313
2.26354
2.26438
2.26554
2.26729
2.26885
2.27009
2.27145
2.27269
2.27506
2.27696
2.27949
2.28128
2.28338
2.28469
2.28598
2.28671
2.2872
2.28726
2.28709
2.28658
2.2859
2.28498
2.28365
2.28234
2.28105
2.27992
2.27881
2.27827
2.27783
2.27584
2.2618
2.2513
2.27705
2.30653
2.32909
2.35046
2.36993
2.39097
2.40888
2.42378
2.4347
2.44188
2.44473
2.44532
2.44609
2.44631
2.44644
2.44645
2.4465
2.44669
2.44664
2.44677
2.44654
2.44647
2.44645
2.44658
2.44724
2.44828
2.44842
2.4482
2.44757
2.44628
2.44457
2.44192
2.43867
2.43438
2.42994
2.42386
2.41724
2.40931
2.40163
2.39348
2.38524
2.37621
2.3669
2.35651
2.34598
2.33444
2.32284
2.31057
2.29845
2.28618
2.27433
2.26281
2.25179
2.24152
2.23192
2.22315
2.21529
2.20811
2.20174
2.19623
2.19127
2.18686
2.18334
2.18028
2.17727
2.17544
2.17526
2.17561
2.17668
2.17898
2.18276
2.18736
2.19209
2.19722
2.20147
2.20677
2.21216
2.21743
2.22256
2.22748
2.23165
2.23549
2.23862
2.2408
2.24261
2.24359
2.2436
2.24331
2.24256
2.24095
2.23954
2.23665
2.23499
2.23156
2.22978
2.2261
2.22443
2.21816
2.28003
2.25554
2.24875
2.24983
2.2525
2.25507
2.25867
2.26332
2.26954
2.27565
2.28019
2.28272
2.28382
2.28549
2.28809
2.29137
2.29444
2.29766
2.30108
2.30425
2.3069
2.31012
2.31252
2.3152
2.31708
2.31951
2.32019
2.3211
2.32094
2.32056
2.31988
2.31848
2.31704
2.3148
2.31326
2.31144
2.31022
2.30813
2.30577
2.30232
2.29908
2.29521
2.29153
2.28708
2.28253
2.27735
2.2716
2.26526
2.25811
2.25044
2.24204
2.23337
2.22425
2.21516
2.2062
2.19757
2.18961
2.18211
2.17542
2.16916
2.16353
2.1583
2.15352
2.14924
2.14543
2.1423
2.13979
2.13789
2.13635
2.13533
2.13428
2.13373
2.13327
2.13329
2.13339
2.13355
2.13412
2.13533
2.13759
2.14004
2.14288
2.14632
2.14924
2.15285
2.15545
2.15853
2.16055
2.16277
2.16393
2.16525
2.16566
2.16615
2.16602
2.16574
2.16536
2.16493
2.16465
2.1644
2.16443
2.16245
2.3033
2.26938
2.25022
2.2349
2.2228
2.21352
2.20575
2.20083
2.19769
2.19687
2.19698
2.19739
2.19745
2.19736
2.19817
2.20031
2.20373
2.20714
2.21172
2.21527
2.2204
2.22406
2.22909
2.23282
2.2371
2.2402
2.24376
2.24639
2.24849
2.25049
2.25141
2.25144
2.25117
2.25053
2.24952
2.24851
2.24742
2.24605
2.24407
2.24172
2.23937
2.23707
2.23491
2.23278
2.23058
2.22815
2.22512
2.22139
2.2165
2.21063
2.20363
2.19586
2.18758
2.17897
2.17052
2.16214
2.15429
2.14682
2.13998
2.13368
2.12801
2.12281
2.11823
2.114
2.11017
2.10678
2.10341
2.1008
2.09811
2.09646
2.09488
2.0946
2.09493
2.09556
2.09699
2.09792
2.09984
2.10224
2.10525
2.10836
2.11179
2.11524
2.11875
2.12202
2.12518
2.128
2.13041
2.13266
2.13414
2.13545
2.1362
2.13632
2.13606
2.13533
2.13476
2.13345
2.13271
2.13116
2.13065
2.12715
2.33328
2.29817
2.26574
2.24236
2.22113
2.20327
2.18804
2.17599
2.16639
2.15964
2.15519
2.15197
2.15068
2.14968
2.14943
2.14941
2.15183
2.15568
2.16038
2.16546
2.17113
2.1769
2.18239
2.18795
2.1926
2.19809
2.20128
2.20562
2.20795
2.21082
2.21179
2.21344
2.21367
2.21361
2.21338
2.2129
2.21214
2.21092
2.20897
2.2062
2.20315
2.20023
2.19758
2.19517
2.19272
2.19037
2.18791
2.18538
2.18257
2.17924
2.17532
2.17057
2.16514
2.15904
2.15244
2.1457
2.13874
2.13223
2.12572
2.12003
2.11436
2.10952
2.10477
2.10043
2.09652
2.09253
2.08924
2.0859
2.08289
2.08038
2.07809
2.07631
2.07515
2.07449
2.07343
2.07336
2.07378
2.07468
2.07653
2.07852
2.08125
2.08421
2.08754
2.09102
2.09442
2.09787
2.10085
2.10389
2.10604
2.10844
2.10955
2.11115
2.11151
2.11168
2.11169
2.11151
2.11128
2.1107
2.11059
2.10798
2.35682
2.32511
2.29372
2.2634
2.23643
2.21317
2.19269
2.17541
2.16154
2.15008
2.14188
2.13549
2.13139
2.12903
2.1278
2.12787
2.12817
2.13023
2.13457
2.13976
2.14613
2.15158
2.1578
2.16309
2.16886
2.17295
2.17794
2.18142
2.18438
2.187
2.18879
2.19043
2.19081
2.19079
2.19068
2.19046
2.18996
2.18886
2.18691
2.18448
2.18148
2.17819
2.17469
2.17128
2.16795
2.16484
2.16174
2.15876
2.15577
2.1525
2.14922
2.14528
2.14136
2.13678
2.13217
2.12726
2.12226
2.11736
2.11242
2.10784
2.10319
2.09911
2.09493
2.09112
2.08762
2.08392
2.08081
2.07767
2.07467
2.07212
2.06978
2.06804
2.06615
2.06541
2.06402
2.06301
2.06308
2.06354
2.06457
2.06621
2.06833
2.07084
2.07382
2.07682
2.08015
2.0833
2.08619
2.08895
2.09109
2.09266
2.09405
2.09456
2.09446
2.0941
2.09371
2.09268
2.09202
2.09057
2.09006
2.08648
2.37498
2.3471
2.3193
2.28953
2.26175
2.23526
2.21193
2.19102
2.17315
2.15827
2.14591
2.13688
2.12974
2.12519
2.12202
2.12078
2.12102
2.12174
2.12334
2.1277
2.13254
2.13823
2.14312
2.14815
2.15273
2.15692
2.16097
2.16385
2.16732
2.16908
2.17138
2.17212
2.17312
2.17303
2.17298
2.17282
2.17239
2.17148
2.16974
2.16734
2.1644
2.16122
2.15754
2.15381
2.14985
2.14604
2.14228
2.13868
2.13521
2.13176
2.12854
2.1251
2.12208
2.11856
2.11561
2.11211
2.10891
2.10552
2.10199
2.09856
2.09497
2.09145
2.08805
2.08464
2.08149
2.07846
2.07557
2.07293
2.07073
2.06807
2.0668
2.06485
2.06362
2.06262
2.06149
2.06028
2.06023
2.06051
2.0612
2.0624
2.06392
2.06577
2.06774
2.07006
2.07219
2.07438
2.07632
2.07767
2.0789
2.07936
2.0793
2.07898
2.07826
2.07699
2.07615
2.07443
2.07338
2.07158
2.07101
2.06758
2.39176
2.36756
2.34169
2.31397
2.28611
2.25945
2.23457
2.21221
2.19219
2.17522
2.16079
2.14903
2.13956
2.13267
2.12767
2.12452
2.12273
2.12216
2.12241
2.12294
2.12555
2.12896
2.13318
2.13751
2.14151
2.14518
2.14903
2.15165
2.15495
2.15662
2.15897
2.15953
2.16064
2.16037
2.16029
2.16013
2.15975
2.15889
2.15756
2.15561
2.15321
2.15032
2.14696
2.14329
2.13932
2.13524
2.13105
2.12682
2.12265
2.11852
2.11457
2.11082
2.10738
2.10411
2.10129
2.09846
2.09593
2.09339
2.09064
2.08811
2.08507
2.08215
2.07914
2.0758
2.07317
2.06988
2.06775
2.06513
2.06341
2.06186
2.0606
2.06007
2.05946
2.0591
2.05845
2.0584
2.05864
2.05933
2.05998
2.06114
2.06209
2.06332
2.06439
2.06548
2.06643
2.06726
2.06776
2.06817
2.06816
2.06799
2.06766
2.06693
2.06602
2.06506
2.06428
2.06305
2.06223
2.06112
2.06084
2.05825
2.40367
2.38307
2.35998
2.33474
2.30815
2.28219
2.25711
2.23421
2.21308
2.1946
2.17823
2.16468
2.15306
2.14407
2.13662
2.1315
2.1272
2.12487
2.12303
2.12244
2.12229
2.12332
2.12595
2.12978
2.13333
2.13717
2.14049
2.14339
2.14637
2.14812
2.15032
2.15101
2.15208
2.15189
2.15179
2.15158
2.15112
2.15011
2.14874
2.14678
2.14461
2.14195
2.13903
2.13574
2.13224
2.12842
2.12443
2.12014
2.1158
2.11129
2.10698
2.10275
2.09886
2.0953
2.09203
2.08909
2.08634
2.08359
2.08103
2.07805
2.07537
2.07216
2.06912
2.06621
2.06287
2.06077
2.05789
2.05661
2.05485
2.05447
2.05376
2.05406
2.05421
2.05439
2.05478
2.05537
2.05641
2.05731
2.05817
2.05908
2.05967
2.06047
2.06091
2.06151
2.06197
2.06238
2.06273
2.06292
2.06294
2.06281
2.0626
2.06206
2.06138
2.06071
2.06007
2.05913
2.05842
2.05757
2.05737
2.05506
2.41296
2.39424
2.37347
2.3497
2.32544
2.30027
2.27633
2.25322
2.23229
2.21272
2.19556
2.18018
2.16715
2.15572
2.14658
2.13881
2.13284
2.1281
2.12473
2.12269
2.12159
2.12141
2.12176
2.12353
2.12627
2.12951
2.1328
2.13581
2.13866
2.14048
2.14265
2.14343
2.14455
2.14443
2.14436
2.14416
2.1437
2.1427
2.14125
2.13936
2.13721
2.13467
2.13189
2.12879
2.12552
2.12186
2.11809
2.11387
2.10962
2.1051
2.10077
2.09648
2.09248
2.08882
2.08541
2.08235
2.07945
2.07663
2.07378
2.071
2.06781
2.06518
2.06184
2.05938
2.05671
2.05434
2.05282
2.05106
2.05045
2.04977
2.04991
2.05026
2.05055
2.05099
2.05159
2.05264
2.05386
2.05485
2.05607
2.05686
2.05783
2.05848
2.05912
2.05971
2.06014
2.06059
2.06087
2.06111
2.06116
2.06108
2.06092
2.06043
2.05987
2.05926
2.05865
2.05769
2.05697
2.05609
2.05587
2.05353
2.42358
2.40587
2.38584
2.36332
2.33906
2.31491
2.29084
2.26805
2.24655
2.22695
2.20885
2.19276
2.17817
2.16561
2.15459
2.14548
2.13777
2.13163
2.12689
2.12333
2.12118
2.11982
2.11983
2.11997
2.12104
2.12336
2.12596
2.12907
2.1318
2.13396
2.13616
2.13705
2.13838
2.13838
2.13837
2.13823
2.13781
2.13688
2.13541
2.13344
2.1312
2.12864
2.12584
2.12284
2.1196
2.11616
2.1125
2.10855
2.10447
2.10015
2.09591
2.09167
2.08761
2.0839
2.08021
2.07707
2.07373
2.07084
2.0677
2.06469
2.06182
2.05859
2.05616
2.05314
2.05117
2.049
2.04773
2.04659
2.04627
2.0463
2.0468
2.04745
2.04821
2.04901
2.05036
2.05178
2.05335
2.05487
2.05608
2.05716
2.05789
2.05846
2.05896
2.0592
2.05947
2.05957
2.05961
2.05956
2.05937
2.0592
2.05876
2.05827
2.05767
2.05699
2.05627
2.05524
2.05447
2.05356
2.05334
2.05105
2.43587
2.42024
2.40182
2.38058
2.35724
2.33326
2.3092
2.2862
2.26401
2.24375
2.22475
2.20794
2.19229
2.17864
2.1663
2.1558
2.14674
2.13925
2.13305
2.12826
2.12436
2.12201
2.12021
2.11979
2.12003
2.12066
2.1226
2.12517
2.12769
2.12995
2.13214
2.1331
2.13438
2.13438
2.13436
2.13421
2.13374
2.13288
2.13125
2.12933
2.1269
2.12433
2.12142
2.11844
2.11521
2.11186
2.10821
2.10439
2.10031
2.09612
2.09195
2.08775
2.08391
2.08003
2.07663
2.07316
2.07015
2.0669
2.06411
2.06098
2.05816
2.0554
2.0526
2.05035
2.04818
2.04646
2.04524
2.04447
2.04415
2.04445
2.04504
2.04568
2.04667
2.04782
2.04943
2.05121
2.05275
2.05417
2.05534
2.05624
2.05689
2.0573
2.05752
2.05751
2.05744
2.05722
2.057
2.05657
2.0562
2.05592
2.05523
2.05477
2.05408
2.05328
2.05251
2.05134
2.05058
2.04954
2.04926
2.04677
2.44441
2.43065
2.41447
2.39521
2.3738
2.35117
2.32852
2.30586
2.28454
2.26391
2.24485
2.22709
2.21091
2.19613
2.18273
2.17101
2.16063
2.1517
2.14402
2.13749
2.13232
2.12803
2.1251
2.12322
2.12205
2.12203
2.12224
2.12296
2.12459
2.12655
2.12834
2.12934
2.13042
2.13039
2.13036
2.13021
2.12979
2.12888
2.12732
2.12531
2.12288
2.12024
2.11734
2.11432
2.11114
2.10775
2.10417
2.1003
2.09632
2.0921
2.08812
2.08395
2.08031
2.0766
2.07327
2.07018
2.06702
2.06435
2.06133
2.05879
2.05602
2.05359
2.0512
2.04917
2.04735
2.04599
2.04507
2.04449
2.04454
2.04489
2.04544
2.04615
2.04724
2.04876
2.05042
2.05211
2.05356
2.05485
2.05583
2.05655
2.057
2.05709
2.05705
2.05687
2.05664
2.05618
2.05576
2.05546
2.05497
2.05461
2.05411
2.05366
2.053
2.05211
2.05138
2.05012
2.04937
2.04818
2.04786
2.04515
2.45022
2.43716
2.42219
2.40455
2.38506
2.36432
2.34322
2.32214
2.30146
2.28163
2.2627
2.24478
2.22816
2.21273
2.19846
2.18553
2.17381
2.1634
2.15417
2.14601
2.13918
2.13325
2.12866
2.12505
2.12257
2.12116
2.1203
2.12034
2.12051
2.12142
2.12258
2.12386
2.12472
2.12507
2.1251
2.125
2.1246
2.12364
2.12203
2.11992
2.11756
2.11491
2.11209
2.1091
2.10592
2.10257
2.09887
2.09511
2.09098
2.08711
2.08301
2.07932
2.07564
2.07233
2.06916
2.06621
2.06345
2.06068
2.05821
2.05561
2.05331
2.05111
2.04916
2.04742
2.0461
2.04503
2.04452
2.04417
2.04442
2.04479
2.04533
2.04617
2.04739
2.04886
2.05045
2.05182
2.05309
2.05425
2.05515
2.05581
2.05627
2.05665
2.05674
2.05669
2.05655
2.05649
2.05626
2.05611
2.05587
2.05573
2.05545
2.05512
2.05467
2.05379
2.05312
2.05172
2.05094
2.04949
2.04908
2.04606
2.45656
2.44328
2.42772
2.41022
2.39113
2.37146
2.35142
2.33153
2.31182
2.29266
2.27407
2.25637
2.2395
2.22358
2.20878
2.19486
2.18212
2.1704
2.15988
2.15031
2.14207
2.13496
2.12906
2.12425
2.12084
2.11816
2.11667
2.11583
2.11565
2.11577
2.1159
2.11642
2.11682
2.11716
2.11707
2.11688
2.11641
2.11546
2.11384
2.11184
2.10956
2.10705
2.10439
2.1015
2.09847
2.09508
2.09156
2.08768
2.08383
2.07987
2.07606
2.07241
2.06891
2.06575
2.06264
2.05994
2.05719
2.05473
2.05231
2.05009
2.04799
2.0461
2.04454
2.0432
2.04231
2.04176
2.04159
2.04178
2.04216
2.04268
2.04353
2.04455
2.04612
2.04741
2.04881
2.04989
2.05093
2.05195
2.05273
2.05327
2.05405
2.05432
2.0548
2.05495
2.05502
2.05518
2.05538
2.05553
2.05566
2.05573
2.05572
2.05562
2.05532
2.05447
2.05372
2.0521
2.05121
2.04946
2.04897
2.04564
2.46519
2.45313
2.43786
2.42051
2.40138
2.38207
2.36242
2.34312
2.3239
2.30518
2.2869
2.26926
2.25246
2.23646
2.2212
2.20702
2.19352
2.18118
2.16974
2.15945
2.15015
2.14215
2.13505
2.1294
2.12453
2.12097
2.11816
2.11617
2.11476
2.11385
2.11351
2.11345
2.11345
2.1134
2.11326
2.11299
2.11244
2.11144
2.10995
2.10806
2.10589
2.10347
2.10081
2.0979
2.09481
2.09134
2.08785
2.08396
2.08025
2.07633
2.0727
2.06909
2.06577
2.0626
2.05968
2.05686
2.05424
2.05169
2.04925
2.04702
2.04486
2.04308
2.04143
2.04029
2.03947
2.03902
2.03905
2.03926
2.03975
2.04038
2.04161
2.04285
2.0443
2.04558
2.04656
2.04754
2.04846
2.04902
2.04981
2.05011
2.05086
2.05115
2.05114
2.05116
2.05132
2.05168
2.05205
2.05235
2.0526
2.05275
2.05278
2.05271
2.05241
2.05146
2.05058
2.04873
2.04771
2.04576
2.04523
2.04178
2.47028
2.45952
2.44541
2.42924
2.4111
2.3927
2.37393
2.35543
2.33706
2.31893
2.3013
2.28394
2.26743
2.25128
2.23612
2.22131
2.2076
2.19455
2.18252
2.17141
2.1614
2.15239
2.14456
2.13774
2.13195
2.1271
2.12296
2.1197
2.11698
2.11512
2.11366
2.11286
2.11222
2.11185
2.11142
2.11105
2.1104
2.10955
2.10823
2.10668
2.10467
2.10253
2.09995
2.09719
2.09415
2.0908
2.08747
2.08375
2.08034
2.07663
2.07329
2.06989
2.06682
2.0638
2.0611
2.05837
2.05595
2.05344
2.0512
2.04897
2.04704
2.04529
2.04384
2.04278
2.04217
2.04173
2.04183
2.04207
2.04268
2.04365
2.04485
2.04619
2.04736
2.04825
2.04915
2.04967
2.05033
2.05055
2.0509
2.05097
2.05079
2.05043
2.04996
2.04959
2.04941
2.0494
2.04944
2.04953
2.04963
2.04965
2.04962
2.04942
2.04904
2.04806
2.04728
2.04559
2.0447
2.04294
2.04253
2.03922
2.47349
2.46235
2.44877
2.43298
2.41598
2.3983
2.38061
2.36291
2.34548
2.32821
2.31117
2.29447
2.27801
2.26208
2.24652
2.2316
2.21729
2.2038
2.19114
2.17944
2.16866
2.15894
2.15006
2.14222
2.1352
2.12907
2.12386
2.11956
2.11597
2.11318
2.11102
2.1096
2.10855
2.10798
2.10754
2.10718
2.10678
2.10616
2.10528
2.10404
2.10244
2.10063
2.09833
2.09593
2.09301
2.09009
2.08693
2.08371
2.08057
2.07732
2.07428
2.07134
2.06851
2.06596
2.06342
2.06113
2.05881
2.05677
2.05467
2.05286
2.05121
2.04976
2.04864
2.04796
2.04733
2.04724
2.04737
2.04786
2.04875
2.04989
2.05114
2.05219
2.05315
2.05388
2.05435
2.05485
2.0551
2.0553
2.05515
2.0547
2.05418
2.05334
2.05269
2.05194
2.05152
2.05108
2.0509
2.05064
2.05056
2.05035
2.05021
2.04981
2.04949
2.04863
2.04802
2.04661
2.0459
2.0444
2.04413
2.04105
2.47918
2.46743
2.45352
2.43745
2.42036
2.4028
2.38532
2.36797
2.35094
2.33402
2.31737
2.30079
2.28452
2.26839
2.25275
2.23745
2.22287
2.2089
2.19576
2.18355
2.17205
2.16172
2.15193
2.14341
2.13534
2.1286
2.12232
2.1172
2.11253
2.10897
2.10593
2.10375
2.10202
2.10094
2.10019
2.09947
2.09881
2.09797
2.09701
2.09576
2.0943
2.09246
2.09047
2.08803
2.0855
2.08271
2.07984
2.07696
2.07405
2.07131
2.06861
2.06622
2.06379
2.06176
2.0596
2.05783
2.05609
2.05454
2.05331
2.05208
2.05127
2.0506
2.05032
2.05037
2.05048
2.05086
2.05182
2.05306
2.0545
2.05601
2.05714
2.05846
2.0593
2.06016
2.06058
2.0612
2.06146
2.06132
2.06099
2.06017
2.05948
2.05836
2.05758
2.05651
2.05589
2.05509
2.05471
2.05415
2.05393
2.05351
2.05333
2.05292
2.05268
2.05209
2.05173
2.05086
2.05048
2.04963
2.0496
2.04703
2.48918
2.47598
2.46088
2.44406
2.42638
2.40855
2.39085
2.37348
2.35636
2.33949
2.32273
2.30614
2.28973
2.2735
2.25774
2.24222
2.22746
2.21314
2.1998
2.18713
2.17535
2.16443
2.15429
2.145
2.13646
2.12881
2.12182
2.11574
2.11062
2.10618
2.10247
2.09978
2.09753
2.09565
2.09381
2.09219
2.09068
2.0891
2.08776
2.0861
2.08454
2.08254
2.08052
2.0781
2.07557
2.07291
2.0701
2.06747
2.06464
2.06218
2.05955
2.05737
2.05507
2.05321
2.05141
2.04988
2.04862
2.04755
2.04691
2.04642
2.04647
2.04669
2.04729
2.0478
2.04856
2.05005
2.05185
2.05347
2.05521
2.05668
2.05812
2.05916
2.06017
2.06094
2.06153
2.06211
2.0621
2.06186
2.06139
2.06042
2.05966
2.0585
2.05769
2.0566
2.05593
2.05509
2.05466
2.0541
2.05388
2.05353
2.05341
2.05316
2.05305
2.05275
2.05257
2.05214
2.05195
2.05164
2.05187
2.04984
2.50298
2.49206
2.47802
2.46141
2.4433
2.42496
2.40666
2.38884
2.37115
2.35382
2.33658
2.31962
2.30278
2.28631
2.27017
2.25451
2.23953
2.22513
2.21161
2.19869
2.18677
2.17534
2.16485
2.155
2.14592
2.13748
2.12981
2.1227
2.11619
2.11049
2.10549
2.10107
2.09732
2.09414
2.0914
2.08911
2.08722
2.08539
2.08385
2.08204
2.08031
2.07829
2.07603
2.07355
2.07088
2.06798
2.06504
2.06204
2.05916
2.05628
2.05371
2.05107
2.04885
2.0466
2.04478
2.04313
2.04187
2.04101
2.04043
2.04045
2.04065
2.04131
2.0418
2.04295
2.04479
2.04649
2.04873
2.05054
2.05231
2.05395
2.05535
2.05632
2.05737
2.05792
2.05863
2.05869
2.05851
2.05795
2.05717
2.05604
2.05504
2.05384
2.05287
2.0518
2.05105
2.05028
2.04985
2.04944
2.04931
2.04916
2.04914
2.0491
2.04909
2.04903
2.04893
2.04872
2.04855
2.04859
2.049
2.04737
2.50632
2.49716
2.48633
2.47334
2.45876
2.44271
2.42604
2.40896
2.39188
2.37485
2.3579
2.34114
2.32441
2.30806
2.29191
2.27629
2.2611
2.24644
2.2325
2.21915
2.20661
2.19459
2.18319
2.17222
2.16184
2.15187
2.14248
2.13384
2.12599
2.11883
2.1124
2.10662
2.10152
2.09719
2.09353
2.09044
2.08778
2.08561
2.08372
2.08182
2.08014
2.07806
2.07587
2.07351
2.0707
2.068
2.0649
2.06205
2.05905
2.05633
2.05371
2.05117
2.04896
2.0467
2.04484
2.0431
2.04164
2.04069
2.03995
2.03974
2.03978
2.04004
2.04078
2.04227
2.04387
2.04553
2.04734
2.04888
2.05036
2.05175
2.05261
2.05354
2.05394
2.05442
2.05443
2.0542
2.05362
2.05265
2.05144
2.05023
2.04891
2.04773
2.0465
2.04555
2.0446
2.04396
2.04333
2.04302
2.04275
2.04265
2.04262
2.04254
2.04247
2.04226
2.04205
2.04169
2.04142
2.04134
2.04161
2.04003
2.50002
2.49212
2.48319
2.47228
2.45946
2.44519
2.42985
2.41391
2.39772
2.38154
2.36529
2.34923
2.33308
2.31714
2.30116
2.28562
2.27038
2.25583
2.24188
2.2285
2.21565
2.20315
2.19099
2.17915
2.16768
2.15675
2.14643
2.13744
2.12931
2.12247
2.11644
2.11113
2.10681
2.10294
2.09982
2.0973
2.0951
2.09341
2.09164
2.08999
2.08828
2.08624
2.08415
2.08174
2.07912
2.07635
2.07342
2.07039
2.06721
2.06413
2.06086
2.05779
2.05481
2.05194
2.04952
2.0474
2.04564
2.0445
2.04365
2.04302
2.04315
2.04366
2.04477
2.04607
2.04754
2.04909
2.05056
2.052
2.05331
2.05437
2.05506
2.05558
2.056
2.05601
2.05578
2.05517
2.05407
2.05269
2.0513
2.04965
2.04815
2.04653
2.04521
2.04384
2.04281
2.04189
2.04108
2.04045
2.03962
2.03904
2.03819
2.0374
2.03656
2.03549
2.03464
2.03346
2.03272
2.03185
2.03176
2.02984
2.49601
2.48741
2.47812
2.46773
2.45591
2.44259
2.42803
2.41292
2.39748
2.38215
2.36652
2.35119
2.33537
2.3199
2.30414
2.28901
2.27396
2.25954
2.24545
2.23191
2.21876
2.20623
2.19414
2.1828
2.17217
2.16279
2.15386
2.14552
2.13747
2.13006
2.12322
2.11711
2.11168
2.10709
2.10305
2.09987
2.0969
2.09474
2.09248
2.09082
2.08885
2.08711
2.08508
2.0832
2.08104
2.07904
2.07687
2.07471
2.07252
2.07021
2.06803
2.06546
2.0636
2.06088
2.05929
2.05715
2.05574
2.05449
2.05323
2.05308
2.05324
2.05364
2.05452
2.05552
2.05667
2.05783
2.059
2.06009
2.06087
2.0615
2.06184
2.06186
2.06178
2.06152
2.06079
2.05965
2.05807
2.05639
2.05457
2.05275
2.05091
2.04912
2.04739
2.04577
2.04422
2.04278
2.04138
2.04012
2.03877
2.03763
2.0362
2.03501
2.0336
2.03221
2.03099
2.02958
2.02862
2.02763
2.0275
2.02564
2.504
2.49372
2.48301
2.47133
2.45853
2.44465
2.42991
2.4148
2.39947
2.38447
2.36928
2.35439
2.33903
2.32406
2.30879
2.29401
2.27922
2.26497
2.25106
2.23771
2.22486
2.21259
2.20089
2.1897
2.17867
2.16798
2.15754
2.14767
2.13832
2.12955
2.12138
2.11397
2.1072
2.10156
2.09642
2.09247
2.08875
2.08614
2.08357
2.08166
2.07969
2.07807
2.07649
2.07503
2.0737
2.0724
2.07128
2.07012
2.069
2.06789
2.06658
2.06552
2.06404
2.06334
2.06207
2.06168
2.06069
2.06064
2.06091
2.06158
2.06238
2.06368
2.06493
2.06642
2.06789
2.06925
2.07061
2.07154
2.07234
2.07269
2.07266
2.07256
2.07232
2.07165
2.07074
2.06904
2.06744
2.06531
2.06336
2.06098
2.05881
2.05636
2.05409
2.05172
2.04949
2.04734
2.04524
2.04332
2.04135
2.03958
2.03774
2.03608
2.03437
2.03278
2.03129
2.02982
2.02877
2.02782
2.02769
2.02603
2.51408
2.50387
2.4929
2.48071
2.4677
2.45365
2.43914
2.42414
2.40901
2.39386
2.37864
2.36351
2.34824
2.33315
2.31795
2.30306
2.28834
2.27386
2.25969
2.24577
2.2322
2.21892
2.20597
2.1932
2.18079
2.16863
2.1569
2.14542
2.13448
2.12405
2.11461
2.10599
2.09839
2.09175
2.08623
2.0817
2.07785
2.07475
2.07216
2.07033
2.06883
2.06799
2.06728
2.06697
2.06659
2.06626
2.06591
2.06555
2.06513
2.06475
2.06434
2.06413
2.06393
2.06395
2.06412
2.06428
2.065
2.0663
2.06753
2.06932
2.07092
2.0728
2.07462
2.07635
2.07806
2.0795
2.08069
2.08169
2.0821
2.08241
2.08238
2.08229
2.08202
2.0813
2.08046
2.07877
2.07736
2.07517
2.07337
2.07082
2.0687
2.06587
2.06356
2.06059
2.05822
2.05528
2.05299
2.05026
2.04814
2.04572
2.04381
2.0417
2.04
2.03822
2.03677
2.03537
2.03434
2.03353
2.03344
2.03196
2.51698
2.50738
2.49652
2.48436
2.47142
2.45804
2.44443
2.43057
2.41633
2.4015
2.3862
2.37065
2.35526
2.33997
2.32508
2.31021
2.29562
2.28094
2.26647
2.25206
2.23787
2.22391
2.21011
2.19659
2.1832
2.17002
2.15716
2.14477
2.13301
2.12203
2.11216
2.10324
2.09543
2.08853
2.08277
2.07807
2.07406
2.07073
2.06793
2.06611
2.06486
2.06408
2.06353
2.06324
2.06317
2.0632
2.06322
2.06319
2.06302
2.06283
2.06255
2.06256
2.06268
2.06301
2.06359
2.06499
2.06648
2.06829
2.07032
2.0724
2.07478
2.07681
2.07921
2.08091
2.08295
2.08408
2.08551
2.08592
2.08646
2.08633
2.08625
2.08606
2.08566
2.08471
2.08373
2.08197
2.08058
2.07848
2.07672
2.07433
2.07225
2.06962
2.06735
2.06459
2.0623
2.05956
2.05733
2.0547
2.05263
2.05023
2.04837
2.04628
2.04468
2.04295
2.04161
2.04029
2.03931
2.03857
2.03845
2.03705
2.51946
2.51121
2.50098
2.48876
2.47543
2.46143
2.44776
2.43433
2.42097
2.40724
2.39289
2.37794
2.36262
2.34708
2.33204
2.3172
2.30292
2.28875
2.27465
2.26058
2.24637
2.23233
2.21833
2.20441
2.19087
2.17745
2.1646
2.15195
2.14039
2.12932
2.11928
2.11014
2.10233
2.0955
2.08946
2.08419
2.07984
2.07631
2.07317
2.07028
2.06762
2.06536
2.06343
2.06167
2.06013
2.05893
2.05774
2.05661
2.05583
2.05492
2.05426
2.05428
2.05456
2.05553
2.05683
2.05877
2.06075
2.06342
2.06581
2.06891
2.07129
2.07438
2.0764
2.07906
2.08045
2.08247
2.08303
2.08424
2.08416
2.08415
2.08409
2.0839
2.08347
2.08248
2.08157
2.07995
2.07869
2.07683
2.07526
2.07323
2.07133
2.06916
2.06701
2.06472
2.06239
2.06002
2.05765
2.05529
2.05299
2.05077
2.04867
2.04671
2.04491
2.04331
2.04186
2.04066
2.03963
2.039
2.03888
2.03778
2.52388
2.51649
2.50681
2.49504
2.48143
2.46705
2.45275
2.4392
2.42628
2.41363
2.4004
2.38648
2.37193
2.35704
2.34239
2.32773
2.31339
2.29939
2.28534
2.27191
2.25838
2.2455
2.23252
2.21979
2.20677
2.19368
2.18081
2.16838
2.1565
2.14546
2.1357
2.12687
2.11912
2.1117
2.10469
2.09767
2.09078
2.08424
2.07815
2.07262
2.06768
2.06307
2.05892
2.05522
2.05197
2.04903
2.04673
2.04488
2.04307
2.04208
2.04211
2.04263
2.04341
2.04521
2.04671
2.0495
2.05196
2.05516
2.05831
2.06151
2.06497
2.06772
2.07109
2.07298
2.07592
2.07699
2.07919
2.07962
2.08035
2.08069
2.08125
2.08125
2.08102
2.08026
2.0795
2.07797
2.07679
2.07493
2.07344
2.07143
2.06967
2.06761
2.06561
2.06351
2.06133
2.05918
2.05689
2.05468
2.05238
2.05026
2.04809
2.04619
2.04427
2.04273
2.04116
2.04007
2.03898
2.03855
2.03847
2.03776
2.52553
2.51806
2.50867
2.49743
2.48421
2.47029
2.45616
2.4429
2.43015
2.41753
2.4045
2.391
2.37724
2.36313
2.34912
2.33489
2.32077
2.30699
2.29339
2.28059
2.26772
2.25515
2.24181
2.22849
2.2145
2.20094
2.1873
2.17474
2.16299
2.15284
2.14322
2.13415
2.125
2.11589
2.10713
2.09821
2.08996
2.08181
2.0739
2.06644
2.05938
2.05316
2.04801
2.04392
2.04084
2.039
2.03752
2.03635
2.03593
2.03633
2.03702
2.03849
2.0403
2.04249
2.0453
2.04805
2.05174
2.0548
2.05896
2.0619
2.066
2.06863
2.07202
2.07437
2.0766
2.07858
2.07995
2.0808
2.08146
2.08204
2.08269
2.08267
2.08241
2.08155
2.08072
2.07909
2.07778
2.07573
2.07407
2.07189
2.07005
2.06788
2.06588
2.06375
2.06164
2.05953
2.05733
2.05524
2.0531
2.05111
2.04911
2.0473
2.04548
2.04387
2.04226
2.04093
2.03969
2.0389
2.03865
2.03763
2.53004
2.52204
2.51227
2.50097
2.48809
2.47459
2.46082
2.44701
2.43359
2.4201
2.40701
2.39388
2.38092
2.36749
2.35397
2.34009
2.32632
2.31285
2.29964
2.28656
2.27321
2.25957
2.24541
2.23123
2.21693
2.20341
2.19057
2.17915
2.16809
2.15753
2.14656
2.13617
2.12548
2.11507
2.10452
2.09397
2.08336
2.07296
2.06369
2.05544
2.04846
2.04303
2.03877
2.03588
2.03423
2.03333
2.0329
2.03297
2.03332
2.03457
2.03655
2.03854
2.04146
2.04399
2.04773
2.05081
2.05511
2.05853
2.06297
2.06639
2.07052
2.07374
2.07692
2.07997
2.08193
2.08463
2.08586
2.08707
2.08791
2.08899
2.08941
2.08926
2.08882
2.0876
2.0865
2.08446
2.08269
2.08022
2.07809
2.07546
2.0732
2.07062
2.06831
2.06584
2.0635
2.06114
2.05881
2.05659
2.05435
2.05223
2.05011
2.0481
2.04607
2.04418
2.04231
2.04067
2.0392
2.03807
2.03766
2.03638
2.53463
2.52678
2.51683
2.5058
2.49349
2.48054
2.46705
2.45304
2.43944
2.42562
2.41249
2.39903
2.38588
2.37234
2.35913
2.34563
2.33242
2.31879
2.30511
2.29082
2.27648
2.26177
2.24753
2.23363
2.22071
2.20824
2.19626
2.18408
2.17208
2.15984
2.14756
2.13488
2.12188
2.10884
2.09546
2.08343
2.07198
2.06243
2.05368
2.04655
2.04074
2.03603
2.033
2.0307
2.03011
2.03023
2.03056
2.03157
2.03283
2.03555
2.03893
2.04213
2.04634
2.05016
2.05493
2.05943
2.06454
2.06941
2.07453
2.07904
2.08358
2.0872
2.09056
2.0932
2.09495
2.09679
2.09713
2.09745
2.09747
2.09737
2.09705
2.0961
2.09516
2.09312
2.0918
2.08926
2.08737
2.08471
2.08248
2.07974
2.07733
2.07454
2.07205
2.06933
2.06682
2.06421
2.06172
2.05924
2.05681
2.0544
2.05198
2.0496
2.04722
2.04498
2.04281
2.04088
2.03917
2.03782
2.03729
2.03587
2.53624
2.5284
2.51865
2.50796
2.49614
2.48355
2.47029
2.45642
2.44277
2.42881
2.41552
2.40225
2.38955
2.37666
2.36385
2.35024
2.33639
2.32165
2.30707
2.29233
2.27839
2.26477
2.25192
2.23912
2.22645
2.2135
2.20025
2.18645
2.17217
2.15732
2.14245
2.12725
2.11297
2.09904
2.08686
2.07537
2.06519
2.0566
2.04854
2.04258
2.03701
2.03324
2.03051
2.02877
2.02878
2.02918
2.02996
2.03149
2.03373
2.03772
2.04249
2.04732
2.05298
2.05869
2.06488
2.07092
2.07687
2.08238
2.08736
2.09171
2.09532
2.09809
2.10025
2.10156
2.10243
2.1026
2.10237
2.10171
2.10126
2.10049
2.09982
2.09831
2.09725
2.09503
2.09373
2.09107
2.08943
2.0866
2.0845
2.08167
2.07929
2.07656
2.07403
2.07135
2.06876
2.06607
2.06346
2.0608
2.05814
2.05545
2.05269
2.04996
2.04722
2.04466
2.04218
2.04004
2.03812
2.03665
2.03603
2.03462
2.53806
2.53037
2.52091
2.51026
2.49931
2.48786
2.47547
2.46174
2.44735
2.43291
2.41938
2.40667
2.3944
2.38185
2.36876
2.35464
2.34042
2.32576
2.31178
2.29774
2.2844
2.27061
2.25701
2.24248
2.22766
2.21205
2.19612
2.18001
2.16395
2.14821
2.13317
2.11868
2.10537
2.09261
2.08141
2.07074
2.06182
2.05385
2.04673
2.04165
2.03676
2.0334
2.03132
2.02947
2.02939
2.02962
2.0305
2.03151
2.03435
2.03871
2.04415
2.05022
2.05696
2.06387
2.07074
2.07742
2.0835
2.08907
2.09378
2.09766
2.10091
2.1031
2.105
2.10592
2.1067
2.1067
2.10656
2.10615
2.10588
2.10542
2.10489
2.10369
2.1028
2.1009
2.09972
2.09725
2.09562
2.0927
2.0904
2.08724
2.08448
2.08129
2.07821
2.07506
2.07184
2.06873
2.0655
2.06243
2.0592
2.0562
2.05303
2.05013
2.04719
2.04448
2.04188
2.03967
2.0376
2.03618
2.03546
2.03412
2.53333
2.5255
2.51625
2.50535
2.49424
2.48321
2.4717
2.45921
2.44541
2.43115
2.41761
2.40465
2.39258
2.37979
2.36651
2.3518
2.3369
2.32164
2.30742
2.2934
2.28052
2.26733
2.25437
2.24056
2.22634
2.21148
2.19621
2.18101
2.16576
2.15118
2.13701
2.12384
2.11138
2.10026
2.08968
2.08076
2.07212
2.06504
2.05831
2.05297
2.04765
2.04409
2.04078
2.0396
2.03989
2.04078
2.04193
2.04434
2.04726
2.05187
2.05627
2.06193
2.06707
2.07289
2.07772
2.08293
2.08686
2.0911
2.09394
2.09709
2.09889
2.10099
2.10187
2.10316
2.10337
2.1038
2.10361
2.10345
2.10331
2.10301
2.10254
2.10146
2.10062
2.09889
2.09756
2.09531
2.09346
2.09087
2.08846
2.08573
2.08283
2.08011
2.07689
2.07431
2.07082
2.06843
2.06463
2.06235
2.05835
2.05598
2.05208
2.04948
2.04597
2.04334
2.04037
2.03811
2.03581
2.03441
2.03336
2.03213
2.52583
2.51826
2.50953
2.49899
2.48769
2.47542
2.46283
2.4501
2.43702
2.42354
2.41001
2.39605
2.38248
2.36798
2.35353
2.33779
2.3224
2.30681
2.29279
2.27969
2.26848
2.25785
2.24805
2.23777
2.22717
2.21563
2.2034
2.19067
2.17768
2.16494
2.15239
2.14053
2.12878
2.11812
2.10671
2.09737
2.08634
2.07821
2.0688
2.06204
2.05532
2.05097
2.04736
2.04572
2.04558
2.04642
2.04776
2.04914
2.05223
2.05508
2.05986
2.06329
2.06796
2.07109
2.07519
2.07784
2.08111
2.08314
2.08567
2.08724
2.0891
2.09059
2.0916
2.09302
2.09333
2.09419
2.09401
2.09403
2.09397
2.09375
2.09325
2.09231
2.09114
2.08975
2.08817
2.08639
2.08446
2.08247
2.08022
2.07817
2.07561
2.07357
2.07056
2.06856
2.06506
2.06299
2.05917
2.0569
2.05303
2.05062
2.04697
2.04454
2.04134
2.03905
2.03648
2.03463
2.03266
2.03162
2.0307
2.02984
2.53532
2.52741
2.5181
2.50767
2.4965
2.48414
2.47231
2.46032
2.44834
2.43563
2.42156
2.4068
2.39206
2.37765
2.36453
2.35159
2.33947
2.3268
2.31428
2.30081
2.28734
2.27297
2.25865
2.2438
2.22899
2.21424
2.19967
2.18547
2.17171
2.15819
2.14525
2.1325
2.12029
2.10872
2.09747
2.08756
2.07764
2.06955
2.06119
2.05448
2.04813
2.04229
2.03831
2.0347
2.03282
2.03229
2.03254
2.03358
2.0361
2.04132
2.04696
2.0544
2.0607
2.06842
2.07417
2.08071
2.08504
2.08968
2.09229
2.0952
2.09648
2.09804
2.09853
2.09915
2.09915
2.09897
2.09871
2.09823
2.09797
2.09748
2.09693
2.09582
2.09483
2.09342
2.09219
2.09053
2.08902
2.08701
2.08525
2.08292
2.08076
2.07808
2.0754
2.07239
2.06931
2.06618
2.06289
2.05991
2.05659
2.05399
2.05081
2.04869
2.04579
2.04401
2.04147
2.03983
2.03773
2.03637
2.03539
2.03381
2.52565
2.51771
2.50897
2.49858
2.48811
2.47605
2.46342
2.45068
2.43805
2.42529
2.41275
2.3995
2.38627
2.37151
2.35644
2.34018
2.32478
2.30995
2.29725
2.28569
2.27555
2.26568
2.25561
2.24472
2.23285
2.22002
2.20632
2.19242
2.1784
2.16502
2.15207
2.14024
2.12863
2.11836
2.10719
2.09799
2.08686
2.07812
2.06821
2.06027
2.05285
2.04775
2.04346
2.04234
2.04264
2.04415
2.04634
2.04878
2.05231
2.0565
2.06149
2.06556
2.07019
2.07332
2.07745
2.07971
2.08307
2.08473
2.08754
2.08877
2.09112
2.09202
2.09376
2.09422
2.09511
2.09535
2.09506
2.09488
2.09465
2.09422
2.09337
2.09233
2.09079
2.08932
2.08748
2.08571
2.08365
2.08176
2.07962
2.07774
2.07546
2.07361
2.07098
2.06918
2.06603
2.06395
2.06033
2.0578
2.05406
2.05125
2.04785
2.045
2.04229
2.03978
2.03786
2.03612
2.03472
2.034
2.03349
2.03272
)
;

boundaryField
{
    inlet
    {
        type            fixedValue;
        value           uniform 1;
    }
    outlet
    {
        type            zeroGradient;
    }
    bottom
    {
        type            symmetryPlane;
    }
    top
    {
        type            symmetryPlane;
    }
    obstacle
    {
        type            zeroGradient;
    }
    defaultFaces
    {
        type            empty;
    }
}


// ************************************************************************* //
