0.0005	1.6202646e-07
0.001	-1.5392951e-07
0.0015	2.5163329e-09
0.002	-1.1115231e-09
0.0025	-5.9626853e-10
0.003	-5.2824603e-10
0.0035	-5.020951e-10
0.004	-4.7873843e-10
0.0045	-4.6327056e-10
0.005	-4.4770465e-10
0.0055	-4.3698981e-10
0.006	-4.2925702e-10
0.0065	-4.1977755e-10
0.007	-4.144351e-10
0.0075	-4.0577857e-10
0.008	-4.0010635e-10
0.0085	-3.9685898e-10
0.009	-3.9244077e-10
0.0095	-3.8978531e-10
0.01	-3.8542483e-10
0.0105	-3.8238971e-10
0.011	-3.80415e-10
0.0115	-3.7625679e-10
0.012	-3.7600801e-10
0.0125	-3.7332401e-10
0.013	-3.7125223e-10
0.0135	-3.6965027e-10
0.014	-3.6845008e-10
0.0145	-3.6458479e-10
0.015	-3.6404879e-10
0.0155	-3.6370702e-10
0.016	-3.6050194e-10
0.0165	-3.6057825e-10
0.017	-3.6062208e-10
0.0175	-3.5781647e-10
0.018	-3.5804414e-10
0.0185	-3.5825664e-10
0.019	-3.4971649e-10
0.0195	-3.4993187e-10
0.02	-3.4961956e-10
0.0205	-3.4649631e-10
0.021	-3.461739e-10
0.0215	-3.4563883e-10
0.022	-3.477607e-10
0.0225	-3.4903732e-10
0.023	-3.4737201e-10
0.0235	-3.4835298e-10
0.024	-3.4856848e-10
0.0245	-3.4839963e-10
0.025	-3.4764559e-10
0.0255	-3.4601006e-10
0.026	-3.4640941e-10
0.0265	-3.485132e-10
0.027	-3.4650483e-10
0.0275	-3.4710686e-10
0.028	-3.4524162e-10
0.0285	-3.4532796e-10
0.029	-3.4222288e-10
0.0295	-3.4257375e-10
0.03	-3.3865093e-10
0.0305	-3.3499877e-10
0.031	-3.3108029e-10
0.0315	-3.2776507e-10
0.032	-3.2065684e-10
0.0325	-3.1091555e-10
0.033	-2.9945509e-10
0.0335	-2.8491102e-10
0.034	-2.6655238e-10
0.0345	-2.4886217e-10
0.035	-2.2883402e-10
0.0355	-2.1666002e-10
0.036	-1.8949724e-10
0.0365	-1.9837235e-10
0.037	-1.7437065e-10
0.0375	-2.4165725e-10
0.038	8.1695711e-11
0.0385	-2.5143939e-10
0.039	1.1454564e-10
0.0395	-1.8227073e-10
0.04	-1.4519037e-10
0.0405	-2.0444901e-10
0.041	1.8408871e-10
0.0415	-1.8077763e-10
0.042	1.4079442e-10
0.0425	-1.4313945e-10
0.043	1.5330434e-10
0.0435	-1.6691748e-10
0.044	1.596199e-10
0.0445	-1.6997391e-10
0.045	-1.6925615e-10
0.0455	-1.7398256e-10
0.046	-1.6331981e-10
0.0465	1.6386072e-10
0.047	-1.5776181e-10
0.0475	1.619797e-10
0.048	-1.5975163e-10
0.0485	1.6314189e-10
0.049	-1.5942495e-10
0.0495	-1.6762486e-10
0.05	-1.600161e-10
0.0505	-1.6507088e-10
0.051	1.6191402e-10
0.0515	1.624372e-10
0.052	-1.6522208e-10
0.0525	1.6352257e-10
0.053	1.6321993e-10
0.0535	-1.617218e-10
0.054	1.6488206e-10
0.0545	-1.6328112e-10
0.055	-1.6503867e-10
0.0555	1.6504819e-10
0.056	1.6485983e-10
0.0565	-1.6885691e-10
0.057	1.691677e-10
0.0575	-1.679777e-10
0.058	1.6970704e-10
0.0585	-1.689542e-10
0.059	1.6957081e-10
0.0595	-1.7057431e-10
0.06	1.6899127e-10
0.0605	-1.6698321e-10
0.061	1.6606909e-10
0.0615	1.6795611e-10
0.062	-1.6570254e-10
0.0625	1.6673804e-10
0.063	-1.6379399e-10
0.0635	-1.6084924e-10
0.064	1.5919766e-10
0.0645	-1.5648502e-10
0.065	1.5628199e-10
0.0655	-1.5684018e-10
0.066	1.5587544e-10
0.0665	-1.5563423e-10
0.067	1.5891323e-10
0.0675	-1.5813371e-10
0.068	1.7957621e-11
0.0685	-1.5476934e-10
0.069	-1.6019142e-10
0.0695	1.6016693e-10
0.07	-1.6153187e-10
0.0705	-1.653218e-10
0.071	1.6613155e-10
0.0715	1.6066906e-10
0.072	-1.5971316e-10
0.0725	1.6104536e-10
0.073	-1.6096893e-10
0.0735	1.5939553e-10
0.074	-1.5768403e-10
0.0745	1.5684461e-10
0.075	-1.5845801e-10
0.0755	1.5942457e-10
0.076	-1.6242912e-10
0.0765	1.6282776e-10
0.077	-1.6413632e-10
0.0775	1.6806451e-10
0.078	1.6993308e-10
0.0785	1.7267085e-10
0.079	1.6865818e-10
0.0795	-2.3040451e-11
0.08	1.6349413e-10
0.0805	-1.6356255e-10
0.081	1.6425796e-10
0.0815	-1.6520536e-10
0.082	1.6583409e-10
0.0825	-1.6576779e-10
0.083	1.6532373e-10
0.0835	-1.6566949e-10
0.084	1.6573154e-10
0.0845	-1.6824077e-10
0.085	1.6899234e-10
0.0855	-1.7095589e-10
0.086	1.7222564e-10
0.0865	-1.7599476e-10
0.087	1.8046296e-10
0.0875	1.8353019e-10
0.088	1.8902092e-10
0.0885	-1.9142613e-10
0.089	-1.8274391e-10
0.0895	1.7916278e-10
0.09	-1.7893221e-10
0.0905	1.7865401e-10
0.091	-1.7801761e-10
0.0915	1.7704272e-10
0.092	-1.7614043e-10
0.0925	1.7787117e-10
0.093	-1.7781737e-10
0.0935	1.7998311e-10
0.094	-1.8045708e-10
0.0945	1.8274376e-10
0.095	-1.8186716e-10
0.0955	1.8457864e-10
0.096	-1.8752088e-10
0.0965	1.8927742e-10
0.097	-1.9200314e-10
0.0975	-1.9491893e-10
0.098	1.9236026e-10
0.0985	-1.9082043e-10
0.099	1.8828926e-10
0.0995	-1.8761905e-10
0.1	1.8719764e-10
0.1005	-1.8612555e-10
0.101	1.8478628e-10
0.1015	-1.8349657e-10
0.102	1.8209061e-10
0.1025	-1.7993178e-10
0.103	1.8020556e-10
0.1035	-1.7973316e-10
0.104	1.7919212e-10
0.1045	-1.7851375e-10
0.105	1.7778999e-10
0.1055	-1.7770904e-10
0.106	1.7824437e-10
0.1065	-1.8057586e-10
0.107	1.818412e-10
0.1075	-1.8438448e-10
0.108	1.8614336e-10
0.1085	-1.898838e-10
0.109	1.9408527e-10
0.1095	-1.9922447e-10
0.11	2.0486885e-10
0.1105	-2.1106331e-10
0.111	-2.1528617e-10
0.1115	-2.2273087e-10
0.112	-2.1283542e-10
0.1125	2.1417613e-10
0.113	-2.1073523e-10
0.1135	2.1045222e-10
0.114	-2.0992903e-10
0.1145	2.0613437e-10
0.115	-2.0605386e-10
0.1155	2.0416056e-10
0.116	-2.0451372e-10
0.1165	2.0303101e-10
0.117	-2.0361413e-10
0.1175	2.047579e-10
0.118	-2.0367323e-10
0.1185	2.0402913e-10
0.119	-2.0413672e-10
0.1195	2.0670933e-10
0.12	-2.0836737e-10
0.1205	2.0947835e-10
0.121	-2.1248642e-10
0.1215	2.1562631e-10
0.122	-2.1754702e-10
0.1225	2.2379353e-10
0.123	-2.2982174e-10
0.1235	-2.3015228e-10
0.124	2.2815896e-10
0.1245	-2.2842524e-10
0.125	2.2538348e-10
0.1255	-2.2463689e-10
0.126	2.2384719e-10
0.1265	-2.2323583e-10
0.127	2.2034844e-10
0.1275	-2.1905721e-10
0.128	2.1822193e-10
0.1285	-2.1794838e-10
0.129	2.1800069e-10
0.1295	-2.1841486e-10
0.13	2.1904807e-10
0.1305	-2.1997007e-10
0.131	2.1864949e-10
0.1315	-2.1860837e-10
0.132	2.1912908e-10
0.1325	-2.2042054e-10
0.133	2.1939861e-10
0.1335	-2.1973757e-10
0.134	2.2077771e-10
0.1345	-2.2016202e-10
0.135	2.2149334e-10
0.1355	-2.2101893e-10
0.136	2.2002481e-10
0.1365	-2.2091375e-10
0.137	2.2266657e-10
0.1375	-2.2286141e-10
0.138	2.2461192e-10
0.1385	-2.2673862e-10
0.139	2.2676549e-10
0.1395	-2.3054953e-10
0.14	2.3308717e-10
0.1405	-2.3584891e-10
0.141	2.3813099e-10
0.1415	-2.4239057e-10
0.142	2.4785603e-10
0.1425	-2.5210753e-10
0.143	2.5876888e-10
0.1435	-2.6433657e-10
0.144	2.7232434e-10
0.1445	-2.8221272e-10
0.145	2.9068888e-10
0.1455	-2.9818088e-10
0.146	3.0752348e-10
0.1465	2.9542405e-10
0.147	-2.9265159e-10
0.1475	2.8890571e-10
0.148	-2.8546573e-10
0.1485	2.8170533e-10
0.149	-2.7803189e-10
0.1495	2.7179937e-10
0.15	-2.703384e-10
0.1505	2.6765669e-10
0.151	-2.6541542e-10
0.1515	2.6364912e-10
0.152	-2.6218708e-10
0.1525	2.603003e-10
0.153	-2.5865767e-10
0.1535	2.6007782e-10
0.154	-2.5775137e-10
0.1545	2.5910443e-10
0.155	-2.5904644e-10
0.1555	2.610875e-10
0.156	-2.6129774e-10
0.1565	2.6152875e-10
0.157	-2.6403301e-10
0.1575	2.6486893e-10
0.158	-2.6758554e-10
0.1585	2.6870015e-10
0.159	-2.7167552e-10
0.1595	2.7308908e-10
0.16	-2.7634274e-10
0.1605	2.8068407e-10
0.161	-2.8533397e-10
0.1615	2.8967048e-10
0.162	-2.9375018e-10
0.1625	2.9922673e-10
0.163	-3.0577789e-10
0.1635	3.1360955e-10
0.164	-3.1992907e-10
0.1645	3.2818293e-10
0.165	-3.3739442e-10
0.1655	3.4837576e-10
0.166	-3.5745994e-10
0.1665	-3.4971659e-10
0.167	3.5062499e-10
0.1675	-3.5188661e-10
0.168	3.5453171e-10
0.1685	-3.5498894e-10
0.169	3.5768832e-10
0.1695	-3.5876561e-10
0.17	3.5937329e-10
0.1705	-3.6227579e-10
0.171	3.6372265e-10
0.1715	-3.6417893e-10
0.172	3.6434561e-10
0.1725	-3.6734021e-10
0.173	3.6605525e-10
0.1735	-3.658122e-10
0.174	3.6512401e-10
0.1745	-3.6547917e-10
0.175	3.6562325e-10
0.1755	-3.6532689e-10
0.176	3.6513836e-10
0.1765	-3.6280975e-10
0.177	3.6217157e-10
0.1775	-3.6126412e-10
0.178	3.6114095e-10
0.1785	-3.6141492e-10
0.179	3.615738e-10
0.1795	-3.5874331e-10
0.18	3.600229e-10
0.1805	-3.6060244e-10
0.181	3.5801311e-10
0.1815	-3.5982477e-10
0.182	3.5769363e-10
0.1825	-3.5688154e-10
0.183	3.5659706e-10
0.1835	-3.5670834e-10
0.184	3.5668092e-10
0.1845	-3.5659158e-10
0.185	3.5642942e-10
0.1855	-3.5701353e-10
0.186	3.5714058e-10
0.1865	-3.5458736e-10
0.187	3.5667359e-10
0.1875	-3.542343e-10
0.188	3.5616762e-10
0.1885	-3.5361362e-10
0.189	3.5330133e-10
0.1895	-3.5314267e-10
0.19	3.5290325e-10
0.1905	-3.5261275e-10
0.191	3.5307853e-10
0.1915	-3.5310495e-10
0.192	3.5341148e-10
0.1925	-3.5416294e-10
0.193	3.5395783e-10
0.1935	-3.5117092e-10
0.194	3.5304223e-10
0.1945	-3.533599e-10
0.195	3.5088986e-10
0.1955	-3.5042966e-10
0.196	3.5017858e-10
0.1965	-3.4985062e-10
0.197	3.5244598e-10
0.1975	-3.5076752e-10
0.198	3.5049386e-10
0.1985	-3.4997192e-10
0.199	3.4944936e-10
0.1995	-3.49704e-10
0.2	3.4952846e-10
