0.0005	-2.6156673e-07
0.001	1.4903491e-07
0.0015	-4.307439e-08
0.002	-3.382409e-08
0.0025	-3.1293198e-08
0.003	-2.9959332e-08
0.0035	-2.8966155e-08
0.004	-2.8303891e-08
0.0045	-2.7870863e-08
0.005	-2.7597511e-08
0.0055	-2.7449078e-08
0.006	-2.7400578e-08
0.0065	-2.7419875e-08
0.007	-2.7434867e-08
0.0075	-2.7449682e-08
0.008	-2.7458137e-08
0.0085	-2.746407e-08
0.009	-2.7471055e-08
0.0095	-2.7476149e-08
0.01	-2.7482793e-08
0.0105	-2.7487948e-08
0.011	-2.7491865e-08
0.0115	-2.7494684e-08
0.012	-2.7496467e-08
0.0125	-2.7500454e-08
0.013	-2.7503583e-08
0.0135	-2.7505953e-08
0.014	-2.7507615e-08
0.0145	-2.7508601e-08
0.015	-2.7505881e-08
0.0155	-2.7505579e-08
0.016	-2.7504686e-08
0.0165	-2.7503022e-08
0.017	-2.7500815e-08
0.0175	-2.7500901e-08
0.018	-2.7497255e-08
0.0185	-2.7495969e-08
0.019	-2.7493968e-08
0.0195	-2.7485134e-08
0.02	-2.7475707e-08
0.0205	-2.7468064e-08
0.021	-2.74563e-08
0.0215	-2.7449352e-08
0.022	-2.7444254e-08
0.0225	-2.7441298e-08
0.023	-2.7439539e-08
0.0235	-2.7436042e-08
0.024	-2.7433995e-08
0.0245	-2.7432764e-08
0.025	-2.7432277e-08
0.0255	-2.7429368e-08
0.026	-2.7423734e-08
0.0265	-2.7418095e-08
0.027	-2.741491e-08
0.0275	-2.7409835e-08
0.028	-2.7404006e-08
0.0285	-2.7395171e-08
0.029	-2.7387417e-08
0.0295	-2.7376367e-08
0.03	-2.7365178e-08
0.0305	-2.7351758e-08
0.031	-2.7334616e-08
0.0315	-2.7314412e-08
0.032	-2.7289641e-08
0.0325	-2.7258051e-08
0.033	-2.721867e-08
0.0335	-2.7167372e-08
0.034	-2.7100787e-08
0.0345	-2.7016887e-08
0.035	-2.6914583e-08
0.0355	-2.6792347e-08
0.036	-2.6660962e-08
0.0365	-2.6498382e-08
0.037	-2.635224e-08
0.0375	-2.6173556e-08
0.038	-2.6273174e-08
0.0385	-2.5840799e-08
0.039	-2.633413e-08
0.0395	-2.5873579e-08
0.04	-2.5764933e-08
0.0405	-2.5557251e-08
0.041	-2.6041635e-08
0.0415	-2.5567403e-08
0.042	-2.5404447e-08
0.0425	-2.5084012e-08
0.043	-2.4961728e-08
0.0435	-2.4572407e-08
0.044	-2.4523806e-08
0.0445	-2.4140163e-08
0.045	-2.4116008e-08
0.0455	-2.40775e-08
0.046	-2.406779e-08
0.0465	-2.404144e-08
0.047	-2.3699093e-08
0.0475	-2.3677799e-08
0.048	-2.334395e-08
0.0485	-2.3331571e-08
0.049	-2.2999107e-08
0.0495	-2.2987676e-08
0.05	-2.2984931e-08
0.0505	-2.2978783e-08
0.051	-2.2977099e-08
0.0515	-2.2646117e-08
0.052	-2.2317362e-08
0.0525	-2.2316683e-08
0.053	-2.1988425e-08
0.0535	-2.1996056e-08
0.054	-2.2325659e-08
0.0545	-2.1998383e-08
0.055	-2.2327285e-08
0.0555	-2.2654665e-08
0.056	-2.2328161e-08
0.0565	-2.2325879e-08
0.057	-2.265916e-08
0.0575	-2.2329395e-08
0.058	-2.2664126e-08
0.0585	-2.2330667e-08
0.059	-2.2332287e-08
0.0595	-2.1996294e-08
0.06	-2.2339051e-08
0.0605	-2.2000145e-08
0.061	-2.2340198e-08
0.0615	-2.2348028e-08
0.062	-2.2351558e-08
0.0625	-2.2691235e-08
0.063	-2.2696293e-08
0.0635	-2.2691325e-08
0.064	-2.3021209e-08
0.0645	-2.2694327e-08
0.065	-2.2678516e-08
0.0655	-2.2694841e-08
0.066	-2.302213e-08
0.0665	-2.2696159e-08
0.067	-2.302146e-08
0.0675	-2.3030364e-08
0.068	-2.3357852e-08
0.0685	-2.3504772e-08
0.069	-2.3823232e-08
0.0695	-2.3819193e-08
0.07	-2.349853e-08
0.0705	-2.3494037e-08
0.071	-2.349844e-08
0.0715	-2.3492739e-08
0.072	-2.3172009e-08
0.0725	-2.3492829e-08
0.073	-2.3169031e-08
0.0735	-2.3494483e-08
0.074	-2.3168987e-08
0.0745	-2.3492231e-08
0.075	-2.3166018e-08
0.0755	-2.3153385e-08
0.076	-2.2820439e-08
0.0765	-2.28101e-08
0.077	-2.2469933e-08
0.0775	-2.2812875e-08
0.078	-2.2818124e-08
0.0785	-2.2474408e-08
0.079	-2.2476614e-08
0.0795	-2.2134016e-08
0.08	-2.2329299e-08
0.0805	-2.1995859e-08
0.081	-2.2331253e-08
0.0815	-2.1995463e-08
0.082	-2.2334129e-08
0.0825	-2.1995619e-08
0.083	-2.2335468e-08
0.0835	-2.1991539e-08
0.084	-2.2335837e-08
0.0845	-2.198936e-08
0.085	-2.2339626e-08
0.0855	-2.235207e-08
0.086	-2.2709383e-08
0.0865	-2.2349014e-08
0.087	-2.2343943e-08
0.0875	-2.2347626e-08
0.088	-2.1981758e-08
0.0885	-2.1977055e-08
0.089	-2.1983664e-08
0.0895	-2.2352908e-08
0.09	-2.1986695e-08
0.0905	-2.2355607e-08
0.091	-2.1986108e-08
0.0915	-2.2357976e-08
0.092	-2.1983826e-08
0.0925	-2.2360384e-08
0.093	-2.1980074e-08
0.0935	-2.2364533e-08
0.094	-2.1975006e-08
0.0945	-2.2367121e-08
0.095	-2.2398875e-08
0.0955	-2.2798571e-08
0.096	-2.2827326e-08
0.0965	-2.3234894e-08
0.097	-2.3256348e-08
0.0975	-2.3238966e-08
0.098	-2.364417e-08
0.0985	-2.3242111e-08
0.099	-2.3642152e-08
0.0995	-2.324319e-08
0.1	-2.3641028e-08
0.1005	-2.3244408e-08
0.101	-2.364118e-08
0.1015	-2.3244675e-08
0.102	-2.3640556e-08
0.1025	-2.3248477e-08
0.103	-2.3640034e-08
0.1035	-2.3247537e-08
0.104	-2.3639766e-08
0.1045	-2.3248285e-08
0.105	-2.3638539e-08
0.1055	-2.3247261e-08
0.106	-2.363804e-08
0.1065	-2.3667899e-08
0.107	-2.4063162e-08
0.1075	-2.3665688e-08
0.108	-2.3645097e-08
0.1085	-2.3662076e-08
0.109	-2.3649053e-08
0.1095	-2.3658997e-08
0.11	-2.3654618e-08
0.1105	-2.3655902e-08
0.111	-2.3659753e-08
0.1115	-2.4083374e-08
0.112	-2.4097547e-08
0.1125	-2.4517951e-08
0.113	-2.4095725e-08
0.1135	-2.4517176e-08
0.114	-2.4094723e-08
0.1145	-2.4517923e-08
0.115	-2.4096441e-08
0.1155	-2.4519003e-08
0.116	-2.4095066e-08
0.1165	-2.4521559e-08
0.117	-2.4092431e-08
0.1175	-2.4525087e-08
0.118	-2.4087782e-08
0.1185	-2.4526697e-08
0.119	-2.4086925e-08
0.1195	-2.452983e-08
0.12	-2.4081797e-08
0.1205	-2.4051592e-08
0.121	-2.4075626e-08
0.1215	-2.4051253e-08
0.122	-2.4071925e-08
0.1225	-2.4055128e-08
0.123	-2.4065238e-08
0.1235	-2.4061276e-08
0.124	-2.4523284e-08
0.1245	-2.4065254e-08
0.125	-2.4522519e-08
0.1255	-2.4066327e-08
0.126	-2.4519684e-08
0.1265	-2.4065689e-08
0.127	-2.4518481e-08
0.1275	-2.406663e-08
0.128	-2.4517477e-08
0.1285	-2.406501e-08
0.129	-2.4517928e-08
0.1295	-2.4062156e-08
0.13	-2.4519315e-08
0.1305	-2.4058519e-08
0.131	-2.4521328e-08
0.1315	-2.4058025e-08
0.132	-2.4523435e-08
0.1325	-2.405498e-08
0.133	-2.4525135e-08
0.1335	-2.4054754e-08
0.134	-2.4527094e-08
0.1345	-2.4051627e-08
0.135	-2.4527726e-08
0.1355	-2.4048573e-08
0.136	-2.4528347e-08
0.1365	-2.4049185e-08
0.137	-2.453045e-08
0.1375	-2.4045056e-08
0.138	-2.4530214e-08
0.1385	-2.4040465e-08
0.139	-2.4534149e-08
0.1395	-2.4039273e-08
0.14	-2.4541404e-08
0.1405	-2.4032083e-08
0.141	-2.4546801e-08
0.1415	-2.4585066e-08
0.142	-2.4550232e-08
0.1425	-2.4577125e-08
0.143	-2.455238e-08
0.1435	-2.4569089e-08
0.144	-2.4557745e-08
0.1445	-2.4562822e-08
0.145	-2.4567323e-08
0.1455	-2.4553274e-08
0.146	-2.4577322e-08
0.1465	-2.4544675e-08
0.147	-2.3975782e-08
0.1475	-2.4538516e-08
0.148	-2.3979131e-08
0.1485	-2.4532978e-08
0.149	-2.3983303e-08
0.1495	-2.4528891e-08
0.15	-2.3989165e-08
0.1505	-2.4527134e-08
0.151	-2.3989978e-08
0.1515	-2.4527132e-08
0.152	-2.3989281e-08
0.1525	-2.4525652e-08
0.153	-2.3986772e-08
0.1535	-2.4526897e-08
0.154	-2.3981016e-08
0.1545	-2.4527601e-08
0.155	-2.3975358e-08
0.1555	-2.4529273e-08
0.156	-2.3968362e-08
0.1565	-2.4534659e-08
0.157	-2.3963084e-08
0.1575	-2.4540816e-08
0.158	-2.3956574e-08
0.1585	-2.4547861e-08
0.159	-2.3949071e-08
0.1595	-2.4555815e-08
0.16	-2.3940542e-08
0.1605	-2.4564705e-08
0.161	-2.393281e-08
0.1615	-2.4572822e-08
0.162	-2.4635028e-08
0.1625	-2.4576824e-08
0.163	-2.463101e-08
0.1635	-2.4580561e-08
0.164	-2.4624075e-08
0.1645	-2.4587678e-08
0.165	-2.4618207e-08
0.1655	-2.4596243e-08
0.166	-2.4608041e-08
0.1665	-2.460693e-08
0.167	-2.5318621e-08
0.1675	-2.4605338e-08
0.168	-2.5320476e-08
0.1685	-2.4601811e-08
0.169	-2.532053e-08
0.1695	-2.4596309e-08
0.17	-2.5321143e-08
0.1705	-2.4595034e-08
0.171	-2.5325707e-08
0.1715	-2.4595643e-08
0.172	-2.5327835e-08
0.1725	-2.4596563e-08
0.173	-2.5333241e-08
0.1735	-2.4599862e-08
0.174	-2.5332492e-08
0.1745	-2.4598003e-08
0.175	-2.5330627e-08
0.1755	-2.4598448e-08
0.176	-2.5329759e-08
0.1765	-2.4596302e-08
0.177	-2.5326274e-08
0.1775	-2.4598404e-08
0.178	-2.5326848e-08
0.1785	-2.4598853e-08
0.179	-2.5326669e-08
0.1795	-2.4599202e-08
0.18	-2.5321579e-08
0.1805	-2.4595776e-08
0.181	-2.5319754e-08
0.1815	-2.4597918e-08
0.182	-2.5321806e-08
0.1825	-2.4601416e-08
0.183	-2.5322326e-08
0.1835	-2.4602134e-08
0.184	-2.5321876e-08
0.1845	-2.4602762e-08
0.185	-2.5321136e-08
0.1855	-2.4600663e-08
0.186	-2.5319218e-08
0.1865	-2.459844e-08
0.187	-2.5315366e-08
0.1875	-2.4596279e-08
0.188	-2.5311506e-08
0.1885	-2.4594347e-08
0.189	-2.5310411e-08
0.1895	-2.4595217e-08
0.19	-2.530962e-08
0.1905	-2.459612e-08
0.191	-2.5311593e-08
0.1915	-2.4598165e-08
0.192	-2.5313733e-08
0.1925	-2.4597466e-08
0.193	-2.5311792e-08
0.1935	-2.4595649e-08
0.194	-2.5307629e-08
0.1945	-2.4593776e-08
0.195	-2.5308141e-08
0.1955	-2.4594822e-08
0.196	-2.5307114e-08
0.1965	-2.4595717e-08
0.197	-2.5306121e-08
0.1975	-2.4592144e-08
0.198	-2.53039e-08
0.1985	-2.4593196e-08
0.199	-2.5302611e-08
0.1995	-2.4591552e-08
0.2	-2.5300252e-08
