0.0005	18.87
0.001	36.98
0.0015	50.84
0.002	67.1
0.0025	82.98
0.003	99.26
0.0035	114.77
0.004	130.5
0.0045	146.59
0.005	165.76
0.0055	181.99
0.006	198.32
0.0065	213.1
0.007	228.17
0.0075	243.98
0.008	259.56
0.0085	274.7
0.009	289.24
0.0095	303.22
0.01	320.98
0.0105	336.13
0.011	348.56
0.0115	361.43
0.012	374.13
0.0125	385.39
0.013	396.73
0.0135	408.35
0.014	419.51
0.0145	430.23
0.015	441.49
0.0155	453.98
0.016	466.05
0.0165	477.07
0.017	487.79
0.0175	498.55
0.018	509.67
0.0185	524.29
0.019	536.44
0.0195	546.25
0.02	557.18
0.0205	566
0.021	574.45
0.0215	582.98
0.022	591
0.0225	601.36
0.023	610.3
0.0235	618.82
0.024	625.97
0.0245	632.74
0.025	639.46
0.0255	646.55
0.026	653.67
0.0265	660.43
0.027	667.59
0.0275	674
0.028	679.71
0.0285	685.65
0.029	690.18
0.0295	694.57
0.03	698.61
0.0305	702.47
0.031	706.1
0.0315	709.41
0.032	712.62
0.0325	715.53
0.033	718.05
0.0335	720.13
0.034	722.11
0.0345	724.01
0.035	726.01
0.0355	727.44
0.036	729.02
0.0365	730.38
0.037	731.42
0.0375	732.96
0.038	733.28
0.0385	735.14
0.039	735.47
0.0395	736.81
0.04	737.34
0.0405	738.85
0.041	739.36
0.0415	740.23
0.042	741.25
0.0425	742.09
0.043	743.07
0.0435	744.04
0.044	744.93
0.0445	746.07
0.045	747.15
0.0455	748.44
0.046	749.38
0.0465	750.42
0.047	751.44
0.0475	752.46
0.048	753.43
0.0485	755.03
0.049	756.23
0.0495	757.45
0.05	758.95
0.0505	760.4
0.051	761.43
0.0515	762.67
0.052	763.63
0.0525	764.64
0.053	765.61
0.0535	766.64
0.054	767.77
0.0545	769.28
0.055	770.77
0.0555	771.85
0.056	773.2
0.0565	774.29
0.057	775.8
0.0575	777.41
0.058	778.6
0.0585	779.94
0.059	781.05
0.0595	782.19
0.06	783.47
0.0605	784.57
0.061	785.75
0.0615	787.03
0.062	788.23
0.0625	789.49
0.063	790.83
0.0635	792
0.064	793.17
0.0645	794.91
0.065	796.82
0.0655	798.32
0.066	799.58
0.0665	801.16
0.067	802.85
0.0675	804.18
0.068	805.68
0.0685	806.91
0.069	808.56
0.0695	809.8
0.07	811.21
0.0705	812.41
0.071	813.67
0.0715	814.94
0.072	816.23
0.0725	817.48
0.073	819.21
0.0735	821.01
0.074	822.61
0.0745	824.03
0.075	825.64
0.0755	827.16
0.076	828.68
0.0765	830.23
0.077	831.69
0.0775	833.27
0.078	834.82
0.0785	836.43
0.079	837.82
0.0795	839.03
0.08	840.09
0.0805	841.31
0.081	842.95
0.0815	844.49
0.082	845.87
0.0825	847.52
0.083	848.85
0.0835	850.22
0.084	852.31
0.0845	854.1
0.085	855.66
0.0855	857.07
0.086	858.55
0.0865	860.27
0.087	861.74
0.0875	863.46
0.088	865.62
0.0885	867.6
0.089	869.41
0.0895	871.42
0.09	873.2
0.0905	874.67
0.091	876.12
0.0915	877.67
0.092	879.58
0.0925	881.88
0.093	883.47
0.0935	885.07
0.094	886.88
0.0945	889.17
0.095	891.45
0.0955	893.64
0.096	895.98
0.0965	898.81
0.097	901.16
0.0975	903.21
0.098	905.57
0.0985	907.91
0.099	909.61
0.0995	911.75
0.1	913.71
0.1005	915.56
0.101	917.27
0.1015	918.94
0.102	920.7
0.1025	923.08
0.103	924.75
0.1035	926.69
0.104	929.06
0.1045	931.41
0.105	933.45
0.1055	935.66
0.106	937.5
0.1065	939.81
0.107	941.84
0.1075	943.43
0.108	945.51
0.1085	947.54
0.109	949.2
0.1095	951.3
0.11	953.13
0.1105	955
0.111	957.02
0.1115	958.92
0.112	961.05
0.1125	963.11
0.113	964.86
0.1135	966.59
0.114	968.88
0.1145	970.77
0.115	973.1
0.1155	975.11
0.116	977.68
0.1165	980.03
0.117	982
0.1175	984.19
0.118	986.6
0.1185	988.52
0.119	990.45
0.1195	992.62
0.12	995.8
0.1205	998.82
0.121	1002.42
0.1215	1005.48
0.122	1007.61
0.1225	1009.6
0.123	1011.59
0.1235	1013.99
0.124	1016.87
0.1245	1019.19
0.125	1021.7
0.1255	1024.29
0.126	1026.68
0.1265	1029.72
0.127	1032.37
0.1275	1035.38
0.128	1038.21
0.1285	1040.59
0.129	1043.24
0.1295	1046.03
0.13	1048.66
0.1305	1051.49
0.131	1054.15
0.1315	1056.57
0.132	1059.17
0.1325	1061.85
0.133	1064.08
0.1335	1066.64
0.134	1069.4
0.1345	1071.48
0.135	1073.68
0.1355	1076.6
0.136	1079.4
0.1365	1081.73
0.137	1084.12
0.1375	1086.72
0.138	1088.73
0.1385	1091.04
0.139	1093.12
0.1395	1095.66
0.14	1097.76
0.1405	1099.82
0.141	1101.98
0.1415	1104.5
0.142	1106.59
0.1425	1109.06
0.143	1111.25
0.1435	1113.37
0.144	1115.79
0.1445	1117.91
0.145	1120.6
0.1455	1124.4
0.146	1128.24
0.1465	1132.49
0.147	1136.92
0.1475	1139.94
0.148	1142.52
0.1485	1144.93
0.149	1147.75
0.1495	1150.9
0.15	1154.25
0.1505	1156.77
0.151	1159.27
0.1515	1162.29
0.152	1165.22
0.1525	1167.57
0.153	1169.95
0.1535	1172.94
0.154	1175.78
0.1545	1179.03
0.155	1182.34
0.1555	1184.84
0.156	1187.4
0.1565	1189.83
0.157	1192.4
0.1575	1194.81
0.158	1197.14
0.1585	1199.7
0.159	1202.14
0.1595	1205.12
0.16	1207.68
0.1605	1210.25
0.161	1212.72
0.1615	1215.17
0.162	1217.55
0.1625	1220.12
0.163	1222.68
0.1635	1225.33
0.164	1228.91
0.1645	1231.51
0.165	1234.8
0.1655	1237.59
0.166	1240.24
0.1665	1242.99
0.167	1246.24
0.1675	1249.11
0.168	1252.6
0.1685	1256.23
0.169	1259.23
0.1695	1262.15
0.17	1265.46
0.1705	1268.69
0.171	1271.99
0.1715	1276.12
0.172	1280.71
0.1725	1284.55
0.173	1287.49
0.1735	1291.41
0.174	1294.34
0.1745	1297.52
0.175	1301.87
0.1755	1306
0.176	1309.74
0.1765	1312.7
0.177	1315.78
0.1775	1319.14
0.178	1322.42
0.1785	1325.45
0.179	1328.81
0.1795	1332.31
0.18	1335.98
0.1805	1338.96
0.181	1341.94
0.1815	1345.05
0.182	1348.52
0.1825	1351.83
0.183	1354.69
0.1835	1357.65
0.184	1361.3
0.1845	1364.17
0.185	1367
0.1855	1369.73
0.186	1372.47
0.1865	1375.24
0.187	1378.54
0.1875	1382.51
0.188	1385.81
0.1885	1389.63
0.189	1393.56
0.1895	1396.88
0.19	1400.58
0.1905	1403.75
0.191	1406.61
0.1915	1409.65
0.192	1412.71
0.1925	1416.67
0.193	1420.22
0.1935	1424.14
0.194	1427.66
0.1945	1431.22
0.195	1434.84
0.1955	1438.44
0.196	1441.7
0.1965	1445.13
0.197	1448.73
0.1975	1451.74
0.198	1454.86
0.1985	1458.17
0.199	1461.28
0.1995	1464.67
0.2	1468.3
