0.0005	1000
0.001	1000
0.0015	782
0.002	1000
0.0025	1000
0.003	1000
0.0035	1000
0.004	1000
0.0045	1000
0.005	1000
0.0055	1000
0.006	1000
0.0065	1000
0.007	1000
0.0075	1000
0.008	1000
0.0085	1000
0.009	1000
0.0095	1000
0.01	1000
0.0105	1000
0.011	1000
0.0115	1000
0.012	1000
0.0125	1000
0.013	1000
0.0135	1000
0.014	1000
0.0145	1000
0.015	1000
0.0155	1000
0.016	1000
0.0165	1000
0.017	1000
0.0175	1000
0.018	1000
0.0185	1000
0.019	1000
0.0195	1000
0.02	1000
0.0205	1000
0.021	1000
0.0215	992
0.022	970
0.0225	946
0.023	922
0.0235	898
0.024	874
0.0245	850
0.025	826
0.0255	800
0.026	776
0.0265	750
0.027	724
0.0275	698
0.028	670
0.0285	642
0.029	614
0.0295	586
0.03	556
0.0305	528
0.031	498
0.0315	468
0.032	436
0.0325	406
0.033	378
0.0335	350
0.034	324
0.0345	302
0.035	278
0.0355	266
0.036	238
0.0365	248
0.037	174
0.0375	288
0.038	36
0.0385	308
0.039	44
0.0395	228
0.04	74
0.0405	262
0.041	73
0.0415	132
0.042	195
0.0425	120
0.043	155
0.0435	140
0.044	133
0.0445	146
0.045	130
0.0455	148
0.046	136
0.0465	148
0.047	138
0.0475	147
0.048	140
0.0485	149
0.049	144
0.0495	147
0.05	142
0.0505	145
0.051	143
0.0515	150
0.052	150
0.0525	151
0.053	154
0.0535	156
0.054	155
0.0545	160
0.055	161
0.0555	157
0.056	162
0.0565	162
0.057	163
0.0575	167
0.058	165
0.0585	167
0.059	165
0.0595	167
0.06	167
0.0605	168
0.061	169
0.0615	172
0.062	171
0.0625	173
0.063	175
0.0635	175
0.064	178
0.0645	180
0.065	180
0.0655	180
0.066	180
0.0665	180
0.067	181
0.0675	182
0.068	181
0.0685	152
0.069	171
0.0695	171
0.07	176
0.0705	180
0.071	179
0.0715	181
0.072	184
0.0725	186
0.073	188
0.0735	190
0.074	192
0.0745	194
0.075	194
0.0755	198
0.076	198
0.0765	202
0.077	203
0.0775	205
0.078	207
0.0785	206
0.079	205
0.0795	210
0.08	174
0.0805	198
0.081	206
0.0815	208
0.082	208
0.0825	210
0.083	210
0.0835	208
0.084	210
0.0845	210
0.085	212
0.0855	214
0.086	215
0.0865	217
0.087	219
0.0875	219
0.088	222
0.0885	221
0.089	225
0.0895	228
0.09	230
0.0905	230
0.091	232
0.0915	232
0.092	232
0.0925	232
0.093	234
0.0935	234
0.094	236
0.0945	238
0.095	240
0.0955	241
0.096	244
0.0965	247
0.097	249
0.0975	251
0.098	252
0.0985	256
0.099	258
0.0995	258
0.1	260
0.1005	262
0.101	262
0.1015	262
0.102	262
0.1025	264
0.103	262
0.1035	262
0.104	262
0.1045	262
0.105	262
0.1055	260
0.106	260
0.1065	260
0.107	259
0.1075	259
0.108	259
0.1085	259
0.109	259
0.1095	259
0.11	261
0.1105	261
0.111	263
0.1115	264
0.112	263
0.1125	270
0.113	274
0.1135	274
0.114	276
0.1145	278
0.115	278
0.1155	280
0.116	280
0.1165	282
0.117	282
0.1175	284
0.118	286
0.1185	288
0.119	292
0.1195	294
0.12	298
0.1205	302
0.121	305
0.1215	307
0.122	311
0.1225	315
0.123	319
0.1235	323
0.124	328
0.1245	334
0.125	338
0.1255	338
0.126	342
0.1265	342
0.127	344
0.1275	342
0.128	342
0.1285	340
0.129	340
0.1295	338
0.13	338
0.1305	336
0.131	336
0.1315	334
0.132	332
0.1325	330
0.133	330
0.1335	328
0.134	326
0.1345	324
0.135	322
0.1355	320
0.136	318
0.1365	316
0.137	314
0.1375	312
0.138	312
0.1385	310
0.139	310
0.1395	310
0.14	310
0.1405	310
0.141	312
0.1415	314
0.142	314
0.1425	317
0.143	317
0.1435	321
0.144	323
0.1445	325
0.145	329
0.1455	333
0.146	337
0.1465	339
0.147	344
0.1475	352
0.148	354
0.1485	358
0.149	360
0.1495	362
0.15	362
0.1505	364
0.151	364
0.1515	364
0.152	364
0.1525	366
0.153	364
0.1535	364
0.154	364
0.1545	364
0.155	364
0.1555	366
0.156	366
0.1565	366
0.157	366
0.1575	368
0.158	368
0.1585	370
0.159	370
0.1595	372
0.16	372
0.1605	374
0.161	378
0.1615	382
0.162	383
0.1625	385
0.163	387
0.1635	389
0.164	393
0.1645	397
0.165	399
0.1655	403
0.166	407
0.1665	411
0.167	414
0.1675	420
0.168	424
0.1685	428
0.169	432
0.1695	434
0.17	438
0.1705	440
0.171	442
0.1715	446
0.172	446
0.1725	448
0.173	448
0.1735	450
0.174	450
0.1745	448
0.175	450
0.1755	450
0.176	450
0.1765	448
0.177	448
0.1775	448
0.178	446
0.1785	446
0.179	446
0.1795	446
0.18	446
0.1805	444
0.181	446
0.1815	444
0.182	444
0.1825	444
0.183	442
0.1835	442
0.184	442
0.1845	442
0.185	442
0.1855	440
0.186	442
0.1865	440
0.187	440
0.1875	440
0.188	440
0.1885	440
0.189	438
0.1895	438
0.19	438
0.1905	438
0.191	436
0.1915	438
0.192	436
0.1925	436
0.193	438
0.1935	436
0.194	436
0.1945	436
0.195	436
0.1955	434
0.196	434
0.1965	434
0.197	434
0.1975	434
0.198	434
0.1985	434
0.199	434
0.1995	432
0.2	434
