0.0005	0
0.001	0.36144181
0.0015	0.18541367
0.002	0.074027843
0.0025	0.050963231
0.003	0.037496191
0.0035	0.030046171
0.004	0.024740626
0.0045	0.020831968
0.005	0.017781559
0.0055	0.01531853
0.006	0.013298643
0.0065	0.011630839
0.007	0.010240174
0.0075	0.0090676197
0.008	0.0080864404
0.0085	0.0072353787
0.009	0.0064843291
0.0095	0.0058194767
0.01	0.0052533486
0.0105	0.0048890218
0.011	0.0045597417
0.0115	0.0042138485
0.012	0.0038621543
0.0125	0.0035155692
0.013	0.0031838794
0.0135	0.0028783118
0.014	0.0026261891
0.0145	0.0023940768
0.015	0.002168574
0.0155	0.001956981
0.016	0.0017840203
0.0165	0.0016246527
0.017	0.001471746
0.0175	0.001328601
0.018	0.0012093011
0.0185	0.0011048168
0.019	0.001005299
0.0195	0.0009159874
0.02	0.00084057464
0.0205	0.00077029968
0.021	0.00070218313
0.0215	0.00063857138
0.022	0.00058670179
0.0225	0.00053834929
0.023	0.00049172269
0.0235	0.00044909941
0.024	0.00041271313
0.0245	0.00037794334
0.025	0.00034473706
0.0255	0.00031579539
0.026	0.00028917861
0.0265	0.00026438105
0.027	0.00024161692
0.0275	0.00022163908
0.028	0.00020288198
0.0285	0.00018555998
0.029	0.0001703852
0.0295	0.00015609272
0.03	0.00014285826
0.0305	0.000130903
0.031	0.00012019626
0.0315	0.00011004735
0.032	0.00010080612
0.0325	9.2706593e-05
0.033	8.5065342e-05
0.0335	7.7955371e-05
0.034	7.1707512e-05
0.0345	6.5935556e-05
0.035	6.0469843e-05
0.0355	5.5487535e-05
0.036	5.1125366e-05
0.0365	4.6814333e-05
0.037	4.3155468e-05
0.0375	3.9203247e-05
0.038	3.7594891e-05
0.0385	3.4247152e-05
0.039	3.2532449e-05
0.0395	2.8918104e-05
0.04	2.7148682e-05
0.0405	2.5170445e-05
0.041	2.4212927e-05
0.0415	2.2543321e-05
0.042	2.0997007e-05
0.0425	1.9835628e-05
0.043	1.9121546e-05
0.0435	1.7654586e-05
0.044	1.625158e-05
0.0445	1.5377479e-05
0.045	1.4076914e-05
0.0455	1.3365019e-05
0.046	1.2245667e-05
0.0465	1.1835811e-05
0.047	1.1047646e-05
0.0475	1.0718732e-05
0.048	1.0197705e-05
0.0485	9.8730604e-06
0.049	9.4146471e-06
0.0495	9.0889966e-06
0.05	8.8072024e-06
0.0505	8.5407435e-06
0.051	8.2681532e-06
0.0515	8.0767814e-06
0.052	7.8344486e-06
0.0525	7.7365658e-06
0.053	7.5959342e-06
0.0535	7.3954037e-06
0.054	7.3067229e-06
0.0545	7.1373985e-06
0.055	7.0822683e-06
0.0555	6.9310612e-06
0.056	6.948404e-06
0.0565	6.7390451e-06
0.057	6.7987109e-06
0.0575	6.6224816e-06
0.058	6.6632981e-06
0.0585	6.4791699e-06
0.059	6.623839e-06
0.0595	6.4102159e-06
0.06	6.5750541e-06
0.0605	6.3796211e-06
0.061	6.4561754e-06
0.0615	6.257647e-06
0.062	6.3420577e-06
0.0625	6.1719171e-06
0.063	6.2789612e-06
0.0635	6.14055e-06
0.064	6.1493252e-06
0.0645	6.0516204e-06
0.065	6.0171288e-06
0.0655	6.0012999e-06
0.066	6.06317e-06
0.0665	6.0112627e-06
0.067	6.033106e-06
0.0675	6.0612079e-06
0.068	6.1267605e-06
0.0685	6.5586978e-06
0.069	6.4723945e-06
0.0695	6.3484876e-06
0.07	6.339761e-06
0.0705	6.3706946e-06
0.071	6.4033601e-06
0.0715	6.4432524e-06
0.072	6.4713508e-06
0.0725	6.4421554e-06
0.073	6.5051683e-06
0.0735	6.4800032e-06
0.074	6.4432871e-06
0.0745	6.2528945e-06
0.075	6.1479008e-06
0.0755	6.0237502e-06
0.076	5.9888112e-06
0.0765	5.8284708e-06
0.077	5.7619609e-06
0.0775	5.5782304e-06
0.078	5.5960071e-06
0.0785	5.5484317e-06
0.079	5.5421251e-06
0.0795	5.5541355e-06
0.08	6.0524761e-06
0.0805	5.9029017e-06
0.081	5.9108189e-06
0.0815	6.0431957e-06
0.082	6.1860804e-06
0.0825	6.2984126e-06
0.083	6.357444e-06
0.0835	6.3774588e-06
0.084	6.4246268e-06
0.0845	6.3846046e-06
0.085	6.3785259e-06
0.0855	6.3133267e-06
0.086	6.2484953e-06
0.0865	6.1309235e-06
0.087	6.033865e-06
0.0875	5.9476748e-06
0.088	5.8783931e-06
0.0885	5.7213913e-06
0.089	5.6860971e-06
0.0895	5.6398919e-06
0.09	5.5997946e-06
0.0905	5.5815724e-06
0.091	5.6197862e-06
0.0915	5.6241498e-06
0.092	5.6485317e-06
0.0925	5.6552886e-06
0.093	5.724531e-06
0.0935	5.7534696e-06
0.094	5.8374439e-06
0.0945	5.8660097e-06
0.095	5.8942963e-06
0.0955	5.8688864e-06
0.096	5.8190082e-06
0.0965	5.7800038e-06
0.097	5.6905791e-06
0.0975	5.6216349e-06
0.098	5.604765e-06
0.0985	5.5615678e-06
0.099	5.5532581e-06
0.0995	5.5890616e-06
0.1	5.70265e-06
0.1005	5.7983823e-06
0.101	5.8943106e-06
0.1015	5.9589606e-06
0.102	6.0178336e-06
0.1025	6.0339767e-06
0.103	6.003724e-06
0.1035	6.0120913e-06
0.104	6.0262944e-06
0.1045	5.9976703e-06
0.105	5.9644846e-06
0.1055	5.8947302e-06
0.106	5.869057e-06
0.1065	5.8159103e-06
0.107	5.8216362e-06
0.1075	5.7707921e-06
0.108	5.7310404e-06
0.1085	5.6368708e-06
0.109	5.5551729e-06
0.1095	5.4866374e-06
0.11	5.4466687e-06
0.1105	5.3751061e-06
0.111	5.3475586e-06
0.1115	5.3330901e-06
0.112	5.2845528e-06
0.1125	5.2734228e-06
0.113	5.3436951e-06
0.1135	5.4036123e-06
0.114	5.512522e-06
0.1145	5.6221167e-06
0.115	5.688826e-06
0.1155	5.7724553e-06
0.116	5.8302898e-06
0.1165	5.902498e-06
0.117	5.9388289e-06
0.1175	5.988811e-06
0.118	6.0410371e-06
0.1185	6.0504032e-06
0.119	6.0475033e-06
0.1195	6.007061e-06
0.12	6.0111877e-06
0.1205	5.9897862e-06
0.121	5.958141e-06
0.1215	5.8823812e-06
0.122	5.8255126e-06
0.1225	5.7082807e-06
0.123	5.6084772e-06
0.1235	5.5195064e-06
0.124	5.4649199e-06
0.1245	5.4030831e-06
0.125	5.3573673e-06
0.1255	5.3289496e-06
0.126	5.3584955e-06
0.1265	5.3773682e-06
0.127	5.4245089e-06
0.1275	5.4225685e-06
0.128	5.4377013e-06
0.1285	5.4433805e-06
0.129	5.4677872e-06
0.1295	5.4793859e-06
0.13	5.506963e-06
0.1305	5.5201591e-06
0.131	5.5504896e-06
0.1315	5.5368251e-06
0.132	5.5287162e-06
0.1325	5.5333431e-06
0.133	5.5532442e-06
0.1335	5.5306046e-06
0.134	5.5138443e-06
0.1345	5.5131738e-06
0.135	5.5027493e-06
0.1355	5.5082743e-06
0.136	5.5114466e-06
0.1365	5.5001215e-06
0.137	5.5097164e-06
0.1375	5.5530015e-06
0.138	5.5970031e-06
0.1385	5.6318097e-06
0.139	5.6978149e-06
0.1395	5.7235835e-06
0.14	5.7694462e-06
0.1405	5.8206933e-06
0.141	5.8609762e-06
0.1415	5.8603515e-06
0.142	5.8876656e-06
0.1425	5.9136414e-06
0.143	5.8795171e-06
0.1435	5.8793334e-06
0.144	5.832492e-06
0.1445	5.7969109e-06
0.145	5.7863137e-06
0.1455	5.7414159e-06
0.146	5.6614661e-06
0.1465	5.6044967e-06
0.147	5.6459647e-06
0.1475	5.6753242e-06
0.148	5.6727911e-06
0.1485	5.7080871e-06
0.149	5.7361158e-06
0.1495	5.7676054e-06
0.15	5.7666368e-06
0.1505	5.7887167e-06
0.151	5.7999561e-06
0.1515	5.8083792e-06
0.152	5.8133134e-06
0.1525	5.8136391e-06
0.153	5.7843154e-06
0.1535	5.7732831e-06
0.154	5.7810457e-06
0.1545	5.763902e-06
0.155	5.7556555e-06
0.1555	5.7497977e-06
0.156	5.7393841e-06
0.1565	5.731905e-06
0.157	5.7155236e-06
0.1575	5.7188042e-06
0.158	5.6998221e-06
0.1585	5.7008417e-06
0.159	5.6788411e-06
0.1595	5.6768678e-06
0.16	5.6519234e-06
0.1605	5.6468695e-06
0.161	5.6458999e-06
0.1615	5.6267929e-06
0.162	5.5889883e-06
0.1625	5.5764084e-06
0.163	5.5301884e-06
0.1635	5.4945752e-06
0.164	5.4735232e-06
0.1645	5.4195792e-06
0.165	5.3531835e-06
0.1655	5.3088898e-06
0.166	5.2734835e-06
0.1665	5.2488563e-06
0.167	5.2864567e-06
0.1675	5.3562423e-06
0.168	5.3940365e-06
0.1685	5.4546311e-06
0.169	5.5220215e-06
0.1695	5.6005633e-06
0.17	5.6884294e-06
0.1705	5.7508138e-06
0.171	5.8274811e-06
0.1715	5.8985084e-06
0.172	5.935046e-06
0.1725	5.9720458e-06
0.173	6.0102726e-06
0.1735	6.0334865e-06
0.174	6.0246793e-06
0.1745	6.0154199e-06
0.175	6.0236831e-06
0.1755	6.0102411e-06
0.176	5.9967706e-06
0.1765	5.9812607e-06
0.177	5.9617476e-06
0.1775	5.9323199e-06
0.178	5.9035712e-06
0.1785	5.8936785e-06
0.179	5.8821086e-06
0.1795	5.8705664e-06
0.18	5.835064e-06
0.1805	5.8135618e-06
0.181	5.8197596e-06
0.1815	5.7813782e-06
0.182	5.7775125e-06
0.1825	5.7579752e-06
0.183	5.7293476e-06
0.1835	5.7202238e-06
0.184	5.7094697e-06
0.1845	5.6984897e-06
0.185	5.6865701e-06
0.1855	5.6739504e-06
0.186	5.6798382e-06
0.1865	5.6648244e-06
0.187	5.6475461e-06
0.1875	5.6425728e-06
0.188	5.6240576e-06
0.1885	5.6185186e-06
0.189	5.5988198e-06
0.1895	5.5892459e-06
0.19	5.5789024e-06
0.1905	5.5687314e-06
0.191	5.5577521e-06
0.1915	5.5654143e-06
0.192	5.5522006e-06
0.1925	5.5590623e-06
0.193	5.5636178e-06
0.1935	5.548911e-06
0.194	5.5317427e-06
0.1945	5.5269453e-06
0.195	5.5311546e-06
0.1955	5.5114533e-06
0.196	5.5029354e-06
0.1965	5.493481e-06
0.197	5.4841812e-06
0.1975	5.4961114e-06
0.198	5.4931251e-06
0.1985	5.4808512e-06
0.199	5.4691916e-06
0.1995	5.4570882e-06
0.2	5.463637e-06
