0.0005	0
0.001	13
0.0015	13
0.002	12
0.0025	12
0.003	12
0.0035	12
0.004	11
0.0045	11
0.005	11
0.0055	11
0.006	11
0.0065	11
0.007	11
0.0075	11
0.008	11
0.0085	11
0.009	10
0.0095	10
0.01	10
0.0105	10
0.011	10
0.0115	10
0.012	10
0.0125	10
0.013	10
0.0135	10
0.014	10
0.0145	10
0.015	10
0.0155	9
0.016	9
0.0165	9
0.017	9
0.0175	9
0.018	9
0.0185	9
0.019	9
0.0195	9
0.02	9
0.0205	9
0.021	9
0.0215	9
0.022	9
0.0225	8
0.023	8
0.0235	8
0.024	8
0.0245	8
0.025	8
0.0255	8
0.026	8
0.0265	8
0.027	8
0.0275	8
0.028	8
0.0285	8
0.029	8
0.0295	7
0.03	7
0.0305	7
0.031	7
0.0315	7
0.032	7
0.0325	7
0.033	7
0.0335	7
0.034	7
0.0345	7
0.035	7
0.0355	7
0.036	7
0.0365	7
0.037	6
0.0375	6
0.038	6
0.0385	6
0.039	6
0.0395	6
0.04	6
0.0405	6
0.041	6
0.0415	6
0.042	6
0.0425	6
0.043	6
0.0435	6
0.044	6
0.0445	6
0.045	6
0.0455	6
0.046	6
0.0465	6
0.047	5
0.0475	5
0.048	5
0.0485	5
0.049	5
0.0495	5
0.05	5
0.0505	5
0.051	5
0.0515	5
0.052	5
0.0525	5
0.053	5
0.0535	5
0.054	5
0.0545	5
0.055	5
0.0555	5
0.056	5
0.0565	5
0.057	5
0.0575	5
0.058	5
0.0585	5
0.059	5
0.0595	5
0.06	5
0.0605	5
0.061	5
0.0615	5
0.062	5
0.0625	5
0.063	5
0.0635	5
0.064	5
0.0645	5
0.065	5
0.0655	5
0.066	5
0.0665	5
0.067	5
0.0675	5
0.068	5
0.0685	5
0.069	5
0.0695	5
0.07	5
0.0705	5
0.071	5
0.0715	5
0.072	5
0.0725	5
0.073	5
0.0735	5
0.074	5
0.0745	5
0.075	5
0.0755	5
0.076	5
0.0765	5
0.077	5
0.0775	5
0.078	5
0.0785	5
0.079	5
0.0795	5
0.08	5
0.0805	5
0.081	5
0.0815	5
0.082	5
0.0825	5
0.083	5
0.0835	5
0.084	5
0.0845	5
0.085	5
0.0855	5
0.086	5
0.0865	5
0.087	5
0.0875	5
0.088	5
0.0885	5
0.089	5
0.0895	5
0.09	5
0.0905	5
0.091	5
0.0915	5
0.092	5
0.0925	5
0.093	5
0.0935	5
0.094	5
0.0945	5
0.095	5
0.0955	5
0.096	5
0.0965	5
0.097	5
0.0975	5
0.098	5
0.0985	5
0.099	5
0.0995	5
0.1	5
0.1005	5
0.101	5
0.1015	5
0.102	5
0.1025	5
0.103	5
0.1035	5
0.104	5
0.1045	5
0.105	5
0.1055	5
0.106	5
0.1065	5
0.107	5
0.1075	5
0.108	5
0.1085	5
0.109	5
0.1095	5
0.11	5
0.1105	5
0.111	5
0.1115	5
0.112	5
0.1125	5
0.113	5
0.1135	5
0.114	5
0.1145	5
0.115	5
0.1155	5
0.116	5
0.1165	5
0.117	5
0.1175	5
0.118	5
0.1185	5
0.119	5
0.1195	5
0.12	5
0.1205	5
0.121	5
0.1215	5
0.122	5
0.1225	5
0.123	5
0.1235	5
0.124	5
0.1245	5
0.125	5
0.1255	5
0.126	5
0.1265	5
0.127	5
0.1275	5
0.128	5
0.1285	5
0.129	5
0.1295	5
0.13	5
0.1305	5
0.131	5
0.1315	5
0.132	5
0.1325	5
0.133	5
0.1335	5
0.134	5
0.1345	5
0.135	5
0.1355	5
0.136	5
0.1365	5
0.137	5
0.1375	5
0.138	5
0.1385	5
0.139	5
0.1395	5
0.14	5
0.1405	5
0.141	5
0.1415	5
0.142	5
0.1425	5
0.143	5
0.1435	5
0.144	5
0.1445	5
0.145	5
0.1455	5
0.146	5
0.1465	5
0.147	5
0.1475	5
0.148	5
0.1485	5
0.149	5
0.1495	5
0.15	5
0.1505	5
0.151	5
0.1515	5
0.152	5
0.1525	5
0.153	5
0.1535	5
0.154	5
0.1545	5
0.155	5
0.1555	5
0.156	5
0.1565	5
0.157	5
0.1575	5
0.158	5
0.1585	5
0.159	5
0.1595	5
0.16	5
0.1605	5
0.161	5
0.1615	5
0.162	5
0.1625	5
0.163	5
0.1635	5
0.164	5
0.1645	5
0.165	5
0.1655	5
0.166	5
0.1665	5
0.167	5
0.1675	5
0.168	5
0.1685	5
0.169	5
0.1695	5
0.17	5
0.1705	5
0.171	5
0.1715	5
0.172	5
0.1725	5
0.173	5
0.1735	5
0.174	5
0.1745	5
0.175	5
0.1755	5
0.176	5
0.1765	5
0.177	5
0.1775	5
0.178	5
0.1785	5
0.179	5
0.1795	5
0.18	5
0.1805	5
0.181	5
0.1815	5
0.182	5
0.1825	5
0.183	5
0.1835	5
0.184	5
0.1845	5
0.185	5
0.1855	5
0.186	5
0.1865	5
0.187	5
0.1875	5
0.188	5
0.1885	5
0.189	5
0.1895	5
0.19	5
0.1905	5
0.191	5
0.1915	5
0.192	5
0.1925	5
0.193	5
0.1935	5
0.194	5
0.1945	5
0.195	5
0.1955	5
0.196	5
0.1965	5
0.197	5
0.1975	5
0.198	5
0.1985	5
0.199	5
0.1995	5
0.2	5
