0.0005	1
0.001	0.60038273
0.0015	0.070429905
0.002	0.04609525
0.0025	0.03254001
0.003	0.025182751
0.0035	0.020129893
0.004	0.016424767
0.0045	0.013691344
0.005	0.011627668
0.0055	0.010023112
0.006	0.0087184333
0.0065	0.0076277458
0.007	0.0067036507
0.0075	0.005913697
0.008	0.0052358893
0.0085	0.0046594628
0.009	0.0041553291
0.0095	0.0037126071
0.01	0.0033229885
0.0105	0.0029813027
0.011	0.0026811635
0.0115	0.0024151997
0.012	0.0021780396
0.0125	0.0019666733
0.013	0.0017783198
0.0135	0.0016099974
0.014	0.0014586197
0.0145	0.0013220551
0.015	0.0011988227
0.0155	0.0010875035
0.016	0.00098707959
0.0165	0.00089617779
0.017	0.00081371922
0.0175	0.00073898966
0.018	0.00067134687
0.0185	0.00061004014
0.019	0.00055438578
0.0195	0.00050390037
0.02	0.00045807972
0.0205	0.00041643457
0.021	0.00037859329
0.0215	0.00034426294
0.022	0.00031305472
0.0225	0.0002846698
0.023	0.00025889681
0.0235	0.00023548184
0.024	0.00021416694
0.0245	0.00019477269
0.025	0.00017716546
0.0255	0.00016114766
0.026	0.00014656668
0.0265	0.00013331326
0.027	0.00012127129
0.0275	0.00011030606
0.028	0.00010032861
0.0285	9.1265184e-05
0.029	8.3019534e-05
0.0295	7.5511681e-05
0.03	6.868894e-05
0.0305	6.2481835e-05
0.031	5.6833195e-05
0.0315	5.1695346e-05
0.032	4.7024017e-05
0.0325	4.2771556e-05
0.033	3.8900114e-05
0.0335	3.5379378e-05
0.034	3.2174044e-05
0.0345	2.9255322e-05
0.035	2.6600954e-05
0.0355	2.418111e-05
0.036	2.1990928e-05
0.0365	1.9974514e-05
0.037	1.8190368e-05
0.0375	1.6456804e-05
0.038	1.5122531e-05
0.0385	1.3508089e-05
0.039	1.2519006e-05
0.0395	1.1160666e-05
0.04	1.0278706e-05
0.0405	9.2180392e-06
0.041	8.5876049e-06
0.0415	7.6125501e-06
0.042	6.9393835e-06
0.0425	6.3985864e-06
0.043	5.7523106e-06
0.0435	5.2666335e-06
0.044	4.7776095e-06
0.0445	4.3636613e-06
0.045	3.9561935e-06
0.0455	3.6205197e-06
0.046	3.2746364e-06
0.0465	3.0074935e-06
0.047	2.7123631e-06
0.0475	2.4975707e-06
0.048	2.2511027e-06
0.0485	2.0778631e-06
0.049	1.8728021e-06
0.0495	1.734587e-06
0.05	1.5627137e-06
0.0505	1.4516152e-06
0.051	1.3085894e-06
0.0515	1.216469e-06
0.052	1.1000358e-06
0.0525	1.0276601e-06
0.053	9.2983712e-07
0.0535	8.7089603e-07
0.054	7.9121181e-07
0.0545	7.4456632e-07
0.055	6.7898397e-07
0.0555	6.4184925e-07
0.056	5.8229567e-07
0.0565	5.5720663e-07
0.057	5.0835179e-07
0.0575	4.866218e-07
0.058	4.4642219e-07
0.0585	4.290165e-07
0.059	3.9622533e-07
0.0595	3.821659e-07
0.06	3.573732e-07
0.0605	3.455907e-07
0.061	3.2765845e-07
0.0615	3.1420433e-07
0.062	3.0285148e-07
0.0625	2.9136218e-07
0.063	2.8213018e-07
0.0635	2.7181976e-07
0.064	2.662161e-07
0.0645	2.5689346e-07
0.065	2.5190002e-07
0.0655	2.4456789e-07
0.066	2.4229567e-07
0.0665	2.3620982e-07
0.067	2.3370134e-07
0.0675	2.3033018e-07
0.068	2.2828408e-07
0.0685	1.8555316e-07
0.069	2.0419315e-07
0.0695	2.1717958e-07
0.07	2.1871383e-07
0.0705	2.219778e-07
0.071	2.2250217e-07
0.0715	2.2457642e-07
0.072	2.2437255e-07
0.0725	2.2812638e-07
0.073	2.3072522e-07
0.0735	2.3246876e-07
0.074	2.3405117e-07
0.0745	2.3287128e-07
0.075	2.3205695e-07
0.0755	2.3443812e-07
0.076	2.3472014e-07
0.0765	2.374191e-07
0.077	2.374112e-07
0.0775	2.3917315e-07
0.078	2.4006058e-07
0.0785	2.4016901e-07
0.079	2.4303663e-07
0.0795	2.4644354e-07
0.08	1.9170887e-07
0.0805	2.2105925e-07
0.081	2.4442743e-07
0.0815	2.493682e-07
0.082	2.5032298e-07
0.0825	2.5210467e-07
0.083	2.524746e-07
0.0835	2.516905e-07
0.084	2.5236537e-07
0.0845	2.5221976e-07
0.085	2.5185029e-07
0.0855	2.5284007e-07
0.086	2.5313668e-07
0.0865	2.5346105e-07
0.087	2.562062e-07
0.0875	2.5705915e-07
0.088	2.6100877e-07
0.0885	2.6384415e-07
0.089	2.681831e-07
0.0895	2.7261858e-07
0.09	2.749675e-07
0.0905	2.7634247e-07
0.091	2.783276e-07
0.0915	2.7904729e-07
0.092	2.7950427e-07
0.0925	2.7895271e-07
0.093	2.8084301e-07
0.0935	2.809128e-07
0.094	2.821436e-07
0.0945	2.8220248e-07
0.095	2.8306336e-07
0.0955	2.8006267e-07
0.096	2.8120423e-07
0.0965	2.8083506e-07
0.097	2.8049656e-07
0.0975	2.7983033e-07
0.098	2.8207599e-07
0.0985	2.8654492e-07
0.099	2.903577e-07
0.0995	2.9275901e-07
0.1	2.9586049e-07
0.1005	2.985899e-07
0.101	2.9935983e-07
0.1015	2.9990656e-07
0.102	2.999477e-07
0.1025	2.9898647e-07
0.103	2.9491771e-07
0.1035	2.9519269e-07
0.104	2.946637e-07
0.1045	2.9268976e-07
0.105	2.9155356e-07
0.1055	2.9011415e-07
0.106	2.8971548e-07
0.1065	2.8959336e-07
0.107	2.9111938e-07
0.1075	2.9386594e-07
0.108	2.9729439e-07
0.1085	2.9764617e-07
0.109	3.0150449e-07
0.1095	3.058836e-07
0.11	3.1114974e-07
0.1105	3.1694377e-07
0.111	3.2341592e-07
0.1115	3.2950599e-07
0.112	3.3563682e-07
0.1125	3.4158669e-07
0.113	3.4845491e-07
0.1135	3.5093385e-07
0.114	3.551446e-07
0.1145	3.5830741e-07
0.115	3.571236e-07
0.1155	3.5862856e-07
0.116	3.5771383e-07
0.1165	3.596283e-07
0.117	3.5939412e-07
0.1175	3.6110561e-07
0.118	3.6332417e-07
0.1185	3.6275355e-07
0.119	3.6318862e-07
0.1195	3.6193488e-07
0.12	3.6285834e-07
0.1205	3.6417297e-07
0.121	3.6408061e-07
0.1215	3.6412662e-07
0.122	3.6691466e-07
0.1225	3.6821365e-07
0.123	3.7089076e-07
0.1235	3.772702e-07
0.124	3.8450074e-07
0.1245	3.9222824e-07
0.125	3.9870177e-07
0.1255	4.0311048e-07
0.126	4.081055e-07
0.1265	4.1096018e-07
0.127	4.1413166e-07
0.1275	4.1313403e-07
0.128	4.1364566e-07
0.1285	4.1292088e-07
0.129	4.1437497e-07
0.1295	4.1468089e-07
0.13	4.1598345e-07
0.1305	4.1726973e-07
0.131	4.194383e-07
0.1315	4.1824579e-07
0.132	4.1804637e-07
0.1325	4.1934586e-07
0.133	4.2163557e-07
0.1335	4.2058973e-07
0.134	4.2034001e-07
0.1345	4.221915e-07
0.135	4.2301156e-07
0.1355	4.2470865e-07
0.136	4.2526636e-07
0.1365	4.2452973e-07
0.137	4.2471898e-07
0.1375	4.2762971e-07
0.138	4.2952051e-07
0.1385	4.307051e-07
0.139	4.3401535e-07
0.1395	4.3458265e-07
0.14	4.3740443e-07
0.1405	4.4138489e-07
0.141	4.4526606e-07
0.1415	4.468277e-07
0.142	4.4900976e-07
0.1425	4.5495454e-07
0.143	4.5727368e-07
0.1435	4.6394295e-07
0.144	4.6786774e-07
0.1445	4.7407524e-07
0.145	4.8352018e-07
0.1455	4.907153e-07
0.146	4.9727449e-07
0.1465	5.0487771e-07
0.147	5.1694011e-07
0.1475	5.2696167e-07
0.148	5.3202751e-07
0.1485	5.3704381e-07
0.149	5.3924737e-07
0.1495	5.4030734e-07
0.15	5.3765598e-07
0.1505	5.3715282e-07
0.151	5.3558366e-07
0.1515	5.3416417e-07
0.152	5.3215642e-07
0.1525	5.3068405e-07
0.153	5.2608348e-07
0.1535	5.2365344e-07
0.154	5.2384409e-07
0.1545	5.2153832e-07
0.155	5.2014319e-07
0.1555	5.1973579e-07
0.156	5.190309e-07
0.1565	5.1869024e-07
0.157	5.1746289e-07
0.1575	5.1888594e-07
0.158	5.1834698e-07
0.1585	5.1981898e-07
0.159	5.1908582e-07
0.1595	5.210331e-07
0.16	5.2122965e-07
0.1605	5.2340434e-07
0.161	5.2593273e-07
0.1615	5.2788217e-07
0.162	5.2882505e-07
0.1625	5.2994162e-07
0.163	5.3260538e-07
0.1635	5.3682637e-07
0.164	5.4392109e-07
0.1645	5.4896342e-07
0.165	5.5492815e-07
0.1655	5.6525531e-07
0.166	5.78371e-07
0.1665	5.9128708e-07
0.167	6.0563437e-07
0.1675	6.2233147e-07
0.168	6.357924e-07
0.1685	6.4932748e-07
0.169	6.6057808e-07
0.1695	6.7114355e-07
0.17	6.814254e-07
0.1705	6.8730948e-07
0.171	6.9431773e-07
0.1715	6.9996406e-07
0.172	7.0053862e-07
0.1725	7.0162879e-07
0.173	7.0279358e-07
0.1735	7.0220917e-07
0.174	6.9786564e-07
0.1745	6.9394533e-07
0.175	6.9254981e-07
0.1755	6.8825051e-07
0.176	6.8428343e-07
0.1765	6.8028758e-07
0.177	6.7610314e-07
0.1775	6.7078515e-07
0.178	6.6565301e-07
0.1785	6.6296273e-07
0.179	6.599522e-07
0.1795	6.5695907e-07
0.18	6.5134837e-07
0.1805	6.4753937e-07
0.181	6.4700753e-07
0.1815	6.4109875e-07
0.182	6.396373e-07
0.1825	6.3618574e-07
0.183	6.3184604e-07
0.1835	6.2989913e-07
0.184	6.2758908e-07
0.1845	6.2528645e-07
0.185	6.2295582e-07
0.1855	6.2060791e-07
0.186	6.2044171e-07
0.1865	6.1770992e-07
0.187	6.1509743e-07
0.1875	6.137469e-07
0.188	6.1088546e-07
0.1885	6.0951311e-07
0.189	6.0662064e-07
0.1895	6.0496812e-07
0.19	6.0307797e-07
0.1905	6.0118534e-07
0.191	5.9927466e-07
0.1915	5.9944102e-07
0.192	5.9715004e-07
0.1925	5.9730259e-07
0.193	5.9704084e-07
0.1935	5.9472305e-07
0.194	5.9249499e-07
0.1945	5.9145275e-07
0.195	5.9127478e-07
0.1955	5.8865015e-07
0.196	5.8733251e-07
0.1965	5.8575171e-07
0.197	5.8416985e-07
0.1975	5.8482836e-07
0.198	5.8391126e-07
0.1985	5.8213868e-07
0.199	5.8047366e-07
0.1995	5.7878752e-07
0.2	5.790713e-07
