0.0005	5.7493319e-09
0.001	3.4625197e-09
0.0015	6.7275218e-09
0.002	7.477118e-09
0.0025	5.7381998e-09
0.003	4.7480788e-09
0.0035	4.0412947e-09
0.004	3.496386e-09
0.0045	3.0581118e-09
0.005	8.85058e-09
0.0055	7.8518868e-09
0.006	6.9939336e-09
0.0065	6.2492578e-09
0.007	5.5984891e-09
0.0075	5.0245911e-09
0.008	4.5165748e-09
0.0085	4.064888e-09
0.009	3.660865e-09
0.0095	3.300683e-09
0.01	9.8154763e-09
0.0105	8.8648602e-09
0.011	8.011407e-09
0.0115	7.2428089e-09
0.012	6.5508944e-09
0.0125	5.9299208e-09
0.013	5.3702557e-09
0.0135	4.864336e-09
0.014	4.4075414e-09
0.0145	3.9955272e-09
0.015	3.6231923e-09
0.0155	3.2859794e-09
0.016	9.8811058e-09
0.0165	8.9669514e-09
0.017	8.1397285e-09
0.0175	7.3902842e-09
0.018	6.7105217e-09
0.0185	6.094109e-09
0.019	5.5350596e-09
0.0195	5.0279778e-09
0.02	4.5675924e-09
0.0205	4.1498711e-09
0.021	3.7704082e-09
0.0215	3.4258443e-09
0.022	3.1130106e-09
0.0225	9.4255737e-09
0.023	8.5662862e-09
0.0235	7.7851559e-09
0.024	7.0754412e-09
0.0245	6.4306632e-09
0.025	5.8444244e-09
0.0255	5.3113834e-09
0.026	4.8271182e-09
0.0265	4.3870832e-09
0.027	3.9867329e-09
0.0275	3.6228946e-09
0.028	3.2923646e-09
0.0285	2.991763e-09
0.029	9.1197196e-09
0.0295	8.2873573e-09
0.03	7.5302703e-09
0.0305	6.8427639e-09
0.031	6.2173691e-09
0.0315	5.648605e-09
0.032	5.1319618e-09
0.0325	4.6624297e-09
0.033	4.2355474e-09
0.0335	3.8479576e-09
0.034	3.4959658e-09
0.0345	3.1759721e-09
0.035	9.7865595e-09
0.0355	8.8927776e-09
0.036	8.0774339e-09
0.0365	7.3438746e-09
0.037	6.6619157e-09
0.0375	6.0751023e-09
0.038	5.4704665e-09
0.0385	5.035295e-09
0.039	4.5073781e-09
0.0395	4.1525241e-09
0.04	3.7389137e-09
0.0405	3.4307783e-09
0.041	3.0588431e-09
0.0415	9.7071258e-09
0.042	8.8333015e-09
0.0425	7.95167e-09
0.043	7.2905903e-09
0.0435	6.5958285e-09
0.044	6.0133905e-09
0.0445	5.453631e-09
0.045	4.9731737e-09
0.0455	4.5084665e-09
0.046	4.1155862e-09
0.0465	3.7275806e-09
0.047	3.4101412e-09
0.0475	3.0877878e-09
0.048	9.9276066e-09
0.0485	9.0201374e-09
0.049	8.2694837e-09
0.0495	7.5072032e-09
0.05	6.8978834e-09
0.0505	6.2646947e-09
0.051	5.769662e-09
0.0515	5.2539107e-09
0.052	4.8589342e-09
0.0525	4.4326186e-09
0.053	4.1141482e-09
0.0535	3.7505555e-09
0.054	3.4934833e-09
0.0545	3.1846692e-09
0.055	2.9771894e-09
0.0555	9.8954666e-09
0.056	9.2171193e-09
0.0565	8.4904682e-09
0.057	7.9545505e-09
0.0575	7.3427086e-09
0.058	6.9296181e-09
0.0585	6.428665e-09
0.059	6.1153891e-09
0.0595	5.7069284e-09
0.06	5.4926452e-09
0.0605	5.1186182e-09
0.061	4.9677097e-09
0.0615	4.6429454e-09
0.062	4.5188123e-09
0.0625	4.2470471e-09
0.063	4.1468986e-09
0.0635	3.9170663e-09
0.064	3.8301508e-09
0.0645	3.6385665e-09
0.065	3.5658774e-09
0.0655	3.4183363e-09
0.066	3.3777007e-09
0.0665	3.2754521e-09
0.067	3.2412829e-09
0.0675	3.1955798e-09
0.068	3.1677008e-09
0.0685	2.6148871e-09
0.069	2.8502579e-09
0.0695	3.0007545e-09
0.07	3.0316294e-09
0.0705	3.0174545e-09
0.071	3.0562199e-09
0.0715	3.0362057e-09
0.072	3.0765727e-09
0.0725	3.0583658e-09
0.073	3.1162328e-09
0.0735	3.1136804e-09
0.074	3.1400687e-09
0.0745	3.1005741e-09
0.075	3.103274e-09
0.0755	3.1169883e-09
0.076	3.1310321e-09
0.0765	3.1574398e-09
0.077	3.1720426e-09
0.0775	3.173747e-09
0.078	3.1989158e-09
0.0785	3.2214844e-09
0.079	3.2461154e-09
0.0795	3.3012466e-09
0.08	2.5631298e-09
0.0805	2.9692529e-09
0.081	3.2772061e-09
0.0815	3.3246844e-09
0.082	3.3529661e-09
0.0825	3.3769454e-09
0.083	3.3746997e-09
0.0835	3.3635819e-09
0.084	3.3831519e-09
0.0845	3.3603486e-09
0.085	3.3802365e-09
0.0855	3.3830338e-09
0.086	3.3952326e-09
0.0865	3.4068842e-09
0.087	3.4308422e-09
0.0875	3.463888e-09
0.088	3.511992e-09
0.0885	3.5524194e-09
0.089	3.6113238e-09
0.0895	3.6560304e-09
0.09	3.6765896e-09
0.0905	3.6860867e-09
0.091	3.7142143e-09
0.0915	3.7107517e-09
0.092	3.711102e-09
0.0925	3.7114262e-09
0.093	3.7269647e-09
0.0935	3.722852e-09
0.094	3.7478018e-09
0.0945	3.7463356e-09
0.095	3.7433715e-09
0.0955	3.734191e-09
0.096	3.7266804e-09
0.0965	3.7304842e-09
0.097	3.7267891e-09
0.0975	3.7247125e-09
0.098	3.7538423e-09
0.0985	3.8109362e-09
0.099	3.8537008e-09
0.0995	3.8808283e-09
0.1	3.9238385e-09
0.1005	3.9501615e-09
0.101	3.9643179e-09
0.1015	3.9668345e-09
0.102	3.9635428e-09
0.1025	3.9482973e-09
0.103	3.9027849e-09
0.1035	3.892628e-09
0.104	3.8850578e-09
0.1045	3.8702861e-09
0.105	3.8484033e-09
0.1055	3.822599e-09
0.106	3.8280738e-09
0.1065	3.8270227e-09
0.107	3.854064e-09
0.1075	3.8862708e-09
0.108	3.9212872e-09
0.1085	3.9543693e-09
0.109	3.9939597e-09
0.1095	4.0555213e-09
0.11	4.1361758e-09
0.1105	4.2022366e-09
0.111	4.2984576e-09
0.1115	4.3782936e-09
0.112	4.467542e-09
0.1125	4.5354948e-09
0.113	4.6136446e-09
0.1135	4.6497944e-09
0.114	4.6968901e-09
0.1145	4.7315075e-09
0.115	4.7223531e-09
0.1155	4.728962e-09
0.116	4.7254965e-09
0.1165	4.7435685e-09
0.117	4.7431179e-09
0.1175	4.7628761e-09
0.118	4.7887453e-09
0.1185	4.7938944e-09
0.119	4.7898797e-09
0.1195	4.7686471e-09
0.12	4.795086e-09
0.1205	4.8074599e-09
0.121	4.813894e-09
0.1215	4.8231301e-09
0.122	4.8608686e-09
0.1225	4.8727867e-09
0.123	4.9264337e-09
0.1235	4.9980921e-09
0.124	5.1017746e-09
0.1245	5.1891978e-09
0.125	5.2755946e-09
0.1255	5.3243327e-09
0.126	5.3956382e-09
0.1265	5.4231369e-09
0.127	5.4663885e-09
0.1275	5.4515218e-09
0.128	5.4521262e-09
0.1285	5.4483385e-09
0.129	5.4599151e-09
0.1295	5.4635571e-09
0.13	5.4865829e-09
0.1305	5.4940091e-09
0.131	5.5240765e-09
0.1315	5.5129439e-09
0.132	5.5104107e-09
0.1325	5.5212796e-09
0.133	5.5506782e-09
0.1335	5.5412938e-09
0.134	5.5434307e-09
0.1345	5.5629441e-09
0.135	5.572006e-09
0.1355	5.5911568e-09
0.136	5.6053058e-09
0.1365	5.5964016e-09
0.137	5.603991e-09
0.1375	5.6340194e-09
0.138	5.6594022e-09
0.1385	5.673861e-09
0.139	5.7218734e-09
0.1395	5.7353842e-09
0.14	5.7709952e-09
0.1405	5.8205039e-09
0.141	5.8682708e-09
0.1415	5.8930492e-09
0.142	5.9409171e-09
0.1425	6.0164889e-09
0.143	6.0520868e-09
0.1435	6.141338e-09
0.144	6.1970019e-09
0.1445	6.279844e-09
0.145	6.4025446e-09
0.1455	6.5075867e-09
0.146	6.5918873e-09
0.1465	6.6940117e-09
0.147	6.8442201e-09
0.1475	6.968852e-09
0.148	7.0313256e-09
0.1485	7.0987243e-09
0.149	7.1220339e-09
0.1495	7.1395952e-09
0.15	7.0974127e-09
0.1505	7.0932501e-09
0.151	7.0692063e-09
0.1515	7.0468552e-09
0.152	7.0257476e-09
0.1525	6.9982008e-09
0.153	6.9391599e-09
0.1535	6.9108901e-09
0.154	6.9067572e-09
0.1545	6.8761386e-09
0.155	6.8634338e-09
0.1555	6.8549295e-09
0.156	6.8414043e-09
0.1565	6.8393415e-09
0.157	6.8289408e-09
0.1575	6.8440659e-09
0.158	6.8328123e-09
0.1585	6.8538749e-09
0.159	6.8506311e-09
0.1595	6.8746663e-09
0.16	6.8731453e-09
0.1605	6.9039964e-09
0.161	6.9446473e-09
0.1615	6.9665137e-09
0.162	6.9774341e-09
0.1625	7.014335e-09
0.163	7.0450545e-09
0.1635	7.1064832e-09
0.164	7.1980552e-09
0.1645	7.2689366e-09
0.165	7.3495678e-09
0.1655	7.4889094e-09
0.166	7.663287e-09
0.1665	7.8301333e-09
0.167	8.0127683e-09
0.1675	8.2219205e-09
0.168	8.3964175e-09
0.1685	8.572576e-09
0.169	8.7185965e-09
0.1695	8.8553161e-09
0.17	8.9882456e-09
0.1705	9.0630226e-09
0.171	9.1526703e-09
0.1715	9.2243746e-09
0.172	9.2293432e-09
0.1725	9.2407936e-09
0.173	9.2537658e-09
0.1735	9.243363e-09
0.174	9.1838707e-09
0.1745	9.129925e-09
0.175	9.1091199e-09
0.1755	9.0507312e-09
0.176	8.996551e-09
0.1765	8.9422474e-09
0.177	8.8851487e-09
0.1775	8.813618e-09
0.178	8.7446579e-09
0.1785	8.7075939e-09
0.179	8.6666584e-09
0.1795	8.6260176e-09
0.18	8.5511826e-09
0.1805	8.4999563e-09
0.181	8.4917389e-09
0.1815	8.4133948e-09
0.182	8.3928594e-09
0.1825	8.3468941e-09
0.183	8.2888228e-09
0.1835	8.2623655e-09
0.184	8.2310948e-09
0.1845	8.2002016e-09
0.185	8.1688502e-09
0.1855	8.1374495e-09
0.186	8.1341954e-09
0.1865	8.0981371e-09
0.187	8.0629107e-09
0.1875	8.0446609e-09
0.188	8.0066316e-09
0.1885	7.9880359e-09
0.189	7.949795e-09
0.1895	7.9271776e-09
0.19	7.9020239e-09
0.1905	7.8766405e-09
0.191	7.8512546e-09
0.1915	7.8525509e-09
0.192	7.8225111e-09
0.1925	7.8236448e-09
0.193	7.8199313e-09
0.1935	7.7893802e-09
0.194	7.7597579e-09
0.1945	7.7455815e-09
0.195	7.743057e-09
0.1955	7.7083267e-09
0.196	7.6904674e-09
0.1965	7.6694205e-09
0.197	7.6483547e-09
0.1975	7.6566093e-09
0.198	7.644348e-09
0.1985	7.6207382e-09
0.199	7.5988298e-09
0.1995	7.5764861e-09
0.2	7.5795536e-09
