0.0005	15
0.001	15
0.0015	12
0.002	12
0.0025	12
0.003	12
0.0035	12
0.004	12
0.0045	12
0.005	11
0.0055	11
0.006	11
0.0065	11
0.007	11
0.0075	11
0.008	11
0.0085	11
0.009	11
0.0095	11
0.01	10
0.0105	10
0.011	10
0.0115	10
0.012	10
0.0125	10
0.013	10
0.0135	10
0.014	10
0.0145	10
0.015	10
0.0155	10
0.016	9
0.0165	9
0.017	9
0.0175	9
0.018	9
0.0185	9
0.019	9
0.0195	9
0.02	9
0.0205	9
0.021	9
0.0215	9
0.022	9
0.0225	8
0.023	8
0.0235	8
0.024	8
0.0245	8
0.025	8
0.0255	8
0.026	8
0.0265	8
0.027	8
0.0275	8
0.028	8
0.0285	8
0.029	7
0.0295	7
0.03	7
0.0305	7
0.031	7
0.0315	7
0.032	7
0.0325	7
0.033	7
0.0335	7
0.034	7
0.0345	7
0.035	6
0.0355	6
0.036	6
0.0365	6
0.037	6
0.0375	6
0.038	6
0.0385	6
0.039	6
0.0395	6
0.04	6
0.0405	6
0.041	6
0.0415	5
0.042	5
0.0425	5
0.043	5
0.0435	5
0.044	5
0.0445	5
0.045	5
0.0455	5
0.046	5
0.0465	5
0.047	5
0.0475	5
0.048	4
0.0485	4
0.049	4
0.0495	4
0.05	4
0.0505	4
0.051	4
0.0515	4
0.052	4
0.0525	4
0.053	4
0.0535	4
0.054	4
0.0545	4
0.055	4
0.0555	3
0.056	3
0.0565	3
0.057	3
0.0575	3
0.058	3
0.0585	3
0.059	3
0.0595	3
0.06	3
0.0605	3
0.061	3
0.0615	3
0.062	3
0.0625	3
0.063	3
0.0635	3
0.064	3
0.0645	3
0.065	3
0.0655	3
0.066	3
0.0665	3
0.067	3
0.0675	3
0.068	3
0.0685	3
0.069	3
0.0695	3
0.07	3
0.0705	3
0.071	3
0.0715	3
0.072	3
0.0725	3
0.073	3
0.0735	3
0.074	3
0.0745	3
0.075	3
0.0755	3
0.076	3
0.0765	3
0.077	3
0.0775	3
0.078	3
0.0785	3
0.079	3
0.0795	3
0.08	3
0.0805	3
0.081	3
0.0815	3
0.082	3
0.0825	3
0.083	3
0.0835	3
0.084	3
0.0845	3
0.085	3
0.0855	3
0.086	3
0.0865	3
0.087	3
0.0875	3
0.088	3
0.0885	3
0.089	3
0.0895	3
0.09	3
0.0905	3
0.091	3
0.0915	3
0.092	3
0.0925	3
0.093	3
0.0935	3
0.094	3
0.0945	3
0.095	3
0.0955	3
0.096	3
0.0965	3
0.097	3
0.0975	3
0.098	3
0.0985	3
0.099	3
0.0995	3
0.1	3
0.1005	3
0.101	3
0.1015	3
0.102	3
0.1025	3
0.103	3
0.1035	3
0.104	3
0.1045	3
0.105	3
0.1055	3
0.106	3
0.1065	3
0.107	3
0.1075	3
0.108	3
0.1085	3
0.109	3
0.1095	3
0.11	3
0.1105	3
0.111	3
0.1115	3
0.112	3
0.1125	3
0.113	3
0.1135	3
0.114	3
0.1145	3
0.115	3
0.1155	3
0.116	3
0.1165	3
0.117	3
0.1175	3
0.118	3
0.1185	3
0.119	3
0.1195	3
0.12	3
0.1205	3
0.121	3
0.1215	3
0.122	3
0.1225	3
0.123	3
0.1235	3
0.124	3
0.1245	3
0.125	3
0.1255	3
0.126	3
0.1265	3
0.127	3
0.1275	3
0.128	3
0.1285	3
0.129	3
0.1295	3
0.13	3
0.1305	3
0.131	3
0.1315	3
0.132	3
0.1325	3
0.133	3
0.1335	3
0.134	3
0.1345	3
0.135	3
0.1355	3
0.136	3
0.1365	3
0.137	3
0.1375	3
0.138	3
0.1385	3
0.139	3
0.1395	3
0.14	3
0.1405	3
0.141	3
0.1415	3
0.142	3
0.1425	3
0.143	3
0.1435	3
0.144	3
0.1445	3
0.145	3
0.1455	3
0.146	3
0.1465	3
0.147	3
0.1475	3
0.148	3
0.1485	3
0.149	3
0.1495	3
0.15	3
0.1505	3
0.151	3
0.1515	3
0.152	3
0.1525	3
0.153	3
0.1535	3
0.154	3
0.1545	3
0.155	3
0.1555	3
0.156	3
0.1565	3
0.157	3
0.1575	3
0.158	3
0.1585	3
0.159	3
0.1595	3
0.16	3
0.1605	3
0.161	3
0.1615	3
0.162	3
0.1625	3
0.163	3
0.1635	3
0.164	3
0.1645	3
0.165	3
0.1655	3
0.166	3
0.1665	3
0.167	3
0.1675	3
0.168	3
0.1685	3
0.169	3
0.1695	3
0.17	3
0.1705	3
0.171	3
0.1715	3
0.172	3
0.1725	3
0.173	3
0.1735	3
0.174	3
0.1745	3
0.175	3
0.1755	3
0.176	3
0.1765	3
0.177	3
0.1775	3
0.178	3
0.1785	3
0.179	3
0.1795	3
0.18	3
0.1805	3
0.181	3
0.1815	3
0.182	3
0.1825	3
0.183	3
0.1835	3
0.184	3
0.1845	3
0.185	3
0.1855	3
0.186	3
0.1865	3
0.187	3
0.1875	3
0.188	3
0.1885	3
0.189	3
0.1895	3
0.19	3
0.1905	3
0.191	3
0.1915	3
0.192	3
0.1925	3
0.193	3
0.1935	3
0.194	3
0.1945	3
0.195	3
0.1955	3
0.196	3
0.1965	3
0.197	3
0.1975	3
0.198	3
0.1985	3
0.199	3
0.1995	3
0.2	3
