/*--------------------------------*- C++ -*----------------------------------*\
| =========                 |                                                 |
| \\      /  F ield         | OpenFOAM: The Open Source CFD Toolbox           |
|  \\    /   O peration     | Version:  2112                                  |
|   \\  /    A nd           | Website:  www.openfoam.com                      |
|    \\/     M anipulation  |                                                 |
\*---------------------------------------------------------------------------*/
FoamFile
{
    version     2.0;
    format      ascii;
    arch        "LSB;label=32;scalar=64";
    class       volScalarField;
    location    "55";
    object      T;
}
// * * * * * * * * * * * * * * * * * * * * * * * * * * * * * * * * * * * * * //

dimensions      [0 0 0 1 0 0 0];

internalField   nonuniform List<scalar> 
10000
(
5.38275e-14
4.80847e-14
4.19549e-14
3.69593e-14
3.29517e-14
3.01646e-14
2.87369e-14
2.86495e-14
3.01414e-14
3.23854e-14
3.10854e-13
2.76344e-13
2.40567e-13
2.11015e-13
1.87545e-13
1.71436e-13
1.63368e-13
1.63279e-13
1.72025e-13
1.85666e-13
1.00771e-12
8.88611e-13
7.67081e-13
6.66732e-13
5.89048e-13
5.37003e-13
5.12076e-13
5.14695e-13
5.45898e-13
5.93331e-13
2.89588e-12
2.53957e-12
2.17068e-12
1.86652e-12
1.63658e-12
1.4864e-12
1.4186e-12
1.43447e-12
1.53275e-12
1.67318e-12
7.95489e-12
6.95248e-12
5.8899e-12
5.01274e-12
4.36045e-12
3.94316e-12
3.76436e-12
3.82434e-12
4.10956e-12
4.49617e-12
2.14047e-11
1.8663e-11
1.56949e-11
1.32371e-11
1.14276e-11
1.02865e-11
9.81306e-12
9.99795e-12
1.07813e-11
1.18051e-11
5.69234e-11
4.95441e-11
4.14299e-11
3.46801e-11
2.97335e-11
2.6636e-11
2.5362e-11
2.58611e-11
2.7926e-11
3.05707e-11
1.50153e-10
1.30517e-10
1.08683e-10
9.04248e-11
7.7053e-11
6.86813e-11
6.51926e-11
6.63966e-11
7.16628e-11
7.8367e-11
3.93651e-10
3.41846e-10
2.83756e-10
2.34937e-10
1.99102e-10
1.76545e-10
1.66862e-10
1.69438e-10
1.82494e-10
1.99223e-10
1.02707e-09
8.91288e-10
7.38054e-10
6.08641e-10
5.13239e-10
4.52607e-10
4.25506e-10
4.30118e-10
4.61663e-10
5.02828e-10
2.66929e-09
2.31523e-09
1.91367e-09
1.57285e-09
1.32016e-09
1.15751e-09
1.08137e-09
1.08665e-09
1.16094e-09
1.26084e-09
6.91473e-09
5.99545e-09
4.9486e-09
4.05548e-09
3.38893e-09
2.95335e-09
2.73932e-09
2.73308e-09
2.90303e-09
3.1422e-09
1.7862e-08
1.54838e-08
1.2766e-08
1.04349e-08
8.68276e-09
7.51836e-09
6.91761e-09
6.84452e-09
7.21952e-09
7.78418e-09
4.60247e-08
3.98907e-08
3.28577e-08
2.67964e-08
2.22037e-08
1.90984e-08
1.74169e-08
1.70679e-08
1.78575e-08
1.91664e-08
1.18313e-07
1.02537e-07
8.43932e-08
6.8686e-08
5.66807e-08
4.84175e-08
4.37274e-08
4.23843e-08
4.3931e-08
4.68992e-08
3.03432e-07
2.62969e-07
2.16319e-07
1.75761e-07
1.44462e-07
1.22527e-07
1.09493e-07
1.04817e-07
1.07474e-07
1.14019e-07
7.76279e-07
6.72782e-07
5.53395e-07
4.49061e-07
3.67688e-07
3.09588e-07
2.73495e-07
2.58172e-07
2.61409e-07
2.75317e-07
1.98021e-06
1.71686e-06
1.41291e-06
1.14564e-06
9.34819e-07
7.81157e-07
6.81555e-07
6.33393e-07
6.31977e-07
6.59918e-07
5.03348e-06
4.36837e-06
3.59899e-06
2.91822e-06
2.37452e-06
1.96904e-06
1.69514e-06
1.54791e-06
1.51823e-06
1.5689e-06
1.27407e-05
1.10736e-05
9.14093e-06
7.42018e-06
6.02612e-06
4.96035e-06
4.21013e-06
3.76892e-06
3.62299e-06
3.69724e-06
3.20744e-05
2.79315e-05
2.31293e-05
1.88243e-05
1.52764e-05
1.24913e-05
1.04463e-05
9.14527e-06
8.58547e-06
8.62857e-06
8.01416e-05
6.99925e-05
5.82371e-05
4.76089e-05
3.86744e-05
3.14479e-05
2.59068e-05
2.21277e-05
2.01997e-05
1.99213e-05
0.000198238
0.000173886
0.000145677
0.000119905
9.7735e-05
7.91665e-05
6.42695e-05
5.3446e-05
4.71952e-05
4.5465e-05
0.000483903
0.000427009
0.00036113
0.00030019
0.000246279
0.000199258
0.000159646
0.00012907
0.000109609
0.000102499
0.0011605
0.00103236
0.000884117
0.000744951
0.00061755
0.000501009
0.000397366
0.000312355
0.000253558
0.000228205
0.00271897
0.00244452
0.00212757
0.00182476
0.0015357
0.00125588
0.00099124
0.000759818
0.000586649
0.000502265
0.00618116
0.00563269
0.00500137
0.00438568
0.00376704
0.00312611
0.00247521
0.00186422
0.00136751
0.00109634
0.0135276
0.0125321
0.0113946
0.0102589
0.00904262
0.00767455
0.00616428
0.00462772
0.00325856
0.00240435
0.0282535
0.0266833
0.024919
0.023111
0.0210044
0.0183786
0.0151773
0.0115994
0.00806902
0.00543957
0.0558094
0.0538442
0.0517301
0.0494974
0.0465275
0.0422668
0.0364329
0.0291842
0.0216648
0.0145533
4.87755e-14
4.37301e-14
3.8279e-14
3.38018e-14
3.01838e-14
2.7663e-14
2.63467e-14
2.62364e-14
2.75235e-14
2.94425e-14
2.8029e-13
2.5078e-13
2.1924e-13
1.92797e-13
1.71648e-13
1.57096e-13
1.49673e-13
1.4943e-13
1.56853e-13
1.68034e-13
9.0134e-13
8.01933e-13
6.96348e-13
6.06927e-13
5.3719e-13
4.90255e-13
4.67594e-13
4.69429e-13
4.95336e-13
5.33049e-13
2.57516e-12
2.28161e-12
1.96452e-12
1.69522e-12
1.48953e-12
1.35434e-12
1.29287e-12
1.30474e-12
1.38462e-12
1.49563e-12
7.04838e-12
6.22735e-12
5.32154e-12
4.54992e-12
3.96816e-12
3.59314e-12
3.42985e-12
3.47408e-12
3.70227e-12
4.00614e-12
1.892e-11
1.66834e-11
1.41716e-11
1.20206e-11
1.04101e-11
9.38432e-12
8.94774e-12
9.07967e-12
9.6982e-12
1.04978e-11
5.02385e-11
4.42309e-11
3.73966e-11
3.15134e-11
2.71189e-11
2.43322e-11
2.31461e-11
2.34843e-11
2.50966e-11
2.71557e-11
1.32404e-10
1.16433e-10
9.80839e-11
8.22183e-11
7.03575e-11
6.28184e-11
5.95473e-11
6.02998e-11
6.43685e-11
6.95817e-11
3.46948e-10
3.04817e-10
2.56071e-10
2.13738e-10
1.81987e-10
1.61657e-10
1.52541e-10
1.53925e-10
1.63901e-10
1.76891e-10
9.04982e-10
7.94529e-10
6.66062e-10
5.53997e-10
4.69534e-10
4.14852e-10
3.89308e-10
3.90923e-10
4.14722e-10
4.46614e-10
2.35176e-09
2.06363e-09
1.72717e-09
1.43223e-09
1.20864e-09
1.06187e-09
9.90166e-10
9.88262e-10
1.0434e-09
1.12059e-09
6.09228e-09
5.34376e-09
4.46669e-09
3.69405e-09
3.10441e-09
2.7113e-09
2.5102e-09
2.48744e-09
2.61095e-09
2.79499e-09
1.5739e-08
1.38012e-08
1.15229e-08
9.50738e-09
7.95678e-09
6.90669e-09
6.344e-09
6.23409e-09
6.49923e-09
6.9306e-09
4.05616e-08
3.55606e-08
2.96625e-08
2.44223e-08
2.03558e-08
1.75561e-08
1.59865e-08
1.55612e-08
1.60952e-08
1.70867e-08
1.04298e-07
9.14266e-08
7.62051e-08
6.26248e-08
5.19882e-08
4.454e-08
4.0176e-08
3.86897e-08
3.96545e-08
4.18791e-08
2.67574e-07
2.34556e-07
1.95413e-07
1.60332e-07
1.32585e-07
1.12805e-07
1.00712e-07
9.58269e-08
9.7189e-08
1.02023e-07
6.84772e-07
6.00392e-07
5.00201e-07
4.09882e-07
3.37741e-07
2.85262e-07
2.51854e-07
2.36468e-07
2.36915e-07
2.46944e-07
1.74774e-06
1.5329e-06
1.27776e-06
1.0464e-06
8.59508e-07
7.20602e-07
6.28611e-07
5.8136e-07
5.74287e-07
5.93597e-07
4.44645e-06
3.9031e-06
3.25718e-06
2.66787e-06
2.18565e-06
1.81926e-06
1.56679e-06
1.42445e-06
1.38415e-06
1.41644e-06
1.12665e-05
9.90462e-06
8.28169e-06
6.79173e-06
5.55382e-06
4.59136e-06
3.90094e-06
3.47919e-06
3.31607e-06
3.35282e-06
2.83988e-05
2.50188e-05
2.09888e-05
1.72575e-05
1.4105e-05
1.15875e-05
9.7071e-06
8.47545e-06
7.89533e-06
7.86726e-06
7.11024e-05
6.28334e-05
5.29753e-05
4.37503e-05
3.58058e-05
2.92617e-05
2.41666e-05
2.06119e-05
1.86876e-05
1.82887e-05
0.000176436
0.000156599
0.000132944
0.000110554
9.08066e-05
7.39658e-05
6.0256e-05
5.01001e-05
4.39948e-05
4.20901e-05
0.000432504
0.000386196
0.000330957
0.00027796
0.000229849
0.000187123
0.000150608
0.000121925
0.000103124
9.58467e-05
0.00104304
0.000938935
0.000814711
0.000693562
0.00057964
0.000473502
0.00037773
0.000297847
0.000241243
0.000215943
0.00246176
0.00223964
0.00197447
0.00171075
0.00145184
0.00119636
0.000951063
0.000732832
0.000565737
0.000481855
0.00564935
0.00520925
0.00468317
0.00414782
0.00359348
0.0030071
0.00240174
0.00182272
0.0013399
0.00106787
0.0125094
0.0117259
0.0107878
0.00980709
0.00872088
0.00746931
0.00606071
0.00459668
0.00325179
0.00238006
0.0264961
0.0253172
0.0239027
0.0223749
0.0205196
0.0181328
0.0151467
0.0117334
0.00819931
0.00546133
0.0531862
0.0519053
0.0503612
0.0486087
0.0461108
0.0423314
0.0369452
0.030092
0.022573
0.0147093
4.38762e-14
3.94802e-14
3.46645e-14
3.06884e-14
2.74566e-14
2.51902e-14
2.39903e-14
2.38609e-14
2.49787e-14
2.66368e-14
2.5159e-13
2.2612e-13
1.9842e-13
1.74998e-13
1.56132e-13
1.43053e-13
1.36293e-13
1.3587e-13
1.42217e-13
1.51745e-13
8.02325e-13
7.18271e-13
6.2682e-13
5.48313e-13
4.86545e-13
4.44626e-13
4.24031e-13
4.24841e-13
4.46333e-13
4.7768e-13
2.27082e-12
2.02689e-12
1.75753e-12
1.52411e-12
1.34351e-12
1.2236e-12
1.16755e-12
1.17465e-12
1.23861e-12
1.32831e-12
6.16418e-12
5.49292e-12
4.73668e-12
4.07622e-12
3.56954e-12
3.2383e-12
3.08847e-12
3.11445e-12
3.29136e-12
3.53074e-12
1.64381e-11
1.46371e-11
1.25677e-11
1.07461e-11
9.35314e-12
8.44925e-12
8.04472e-12
8.11569e-12
8.58137e-12
9.19745e-12
4.34376e-11
3.86552e-11
3.30806e-11
2.81404e-11
2.43606e-11
2.19078e-11
2.07981e-11
2.0952e-11
2.21337e-11
2.36928e-11
1.14094e-10
1.01474e-10
8.66207e-11
7.3383e-11
6.32222e-11
5.65898e-11
5.35095e-11
5.37451e-11
5.66528e-11
6.05466e-11
2.98291e-10
2.65173e-10
2.25919e-10
1.90753e-10
1.63627e-10
1.45744e-10
1.37137e-10
1.37154e-10
1.44103e-10
1.53696e-10
7.76943e-10
6.90414e-10
5.87311e-10
4.94486e-10
4.22439e-10
3.74341e-10
3.50239e-10
3.48407e-10
3.64526e-10
3.87839e-10
2.01729e-09
1.79205e-09
1.52252e-09
1.27867e-09
1.08808e-09
9.59011e-10
8.91557e-10
8.81295e-10
9.1741e-10
9.73262e-10
5.22343e-09
4.63899e-09
3.93704e-09
3.29893e-09
2.79638e-09
2.45081e-09
2.26243e-09
2.22022e-09
2.2976e-09
2.42935e-09
1.34921e-08
1.19801e-08
1.01579e-08
8.49362e-09
7.17213e-09
6.24879e-09
5.72428e-09
5.57164e-09
5.72692e-09
6.03215e-09
3.47726e-08
3.08714e-08
2.61557e-08
2.18278e-08
1.83616e-08
1.58993e-08
1.44435e-08
1.39301e-08
1.42081e-08
1.48999e-08
8.94294e-08
7.93902e-08
6.72234e-08
5.60031e-08
4.6934e-08
4.038e-08
3.6352e-08
3.4703e-08
3.50851e-08
3.66086e-08
2.29518e-07
2.03758e-07
1.72473e-07
1.43477e-07
1.19812e-07
1.02399e-07
9.12872e-08
8.61574e-08
8.6232e-08
8.94554e-08
5.87763e-07
5.21883e-07
4.4177e-07
3.67114e-07
3.05545e-07
2.59375e-07
2.28807e-07
2.13213e-07
2.10936e-07
2.17347e-07
1.50149e-06
1.33377e-06
1.12964e-06
9.38294e-07
7.7867e-07
6.5653e-07
5.72668e-07
5.26064e-07
5.13512e-07
5.24933e-07
3.82467e-06
3.40045e-06
2.88352e-06
2.39583e-06
1.98369e-06
1.66147e-06
1.43201e-06
1.29459e-06
1.24413e-06
1.25985e-06
9.70847e-06
8.64377e-06
7.34551e-06
6.11168e-06
5.05337e-06
4.20614e-06
3.57999e-06
3.17912e-06
2.99983e-06
3.00344e-06
2.45351e-05
2.18898e-05
1.86652e-05
1.55742e-05
1.28768e-05
1.06588e-05
8.95557e-06
7.7965e-06
7.19977e-06
7.10928e-06
6.1646e-05
5.5165e-05
4.72732e-05
3.96317e-05
3.28255e-05
2.70558e-05
2.24413e-05
1.91152e-05
1.72072e-05
1.67012e-05
0.000153678
0.000138106
0.000119177
0.00010063
8.36964e-05
6.88265e-05
5.63991e-05
4.69238e-05
4.09823e-05
3.89209e-05
0.000379028
0.000342628
0.000298479
0.000254596
0.000213304
0.000175507
0.000142341
0.000115572
9.74101e-05
8.99472e-05
0.000921413
0.000839552
0.000740518
0.000640356
0.000542536
0.000448449
0.000361198
0.000286406
0.000231672
0.000206139
0.00219708
0.00202279
0.00181257
0.00159538
0.00137323
0.00114635
0.000922059
0.000716612
0.000553861
0.000468938
0.00510715
0.00476458
0.00435261
0.00391572
0.00344178
0.00292081
0.00236536
0.00181661
0.001341
0.00106173
0.0114878
0.0108918
0.0101774
0.00939394
0.0084751
0.00736649
0.00607186
0.00467582
0.00333393
0.00242323
0.0247898
0.0239513
0.022948
0.0217921
0.0202668
0.0181778
0.0154439
0.0121804
0.0086187
0.00570466
0.0508319
0.0501418
0.0493032
0.0482078
0.0463255
0.0431403
0.0383008
0.0317944
0.0242754
0.0158231
4.06714e-14
3.66813e-14
3.22839e-14
2.86462e-14
2.5676e-14
2.35791e-14
2.24545e-14
2.23081e-14
2.33149e-14
2.48206e-14
2.32318e-13
2.09307e-13
1.84168e-13
1.6283e-13
1.45557e-13
1.33498e-13
1.27183e-13
1.26629e-13
1.32281e-13
1.40894e-13
7.34815e-13
6.5955e-13
5.77516e-13
5.06708e-13
4.50668e-13
4.1234e-13
3.93166e-13
3.9328e-13
4.12075e-13
4.40124e-13
2.06024e-12
1.84497e-12
1.60707e-12
1.39928e-12
1.23713e-12
1.12836e-12
1.0762e-12
1.08012e-12
1.13455e-12
1.21314e-12
5.54414e-12
4.96108e-12
4.30374e-12
3.72357e-12
3.27314e-12
2.9745e-12
2.83447e-12
2.84815e-12
2.99397e-12
3.19879e-12
1.46764e-11
1.31356e-11
1.1363e-11
9.78198e-12
8.55424e-12
7.74284e-12
7.36212e-12
7.39157e-12
7.76249e-12
8.27736e-12
3.85588e-11
3.4522e-11
2.98052e-11
2.55599e-11
2.22511e-11
2.00551e-11
1.9004e-11
1.90313e-11
1.99405e-11
2.12152e-11
1.00851e-10
9.03127e-11
7.78639e-11
6.65732e-11
5.77224e-11
5.17936e-11
4.88639e-11
4.87435e-11
5.09043e-11
5.40278e-11
2.62898e-10
2.3546e-10
2.02787e-10
1.72953e-10
1.49401e-10
1.33429e-10
1.25233e-10
1.24308e-10
1.29289e-10
1.36861e-10
6.83428e-10
6.12145e-10
5.26734e-10
4.48258e-10
3.85831e-10
3.42893e-10
3.1997e-10
3.15773e-10
3.26866e-10
3.45013e-10
1.77232e-09
1.58748e-09
1.36489e-09
1.15918e-09
9.94217e-10
8.79031e-10
8.15063e-10
7.99133e-10
8.22761e-10
8.65691e-10
4.58592e-09
4.10751e-09
3.52891e-09
2.99124e-09
2.55646e-09
2.24811e-09
2.07017e-09
2.01502e-09
2.06212e-09
2.16215e-09
1.18416e-08
1.06057e-08
9.10538e-09
7.70377e-09
6.56058e-09
5.73683e-09
5.24352e-09
5.06299e-09
5.14653e-09
5.37532e-09
3.05172e-08
2.73309e-08
2.34502e-08
1.9806e-08
1.68071e-08
1.46107e-08
1.32476e-08
1.26786e-08
1.27908e-08
1.33016e-08
7.84988e-08
7.03017e-08
6.02915e-08
5.08427e-08
4.29944e-08
3.71492e-08
3.33941e-08
3.16482e-08
3.16575e-08
3.27608e-08
2.01542e-07
1.80508e-07
1.54772e-07
1.30348e-07
1.09861e-07
9.43348e-08
8.40183e-08
7.87657e-08
7.80318e-08
8.03002e-08
5.16437e-07
4.62648e-07
3.96738e-07
3.33838e-07
2.80511e-07
2.3935e-07
2.11075e-07
1.95506e-07
1.91558e-07
1.95856e-07
1.32051e-06
1.18357e-06
1.01559e-06
8.54322e-07
7.15995e-07
6.07109e-07
5.29784e-07
4.8415e-07
4.68383e-07
4.75286e-07
3.36829e-06
3.0216e-06
2.59619e-06
2.18505e-06
1.82774e-06
1.54044e-06
1.32939e-06
1.1968e-06
1.14086e-06
1.14735e-06
8.56629e-06
7.69514e-06
6.6266e-06
5.58629e-06
4.66837e-06
3.91269e-06
3.33781e-06
2.95515e-06
2.76876e-06
2.75463e-06
2.17046e-05
1.95371e-05
1.68829e-05
1.42767e-05
1.19359e-05
9.95657e-06
8.39416e-06
7.2956e-06
6.69747e-06
6.57587e-06
5.4723e-05
4.94028e-05
4.29081e-05
3.64669e-05
3.05575e-05
2.54043e-05
2.11712e-05
1.80311e-05
1.61572e-05
1.56042e-05
0.000137046
0.000124235
0.000108669
9.3045e-05
7.8337e-05
6.50397e-05
5.36258e-05
4.46891e-05
3.89097e-05
3.67943e-05
0.000340033
0.000310026
0.000273781
0.000236864
0.000200995
0.000167145
0.000136616
0.000111321
9.3685e-05
8.61854e-05
0.000832988
0.000765406
0.000684372
0.000600359
0.000515437
0.000431045
0.000350481
0.000279505
0.000226127
0.000200518
0.00200553
0.00186168
0.00169089
0.00150982
0.00131737
0.00111366
0.000905832
0.000709698
0.000549617
0.000463734
0.00471763
0.00443648
0.00410683
0.00374712
0.00333884
0.00287127
0.00235504
0.00182774
0.00135493
0.00106874
0.0107638
0.0102844
0.00973227
0.00910486
0.00832383
0.0073329
0.00612862
0.00478025
0.00343163
0.00248503
0.0236153
0.0229847
0.0222811
0.0214205
0.0201668
0.0183232
0.0157899
0.0126317
0.00902983
0.00596576
0.0493301
0.0489924
0.0486663
0.0480876
0.0467026
0.0439981
0.0395894
0.033351
0.0258109
0.016878
3.89428e-14
3.51694e-14
3.09929e-14
2.75316e-14
2.47027e-14
2.2698e-14
2.16152e-14
2.14649e-14
2.24142e-14
2.38366e-14
2.21985e-13
2.00282e-13
1.76477e-13
1.56237e-13
1.39822e-13
1.28315e-13
1.22241e-13
1.21635e-13
1.26937e-13
1.35054e-13
6.9944e-13
6.28408e-13
5.51292e-13
4.8455e-13
4.31565e-13
3.95142e-13
3.76711e-13
3.76458e-13
3.93866e-13
4.20385e-13
1.95107e-12
1.74946e-12
1.52744e-12
1.33296e-12
1.18057e-12
1.07769e-12
1.02757e-12
1.02992e-12
1.07973e-12
1.15324e-12
5.22406e-12
4.68271e-12
4.07423e-12
3.53541e-12
3.11467e-12
2.83336e-12
2.69856e-12
2.70635e-12
2.83762e-12
3.02681e-12
1.3768e-11
1.23492e-11
1.0722e-11
9.26472e-12
8.12436e-12
7.36235e-12
6.99474e-12
7.00445e-12
7.33148e-12
7.80108e-12
3.60422e-11
3.23533e-11
2.80567e-11
2.41687e-11
2.11095e-11
1.90514e-11
1.80335e-11
1.80008e-11
1.87836e-11
1.99315e-11
9.40119e-11
8.44442e-11
7.31759e-11
6.28879e-11
5.47324e-11
4.91832e-11
4.63412e-11
4.60522e-11
4.78651e-11
5.0644e-11
2.44591e-10
2.19808e-10
1.90375e-10
1.63291e-10
1.4164e-10
1.26702e-10
1.18749e-10
1.1738e-10
1.21442e-10
1.28105e-10
6.34989e-10
5.70843e-10
4.94172e-10
4.23111e-10
3.65808e-10
3.25672e-10
3.03449e-10
2.98145e-10
3.06888e-10
3.22701e-10
1.64524e-09
1.47939e-09
1.28006e-09
1.09408e-09
9.42788e-10
8.35155e-10
7.73248e-10
7.54699e-10
7.72496e-10
8.09579e-10
4.25473e-09
3.82646e-09
3.3091e-09
2.82344e-09
2.42485e-09
2.13679e-09
1.96497e-09
1.90396e-09
1.93697e-09
2.02267e-09
1.09834e-08
9.87855e-09
8.53817e-09
7.27276e-09
6.22487e-09
5.45548e-09
4.98034e-09
4.78762e-09
4.83799e-09
5.03232e-09
2.83039e-08
2.54572e-08
2.19917e-08
1.87023e-08
1.59534e-08
1.39024e-08
1.25929e-08
1.20011e-08
1.20374e-08
1.2467e-08
7.2815e-08
6.54917e-08
5.65539e-08
4.80255e-08
4.08308e-08
3.53736e-08
3.17755e-08
2.99952e-08
2.98366e-08
3.07528e-08
1.87001e-07
1.68204e-07
1.45227e-07
1.23182e-07
1.04398e-07
8.9905e-08
8.00432e-08
7.47692e-08
7.36792e-08
7.55278e-08
4.79373e-07
4.31294e-07
3.72461e-07
3.15677e-07
2.66775e-07
2.2836e-07
2.0139e-07
1.85945e-07
1.81287e-07
1.84673e-07
1.22645e-06
1.10406e-06
9.54129e-07
8.0852e-07
6.81638e-07
5.80026e-07
5.06402e-07
4.61562e-07
4.44512e-07
4.4951e-07
3.13096e-06
2.82115e-06
2.44142e-06
2.07019e-06
1.74237e-06
1.47424e-06
1.27358e-06
1.14424e-06
1.0864e-06
1.08914e-06
7.97231e-06
7.19341e-06
6.2396e-06
5.30029e-06
4.45796e-06
3.75261e-06
3.20653e-06
2.83521e-06
2.64739e-06
2.6265e-06
2.02332e-05
1.82937e-05
1.59241e-05
1.35712e-05
1.14228e-05
9.57471e-06
8.09118e-06
7.02878e-06
6.43521e-06
6.30304e-06
5.11269e-05
4.63602e-05
4.05618e-05
3.47487e-05
2.93241e-05
2.45102e-05
2.04898e-05
1.7458e-05
1.56138e-05
1.50488e-05
0.000128414
0.000116906
0.000103024
8.89334e-05
7.54315e-05
6.30012e-05
5.21513e-05
4.35215e-05
3.78517e-05
3.57346e-05
0.000319797
0.000292798
0.000260519
0.00022727
0.000194348
0.000162678
0.000133613
0.000109144
9.18302e-05
8.43641e-05
0.000787103
0.000726268
0.000654247
0.000578762
0.000500875
0.000421851
0.000344993
0.000276125
0.000223529
0.000197973
0.00190624
0.00177665
0.00162565
0.00146373
0.00128754
0.00109669
0.000897986
0.000706935
0.000548301
0.000462039
0.00451608
0.00426345
0.00397521
0.00365653
0.00328433
0.00284649
0.00235199
0.00183629
0.00136471
0.00107493
0.0103909
0.00996493
0.00949455
0.00895012
0.00824478
0.00731939
0.00616515
0.00484235
0.00348928
0.00252326
0.0230178
0.0224812
0.0219279
0.021223
0.0201173
0.0184097
0.0159877
0.012887
0.00925993
0.00611421
0.0485953
0.0484162
0.0483412
0.0480289
0.0469085
0.0444657
0.0402938
0.0341949
0.0266327
0.0174243
3.88513e-14
3.5088e-14
3.09283e-14
2.74793e-14
2.4655e-14
2.26526e-14
2.157e-14
2.14144e-14
2.23552e-14
2.37721e-14
2.2144e-13
1.99813e-13
1.76101e-13
1.55915e-13
1.39528e-13
1.28035e-13
1.21964e-13
1.2134e-13
1.26596e-13
1.34669e-13
6.97564e-13
6.27128e-13
5.50156e-13
4.83517e-13
4.30605e-13
3.94232e-13
3.75822e-13
3.75555e-13
3.92905e-13
4.1907e-13
1.94617e-12
1.74575e-12
1.52421e-12
1.3301e-12
1.17794e-12
1.0752e-12
1.02512e-12
1.02736e-12
1.07695e-12
1.14976e-12
5.21154e-12
4.67232e-12
4.06531e-12
3.52759e-12
3.10755e-12
2.82663e-12
2.6919e-12
2.69935e-12
2.82989e-12
3.0178e-12
1.37354e-11
1.23211e-11
1.06978e-11
9.24343e-12
8.10509e-12
7.34421e-12
6.97676e-12
6.98557e-12
7.31061e-12
7.77748e-12
3.5957e-11
3.2278e-11
2.79906e-11
2.41106e-11
2.10571e-11
1.90024e-11
1.79851e-11
1.79501e-11
1.8728e-11
1.98697e-11
9.37877e-11
8.42445e-11
7.29958e-11
6.27293e-11
5.45902e-11
4.90508e-11
4.6211e-11
4.59167e-11
4.7718e-11
5.04828e-11
2.44008e-10
2.19277e-10
1.89886e-10
1.6286e-10
1.41256e-10
1.26347e-10
1.18402e-10
1.17022e-10
1.21056e-10
1.27687e-10
6.33476e-10
5.69372e-10
4.9285e-10
4.21951e-10
3.6478e-10
3.24726e-10
3.02531e-10
2.97204e-10
3.05884e-10
3.21623e-10
1.64119e-09
1.47538e-09
1.27653e-09
1.09099e-09
9.40058e-10
8.3266e-10
7.70847e-10
7.52257e-10
7.69913e-10
8.06823e-10
4.24373e-09
3.81596e-09
3.29979e-09
2.8153e-09
2.41767e-09
2.13027e-09
1.95875e-09
1.8977e-09
1.9304e-09
2.01569e-09
1.09542e-08
9.85129e-09
8.51378e-09
7.25143e-09
6.20615e-09
5.43859e-09
4.96439e-09
4.77171e-09
4.82143e-09
5.01483e-09
2.8228e-08
2.53873e-08
2.19281e-08
1.86467e-08
1.59048e-08
1.38589e-08
1.25523e-08
1.19611e-08
1.19961e-08
1.24236e-08
7.26212e-08
6.53137e-08
5.63878e-08
4.78806e-08
4.07051e-08
3.52622e-08
3.16725e-08
2.9895e-08
2.97343e-08
3.0646e-08
1.86514e-07
1.67733e-07
1.44793e-07
1.22805e-07
1.04074e-07
8.9621e-08
7.97845e-08
7.45207e-08
7.34284e-08
7.52677e-08
4.78124e-07
4.30013e-07
3.71329e-07
3.14703e-07
2.65944e-07
2.2764e-07
2.00743e-07
1.85333e-07
1.80678e-07
1.84046e-07
1.22312e-06
1.10071e-06
9.51217e-07
8.06023e-07
6.79519e-07
5.7821e-07
5.04796e-07
4.60069e-07
4.43046e-07
4.48015e-07
3.12212e-06
2.81265e-06
2.43397e-06
2.06381e-06
1.73698e-06
1.46968e-06
1.26961e-06
1.14062e-06
1.0829e-06
1.0856e-06
7.94931e-06
7.17175e-06
6.22053e-06
5.28403e-06
4.44431e-06
3.74115e-06
3.19673e-06
2.82647e-06
2.63912e-06
2.61824e-06
2.01739e-05
1.82377e-05
1.58754e-05
1.35298e-05
1.13882e-05
9.54599e-06
8.06704e-06
7.00775e-06
6.41579e-06
6.28392e-06
5.09725e-05
4.62158e-05
4.0438e-05
3.46434e-05
2.92364e-05
2.44382e-05
2.04304e-05
1.74075e-05
1.55684e-05
1.50048e-05
0.000128012
0.000116548
0.000102712
8.86668e-05
7.52095e-05
6.28201e-05
5.20045e-05
4.34002e-05
3.77461e-05
3.56343e-05
0.000318785
0.000291909
0.000259736
0.000226598
0.000193787
0.000162222
0.000133249
0.000108853
9.15855e-05
8.41377e-05
0.000784625
0.000724041
0.000652306
0.000577079
0.000499457
0.0004207
0.00034409
0.000275425
0.000222965
0.000197468
0.00190026
0.00177133
0.00162092
0.00145955
0.00128397
0.00109378
0.000895726
0.000705232
0.000546999
0.000460932
0.0045023
0.00425107
0.00396391
0.00364631
0.00327542
0.00283911
0.00234628
0.00183209
0.00136167
0.00107251
0.0103606
0.00993724
0.00946836
0.00892569
0.00822282
0.00730073
0.00615041
0.0048316
0.00348233
0.00251865
0.022955
0.0224222
0.0218697
0.0211669
0.0200649
0.0183637
0.0159507
0.0128618
0.00924401
0.00610083
0.0484739
0.0482967
0.0482201
0.0479074
0.0467901
0.0443563
0.0402009
0.0341243
0.0266022
0.0174402
4.03886e-14
3.64556e-14
3.20953e-14
2.84762e-14
2.55185e-14
2.34292e-14
2.23084e-14
2.21596e-14
2.31505e-14
2.46265e-14
2.30684e-13
2.08021e-13
1.8309e-13
1.61857e-13
1.44656e-13
1.32638e-13
1.26345e-13
1.25776e-13
1.31339e-13
1.3977e-13
7.29657e-13
6.55471e-13
5.74092e-13
5.0364e-13
4.47835e-13
4.09649e-13
3.90527e-13
3.90568e-13
4.09066e-13
4.36539e-13
2.04608e-12
1.83331e-12
1.59727e-12
1.39063e-12
1.2292e-12
1.12085e-12
1.0688e-12
1.07241e-12
1.12595e-12
1.20314e-12
5.50653e-12
4.92922e-12
4.27675e-12
3.69987e-12
3.25156e-12
2.95413e-12
2.81432e-12
2.82705e-12
2.97045e-12
3.17189e-12
1.45774e-11
1.30497e-11
1.12891e-11
9.7173e-12
8.49577e-12
7.68785e-12
7.30769e-12
7.33447e-12
7.69922e-12
8.20602e-12
3.82982e-11
3.42903e-11
2.96032e-11
2.5383e-11
2.20921e-11
1.99064e-11
1.88571e-11
1.88775e-11
1.97715e-11
2.10276e-11
1.00162e-10
8.96879e-11
7.73129e-11
6.60907e-11
5.7291e-11
5.13922e-11
4.84693e-11
4.83322e-11
5.04566e-11
5.35371e-11
2.61072e-10
2.33779e-10
2.01294e-10
1.71645e-10
1.48237e-10
1.32352e-10
1.24181e-10
1.23218e-10
1.28114e-10
1.35586e-10
6.78582e-10
6.07633e-10
5.22719e-10
4.44744e-10
3.82716e-10
3.40029e-10
3.17191e-10
3.12917e-10
3.23811e-10
3.41726e-10
1.75943e-09
1.57546e-09
1.35419e-09
1.14983e-09
9.85955e-10
8.71483e-10
8.07796e-10
7.91724e-10
8.149e-10
8.57294e-10
4.55175e-09
4.07577e-09
3.50066e-09
2.96656e-09
2.53475e-09
2.22841e-09
2.05136e-09
1.99601e-09
2.04211e-09
2.1409e-09
1.17515e-08
1.05223e-08
9.03115e-09
7.63905e-09
6.5039e-09
5.68575e-09
5.19521e-09
5.01471e-09
5.09612e-09
5.32207e-09
3.02814e-08
2.71125e-08
2.32557e-08
1.96369e-08
1.66598e-08
1.44791e-08
1.31244e-08
1.25569e-08
1.26649e-08
1.31693e-08
7.78853e-08
6.97309e-08
5.97828e-08
5.04023e-08
4.26135e-08
3.6812e-08
3.30823e-08
3.1344e-08
3.13461e-08
3.24354e-08
1.99951e-07
1.79018e-07
1.53447e-07
1.29206e-07
1.0888e-07
9.34751e-08
8.3234e-08
7.80109e-08
7.72681e-08
7.95077e-08
5.1231e-07
4.58776e-07
3.93311e-07
3.30891e-07
2.77997e-07
2.3717e-07
2.09115e-07
1.93648e-07
1.89703e-07
1.93947e-07
1.30982e-06
1.1736e-06
1.00679e-06
8.46766e-07
7.09581e-07
6.01609e-07
5.24912e-07
4.79612e-07
4.63922e-07
4.70732e-07
3.34074e-06
2.99618e-06
2.57365e-06
2.16575e-06
1.81145e-06
1.52661e-06
1.31734e-06
1.18579e-06
1.13023e-06
1.1366e-06
8.49614e-06
7.63037e-06
6.56897e-06
5.53712e-06
4.62713e-06
3.87804e-06
3.30812e-06
2.92862e-06
2.74363e-06
2.72951e-06
2.15269e-05
1.93702e-05
1.67358e-05
1.41516e-05
1.18315e-05
9.86986e-06
8.32119e-06
7.23192e-06
6.63855e-06
6.51777e-06
5.42689e-05
4.89758e-05
4.2535e-05
3.61494e-05
3.02934e-05
2.51871e-05
2.09917e-05
1.78785e-05
1.60197e-05
1.54709e-05
0.000135886
0.000123163
0.00010773
9.22429e-05
7.76697e-05
6.44952e-05
5.3184e-05
4.43236e-05
3.85906e-05
3.64909e-05
0.000337128
0.000307362
0.000271433
0.00023485
0.000199314
0.00016578
0.000135526
0.000110446
9.29475e-05
8.55019e-05
0.000825883
0.000758882
0.000678581
0.000595339
0.000511214
0.000427617
0.000347784
0.000277406
0.000224429
0.000198994
0.00198863
0.00184607
0.00167683
0.00149744
0.00130681
0.00110504
0.000899112
0.000704622
0.000545705
0.000460366
0.00467886
0.00440014
0.00407346
0.00371705
0.00331265
0.00284958
0.00233814
0.0018153
0.00134583
0.00106134
0.0106787
0.010203
0.0096555
0.00903361
0.00825988
0.00727854
0.00608557
0.00474903
0.00340999
0.00246871
0.0234386
0.0228114
0.0221123
0.0212582
0.0200155
0.0181897
0.0156808
0.012552
0.00897588
0.00592786
0.048987
0.0486468
0.0483178
0.0477393
0.0463636
0.0436847
0.0393201
0.0331414
0.0256634
0.0167773
4.34053e-14
3.91095e-14
3.43545e-14
3.04069e-14
2.71955e-14
2.4941e-14
2.3748e-14
2.36159e-14
2.47113e-14
2.6325e-14
2.48871e-13
2.24017e-13
1.96659e-13
1.73394e-13
1.54639e-13
1.41624e-13
1.34907e-13
1.3447e-13
1.40686e-13
1.49935e-13
7.93711e-13
7.11577e-13
6.2119e-13
5.43239e-13
4.81844e-13
4.40155e-13
4.19657e-13
4.20383e-13
4.41423e-13
4.71847e-13
2.24696e-12
2.00743e-12
1.74112e-12
1.50958e-12
1.33016e-12
1.21096e-12
1.15513e-12
1.16182e-12
1.22436e-12
1.31173e-12
6.10046e-12
5.43891e-12
4.69081e-12
4.03596e-12
3.53289e-12
3.20373e-12
3.05439e-12
3.07892e-12
3.25187e-12
3.48551e-12
1.62699e-11
1.44902e-11
1.24412e-11
1.06356e-11
9.25343e-12
8.35567e-12
7.95228e-12
8.0188e-12
8.47403e-12
9.07648e-12
4.2994e-11
3.82577e-11
3.27341e-11
2.78384e-11
2.409e-11
2.1655e-11
2.05487e-11
2.06904e-11
2.18457e-11
2.33732e-11
1.12918e-10
1.00402e-10
8.56787e-11
7.2562e-11
6.24904e-11
5.59101e-11
5.2841e-11
5.30463e-11
5.58895e-11
5.97097e-11
2.95173e-10
2.62299e-10
2.23378e-10
1.88537e-10
1.61659e-10
1.43927e-10
1.35359e-10
1.35306e-10
1.42102e-10
1.51523e-10
7.68681e-10
6.82744e-10
5.80501e-10
4.88548e-10
4.17186e-10
3.69519e-10
3.45554e-10
3.43572e-10
3.59331e-10
3.82243e-10
1.9954e-09
1.77166e-09
1.5044e-09
1.26289e-09
1.07416e-09
9.4632e-10
8.7932e-10
8.68766e-10
9.04061e-10
9.58977e-10
5.16553e-09
4.58518e-09
3.88925e-09
3.25732e-09
2.75981e-09
2.41767e-09
2.23076e-09
2.18809e-09
2.26365e-09
2.39322e-09
1.33395e-08
1.18388e-08
1.00324e-08
8.38448e-09
7.07667e-09
6.16286e-09
5.64292e-09
5.49002e-09
5.64136e-09
5.94159e-09
3.43724e-08
3.05008e-08
2.58265e-08
2.15424e-08
1.81135e-08
1.56777e-08
1.42358e-08
1.37242e-08
1.39943e-08
1.46748e-08
8.8385e-08
7.84191e-08
6.63614e-08
5.52586e-08
4.62917e-08
3.98114e-08
3.58255e-08
3.41878e-08
3.45555e-08
3.60547e-08
2.26794e-07
2.01214e-07
1.70225e-07
1.41544e-07
1.18156e-07
1.00949e-07
8.99616e-08
8.4878e-08
8.49327e-08
8.81053e-08
5.80655e-07
5.15271e-07
4.35951e-07
3.62128e-07
3.01298e-07
2.55695e-07
2.25493e-07
2.10062e-07
2.07781e-07
2.14093e-07
1.48305e-06
1.31677e-06
1.1147e-06
9.25516e-07
7.67835e-07
6.4724e-07
5.64427e-07
5.18369e-07
5.05928e-07
5.1718e-07
3.77734e-06
3.35694e-06
2.84528e-06
2.36321e-06
1.9562e-06
1.63812e-06
1.41162e-06
1.27593e-06
1.22606e-06
1.24157e-06
9.5882e-06
8.53283e-06
7.24797e-06
6.02872e-06
4.98392e-06
4.14774e-06
3.52985e-06
3.13425e-06
2.95723e-06
2.96085e-06
2.42306e-05
2.16077e-05
1.84175e-05
1.53638e-05
1.27015e-05
1.05131e-05
8.83271e-06
7.68905e-06
7.10017e-06
7.01103e-06
6.08758e-05
5.44521e-05
4.66472e-05
3.90999e-05
3.23833e-05
2.6692e-05
2.21402e-05
1.88584e-05
1.69755e-05
1.64763e-05
0.000151744
0.000136324
0.00011761
9.92939e-05
8.25854e-05
6.79191e-05
5.56612e-05
4.63115e-05
4.04463e-05
3.84112e-05
0.000374249
0.00033823
0.000294595
0.000251266
0.000210526
0.000173248
0.000140533
0.000114114
9.61769e-05
8.88035e-05
0.000909866
0.000828885
0.000731026
0.000632134
0.000535624
0.000442827
0.000356756
0.000282927
0.000228841
0.000203596
0.00216994
0.00199753
0.00178978
0.00157533
0.00135613
0.00113237
0.000911097
0.000708254
0.000547356
0.000463337
0.00504558
0.00470648
0.00429918
0.00386764
0.00339994
0.0028861
0.00233814
0.0017963
0.0013259
0.00104947
0.011354
0.0107633
0.0100562
0.00928169
0.00837452
0.00728093
0.00600382
0.00462563
0.00329817
0.00239643
0.0245148
0.0236811
0.0226855
0.0215403
0.0200328
0.0179716
0.0152753
0.0120558
0.00853073
0.00564312
0.0503042
0.0496103
0.0487692
0.0476758
0.0458097
0.0426651
0.0378911
0.0314787
0.0240462
0.0156639
4.80915e-14
4.3195e-14
3.78378e-14
3.34018e-14
2.98111e-14
2.73077e-14
2.60025e-14
2.589e-14
2.71493e-14
2.90118e-14
2.76357e-13
2.47758e-13
2.1673e-13
1.90514e-13
1.6952e-13
1.55055e-13
1.47708e-13
1.47451e-13
1.54716e-13
1.65539e-13
8.8882e-13
7.92488e-13
6.88251e-13
5.99632e-13
5.30445e-13
4.83842e-13
4.61345e-13
4.63085e-13
4.88439e-13
5.24966e-13
2.54097e-12
2.25378e-12
1.94062e-12
1.67416e-12
1.47028e-12
1.33623e-12
1.27502e-12
1.28634e-12
1.3644e-12
1.47246e-12
6.95782e-12
6.1486e-12
5.25445e-12
4.4915e-12
3.91528e-12
3.54355e-12
3.38094e-12
3.42311e-12
3.64596e-12
3.94253e-12
1.86811e-11
1.647e-11
1.3988e-11
1.18613e-11
1.02671e-11
9.25059e-12
8.81575e-12
8.94119e-12
9.54516e-12
1.0327e-11
4.96094e-11
4.36648e-11
3.68999e-11
3.10823e-11
2.67344e-11
2.3974e-11
2.27927e-11
2.31128e-11
2.46872e-11
2.67037e-11
1.30756e-10
1.14915e-10
9.67477e-11
8.10584e-11
6.93273e-11
6.18633e-11
5.86076e-11
5.93141e-11
6.32885e-11
6.83994e-11
3.42614e-10
3.00778e-10
2.52499e-10
2.10632e-10
1.79238e-10
1.59122e-10
1.50058e-10
1.51334e-10
1.61082e-10
1.73829e-10
8.93482e-10
7.83851e-10
6.56546e-10
5.45717e-10
4.62222e-10
4.08153e-10
3.82791e-10
3.84167e-10
4.0743e-10
4.38745e-10
2.32135e-09
2.03519e-09
1.70183e-09
1.41024e-09
1.18925e-09
1.04425e-09
9.73167e-10
9.70746e-10
1.02468e-09
1.10048e-09
6.01191e-09
5.26845e-09
4.39962e-09
3.63599e-09
3.05326e-09
2.66527e-09
2.46618e-09
2.4424e-09
2.56328e-09
2.744e-09
1.55268e-08
1.36042e-08
1.13472e-08
9.35506e-09
7.82336e-09
6.78717e-09
6.23078e-09
6.11976e-09
6.37917e-09
6.80288e-09
4.00057e-08
3.50469e-08
2.92024e-08
2.40238e-08
2.00092e-08
1.72473e-08
1.56969e-08
1.52728e-08
1.57952e-08
1.67695e-08
1.02847e-07
9.00851e-08
7.50028e-08
6.15859e-08
5.10925e-08
4.37449e-08
3.94388e-08
3.79684e-08
3.89115e-08
4.10984e-08
2.63781e-07
2.31013e-07
1.92271e-07
1.57631e-07
1.30279e-07
1.1077e-07
9.88479e-08
9.4034e-08
9.53641e-08
1.00118e-07
6.74874e-07
5.91061e-07
4.92016e-07
4.02904e-07
3.31811e-07
2.80112e-07
2.47208e-07
2.32035e-07
2.32481e-07
2.42352e-07
1.72196e-06
1.50896e-06
1.25677e-06
1.0285e-06
8.44329e-07
7.07629e-07
6.17092e-07
5.70546e-07
5.63641e-07
5.82692e-07
4.37991e-06
3.84226e-06
3.20354e-06
2.62208e-06
2.147e-06
1.78652e-06
1.53817e-06
1.39824e-06
1.35876e-06
1.39077e-06
1.10978e-05
9.74966e-06
8.14539e-06
6.67531e-06
5.45661e-06
4.50936e-06
3.83044e-06
3.41633e-06
3.25626e-06
3.29323e-06
2.79758e-05
2.46268e-05
2.06453e-05
1.6965e-05
1.38619e-05
1.13845e-05
9.53579e-06
8.32612e-06
7.75679e-06
7.73092e-06
7.00452e-05
6.18504e-05
5.21128e-05
4.30182e-05
3.51963e-05
2.876e-05
2.37508e-05
2.02567e-05
1.83681e-05
1.79786e-05
0.000173803
0.000154163
0.0001308
0.000108726
8.92846e-05
7.27211e-05
5.92414e-05
4.92565e-05
4.32576e-05
4.13893e-05
0.000426062
0.000380244
0.000325695
0.000273445
0.000226073
0.000184044
0.000148134
0.000119924
0.000101431
9.42753e-05
0.00102765
0.000924662
0.000801986
0.000682526
0.000570338
0.000465904
0.000371691
0.000293092
0.000237358
0.00021244
0.002426
0.00220623
0.00194428
0.00168415
0.0014291
0.00117765
0.000936263
0.00072144
0.000556778
0.000474072
0.00556926
0.00513342
0.00461336
0.00408493
0.0035386
0.00296125
0.00236529
0.0017951
0.0013189
0.00105055
0.0123378
0.0115605
0.0106319
0.00966273
0.00859126
0.00735817
0.00597076
0.00452872
0.00320107
0.00234123
0.0261491
0.0249753
0.023571
0.0220574
0.0202241
0.0178703
0.0149282
0.0115655
0.0080684
0.00536794
0.052532
0.0512449
0.0496994
0.0479514
0.045473
0.0417404
0.0364269
0.0296747
0.0222097
0.0144776
5.29756e-14
4.73701e-14
4.1357e-14
3.64245e-14
3.24585e-14
2.97058e-14
2.82827e-14
2.81898e-14
2.96472e-14
3.18452e-14
3.05969e-13
2.72248e-13
2.37146e-13
2.07959e-13
1.84725e-13
1.68792e-13
1.60774e-13
1.60653e-13
1.69198e-13
1.82576e-13
9.91888e-13
8.75565e-13
7.56087e-13
6.56983e-13
5.80072e-13
5.28502e-13
5.03836e-13
5.06287e-13
5.36799e-13
5.83327e-13
2.85146e-12
2.50254e-12
2.13905e-12
1.83888e-12
1.61141e-12
1.46262e-12
1.39547e-12
1.41056e-12
1.50666e-12
1.64451e-12
7.83683e-12
6.85016e-12
5.80221e-12
4.93702e-12
4.2923e-12
3.87926e-12
3.7017e-12
3.7589e-12
4.03775e-12
4.41728e-12
2.10924e-11
1.83862e-11
1.54583e-11
1.30337e-11
1.1246e-11
1.0117e-11
9.64618e-12
9.82257e-12
1.05882e-11
1.15927e-11
5.61032e-11
4.88143e-11
4.0802e-11
3.41393e-11
2.9253e-11
2.61892e-11
2.49217e-11
2.53973e-11
2.7415e-11
3.00087e-11
1.48026e-10
1.28616e-10
1.07027e-10
8.89942e-11
7.57856e-11
6.75072e-11
6.40373e-11
6.5182e-11
7.03279e-11
7.69027e-11
3.88139e-10
3.36891e-10
2.79399e-10
2.31158e-10
1.95761e-10
1.73464e-10
1.63842e-10
1.66279e-10
1.79039e-10
1.95451e-10
1.01276e-09
8.78272e-10
7.2656e-10
5.98653e-10
5.04428e-10
4.44529e-10
4.17637e-10
4.21939e-10
4.52781e-10
4.93183e-10
2.63183e-09
2.28086e-09
1.88328e-09
1.54642e-09
1.29691e-09
1.13635e-09
1.06092e-09
1.06556e-09
1.1382e-09
1.23632e-09
6.81541e-09
5.90482e-09
4.8681e-09
3.9855e-09
3.32751e-09
2.89803e-09
2.68634e-09
2.67887e-09
2.84514e-09
3.08012e-09
1.75994e-08
1.52455e-08
1.25527e-08
1.02502e-08
8.52093e-09
7.37424e-09
6.78105e-09
6.70592e-09
7.07351e-09
7.62771e-09
4.53358e-08
3.92665e-08
3.2296e-08
2.63117e-08
2.17806e-08
1.87248e-08
1.7067e-08
1.6717e-08
1.74925e-08
1.87768e-08
1.16517e-07
1.00903e-07
8.29218e-08
6.74218e-08
5.55827e-08
4.74544e-08
4.2836e-08
4.15038e-08
4.30267e-08
4.59405e-08
2.98777e-07
2.58674e-07
2.12494e-07
1.72485e-07
1.41636e-07
1.20057e-07
1.07234e-07
1.02631e-07
1.05255e-07
1.11686e-07
7.64109e-07
6.61595e-07
5.43509e-07
4.4061e-07
3.60466e-07
3.03289e-07
2.67807e-07
2.52783e-07
2.56025e-07
2.69688e-07
1.94839e-06
1.68805e-06
1.3874e-06
1.12392e-06
9.16413e-07
7.65261e-07
6.67408e-07
6.20196e-07
6.1906e-07
6.46475e-07
4.95182e-06
4.29456e-06
3.53341e-06
2.86259e-06
2.32764e-06
1.92918e-06
1.66026e-06
1.51587e-06
1.48748e-06
1.53737e-06
1.25339e-05
1.08851e-05
8.97358e-06
7.27832e-06
5.90702e-06
4.86049e-06
4.1243e-06
3.69173e-06
3.55053e-06
3.62408e-06
3.15542e-05
2.74537e-05
2.27083e-05
1.8466e-05
1.49774e-05
1.22423e-05
1.0236e-05
8.9614e-06
8.41642e-06
8.46085e-06
7.88452e-05
6.88026e-05
5.71942e-05
4.67175e-05
3.7933e-05
3.08342e-05
2.53974e-05
2.16948e-05
1.98101e-05
1.95435e-05
0.00019505
0.000170975
0.000143121
0.000117714
9.59094e-05
7.76665e-05
6.30448e-05
5.2431e-05
4.63076e-05
4.46217e-05
0.000476197
0.000419978
0.000354923
0.000294844
0.000241802
0.000195594
0.000156697
0.000126687
0.000107593
0.000100626
0.00114227
0.00101565
0.000869239
0.000732012
0.000606616
0.000492051
0.000390227
0.00030673
0.000248968
0.000224065
0.00267703
0.00240575
0.00209259
0.00179385
0.0015092
0.00123399
0.000973861
0.000746422
0.000576141
0.000493154
0.00608818
0.00554554
0.00492125
0.00431335
0.00370365
0.00307289
0.00243272
0.00183194
0.00134314
0.00107631
0.0133308
0.0123444
0.0112177
0.0100947
0.00889447
0.00754685
0.00606043
0.00454897
0.00320078
0.00236004
0.0278606
0.0263006
0.0245476
0.0227545
0.020671
0.0180808
0.0149271
0.011406
0.00792627
0.00533679
0.0550797
0.0531156
0.0509997
0.0487702
0.0458198
0.0416068
0.0358507
0.02871
0.0212931
0.0142726
0.10335
0.101931
0.100689
0.0992859
0.0965096
0.0912367
0.0827885
0.0704308
0.0573782
0.0434222
0.178016
0.179254
0.181489
0.183678
0.183952
0.180658
0.173077
0.160139
0.144689
0.130426
0.283436
0.290373
0.299562
0.308991
0.316326
0.319852
0.319008
0.313763
0.304282
0.295711
0.415584
0.430787
0.44926
0.467962
0.484428
0.497225
0.505865
0.510623
0.511253
0.510036
0.560831
0.584466
0.611024
0.636755
0.659521
0.678711
0.69424
0.706607
0.717017
0.727623
0.699532
0.728305
0.757267
0.783662
0.806365
0.825657
0.84159
0.855071
0.870016
0.888132
0.813812
0.842408
0.867246
0.888422
0.905682
0.920146
0.931443
0.941129
0.956795
0.980113
0.894978
0.919082
0.936002
0.949512
0.959716
0.96805
0.973642
0.978784
0.995439
1.02876
0.94506
0.963071
0.97196
0.978915
0.983699
0.986971
0.989041
0.98857
1.00372
1.04472
0.972438
0.98487
0.988192
0.991254
0.993341
0.994565
0.996987
0.994595
1.00908
1.03542
0.100227
0.0999622
0.0995864
0.0989704
0.0970632
0.0927552
0.0853096
0.0736411
0.0612671
0.0457222
0.175705
0.178869
0.182305
0.185686
0.187448
0.185932
0.180501
0.169688
0.156432
0.142682
0.284273
0.294352
0.304972
0.315903
0.325371
0.331682
0.334502
0.33391
0.329924
0.326771
0.421908
0.441885
0.461618
0.481589
0.50025
0.516155
0.528914
0.53911
0.546336
0.55193
0.572904
0.602899
0.629574
0.654893
0.678417
0.699367
0.717508
0.73338
0.748246
0.763105
0.714636
0.749853
0.777369
0.801419
0.822873
0.842029
0.85831
0.872852
0.889978
0.906694
0.828072
0.861954
0.884339
0.901941
0.916675
0.930197
0.939762
0.950444
0.967146
0.978814
0.905879
0.933684
0.948221
0.958135
0.965768
0.973722
0.976044
0.986959
0.997421
1.01002
0.952027
0.972347
0.979831
0.983894
0.986721
0.990131
0.989505
0.995574
0.999997
1.02581
0.976261
0.98999
0.992955
0.994005
0.994743
0.995312
0.998009
0.990393
0.998014
1.03523
0.0980304
0.0987671
0.0995113
0.0999709
0.0991417
0.0959671
0.0896585
0.078803
0.0669111
0.0504953
0.175916
0.180738
0.185773
0.190722
0.194178
0.194613
0.191425
0.18321
0.171897
0.160156
0.290637
0.303332
0.315854
0.328606
0.340216
0.349188
0.35543
0.359345
0.360857
0.363204
0.437889
0.461535
0.482814
0.503981
0.524259
0.542394
0.558116
0.572213
0.583756
0.593729
0.598131
0.631874
0.658286
0.68279
0.705919
0.727077
0.745926
0.763016
0.779507
0.795708
0.742545
0.780341
0.805752
0.827064
0.846159
0.863622
0.87829
0.891721
0.90824
0.923875
0.851271
0.886201
0.905707
0.920025
0.931838
0.94319
0.950072
0.959332
0.973203
0.982682
0.920929
0.948794
0.960967
0.968417
0.973916
0.980301
0.980707
0.989815
0.99637
1.00813
0.959862
0.97983
0.986088
0.988957
0.990762
0.99347
0.992934
0.996936
0.997961
1.0251
0.979655
0.992892
0.995579
0.996321
0.996563
0.997348
0.999705
0.990309
0.998355
1.0385
0.0970252
0.0983408
0.0998804
0.101157
0.10116
0.0988602
0.0934292
0.0832128
0.0716572
0.05465
0.177492
0.183242
0.189343
0.195392
0.200064
0.201914
0.200364
0.193864
0.184272
0.174034
0.298076
0.312178
0.325767
0.339592
0.352575
0.363356
0.371929
0.378754
0.38371
0.389794
0.453866
0.479333
0.501006
0.522415
0.543272
0.562521
0.579921
0.596306
0.610343
0.622802
0.621295
0.656134
0.681412
0.704549
0.726719
0.747484
0.766361
0.783802
0.800727
0.817296
0.766521
0.804138
0.827113
0.845901
0.862876
0.878791
0.892205
0.904473
0.919957
0.9346
0.870177
0.903786
0.920475
0.932266
0.941946
0.951679
0.957215
0.964913
0.977586
0.985945
0.932744
0.958827
0.968735
0.974489
0.978623
0.983939
0.983794
0.991038
0.997048
1.00813
0.965959
0.984224
0.989126
0.991233
0.992468
0.994732
0.994335
0.996192
0.997143
1.02577
0.982402
0.994163
0.996247
0.996833
0.996926
0.997822
0.999936
0.989093
0.997316
1.04076
0.0966465
0.0982198
0.100131
0.101808
0.102233
0.100392
0.0954273
0.0855444
0.0741094
0.056732
0.178693
0.184843
0.191396
0.19793
0.203169
0.20572
0.204997
0.19945
0.190239
0.180925
0.302751
0.317433
0.331354
0.345522
0.359059
0.370646
0.380327
0.388578
0.395016
0.40254
0.463462
0.489604
0.511091
0.532235
0.553063
0.572666
0.590775
0.608131
0.623168
0.636512
0.634555
0.669658
0.693901
0.715891
0.737224
0.757563
0.776323
0.793808
0.810799
0.827289
0.779705
0.816983
0.838323
0.855461
0.871112
0.886121
0.89889
0.910597
0.925554
0.93948
0.880138
0.912985
0.928011
0.938306
0.946799
0.955728
0.960694
0.967799
0.979892
0.987534
0.938759
0.963979
0.972627
0.977423
0.98084
0.985729
0.985394
0.99219
0.997749
1.00857
0.969016
0.986532
0.990682
0.992343
0.993289
0.995458
0.995097
0.996586
0.99721
1.02608
0.983796
0.99498
0.9967
0.997145
0.997166
0.998146
1.00021
0.989087
0.997263
1.04096
0.0964292
0.0979975
0.0999003
0.101567
0.101988
0.100152
0.0952013
0.085337
0.0740261
0.0568871
0.178338
0.184474
0.191002
0.197509
0.202728
0.205267
0.204565
0.198895
0.190513
0.181045
0.302238
0.316893
0.330773
0.344896
0.358393
0.369946
0.379644
0.387857
0.394504
0.402544
0.462832
0.48893
0.510376
0.531483
0.552282
0.571864
0.589975
0.607333
0.622367
0.635809
0.633909
0.668978
0.693209
0.71519
0.736525
0.756875
0.775661
0.79319
0.810248
0.826816
0.779164
0.816427
0.837791
0.854952
0.870628
0.885684
0.898474
0.910253
0.925326
0.939263
0.879781
0.912634
0.927692
0.938019
0.946532
0.95553
0.960448
0.967693
0.979909
0.98738
0.938583
0.963797
0.972475
0.977296
0.980715
0.985693
0.985156
0.99236
0.997917
1.00831
0.968953
0.986459
0.990626
0.992298
0.993232
0.995492
0.994814
0.996946
0.997394
1.02561
0.983781
0.994964
0.996681
0.997127
0.997142
0.998153
1.00015
0.988919
0.997194
1.04112
0.0964114
0.0977062
0.0992202
0.100473
0.100466
0.0981851
0.0928136
0.0826942
0.071247
0.0543398
0.176501
0.182192
0.188225
0.194203
0.198818
0.200647
0.199126
0.192727
0.183071
0.173125
0.296655
0.310646
0.324123
0.337828
0.350697
0.361388
0.369929
0.376766
0.381749
0.387867
0.452102
0.477423
0.498978
0.520279
0.541051
0.560238
0.577626
0.593994
0.608123
0.620658
0.619475
0.654198
0.679429
0.702544
0.724714
0.745514
0.764457
0.781972
0.799085
0.81582
0.764985
0.802539
0.825559
0.844417
0.861469
0.877508
0.891005
0.903435
0.919101
0.933862
0.869136
0.902715
0.919506
0.931405
0.941171
0.951041
0.956633
0.964523
0.977227
0.985605
0.932207
0.958211
0.968242
0.974095
0.978287
0.983683
0.983591
0.990967
0.996945
1.00807
0.965757
0.983877
0.988921
0.99109
0.992356
0.994646
0.994335
0.996234
0.997178
1.02572
0.982344
0.99397
0.996194
0.996797
0.996898
0.997812
0.999971
0.98917
0.99738
1.0402
0.0970999
0.0978056
0.0985129
0.0989394
0.0980994
0.0949563
0.0887346
0.0780313
0.0663125
0.050026
0.174435
0.179168
0.184101
0.188946
0.192324
0.192735
0.189604
0.181518
0.17038
0.158797
0.288544
0.30107
0.313412
0.325982
0.337431
0.346269
0.352474
0.35642
0.358084
0.360521
0.435314
0.458732
0.479802
0.500779
0.520903
0.538935
0.554629
0.56869
0.580342
0.590469
0.59545
0.628986
0.655287
0.679724
0.702825
0.724019
0.742913
0.760101
0.77679
0.793236
0.740242
0.777907
0.80334
0.824729
0.843923
0.86157
0.876349
0.890016
0.906691
0.922593
0.849672
0.884539
0.904149
0.91861
0.93055
0.942106
0.949149
0.958689
0.972471
0.982192
0.920055
0.947858
0.960142
0.967715
0.973308
0.979743
0.980538
0.989418
0.996194
1.00823
0.95948
0.979386
0.985717
0.988648
0.990518
0.993129
0.993168
0.996473
0.99793
1.02556
0.979517
0.99268
0.995415
0.996174
0.99645
0.997237
0.999708
0.990449
0.998559
1.03839
0.0990911
0.09879
0.0983729
0.0977193
0.0957991
0.0915253
0.0841712
0.0726386
0.0603684
0.0451314
0.173927
0.176988
0.180306
0.183563
0.185231
0.183685
0.178303
0.167488
0.15463
0.14094
0.2818
0.291683
0.30209
0.312795
0.322066
0.328211
0.33099
0.330378
0.32662
0.323402
0.418906
0.438642
0.458098
0.477801
0.496235
0.511949
0.52466
0.534629
0.542022
0.547738
0.56988
0.599594
0.626052
0.651225
0.67463
0.695539
0.71366
0.729514
0.744859
0.759997
0.711988
0.747076
0.774505
0.798562
0.820043
0.839381
0.855653
0.87036
0.888056
0.904967
0.82614
0.859988
0.882449
0.900177
0.914983
0.928823
0.938109
0.949418
0.9656
0.977351
0.904718
0.932563
0.947225
0.9573
0.964968
0.973078
0.975197
0.985956
0.996674
1.00974
0.951402
0.971785
0.979445
0.983648
0.986489
0.989812
0.989805
0.99536
1.00006
1.02552
0.975994
0.989693
0.992846
0.993996
0.994659
0.99522
0.997905
0.99043
0.998596
1.03498
0.102106
0.100656
0.0993698
0.0979243
0.0951321
0.0898925
0.0815383
0.0693296
0.0564545
0.0426631
0.176102
0.177243
0.179346
0.181401
0.181572
0.178241
0.170704
0.157848
0.142582
0.128428
0.280815
0.287561
0.296508
0.305687
0.312807
0.316175
0.315263
0.30999
0.300542
0.291969
0.412428
0.427376
0.445543
0.463941
0.480142
0.492729
0.501245
0.505814
0.506407
0.505101
0.557608
0.581001
0.607263
0.632791
0.655417
0.674522
0.690028
0.702234
0.71275
0.723429
0.696691
0.725351
0.754185
0.780546
0.803278
0.822686
0.838795
0.852238
0.867582
0.886027
0.811746
0.840288
0.865156
0.886439
0.903831
0.918517
0.930077
0.939929
0.955939
0.979595
0.893761
0.917842
0.934843
0.948481
0.958833
0.967298
0.973087
0.978437
0.994652
1.02857
0.944505
0.962399
0.971418
0.978466
0.983403
0.986721
0.988947
0.988771
1.00378
1.04427
0.972343
0.984527
0.987958
0.991068
0.993279
0.994582
0.997095
0.994741
1.00947
1.03501
0.986237
0.994401
0.994808
0.996071
0.997245
0.998604
1.00271
1.0067
1.02102
1.03924
0.99291
0.998093
0.997301
0.997757
0.998366
0.999007
1.00022
1.00013
0.992094
0.974969
0.996116
0.999209
0.998222
0.998419
0.998676
0.9989
0.999067
0.998421
0.993082
0.9895
0.99767
0.999333
0.998552
0.998666
0.998629
0.998619
0.998443
0.997603
0.994301
0.993175
0.998399
0.99924
0.998721
0.998728
0.998485
0.998405
0.998186
0.997557
0.995626
0.996091
0.998684
0.999134
0.998682
0.99862
0.998409
0.998352
0.99819
0.997733
0.996453
0.997281
0.998732
0.998955
0.998549
0.998494
0.998461
0.998362
0.998193
0.997932
0.997074
0.997824
0.99869
0.998742
0.998455
0.998527
0.998464
0.998323
0.998199
0.998078
0.997569
0.997948
0.998623
0.998565
0.998359
0.998593
0.998372
0.998365
0.998205
0.998157
0.997992
0.99789
0.998555
0.998482
0.998328
0.99852
0.998272
0.998437
0.998229
0.998125
0.998117
0.998037
0.998513
0.998496
0.99833
0.998345
0.998263
0.998448
0.998317
0.998151
0.998175
0.99821
0.998481
0.998535
0.998351
0.998269
0.998355
0.998373
0.998377
0.998224
0.998291
0.998203
0.998394
0.998541
0.998293
0.998232
0.998373
0.99816
0.998373
0.998223
0.998293
0.998091
0.998158
0.998619
0.998173
0.998192
0.998366
0.998103
0.998377
0.998181
0.998316
0.997953
0.997951
0.998721
0.998102
0.998301
0.998352
0.998324
0.998334
0.99811
0.99847
0.997952
0.99806
0.998598
0.998115
0.998394
0.998297
0.99843
0.998253
0.998082
0.998526
0.99797
0.998173
0.998448
0.998177
0.998372
0.998295
0.99835
0.998276
0.998105
0.998471
0.997938
0.998104
0.998436
0.998166
0.998247
0.998286
0.998183
0.998352
0.998089
0.998405
0.997807
0.997891
0.998512
0.998105
0.998232
0.998273
0.998151
0.998403
0.998048
0.998423
0.997633
0.997639
0.998618
0.998084
0.998438
0.99831
0.99837
0.998411
0.997968
0.998627
0.997513
0.997662
0.998549
0.998084
0.998505
0.998343
0.99843
0.998363
0.99785
0.998708
0.9973
0.99759
0.99852
0.99805
0.998474
0.998324
0.998246
0.998329
0.997672
0.998683
0.996962
0.997096
0.998564
0.997829
0.998352
0.998104
0.997865
0.998174
0.997368
0.998716
0.996462
0.996229
0.998675
0.997251
0.997888
0.997587
0.997318
0.997653
0.996859
0.998695
0.995769
0.995425
0.99887
0.996467
0.997096
0.99676
0.996672
0.996804
0.996079
0.998622
0.995127
0.995168
0.998641
0.995581
0.996213
0.99585
0.99593
0.995936
0.995279
0.998521
0.994662
0.994179
0.997715
0.994152
0.995162
0.995052
0.995139
0.995133
0.994186
0.997938
0.993589
0.991361
0.996911
0.992361
0.994046
0.994333
0.994395
0.994399
0.992701
0.997112
0.99136
0.990621
0.99945
0.993042
0.994932
0.995273
0.995317
0.995284
0.993425
0.999217
0.991503
0.999092
1.00415
0.998868
0.999834
0.999946
0.999965
0.999926
0.99907
1.00408
0.999312
0.988166
0.996807
0.997579
0.997839
0.998117
0.998759
1.00484
0.995263
1.01072
1.05579
0.993867
0.998966
0.998919
0.999081
0.99907
0.999392
1.00179
0.997488
0.991806
0.971483
0.996531
0.999402
0.999278
0.999251
0.999129
0.999312
0.999118
0.997938
0.99132
0.991441
0.997778
0.999316
0.999345
0.999027
0.998964
0.998982
0.998544
0.997004
0.994284
0.99423
0.99836
0.999095
0.999159
0.998856
0.998777
0.998732
0.998254
0.997519
0.995471
0.996193
0.998705
0.998899
0.99894
0.998919
0.998691
0.998609
0.998261
0.997745
0.996418
0.996925
0.998849
0.998859
0.998937
0.999047
0.998633
0.998546
0.998368
0.99802
0.997104
0.99751
0.998847
0.998908
0.999064
0.998861
0.998599
0.998555
0.998482
0.99822
0.997649
0.997935
0.998799
0.998921
0.999205
0.998618
0.998666
0.998573
0.998577
0.998371
0.998011
0.998309
0.998712
0.998858
0.999076
0.998624
0.998756
0.998566
0.998655
0.998519
0.998133
0.998388
0.998706
0.998877
0.998864
0.998807
0.998804
0.998564
0.998686
0.998592
0.998241
0.998386
0.998743
0.998978
0.998776
0.999013
0.998788
0.998629
0.998715
0.9986
0.998451
0.998468
0.998734
0.999019
0.998705
0.999086
0.998799
0.998873
0.99879
0.998644
0.998829
0.998539
0.998785
0.999054
0.998727
0.999147
0.998823
0.999053
0.998845
0.998678
0.999158
0.998574
0.998861
0.999085
0.998759
0.99899
0.998811
0.998846
0.998872
0.998687
0.999043
0.998492
0.998727
0.999092
0.998747
0.998781
0.998841
0.998673
0.998921
0.998715
0.998919
0.998407
0.998581
0.999136
0.998707
0.998825
0.998891
0.998765
0.998956
0.998729
0.999091
0.998425
0.9986
0.999212
0.998668
0.999046
0.998948
0.998994
0.998992
0.998734
0.999408
0.9985
0.998704
0.999274
0.998663
0.999237
0.99897
0.999164
0.999011
0.998682
0.999652
0.998593
0.998821
0.999252
0.998648
0.999062
0.998913
0.998943
0.999006
0.998614
0.999548
0.998574
0.998787
0.999177
0.998627
0.998928
0.998903
0.998776
0.99907
0.998662
0.9996
0.998492
0.998785
0.999153
0.998626
0.999005
0.998978
0.998927
0.999186
0.998784
0.999976
0.998462
0.998758
0.999391
0.998731
0.999146
0.999206
0.999356
0.999396
0.998947
1.00044
0.998462
0.998632
1.00021
0.999108
0.999525
0.999691
1.00003
0.999841
0.99932
1.00124
0.998454
0.998583
1.00163
0.999821
1.00027
1.00048
1.00068
1.00066
1.0001
1.00261
0.998404
0.998435
1.00302
1.00064
1.00137
1.00153
1.00154
1.00179
1.00081
1.00407
0.998325
0.99774
1.00373
1.00079
1.00227
1.00228
1.00224
1.00242
1.00054
1.00442
0.997837
0.996846
1.00489
1.00052
1.00299
1.00291
1.00282
1.00264
1.00003
1.00446
0.997189
0.999166
1.00884
1.00212
1.00471
1.00462
1.00454
1.00426
1.00181
1.00741
0.999378
1.00412
1.00903
1.00358
1.00471
1.0047
1.00468
1.00462
1.00359
1.00853
1.00411
0.98935
0.997576
0.998637
0.998817
0.99878
0.999952
1.00484
0.993799
1.01244
1.05647
0.994195
0.998933
0.999428
0.999472
0.999406
0.999795
1.0018
0.998049
0.995021
0.97001
0.99666
0.999216
0.999559
0.999604
0.999504
0.9996
0.999365
0.999139
0.99402
0.994597
0.997829
0.999214
0.999514
0.999556
0.99938
0.999313
0.99892
0.99794
0.99678
0.996907
0.998378
0.999129
0.999424
0.999394
0.999189
0.999082
0.998735
0.998394
0.996655
0.997739
0.998648
0.998962
0.999301
0.999211
0.999026
0.998955
0.998663
0.998407
0.99725
0.998008
0.998775
0.998829
0.999123
0.999037
0.998888
0.99886
0.99866
0.998452
0.997623
0.998199
0.998812
0.998777
0.998937
0.998917
0.998811
0.998808
0.998657
0.998465
0.997938
0.998284
0.998698
0.998778
0.998842
0.998845
0.998788
0.998737
0.998656
0.998469
0.998122
0.998373
0.998572
0.998776
0.998815
0.998799
0.998762
0.998664
0.998649
0.998544
0.998297
0.998347
0.998505
0.998721
0.998725
0.998757
0.998694
0.998626
0.998618
0.998559
0.998424
0.998299
0.998459
0.998642
0.998569
0.998678
0.998587
0.998608
0.998586
0.998508
0.998501
0.998231
0.998401
0.998612
0.99849
0.998647
0.998519
0.998613
0.998562
0.998452
0.998547
0.998187
0.998283
0.99864
0.998497
0.998636
0.998498
0.998577
0.998546
0.998417
0.998564
0.998186
0.998253
0.998649
0.998482
0.998609
0.998523
0.998527
0.998574
0.998432
0.998628
0.998147
0.998235
0.998647
0.998422
0.998593
0.998555
0.998518
0.998613
0.998431
0.998736
0.998064
0.998156
0.998645
0.998333
0.998555
0.998516
0.998504
0.998583
0.998328
0.998748
0.998036
0.998153
0.998594
0.998208
0.998526
0.99845
0.998489
0.998521
0.998211
0.998694
0.998033
0.998163
0.998556
0.998108
0.998478
0.998422
0.998444
0.998496
0.998158
0.998663
0.997955
0.99811
0.998572
0.998078
0.998453
0.99843
0.998394
0.998515
0.998145
0.998712
0.997816
0.998098
0.99856
0.998035
0.998487
0.998424
0.998387
0.998532
0.998099
0.998843
0.997692
0.998073
0.998538
0.997957
0.99848
0.998371
0.998364
0.998473
0.997982
0.998965
0.997572
0.997818
0.99869
0.997942
0.998465
0.998368
0.998369
0.998398
0.997863
0.999119
0.99733
0.997206
0.999163
0.99816
0.998585
0.998527
0.998495
0.998488
0.99789
0.999509
0.996838
0.996414
0.999929
0.998475
0.998749
0.998693
0.998614
0.998639
0.998091
1.00032
0.995998
0.995573
1.00069
0.998105
0.998445
0.998397
0.998293
0.998315
0.997687
1.00111
0.995007
0.994175
1.00077
0.996597
0.997534
0.997572
0.997495
0.997412
0.996177
1.0009
0.993854
0.992376
1.00051
0.994876
0.996855
0.997049
0.997055
0.996829
0.994736
1.0002
0.99257
0.993067
1.00213
0.995185
0.997496
0.997745
0.997788
0.997585
0.995401
1.00167
0.99349
0.998891
1.00359
0.998092
0.99908
0.999176
0.999193
0.999139
0.998259
1.0035
0.999085
0.990529
0.997495
0.998365
0.998663
0.998617
1.00003
1.00417
0.993498
1.01161
1.05685
0.994667
0.998432
0.998899
0.999135
0.999098
0.999498
1.00117
0.998244
0.993443
0.964888
0.996807
0.998652
0.999037
0.99923
0.999162
0.999169
0.998943
0.998798
0.993967
0.994122
0.99792
0.998671
0.999024
0.999163
0.999026
0.998947
0.998703
0.998025
0.997176
0.996991
0.998435
0.998635
0.998961
0.999038
0.998875
0.998807
0.998637
0.998582
0.997186
0.997962
0.998608
0.998604
0.998912
0.998946
0.9988
0.998764
0.998624
0.998604
0.997658
0.998155
0.998696
0.99857
0.998855
0.99889
0.998758
0.998734
0.998632
0.998611
0.997928
0.998329
0.998765
0.99853
0.998776
0.998839
0.998727
0.998705
0.998628
0.998625
0.998169
0.998352
0.998762
0.998559
0.998719
0.998786
0.9987
0.998679
0.998626
0.998622
0.9983
0.998383
0.998685
0.998628
0.998697
0.998745
0.99868
0.998665
0.998638
0.998612
0.998408
0.998431
0.998595
0.998686
0.998688
0.998727
0.998667
0.998661
0.998656
0.998578
0.998484
0.998517
0.998594
0.998708
0.998652
0.998723
0.998655
0.998662
0.998673
0.998563
0.998574
0.998544
0.998631
0.998718
0.998601
0.998731
0.998656
0.998674
0.998691
0.998583
0.998683
0.998451
0.998546
0.998797
0.998598
0.998739
0.99867
0.998686
0.998708
0.998626
0.998789
0.998273
0.998421
0.998865
0.998608
0.998736
0.998686
0.998688
0.998723
0.998636
0.998863
0.998173
0.998414
0.998867
0.99858
0.998741
0.998701
0.998696
0.998743
0.99859
0.998895
0.99823
0.998434
0.998882
0.998555
0.998763
0.998716
0.998716
0.998773
0.998549
0.998917
0.998297
0.998398
0.998931
0.998554
0.998804
0.998742
0.99875
0.998816
0.998557
0.998975
0.998266
0.998378
0.998978
0.998531
0.998857
0.998785
0.998789
0.998865
0.998571
0.99906
0.998197
0.998376
0.999023
0.998498
0.998921
0.998841
0.998826
0.998921
0.998564
0.999158
0.998139
0.998418
0.999029
0.998474
0.998996
0.998891
0.998862
0.998973
0.998551
0.999292
0.998055
0.998465
0.999037
0.998448
0.999017
0.998887
0.998856
0.998977
0.9985
0.999458
0.997945
0.998294
0.999229
0.998453
0.998965
0.99885
0.998821
0.998927
0.99842
0.99971
0.997749
0.997771
0.999709
0.998574
0.998948
0.998895
0.998868
0.998925
0.998418
1.0002
0.99733
0.996944
1.00052
0.99873
0.998966
0.998953
0.998917
0.998942
0.998468
1.00103
0.996647
0.996142
1.0015
0.998426
0.998773
0.998767
0.998729
0.998738
0.998141
1.00197
0.99587
0.995258
1.00214
0.99753
0.998561
0.998644
0.998629
0.998568
0.997309
1.00236
0.995095
0.994252
1.00273
0.99686
0.998942
0.999204
0.999221
0.999
0.996811
1.00248
0.994455
0.995103
1.00448
0.997503
0.99986
1.00015
1.00016
0.999931
0.997634
1.00401
0.995477
0.999854
1.00465
0.999085
1.00006
1.00016
1.00016
1.00009
0.999182
1.0045
0.999992
0.99119
0.997671
0.998382
0.998682
0.998638
1.00012
1.00415
0.993569
1.01186
1.05786
0.99507
0.998356
0.998747
0.999062
0.99904
0.999419
1.001
0.998269
0.993477
0.963366
0.997096
0.998486
0.998839
0.999127
0.999081
0.999046
0.998806
0.99872
0.994022
0.993687
0.998022
0.998515
0.998871
0.999046
0.99894
0.998852
0.998629
0.99803
0.997273
0.996889
0.998402
0.998522
0.998857
0.998935
0.998797
0.998731
0.998595
0.998629
0.997336
0.99802
0.998628
0.998492
0.998791
0.998855
0.998728
0.998701
0.998602
0.998654
0.997784
0.998234
0.998767
0.998457
0.998723
0.998802
0.99869
0.998682
0.998614
0.998635
0.997996
0.998421
0.998772
0.998455
0.998697
0.998769
0.998666
0.998662
0.998612
0.998626
0.998207
0.998443
0.99875
0.998486
0.998671
0.998736
0.998651
0.998646
0.998609
0.998619
0.998337
0.99843
0.99873
0.998527
0.998638
0.998706
0.99864
0.998636
0.99862
0.998616
0.998419
0.998411
0.998631
0.998593
0.998642
0.998692
0.998634
0.998633
0.998636
0.998598
0.998468
0.998412
0.998505
0.998661
0.998664
0.998688
0.998627
0.998634
0.998651
0.998584
0.998534
0.998397
0.998476
0.998676
0.99864
0.998694
0.998627
0.99864
0.998662
0.998588
0.998636
0.998329
0.998519
0.998693
0.998564
0.998698
0.998634
0.998642
0.998669
0.998567
0.998726
0.9983
0.998497
0.998744
0.998513
0.998695
0.998646
0.998644
0.99868
0.998537
0.998783
0.998292
0.998408
0.998772
0.998525
0.998698
0.998661
0.998657
0.998703
0.998548
0.998837
0.998212
0.998349
0.998765
0.998557
0.998715
0.998674
0.998673
0.998727
0.998545
0.998881
0.998167
0.998385
0.998747
0.998535
0.998748
0.998689
0.998691
0.998752
0.998522
0.998924
0.998161
0.99842
0.998791
0.998453
0.99879
0.998712
0.998706
0.998782
0.998491
0.998979
0.998147
0.998291
0.999018
0.998387
0.998844
0.998742
0.998718
0.998815
0.998455
0.999055
0.998103
0.998215
0.999205
0.998347
0.99889
0.998762
0.998723
0.998841
0.998432
0.999189
0.997966
0.998339
0.999053
0.998322
0.998884
0.998743
0.998698
0.998828
0.998365
0.999367
0.997803
0.998234
0.999062
0.998359
0.998846
0.998732
0.998688
0.998798
0.998285
0.999647
0.997574
0.997671
0.999579
0.998525
0.998894
0.998848
0.998811
0.998867
0.998331
1.00019
0.997111
0.996755
1.00054
0.998669
0.998958
0.998953
0.998917
0.998934
0.998425
1.00108
0.996369
0.995801
1.00172
0.998364
0.998778
0.998773
0.998735
0.998725
0.998104
1.00203
0.995567
0.995052
1.00234
0.997578
0.998661
0.998756
0.998729
0.998641
0.997331
1.00242
0.994929
0.994359
1.0029
0.997096
0.999224
0.999516
0.999516
0.999265
0.997008
1.00262
0.994538
0.995279
1.00466
0.997782
1.00016
1.00046
1.00046
1.00021
0.997873
1.00413
0.995647
0.999948
1.00471
0.999184
1.00016
1.00025
1.00025
1.00017
0.999261
1.00454
1.00007
0.991156
0.997676
0.998367
0.998666
0.998628
1.00007
1.00437
0.992627
1.01145
1.05926
0.994961
0.998377
0.998755
0.999056
0.999037
0.999404
1.00111
0.997722
0.993499
0.964285
0.997062
0.998481
0.998843
0.99914
0.999087
0.999062
0.99888
0.998738
0.993809
0.993853
0.998147
0.998474
0.998825
0.999054
0.998942
0.998849
0.998611
0.998004
0.997359
0.996907
0.998512
0.99848
0.998816
0.998934
0.998802
0.998735
0.99858
0.998605
0.997285
0.997964
0.998624
0.998476
0.998797
0.998853
0.998731
0.998702
0.998587
0.99864
0.997789
0.99823
0.998739
0.998444
0.998744
0.998806
0.998693
0.998685
0.998607
0.998614
0.997987
0.998434
0.998831
0.998419
0.998681
0.998769
0.998668
0.998666
0.998613
0.998627
0.998202
0.998423
0.998768
0.99845
0.998674
0.998736
0.998653
0.998653
0.998615
0.998639
0.998337
0.998371
0.998651
0.998474
0.9987
0.998713
0.998646
0.998646
0.998623
0.99863
0.998425
0.998378
0.998669
0.998431
0.998677
0.998695
0.998639
0.998642
0.998638
0.998599
0.998478
0.99843
0.998744
0.998365
0.99863
0.998685
0.99863
0.998638
0.998653
0.998579
0.998545
0.998438
0.998736
0.998356
0.998592
0.99869
0.998628
0.998638
0.998662
0.998562
0.998624
0.998409
0.998581
0.998585
0.998554
0.998702
0.998638
0.99864
0.998671
0.99855
0.998705
0.998357
0.998341
0.998994
0.998528
0.998709
0.998655
0.998647
0.998686
0.998551
0.998775
0.998285
0.998238
0.999096
0.998549
0.998708
0.998669
0.998662
0.998708
0.998557
0.998827
0.998214
0.998353
0.998796
0.998573
0.998715
0.998673
0.998672
0.998729
0.998529
0.998854
0.99822
0.998478
0.998622
0.998527
0.998743
0.998678
0.998681
0.998751
0.998495
0.998888
0.998221
0.998423
0.998834
0.998426
0.998786
0.998695
0.998691
0.998778
0.998495
0.998965
0.998112
0.998207
0.999231
0.998348
0.998835
0.99872
0.998697
0.998805
0.998474
0.999064
0.998004
0.998099
0.999349
0.998324
0.998865
0.998731
0.99869
0.998818
0.998426
0.999201
0.997875
0.998187
0.999102
0.998315
0.998845
0.998704
0.99865
0.998792
0.998353
0.99941
0.997658
0.998061
0.999108
0.998347
0.998803
0.998687
0.99863
0.998753
0.99826
0.999734
0.99737
0.997487
0.999629
0.998524
0.998859
0.998809
0.998757
0.99882
0.998263
1.0003
0.996951
0.996668
1.00058
0.998646
0.998929
0.998918
0.998876
0.998892
0.99832
1.00119
0.996302
0.995866
1.00168
0.998312
0.998754
0.998736
0.998697
0.998684
0.997985
1.00209
0.995558
0.995113
1.00224
0.997541
0.998653
0.998728
0.998697
0.998617
0.997217
1.00236
0.994995
0.994362
1.00283
0.997095
0.999241
0.999517
0.999511
0.999276
0.996963
1.00247
0.994641
0.995219
1.00465
0.997795
1.00018
1.00047
1.00046
1.00023
0.997891
1.00404
0.995708
0.99992
1.00468
0.999179
1.00016
1.00025
1.00025
1.00018
0.99927
1.00451
1.0001
0.99048
0.997526
0.998348
0.998646
0.998609
1.00005
1.00415
0.993454
1.01168
1.05665
0.994666
0.99862
0.998834
0.999125
0.999104
0.999543
1.00122
0.998219
0.993539
0.964887
0.99685
0.998731
0.998974
0.999238
0.999172
0.999205
0.998986
0.99883
0.994039
0.994189
0.99793
0.998664
0.999018
0.999177
0.99903
0.99894
0.998623
0.998012
0.997315
0.997015
0.998436
0.998647
0.998977
0.999055
0.998892
0.998821
0.998613
0.998544
0.997187
0.997912
0.998672
0.99856
0.998904
0.998953
0.998808
0.998769
0.998609
0.99862
0.997711
0.998083
0.998778
0.998524
0.99884
0.998892
0.998758
0.99874
0.998619
0.998592
0.997906
0.998321
0.998787
0.99856
0.998786
0.998844
0.998725
0.998714
0.998623
0.99859
0.998145
0.998416
0.998711
0.998613
0.998763
0.9988
0.998703
0.998693
0.998626
0.998585
0.998304
0.998471
0.998695
0.998611
0.998734
0.998768
0.998689
0.998682
0.998643
0.99859
0.998415
0.998502
0.998689
0.998608
0.998709
0.998746
0.99868
0.998676
0.998665
0.998589
0.998481
0.998511
0.998594
0.998659
0.998723
0.998743
0.998674
0.998674
0.998686
0.998592
0.998557
0.998481
0.998575
0.9987
0.998681
0.998747
0.998672
0.998677
0.998702
0.998612
0.998649
0.998387
0.998602
0.998734
0.998594
0.998746
0.998679
0.998681
0.998719
0.998643
0.998748
0.998266
0.998517
0.99881
0.998566
0.998743
0.998695
0.998689
0.998739
0.998636
0.998824
0.998246
0.998378
0.998868
0.998612
0.998749
0.998713
0.998707
0.998765
0.9986
0.998871
0.998302
0.998343
0.99886
0.998643
0.998772
0.998727
0.998728
0.998798
0.998583
0.998918
0.998325
0.998445
0.998838
0.998595
0.998813
0.998747
0.998751
0.998833
0.99859
0.998987
0.998292
0.998522
0.99887
0.998513
0.998864
0.998777
0.998778
0.998875
0.998609
0.999099
0.998206
0.998444
0.998989
0.998467
0.998923
0.998817
0.998804
0.998923
0.998592
0.999224
0.998145
0.99829
0.999214
0.998451
0.998976
0.998849
0.998816
0.998962
0.998553
0.999391
0.998041
0.998205
0.999429
0.998423
0.998982
0.99884
0.998791
0.998956
0.998499
0.999656
0.997791
0.998105
0.999499
0.998418
0.998931
0.99881
0.998753
0.998902
0.998391
1.00003
0.997445
0.997644
0.99984
0.998538
0.998931
0.998873
0.998823
0.998912
0.99833
1.00062
0.996974
0.996883
1.00063
0.998663
0.998952
0.998935
0.998897
0.998939
0.998318
1.00151
0.996365
0.996184
1.0015
0.99833
0.998749
0.99872
0.998688
0.998708
0.997944
1.00235
0.995719
0.995381
1.00202
0.997437
0.998582
0.998632
0.998618
0.998609
0.997156
1.00237
0.995182
0.994294
1.00273
0.996839
0.999024
0.999267
0.999276
0.999117
0.996801
1.00221
0.994721
0.995049
1.00463
0.997563
0.999946
1.00022
1.00023
1.00004
0.997763
1.0038
0.995691
0.999902
1.0047
0.999113
1.00009
1.00018
1.00018
1.00012
0.999244
1.00446
1.00008
0.989299
0.997502
0.998531
0.998732
0.998724
1.00001
1.00446
0.994516
1.013
1.05553
0.99413
0.998975
0.999361
0.99946
0.999419
0.999927
1.0018
0.998565
0.994848
0.969181
0.996617
0.999268
0.99953
0.999611
0.999506
0.999674
0.999489
0.999099
0.993752
0.994516
0.99788
0.99922
0.999501
0.999527
0.999332
0.999286
0.998858
0.997981
0.996798
0.996711
0.998416
0.999095
0.999407
0.999369
0.999178
0.999065
0.99872
0.998351
0.996563
0.997567
0.998684
0.998899
0.999226
0.999192
0.999047
0.998933
0.998637
0.998381
0.997255
0.997931
0.99878
0.998753
0.999084
0.999069
0.998909
0.998852
0.998623
0.998378
0.997594
0.998204
0.998725
0.99875
0.998979
0.998973
0.998792
0.998784
0.998622
0.998437
0.997937
0.998271
0.998665
0.998748
0.998852
0.998879
0.998732
0.998733
0.998607
0.998488
0.998134
0.998253
0.99861
0.998678
0.998757
0.998796
0.998701
0.998687
0.998591
0.998505
0.998257
0.998262
0.998603
0.998608
0.998696
0.998731
0.99867
0.998638
0.998584
0.998471
0.99833
0.998324
0.998562
0.998601
0.998674
0.998716
0.998637
0.99861
0.99861
0.998459
0.998437
0.99833
0.998444
0.998674
0.998645
0.99871
0.998597
0.99861
0.998629
0.998464
0.998518
0.998318
0.998405
0.998709
0.998553
0.998677
0.998572
0.998586
0.998626
0.998476
0.99857
0.998286
0.998387
0.998699
0.998474
0.998626
0.998601
0.998561
0.998615
0.998476
0.998651
0.998193
0.998278
0.998696
0.998463
0.998592
0.998611
0.998569
0.998608
0.998446
0.998744
0.998089
0.998185
0.998669
0.998425
0.998597
0.998553
0.998546
0.998625
0.998395
0.998784
0.998046
0.998115
0.998687
0.998359
0.998602
0.998492
0.99851
0.998628
0.998357
0.998762
0.997987
0.998037
0.998746
0.998291
0.998594
0.998478
0.998505
0.998619
0.998353
0.998787
0.997824
0.997954
0.99876
0.998175
0.99857
0.998474
0.998481
0.998595
0.998279
0.998875
0.997678
0.997865
0.998738
0.998043
0.998536
0.998442
0.998425
0.998555
0.998128
0.998996
0.997538
0.997728
0.998709
0.997937
0.998497
0.99838
0.998335
0.998498
0.997961
0.999167
0.99726
0.997419
0.998827
0.997841
0.998428
0.998313
0.99824
0.998393
0.997735
0.999418
0.996811
0.996859
0.999265
0.997878
0.998419
0.998345
0.998262
0.998331
0.997562
0.999908
0.996168
0.996044
1.00007
0.998096
0.998475
0.998419
0.998326
0.998315
0.9975
1.0007
0.995438
0.995236
1.00081
0.99772
0.998162
0.998083
0.997996
0.997944
0.997001
1.00124
0.994792
0.994206
1.00056
0.996189
0.997325
0.9973
0.99723
0.997163
0.995613
1.0005
0.99399
0.992715
1.00012
0.994672
0.996813
0.99699
0.996965
0.996806
0.994517
0.999552
0.992965
0.993365
1.00196
0.995301
0.997626
0.997873
0.99789
0.997763
0.995607
1.00132
0.9939
0.999048
1.00362
0.998203
0.999172
0.999261
0.999272
0.999245
0.998421
1.00347
0.999253
0.988094
0.996647
0.997541
0.997749
0.99798
0.998643
1.00427
0.99379
1.01105
1.05614
0.993894
0.99882
0.998886
0.998913
0.998952
0.999283
1.00127
0.996618
0.991833
0.972136
0.996437
0.999333
0.999181
0.999207
0.999075
0.999231
0.99913
0.998273
0.991026
0.99159
0.99754
0.999381
0.999165
0.999151
0.998908
0.998807
0.998344
0.996969
0.99505
0.99434
0.998246
0.9991
0.99911
0.998992
0.998777
0.998638
0.998197
0.997555
0.995319
0.996087
0.998802
0.998848
0.999021
0.998863
0.998682
0.998584
0.998253
0.997814
0.9966
0.997068
0.999089
0.998755
0.998901
0.998846
0.998643
0.998569
0.998368
0.998058
0.997211
0.997654
0.9989
0.998826
0.998855
0.998852
0.998641
0.998581
0.998468
0.998264
0.997672
0.997976
0.998653
0.999055
0.998826
0.998802
0.998664
0.998632
0.998544
0.998389
0.997965
0.99821
0.998766
0.998922
0.998783
0.998748
0.99869
0.998673
0.998602
0.99847
0.998222
0.998385
0.998893
0.998692
0.998768
0.998741
0.998703
0.998691
0.998644
0.998512
0.998443
0.998491
0.998861
0.998593
0.998773
0.998789
0.998725
0.998714
0.998703
0.99856
0.998609
0.998485
0.998772
0.998543
0.998773
0.998837
0.998741
0.998751
0.998768
0.998616
0.998733
0.998464
0.998617
0.998803
0.998734
0.998869
0.998764
0.99877
0.998818
0.998663
0.998824
0.998455
0.998436
0.999251
0.99872
0.998889
0.998822
0.998788
0.998834
0.998688
0.998908
0.998436
0.998491
0.999377
0.998762
0.998901
0.998867
0.99883
0.998842
0.998697
0.999013
0.998409
0.998794
0.999074
0.998768
0.998929
0.99887
0.998857
0.998903
0.998713
0.999137
0.998397
0.998784
0.998892
0.998748
0.998984
0.998883
0.998885
0.998985
0.998713
0.999213
0.998473
0.998551
0.999158
0.998759
0.999077
0.998954
0.998961
0.99908
0.998739
0.999301
0.998547
0.998427
0.999684
0.998781
0.999183
0.999066
0.999066
0.999203
0.998825
0.999569
0.998541
0.998557
1.00001
0.998865
0.999302
0.9992
0.999205
0.999382
0.998977
1.00005
0.998492
0.998914
0.999983
0.999007
0.999483
0.999382
0.999402
0.999657
0.999202
1.00066
0.998438
0.998999
1.00023
0.999173
0.999752
0.999674
0.999713
1.00003
0.999474
1.00145
0.998379
0.99889
1.00115
0.999512
1.00022
1.00021
1.00028
1.0006
0.999921
1.00255
0.9983
0.998748
1.00261
1.00023
1.00103
1.00108
1.00116
1.00146
1.00065
1.00396
0.998319
0.998592
1.00397
1.00099
1.00196
1.00201
1.00208
1.00231
1.00121
1.00502
0.998323
0.998048
1.00415
1.00081
1.00234
1.00239
1.00237
1.00238
1.00053
1.00449
0.997873
0.997033
1.00441
1.00015
1.00249
1.00259
1.00248
1.00224
0.999569
1.00359
0.997326
0.998811
1.00791
1.00166
1.00403
1.00414
1.00404
1.0038
1.00132
1.00632
0.999544
1.00398
1.00875
1.00347
1.0045
1.00454
1.00451
1.00446
1.00348
1.00819
1.00418
0.986202
0.99427
0.994752
0.996055
0.997272
0.998712
1.00296
1.00657
1.02056
1.03881
0.992808
0.998136
0.99735
0.997865
0.998455
0.999182
1.00061
1.00033
0.992635
0.975359
0.996105
0.999341
0.998303
0.998509
0.998785
0.999057
0.999296
0.998635
0.993584
0.989525
0.997716
0.999452
0.998603
0.998656
0.998712
0.998706
0.998382
0.997389
0.994087
0.993313
0.998484
0.999212
0.998667
0.998677
0.998541
0.998541
0.998165
0.997506
0.995494
0.996123
0.998693
0.99911
0.998658
0.998673
0.998412
0.998417
0.99817
0.997744
0.996503
0.997182
0.99858
0.999145
0.998569
0.998583
0.998432
0.998351
0.998193
0.997956
0.997121
0.997735
0.99856
0.99895
0.998502
0.998468
0.998487
0.998333
0.998208
0.998086
0.997501
0.997988
0.998533
0.998736
0.99852
0.99841
0.998452
0.998314
0.998251
0.998165
0.997778
0.998113
0.998527
0.998602
0.998531
0.998429
0.998385
0.998315
0.998308
0.998206
0.99798
0.99816
0.998543
0.998535
0.9985
0.998463
0.998349
0.998352
0.99836
0.998253
0.998137
0.998178
0.998501
0.998495
0.998429
0.998415
0.998337
0.998359
0.998337
0.998277
0.998219
0.998156
0.998487
0.99844
0.998353
0.998362
0.998352
0.998304
0.998304
0.998228
0.998297
0.99811
0.998404
0.998501
0.998246
0.998358
0.998349
0.998311
0.998303
0.998143
0.998391
0.998054
0.998203
0.998581
0.998123
0.998366
0.998237
0.998327
0.998319
0.998133
0.998437
0.998004
0.997957
0.998576
0.99807
0.998352
0.998161
0.998264
0.998329
0.998176
0.998427
0.997959
0.997863
0.998567
0.998103
0.99828
0.99822
0.998248
0.998278
0.998146
0.998414
0.997884
0.997988
0.998467
0.998088
0.998226
0.998266
0.998235
0.998238
0.998043
0.998492
0.997775
0.997954
0.998411
0.997941
0.998194
0.998197
0.998126
0.998204
0.997897
0.998574
0.997602
0.997678
0.998473
0.997809
0.998171
0.99808
0.998013
0.998156
0.99776
0.998569
0.997366
0.997326
0.99847
0.997697
0.998121
0.997954
0.99789
0.998049
0.997568
0.998514
0.997054
0.996914
0.998465
0.997494
0.997958
0.997763
0.997703
0.997798
0.997202
0.998452
0.996618
0.996379
0.998471
0.99723
0.997725
0.997495
0.997432
0.997453
0.996714
0.998387
0.996025
0.995572
0.998602
0.996795
0.997353
0.997081
0.996989
0.997007
0.996135
0.998313
0.995333
0.994967
0.998713
0.996041
0.996692
0.9964
0.996329
0.996426
0.995505
0.998338
0.994796
0.994604
0.998545
0.995131
0.995893
0.995618
0.995538
0.995749
0.994822
0.99833
0.994439
0.993563
0.997938
0.993946
0.995102
0.994987
0.994932
0.995156
0.993957
0.997868
0.993489
0.991355
0.997302
0.992578
0.994453
0.994576
0.994615
0.994697
0.992961
0.997325
0.991481
0.991449
0.999474
0.993455
0.995463
0.995654
0.995709
0.995685
0.9939
0.999545
0.99177
0.999285
1.0041
0.999053
0.999983
1.00007
1.0001
1.00008
0.999252
1.00418
0.999402
0.0444637
0.0710686
0.110777
0.145001
0.175274
0.205375
0.23413
0.260158
0.283669
0.305347
0.325574
0.344412
0.36193
0.378141
0.393296
0.407837
0.421526
0.43428
0.446217
0.457386
0.467959
0.477837
0.487103
0.495874
0.504112
0.511672
0.519112
0.526329
0.533416
0.538413
0.12769
0.145616
0.173998
0.203033
0.230437
0.256742
0.281711
0.304737
0.325726
0.344958
0.362667
0.379022
0.394232
0.408482
0.421713
0.43411
0.445974
0.457086
0.467352
0.47724
0.486784
0.49571
0.504053
0.511901
0.519305
0.52622
0.532828
0.538963
0.545431
0.550197
0.29116
0.297847
0.313912
0.333879
0.354117
0.373365
0.391171
0.407242
0.421564
0.434378
0.44597
0.456555
0.466297
0.475346
0.483838
0.491864
0.499513
0.506834
0.513829
0.520496
0.526855
0.532951
0.538785
0.544354
0.549669
0.554729
0.559609
0.564053
0.56917
0.57246
0.506858
0.508389
0.51657
0.52757
0.537715
0.54593
0.552452
0.557561
0.561462
0.564445
0.566831
0.568871
0.570735
0.572517
0.574238
0.57618
0.578414
0.580648
0.582746
0.58501
0.587512
0.589944
0.592292
0.594614
0.596922
0.599056
0.601356
0.603553
0.606513
0.607314
0.734522
0.737528
0.738807
0.738368
0.73534
0.730129
0.723834
0.717189
0.710484
0.703899
0.697611
0.691716
0.686294
0.681381
0.676769
0.672718
0.669423
0.66645
0.663703
0.661373
0.659438
0.657795
0.656365
0.655144
0.654101
0.653036
0.652391
0.651896
0.652233
0.650272
0.898874
0.900886
0.898118
0.891798
0.881957
0.869557
0.856121
0.842713
0.829855
0.817735
0.806393
0.795821
0.785958
0.776563
0.767829
0.760156
0.752981
0.746308
0.740407
0.734671
0.729147
0.724105
0.719496
0.715236
0.711309
0.707681
0.704374
0.70107
0.698463
0.69417
0.984776
0.977628
0.971087
0.96315
0.951743
0.93798
0.923733
0.910148
0.897394
0.885325
0.8738
0.862718
0.852024
0.841582
0.831388
0.822216
0.813797
0.805497
0.797337
0.789681
0.782717
0.775934
0.769356
0.763118
0.757213
0.751413
0.746193
0.741551
0.736966
0.732165
1.00851
0.988192
0.98358
0.975662
0.964635
0.954007
0.943892
0.934294
0.925278
0.91646
0.907484
0.89824
0.888794
0.879257
0.869633
0.860071
0.850819
0.841946
0.833301
0.824898
0.816898
0.809227
0.801808
0.794683
0.787815
0.781131
0.774942
0.769412
0.763536
0.75967
0.942569
0.954253
0.981542
0.979229
0.972797
0.967021
0.958532
0.948972
0.93961
0.930404
0.921181
0.91186
0.90256
0.893309
0.883913
0.874669
0.865834
0.857115
0.848363
0.840083
0.832231
0.824372
0.816697
0.809326
0.802294
0.795523
0.788764
0.78266
0.776651
0.774851
0.77946
0.951965
0.971901
0.956029
0.965573
0.967735
0.960933
0.952276
0.943647
0.935008
0.926193
0.917215
0.908213
0.89894
0.889461
0.881022
0.872848
0.863897
0.854973
0.846925
0.83918
0.831171
0.823421
0.816006
0.808718
0.801592
0.795105
0.789424
0.783321
0.782585
0.0462273
0.0739437
0.115344
0.150558
0.181669
0.212693
0.242181
0.268668
0.292399
0.31411
0.334159
0.352638
0.369906
0.386051
0.40107
0.415117
0.42815
0.440232
0.451538
0.462299
0.472438
0.481909
0.490846
0.4993
0.507341
0.515026
0.522205
0.528696
0.535441
0.540897
0.139274
0.157181
0.185949
0.215547
0.243561
0.270409
0.295767
0.31897
0.339925
0.358923
0.376315
0.392342
0.406933
0.420403
0.432999
0.444469
0.455129
0.465402
0.475357
0.484615
0.493127
0.501293
0.509136
0.516577
0.523704
0.530592
0.536872
0.542215
0.548328
0.553617
0.323704
0.329854
0.344854
0.363872
0.383217
0.401507
0.418281
0.433278
0.446523
0.458211
0.468611
0.477972
0.486434
0.494194
0.501457
0.508241
0.514598
0.520671
0.526528
0.532118
0.537441
0.542599
0.547588
0.552386
0.557029
0.561561
0.565991
0.569832
0.574482
0.578053
0.553602
0.556157
0.563237
0.572612
0.581138
0.587757
0.592651
0.596041
0.598046
0.598994
0.599266
0.599193
0.598962
0.598799
0.598955
0.599059
0.598996
0.599295
0.600107
0.600928
0.601616
0.602589
0.603853
0.605256
0.606799
0.60859
0.610318
0.611374
0.613614
0.614514
0.772245
0.775627
0.776492
0.775888
0.77336
0.768936
0.763185
0.756576
0.749373
0.741774
0.734001
0.726305
0.718833
0.711835
0.70559
0.699541
0.693615
0.688411
0.683932
0.679993
0.676475
0.673385
0.670708
0.668356
0.666392
0.66494
0.663532
0.661572
0.661049
0.658809
0.913217
0.911346
0.906726
0.902388
0.897393
0.890417
0.881419
0.871048
0.859908
0.848385
0.836812
0.825468
0.814605
0.804565
0.79509
0.78546
0.776266
0.767746
0.759743
0.752539
0.74594
0.739908
0.734358
0.729193
0.724422
0.720087
0.716061
0.712034
0.709262
0.704671
0.975347
0.964183
0.952434
0.945424
0.942594
0.938999
0.932506
0.923711
0.913721
0.90313
0.89222
0.881265
0.870446
0.859984
0.850133
0.840267
0.830268
0.82101
0.812684
0.804371
0.796005
0.78835
0.781326
0.774694
0.7685
0.762899
0.757219
0.751351
0.746096
0.741027
0.991657
0.977058
0.963467
0.950585
0.948473
0.948136
0.944708
0.938903
0.932002
0.924265
0.915819
0.90685
0.897541
0.888131
0.878729
0.869299
0.859931
0.850955
0.842322
0.83374
0.825454
0.817618
0.810091
0.80284
0.795882
0.789224
0.782835
0.777005
0.770666
0.767207
0.946695
0.962321
0.981944
0.983363
0.984702
0.975925
0.961111
0.948634
0.939013
0.930233
0.921629
0.913144
0.904754
0.896417
0.888026
0.879266
0.870311
0.861538
0.853078
0.844758
0.83654
0.828609
0.821014
0.813717
0.806748
0.800103
0.793557
0.787656
0.781443
0.78043
0.799631
0.930146
0.976513
0.963595
0.972047
0.973943
0.96449
0.954377
0.945228
0.936457
0.927682
0.918805
0.909914
0.901123
0.892297
0.883508
0.87476
0.865974
0.857383
0.849244
0.841238
0.833268
0.825675
0.818381
0.811344
0.804569
0.797922
0.791921
0.785786
0.785444
0.05142
0.0807397
0.124415
0.162057
0.195054
0.227551
0.258136
0.285279
0.309328
0.331082
0.350997
0.369263
0.385998
0.40137
0.415576
0.4288
0.441169
0.452739
0.463531
0.473592
0.482988
0.491755
0.500002
0.507763
0.515072
0.521973
0.528499
0.534566
0.540777
0.546109
0.158722
0.178843
0.209673
0.241035
0.270194
0.297643
0.323212
0.34632
0.366911
0.385345
0.40199
0.41708
0.430775
0.443273
0.454764
0.465364
0.475228
0.484442
0.493047
0.501091
0.508653
0.515833
0.522598
0.52895
0.534927
0.540566
0.545947
0.550824
0.556132
0.561065
0.363066
0.371414
0.387851
0.407924
0.428052
0.446679
0.463305
0.477722
0.489976
0.500389
0.509319
0.517051
0.523813
0.529814
0.535222
0.540174
0.544794
0.54914
0.553247
0.557167
0.560946
0.564583
0.568069
0.571403
0.574603
0.577687
0.580721
0.583529
0.586592
0.589543
0.600094
0.605196
0.613893
0.624514
0.633576
0.639915
0.644002
0.646392
0.647401
0.64733
0.646505
0.645206
0.643625
0.641893
0.640136
0.638441
0.636902
0.635554
0.634353
0.63328
0.632367
0.631667
0.631145
0.630759
0.630488
0.630335
0.63031
0.630283
0.630714
0.630673
0.806542
0.811774
0.813952
0.81379
0.810922
0.805834
0.799553
0.792759
0.785643
0.778248
0.770678
0.763084
0.755579
0.748235
0.741156
0.734423
0.728105
0.722219
0.716703
0.711534
0.706725
0.702286
0.698192
0.694401
0.690889
0.687666
0.68475
0.681955
0.679866
0.67657
0.930537
0.930198
0.926338
0.921272
0.914853
0.906687
0.89737
0.887695
0.877967
0.868156
0.858252
0.848339
0.838495
0.828795
0.819321
0.810147
0.801406
0.793056
0.785037
0.777387
0.770118
0.763234
0.756721
0.750559
0.744733
0.739248
0.73414
0.729332
0.725006
0.71959
0.981041
0.974462
0.965674
0.957358
0.951441
0.945252
0.9376
0.929154
0.920474
0.911568
0.902351
0.89289
0.883266
0.873542
0.863905
0.854473
0.845294
0.836386
0.827727
0.819281
0.811106
0.803281
0.795776
0.788557
0.781623
0.775021
0.768678
0.76275
0.75679
0.751195
0.99455
0.986773
0.97737
0.962814
0.955311
0.951652
0.947291
0.941898
0.935808
0.928856
0.921036
0.91269
0.904004
0.895014
0.885841
0.876709
0.867666
0.85872
0.849902
0.841316
0.833021
0.824969
0.817105
0.809436
0.802059
0.795002
0.788159
0.781986
0.775291
0.771485
0.956451
0.976364
0.99163
0.986843
0.986498
0.980962
0.968959
0.956867
0.946126
0.935988
0.926342
0.917104
0.908059
0.899188
0.890457
0.881718
0.873
0.864222
0.855555
0.847277
0.83924
0.831271
0.823498
0.816001
0.808702
0.801705
0.794969
0.789111
0.78286
0.781643
0.817951
0.944581
0.976437
0.959474
0.97241
0.977448
0.96936
0.959262
0.949637
0.940248
0.930903
0.92149
0.912123
0.902911
0.893805
0.884801
0.875994
0.867298
0.85874
0.850472
0.842426
0.834535
0.826886
0.819494
0.812241
0.805249
0.798579
0.79271
0.786622
0.785865
0.0557943
0.0864277
0.131849
0.171348
0.205903
0.239626
0.271252
0.299195
0.323725
0.345753
0.365764
0.383933
0.400467
0.415575
0.429449
0.442235
0.454054
0.465001
0.475132
0.484546
0.493271
0.501272
0.508903
0.516158
0.52303
0.529624
0.535713
0.541266
0.546817
0.551944
0.174408
0.197034
0.230239
0.263025
0.292838
0.320584
0.346273
0.36936
0.389795
0.407931
0.424159
0.43875
0.451875
0.463722
0.474499
0.484367
0.493436
0.501803
0.509578
0.516827
0.523671
0.530266
0.536292
0.541805
0.54689
0.55153
0.556137
0.560481
0.565053
0.56975
0.39243
0.402174
0.419241
0.439996
0.460701
0.479681
0.496415
0.510701
0.522619
0.532517
0.540816
0.547836
0.553805
0.558927
0.5634
0.567376
0.570958
0.574232
0.577269
0.580115
0.582788
0.585316
0.587697
0.589975
0.5922
0.594369
0.596518
0.598548
0.600528
0.602827
0.630753
0.636801
0.646392
0.657911
0.667605
0.674239
0.678387
0.680684
0.681476
0.681068
0.679802
0.67798
0.675818
0.673474
0.671083
0.668717
0.666405
0.664174
0.662059
0.660069
0.658208
0.656502
0.654962
0.653576
0.652337
0.651237
0.650278
0.649398
0.64869
0.647752
0.828448
0.834031
0.836579
0.836967
0.834782
0.83033
0.824548
0.818133
0.811312
0.804151
0.796772
0.789345
0.782001
0.774822
0.767871
0.761164
0.754694
0.74847
0.742505
0.73682
0.731431
0.726343
0.721548
0.717027
0.712776
0.70881
0.70512
0.701667
0.698434
0.694549
0.94052
0.939991
0.936269
0.931937
0.926754
0.919782
0.911279
0.902123
0.892813
0.883432
0.873999
0.864592
0.855306
0.846213
0.83734
0.828669
0.820203
0.811955
0.803951
0.796229
0.788812
0.781716
0.774945
0.768491
0.762347
0.756523
0.750989
0.745792
0.740668
0.734988
0.983823
0.97748
0.969166
0.962011
0.957591
0.952348
0.945021
0.936709
0.928268
0.919765
0.911071
0.902193
0.893226
0.884249
0.87533
0.866487
0.857713
0.849048
0.840564
0.832279
0.824197
0.816353
0.808779
0.801476
0.794442
0.78771
0.781211
0.775081
0.768833
0.762749
0.995651
0.988424
0.978964
0.967504
0.962958
0.95792
0.950694
0.943521
0.93714
0.930844
0.924012
0.916616
0.9089
0.900805
0.892297
0.883667
0.87507
0.866555
0.858181
0.849986
0.84196
0.8341
0.826428
0.818918
0.811599
0.804553
0.797716
0.791387
0.784703
0.780086
0.961028
0.982267
0.996346
0.993956
0.993044
0.982385
0.966049
0.952178
0.941994
0.933748
0.926093
0.918628
0.911095
0.903528
0.895851
0.887805
0.879547
0.871252
0.863026
0.854931
0.846951
0.839087
0.831375
0.823888
0.816614
0.809604
0.802758
0.796699
0.790298
0.788629
0.827093
0.96433
0.986446
0.956301
0.967107
0.972746
0.965261
0.956201
0.947943
0.939888
0.931631
0.923147
0.914401
0.905728
0.897201
0.888625
0.880124
0.871708
0.863394
0.855239
0.847254
0.839436
0.831804
0.82443
0.81726
0.81031
0.803569
0.797566
0.791325
0.790363
0.0583304
0.089899
0.13636
0.176998
0.212302
0.246533
0.27861
0.306893
0.331557
0.353778
0.374029
0.392236
0.408653
0.423572
0.437245
0.449796
0.461359
0.472046
0.481903
0.491024
0.499478
0.50731
0.514627
0.521525
0.527991
0.534055
0.539789
0.545106
0.550378
0.555424
0.182137
0.205794
0.239839
0.273226
0.303577
0.331821
0.357905
0.381278
0.401949
0.420008
0.435859
0.450119
0.462991
0.474599
0.485084
0.494613
0.50331
0.511283
0.518659
0.52549
0.531842
0.537804
0.543359
0.548508
0.553343
0.557873
0.562161
0.566089
0.570164
0.574511
0.405509
0.415914
0.433643
0.455051
0.476299
0.495648
0.512581
0.526894
0.538696
0.54836
0.556345
0.563047
0.568712
0.573511
0.577585
0.581092
0.584181
0.586974
0.589544
0.591902
0.594052
0.596037
0.597917
0.599742
0.601533
0.603284
0.604973
0.606552
0.608026
0.609886
0.646145
0.6531
0.663013
0.674497
0.683923
0.690183
0.693954
0.695911
0.69641
0.69574
0.694221
0.692163
0.689788
0.687246
0.684638
0.682023
0.679439
0.676923
0.674506
0.672192
0.669983
0.66791
0.666
0.66425
0.66265
0.661184
0.659831
0.658569
0.657405
0.65613
0.838413
0.843902
0.8463
0.846534
0.844238
0.839719
0.83391
0.827514
0.820762
0.813699
0.806424
0.7991
0.791859
0.784774
0.77788
0.771181
0.764682
0.758411
0.752398
0.746648
0.741159
0.735936
0.730976
0.726278
0.721839
0.717662
0.713715
0.710006
0.706441
0.702419
0.944841
0.944008
0.940029
0.93555
0.930442
0.923687
0.915422
0.906495
0.89744
0.888358
0.879259
0.870212
0.861284
0.852499
0.843846
0.835321
0.826953
0.818797
0.810893
0.803261
0.795906
0.788835
0.782053
0.775558
0.769344
0.763416
0.75772
0.752365
0.746978
0.74128
0.98505
0.978743
0.969915
0.961721
0.95691
0.952153
0.945667
0.938123
0.930274
0.922234
0.913936
0.905431
0.896838
0.888233
0.879653
0.871091
0.862532
0.854034
0.845672
0.837479
0.829474
0.821693
0.814156
0.806867
0.799816
0.793023
0.786402
0.780206
0.773669
0.7677
0.996561
0.990887
0.981094
0.965613
0.959015
0.955242
0.950296
0.944947
0.939605
0.933848
0.927475
0.920534
0.912933
0.904483
0.895752
0.88733
0.879036
0.870781
0.862592
0.85449
0.846498
0.83866
0.830986
0.823475
0.816135
0.809021
0.802026
0.795614
0.788393
0.783953
0.960952
0.983229
0.998133
0.992044
0.990344
0.983178
0.970111
0.957518
0.947345
0.938394
0.929798
0.921499
0.913557
0.906025
0.898432
0.890364
0.882115
0.873863
0.865691
0.857654
0.849762
0.842007
0.834406
0.826979
0.819717
0.812718
0.805851
0.799838
0.793278
0.791887
0.822858
0.952773
0.986831
0.962385
0.971638
0.977583
0.970143
0.960596
0.951796
0.94316
0.934229
0.925168
0.916315
0.908005
0.899609
0.890829
0.882227
0.873774
0.86544
0.857287
0.84933
0.84154
0.833942
0.82656
0.819363
0.812405
0.805626
0.799621
0.793237
0.79249
0.0577889
0.089077
0.135769
0.176388
0.211783
0.246249
0.278558
0.30703
0.331926
0.354131
0.374076
0.392283
0.408941
0.42396
0.437575
0.449928
0.461475
0.472331
0.482232
0.491312
0.499675
0.507295
0.514595
0.521636
0.52799
0.534058
0.539978
0.545331
0.550521
0.555503
0.182203
0.206586
0.241496
0.275135
0.305241
0.333129
0.358928
0.382075
0.402469
0.420516
0.436715
0.451023
0.463598
0.474986
0.485446
0.495162
0.503848
0.511546
0.518762
0.525564
0.531999
0.538215
0.543771
0.548688
0.553597
0.558099
0.562097
0.565883
0.569952
0.57439
0.406966
0.417188
0.434524
0.455661
0.476734
0.495987
0.512876
0.527186
0.538996
0.548674
0.556687
0.563376
0.568996
0.573778
0.577849
0.581355
0.584427
0.587189
0.589743
0.592087
0.594221
0.596197
0.598056
0.599853
0.601638
0.60334
0.604952
0.606507
0.607971
0.609837
0.643377
0.64966
0.66006
0.67236
0.682494
0.689259
0.693365
0.695538
0.696166
0.695574
0.694132
0.692143
0.689803
0.687263
0.684637
0.682016
0.679444
0.676932
0.6745
0.672166
0.669949
0.667888
0.665992
0.664238
0.662626
0.66114
0.659754
0.658469
0.657288
0.655987
0.837931
0.84352
0.846041
0.84638
0.844138
0.839628
0.833805
0.827386
0.820608
0.813528
0.806253
0.798931
0.79168
0.784575
0.777658
0.770955
0.764472
0.758216
0.752206
0.746455
0.740966
0.735747
0.730788
0.726081
0.721635
0.717447
0.713483
0.709767
0.706199
0.702167
0.944471
0.943486
0.939479
0.935098
0.930106
0.923415
0.915163
0.906225
0.897158
0.888071
0.878977
0.869938
0.861013
0.852215
0.843543
0.835014
0.82666
0.818519
0.810625
0.802995
0.795636
0.788557
0.781763
0.775253
0.769025
0.763082
0.757373
0.752008
0.746618
0.740897
0.984731
0.978356
0.969871
0.962159
0.957602
0.952808
0.946107
0.938318
0.930274
0.922104
0.913732
0.905192
0.896584
0.887967
0.879368
0.870791
0.862233
0.853738
0.845366
0.837163
0.829158
0.821375
0.813827
0.80652
0.799446
0.792626
0.785989
0.779783
0.773264
0.767269
0.996152
0.990184
0.981146
0.967618
0.960901
0.956461
0.950803
0.944917
0.939274
0.93339
0.926968
0.920003
0.912418
0.904047
0.895365
0.886912
0.878601
0.870342
0.862143
0.854033
0.846029
0.838167
0.830471
0.822941
0.815587
0.808484
0.801496
0.795087
0.787893
0.783415
0.961136
0.98356
0.998907
0.993747
0.991217
0.983157
0.969149
0.956054
0.945916
0.937234
0.928927
0.920864
0.913083
0.905604
0.898016
0.889967
0.881721
0.873472
0.865311
0.857265
0.849351
0.841585
0.833977
0.82654
0.819279
0.812266
0.805388
0.79937
0.792818
0.791426
0.825127
0.957423
0.986758
0.958807
0.970146
0.976306
0.969027
0.959579
0.950943
0.942461
0.933658
0.924696
0.915874
0.907512
0.899106
0.890376
0.881766
0.873306
0.864977
0.856811
0.848852
0.841079
0.833485
0.826108
0.818922
0.811943
0.805156
0.799134
0.792754
0.792041
0.0554648
0.0858338
0.131126
0.170623
0.205134
0.2388
0.270392
0.298313
0.322846
0.344855
0.364845
0.383048
0.399617
0.414743
0.428605
0.441359
0.453178
0.464146
0.474289
0.483706
0.492424
0.500409
0.508126
0.515602
0.522448
0.528809
0.534835
0.540421
0.546007
0.551237
0.17354
0.196012
0.229006
0.261662
0.291418
0.319178
0.344922
0.368073
0.38856
0.406759
0.423044
0.437639
0.450761
0.462619
0.473419
0.483317
0.492407
0.500793
0.5086
0.515874
0.52276
0.529409
0.535371
0.540645
0.545767
0.550717
0.555467
0.559829
0.564358
0.569031
0.390499
0.400488
0.417718
0.438537
0.459311
0.478394
0.495229
0.509595
0.521573
0.531506
0.5398
0.546811
0.552813
0.557988
0.562489
0.566454
0.570021
0.57331
0.576381
0.579246
0.581913
0.584428
0.586811
0.589125
0.59141
0.593616
0.595747
0.597758
0.599734
0.602042
0.629294
0.635801
0.645575
0.6571
0.666712
0.673244
0.677303
0.679538
0.680293
0.679871
0.67861
0.676803
0.674661
0.672334
0.669931
0.667536
0.665211
0.662988
0.660885
0.658909
0.657076
0.655412
0.653919
0.652567
0.651347
0.650252
0.649288
0.648411
0.647715
0.646784
0.827232
0.833052
0.835718
0.836076
0.83379
0.829253
0.823438
0.817031
0.810242
0.803127
0.795797
0.788407
0.781088
0.773921
0.766956
0.760217
0.753719
0.74748
0.741517
0.735845
0.730472
0.7254
0.720613
0.716098
0.71186
0.707895
0.704186
0.700708
0.697458
0.693545
0.939871
0.939465
0.935742
0.931295
0.925964
0.918899
0.910385
0.901271
0.892018
0.882685
0.873281
0.863889
0.854607
0.845492
0.836559
0.827819
0.819289
0.811
0.802982
0.795259
0.787845
0.780751
0.773976
0.767521
0.761382
0.755549
0.749987
0.744746
0.739593
0.733849
0.983476
0.977203
0.968656
0.960979
0.956324
0.951193
0.944119
0.936054
0.927781
0.919341
0.910626
0.90169
0.892659
0.88361
0.874583
0.865613
0.856735
0.847993
0.839434
0.831096
0.823002
0.815166
0.807596
0.800295
0.79326
0.786497
0.779963
0.773808
0.767606
0.761493
0.995674
0.989137
0.979425
0.965491
0.959855
0.955696
0.94965
0.943265
0.937282
0.931046
0.924047
0.916435
0.908493
0.900189
0.891566
0.882832
0.874123
0.8655
0.85701
0.848714
0.840615
0.832703
0.824998
0.817501
0.810222
0.803189
0.796341
0.789979
0.783367
0.778729
0.960508
0.982024
0.996413
0.991452
0.990391
0.982046
0.967424
0.954052
0.943693
0.934841
0.926587
0.918667
0.910833
0.903051
0.895135
0.886916
0.878554
0.870201
0.861926
0.853738
0.845683
0.837807
0.830092
0.822574
0.815261
0.80822
0.801377
0.795355
0.789012
0.78743
0.824422
0.956253
0.984568
0.958871
0.968696
0.974587
0.967022
0.957532
0.948694
0.94011
0.931481
0.922723
0.91381
0.905017
0.896305
0.887567
0.878932
0.870443
0.862099
0.853885
0.845857
0.838036
0.830403
0.823
0.815811
0.808877
0.80218
0.796228
0.790049
0.789177
0.050926
0.0799184
0.12339
0.161059
0.194109
0.226602
0.257158
0.28427
0.308276
0.33
0.349889
0.36812
0.384845
0.400239
0.414484
0.427718
0.440051
0.45159
0.462348
0.47239
0.481784
0.490511
0.498741
0.506573
0.513943
0.520851
0.5274
0.533445
0.539558
0.54493
0.157502
0.177545
0.208262
0.239555
0.268662
0.296074
0.321619
0.344712
0.365287
0.383709
0.40035
0.415439
0.42915
0.441675
0.453196
0.463869
0.473783
0.482995
0.49159
0.499653
0.507287
0.514489
0.521215
0.527548
0.533578
0.539254
0.544666
0.549581
0.554822
0.559725
0.360423
0.36879
0.385142
0.40512
0.425202
0.443858
0.460558
0.475061
0.487411
0.497915
0.506934
0.514771
0.521654
0.527773
0.533278
0.538293
0.542939
0.547306
0.551466
0.555434
0.559213
0.562833
0.566328
0.569726
0.573012
0.576147
0.579194
0.581999
0.585051
0.587998
0.597012
0.602157
0.610813
0.62142
0.630539
0.636992
0.641216
0.643745
0.644885
0.644934
0.644218
0.643017
0.641533
0.639904
0.638241
0.63663
0.635132
0.633774
0.63256
0.631507
0.630626
0.62992
0.629388
0.629013
0.628782
0.628666
0.628695
0.628701
0.629087
0.628976
0.804257
0.809641
0.811861
0.811669
0.808811
0.803793
0.79761
0.7909
0.783843
0.776478
0.768916
0.761322
0.75384
0.746565
0.739558
0.732864
0.726513
0.720526
0.714917
0.709692
0.70485
0.700381
0.696265
0.692483
0.689021
0.685844
0.682972
0.680205
0.678073
0.674716
0.929498
0.929251
0.925266
0.92003
0.913556
0.905462
0.896261
0.886668
0.876959
0.867114
0.857146
0.847162
0.837283
0.827597
0.818155
0.808991
0.800138
0.791629
0.783491
0.77574
0.768385
0.761428
0.754861
0.748681
0.742878
0.737425
0.73232
0.727467
0.723044
0.717583
0.980767
0.974148
0.965088
0.956831
0.951147
0.945
0.937248
0.928681
0.919869
0.910806
0.901434
0.891828
0.88211
0.87238
0.862715
0.853185
0.843846
0.834745
0.825918
0.817387
0.809167
0.801272
0.793709
0.786477
0.779563
0.772974
0.766647
0.76074
0.7547
0.749151
0.994627
0.986398
0.975817
0.961628
0.956015
0.952517
0.947353
0.94132
0.934893
0.927705
0.919775
0.911307
0.902477
0.893437
0.884223
0.874936
0.865714
0.856646
0.847778
0.839139
0.830736
0.82256
0.814663
0.807047
0.79968
0.792646
0.785796
0.779587
0.772759
0.769139
0.956336
0.976373
0.990662
0.986438
0.986694
0.979805
0.966969
0.954995
0.944616
0.934536
0.924716
0.915387
0.906404
0.897515
0.888646
0.879783
0.870987
0.862285
0.853699
0.845222
0.836946
0.828989
0.821213
0.813654
0.80637
0.799382
0.792582
0.78678
0.780535
0.779583
0.817021
0.945845
0.978823
0.959362
0.969953
0.975226
0.967539
0.957843
0.948287
0.938778
0.92917
0.919661
0.910287
0.901003
0.891841
0.882788
0.873896
0.865183
0.856657
0.848307
0.84018
0.832315
0.824636
0.817191
0.810001
0.803061
0.796379
0.790544
0.784477
0.783937
0.045323
0.0725884
0.113834
0.148943
0.179963
0.210925
0.240393
0.266844
0.290537
0.312224
0.332303
0.350933
0.36821
0.384231
0.399134
0.413048
0.426073
0.438281
0.449742
0.460491
0.470436
0.479925
0.48913
0.497702
0.505555
0.513071
0.520276
0.526966
0.533982
0.539698
0.137242
0.155048
0.183862
0.213358
0.241218
0.267968
0.293279
0.316477
0.337435
0.356446
0.373809
0.389694
0.404265
0.417723
0.430259
0.442019
0.453076
0.463486
0.473287
0.482593
0.491543
0.499826
0.507395
0.514719
0.521914
0.52859
0.534886
0.540511
0.546623
0.552006
0.32071
0.326791
0.341612
0.360453
0.379707
0.397978
0.414758
0.429794
0.443098
0.454864
0.465364
0.474818
0.483396
0.491261
0.498553
0.505375
0.511816
0.517952
0.523829
0.529474
0.534922
0.540133
0.545139
0.550016
0.554742
0.55922
0.563608
0.56754
0.572327
0.576149
0.5488
0.550976
0.558188
0.567936
0.576844
0.583758
0.588856
0.592378
0.594476
0.595511
0.595869
0.595866
0.595713
0.595559
0.595503
0.5956
0.595888
0.596385
0.59708
0.597956
0.599003
0.600193
0.601505
0.602912
0.604402
0.605923
0.607595
0.608969
0.61143
0.612506
0.769124
0.772598
0.773623
0.773221
0.770803
0.766361
0.760532
0.753837
0.74656
0.738897
0.731068
0.723316
0.715838
0.708767
0.702178
0.696115
0.690599
0.685626
0.681172
0.677216
0.67373
0.670666
0.667975
0.66563
0.663616
0.661859
0.660446
0.658903
0.658647
0.656572
0.911414
0.90948
0.90524
0.901378
0.896419
0.889162
0.879852
0.869238
0.857905
0.846233
0.834548
0.823116
0.812111
0.801621
0.791679
0.782302
0.773498
0.765258
0.757572
0.750426
0.743803
0.73768
0.732013
0.726774
0.721951
0.717478
0.713422
0.70942
0.706511
0.702011
0.973797
0.962509
0.951686
0.945808
0.942998
0.93869
0.931496
0.922233
0.911915
0.901105
0.890068
0.879046
0.868195
0.85756
0.847231
0.837277
0.827729
0.81858
0.809832
0.801521
0.793634
0.786146
0.779061
0.772359
0.766017
0.760007
0.754352
0.748975
0.743959
0.739136
0.990716
0.974769
0.96206
0.951552
0.94912
0.947297
0.942874
0.936772
0.929792
0.921937
0.913348
0.904289
0.894935
0.885365
0.875786
0.866354
0.857097
0.848094
0.83937
0.830981
0.822881
0.815016
0.807484
0.800267
0.793341
0.786714
0.780394
0.7746
0.768221
0.765152
0.946852
0.962605
0.982022
0.984493
0.984133
0.972448
0.956564
0.944852
0.93635
0.928157
0.919634
0.911115
0.902599
0.894149
0.885554
0.876768
0.867938
0.859206
0.850642
0.842227
0.83406
0.826224
0.81863
0.811299
0.80424
0.797509
0.790985
0.785274
0.779168
0.778539
0.802449
0.941709
0.977824
0.961379
0.971587
0.971918
0.961983
0.952013
0.943032
0.934263
0.925371
0.916437
0.907457
0.89858
0.88973
0.880835
0.872029
0.863363
0.854894
0.846576
0.838499
0.830725
0.823142
0.815797
0.808698
0.801905
0.795309
0.789513
0.783509
0.783425
0.0435408
0.0697387
0.109281
0.14344
0.173617
0.20363
0.232307
0.25826
0.281704
0.303336
0.323551
0.342422
0.35997
0.376324
0.391628
0.405982
0.419458
0.432114
0.444018
0.455196
0.465661
0.47561
0.485082
0.493927
0.502183
0.510051
0.517505
0.524449
0.531517
0.536539
0.125527
0.143133
0.171312
0.200243
0.227587
0.253858
0.278823
0.301858
0.322859
0.342102
0.359818
0.376184
0.391398
0.405624
0.418986
0.43157
0.443431
0.454612
0.465148
0.475094
0.484493
0.493374
0.50173
0.509599
0.517063
0.524128
0.530833
0.536918
0.543321
0.547968
0.287436
0.294005
0.30989
0.329703
0.349858
0.369091
0.386931
0.403075
0.417495
0.43042
0.442136
0.452861
0.462754
0.471944
0.480549
0.488673
0.496382
0.503719
0.510722
0.517418
0.52383
0.529985
0.535895
0.541543
0.546942
0.552089
0.55707
0.561562
0.566676
0.569905
0.501782
0.503121
0.511193
0.522192
0.532422
0.540784
0.547487
0.55279
0.556879
0.560036
0.562584
0.564782
0.566805
0.568763
0.57073
0.572756
0.574866
0.577061
0.579331
0.581661
0.58404
0.586461
0.588908
0.591357
0.593802
0.596208
0.598633
0.600698
0.603637
0.604401
0.730439
0.733418
0.734619
0.734161
0.731162
0.726021
0.719824
0.713285
0.706676
0.700164
0.693926
0.688088
0.682706
0.677799
0.673369
0.669414
0.665918
0.66286
0.660206
0.657923
0.65597
0.654315
0.652931
0.651782
0.650846
0.650073
0.64951
0.648771
0.648992
0.646988
0.897076
0.899044
0.89588
0.889202
0.879242
0.866884
0.853547
0.840217
0.827376
0.815207
0.803801
0.793182
0.783297
0.774086
0.765506
0.757532
0.750139
0.743302
0.73699
0.731168
0.725798
0.720843
0.716278
0.712073
0.708195
0.704607
0.701314
0.698067
0.695579
0.691404
0.984653
0.977474
0.970489
0.96206
0.950437
0.936734
0.922585
0.908981
0.896101
0.883841
0.872098
0.86083
0.850028
0.839658
0.829717
0.820222
0.811186
0.802618
0.794504
0.786821
0.779549
0.772662
0.766159
0.760017
0.75421
0.748727
0.743527
0.73861
0.733979
0.729165
1.00852
0.987724
0.98245
0.974251
0.963423
0.953171
0.9433
0.933708
0.924473
0.915311
0.905989
0.896447
0.886755
0.876998
0.867265
0.85768
0.84833
0.839273
0.830525
0.822107
0.814032
0.806275
0.798837
0.79172
0.78492
0.778434
0.77218
0.766447
0.760511
0.756642
0.941784
0.953829
0.980496
0.978333
0.9725
0.966331
0.957246
0.947443
0.938017
0.928711
0.919309
0.909843
0.900362
0.890957
0.881647
0.87246
0.863419
0.854557
0.845901
0.837477
0.829302
0.821392
0.813748
0.806377
0.799279
0.792475
0.785904
0.780035
0.773982
0.772134
0.779709
0.955426
0.973032
0.956745
0.966543
0.967584
0.960266
0.95134
0.942376
0.933356
0.924216
0.915052
0.905875
0.89671
0.887594
0.878564
0.869667
0.860938
0.85241
0.844081
0.835967
0.828095
0.820447
0.813038
0.805873
0.798995
0.792369
0.786495
0.780423
0.779785
)
;

boundaryField
{
    inlet_one
    {
        type            fixedValue;
        value           uniform 0;
    }
    inlet_two
    {
        type            fixedValue;
        value           uniform 1;
    }
    outlet
    {
        type            zeroGradient;
    }
    walls
    {
        type            zeroGradient;
    }
}


// ************************************************************************* //
