0.0005	9.6056218e-07
0.001	3.097662e-06
0.0015	3.4156767e-05
0.002	7.634904e-06
0.0025	4.7999601e-06
0.003	2.1307379e-06
0.0035	2.639065e-06
0.004	2.0034388e-06
0.0045	1.6893123e-06
0.005	1.4279202e-06
0.0055	1.1778643e-06
0.006	9.1953688e-07
0.0065	6.9460351e-07
0.007	9.6981847e-07
0.0075	9.1696112e-07
0.008	9.6033205e-07
0.0085	7.1270267e-07
0.009	8.2631317e-07
0.0095	7.0827646e-07
0.01	5.5539396e-07
0.0105	7.6475963e-07
0.011	8.3411235e-07
0.0115	6.957013e-07
0.012	8.5132768e-07
0.0125	8.5224139e-07
0.013	8.4360253e-07
0.0135	9.418228e-07
0.014	8.1104651e-07
0.0145	7.2223998e-07
0.015	7.8100512e-07
0.0155	8.4862872e-07
0.016	7.3319118e-07
0.0165	6.2444373e-07
0.017	5.5086505e-07
0.0175	7.6996198e-07
0.018	6.4022482e-07
0.0185	9.438987e-07
0.019	9.1515187e-07
0.0195	8.2194392e-07
0.02	8.2540329e-07
0.0205	8.6054077e-07
0.021	8.0124642e-07
0.0215	7.3514792e-07
0.022	6.7812589e-07
0.0225	5.8407379e-07
0.023	4.8904495e-07
0.0235	6.5901443e-07
0.024	5.4107751e-07
0.0245	9.0227918e-07
0.025	9.1639208e-07
0.0255	8.6232097e-07
0.026	7.099113e-07
0.0265	7.2708522e-07
0.027	6.4701718e-07
0.0275	8.65469e-07
0.028	6.8824954e-07
0.0285	6.5937579e-07
0.029	5.7496912e-07
0.0295	5.757459e-07
0.03	6.9923446e-07
0.0305	6.7071883e-07
0.031	6.9956407e-07
0.0315	6.3711606e-07
0.032	6.1178767e-07
0.0325	5.6242184e-07
0.033	7.6847605e-07
0.0335	7.9648752e-07
0.034	7.0886789e-07
0.0345	9.3549241e-07
0.035	6.179258e-07
0.0355	8.6176053e-07
0.036	7.7353009e-07
0.0365	6.5383595e-07
0.037	5.2783226e-07
0.0375	7.0637475e-07
0.038	7.3493648e-07
0.0385	8.6257272e-07
0.039	9.7044025e-07
0.0395	5.5905528e-07
0.04	9.0243399e-07
0.0405	8.0074799e-07
0.041	9.1709959e-07
0.0415	6.5494845e-07
0.042	9.3297225e-07
0.0425	8.4131881e-07
0.043	9.4305409e-07
0.0435	5.5976552e-07
0.044	8.3259316e-07
0.0445	5.6831899e-07
0.045	7.7955243e-07
0.0455	7.7216818e-07
0.046	5.3064748e-07
0.0465	8.4304531e-07
0.047	5.7240855e-07
0.0475	8.6444941e-07
0.048	9.7514852e-07
0.0485	9.8653225e-07
0.049	8.0978776e-07
0.0495	7.6419346e-07
0.05	8.8047335e-07
0.0505	9.5191457e-07
0.051	5.8053935e-07
0.0515	5.9056821e-07
0.052	9.8997898e-07
0.0525	8.4154029e-07
0.053	8.2747178e-07
0.0535	9.6147988e-07
0.054	8.5056735e-07
0.0545	9.0412141e-07
0.055	9.8832813e-07
0.0555	8.194828e-07
0.056	7.1031601e-07
0.0565	7.6297727e-07
0.057	7.927225e-07
0.0575	9.2485866e-07
0.058	9.2241594e-07
0.0585	6.4353574e-07
0.059	9.9476662e-07
0.0595	9.2657875e-07
0.06	9.0798427e-07
0.0605	9.5202326e-07
0.061	8.365735e-07
0.0615	8.2309951e-07
0.062	7.2412908e-07
0.0625	7.5052197e-07
0.063	9.5528034e-07
0.0635	9.5534116e-07
0.064	9.56396e-07
0.0645	9.8719929e-07
0.065	9.9911592e-07
0.0655	8.0652873e-07
0.066	7.2995737e-07
0.0665	5.0744529e-07
0.067	9.7116353e-07
0.0675	9.8176641e-07
0.068	6.5713428e-07
0.0685	9.6952533e-07
0.069	9.4758976e-07
0.0695	7.6800339e-07
0.07	8.6538874e-07
0.0705	7.6431434e-07
0.071	6.7287564e-07
0.0715	9.7566272e-07
0.072	9.9401404e-07
0.0725	7.0996692e-07
0.073	9.7839264e-07
0.0735	9.9959703e-07
0.074	9.5319234e-07
0.0745	7.5327183e-07
0.075	9.217682e-07
0.0755	7.5840606e-07
0.076	7.3467877e-07
0.0765	7.2027982e-07
0.077	8.7878748e-07
0.0775	7.5477282e-07
0.078	6.7395127e-07
0.0785	9.4029525e-07
0.079	8.8809501e-07
0.0795	9.1671118e-07
0.08	5.5515388e-07
0.0805	8.2577838e-07
0.081	9.0889745e-07
0.0815	8.3566156e-07
0.082	9.5496459e-07
0.0825	7.2350392e-07
0.083	7.0684036e-07
0.0835	9.0534415e-07
0.084	7.9479789e-07
0.0845	9.1060111e-07
0.085	7.7192992e-07
0.0855	9.7995902e-07
0.086	6.7375351e-07
0.0865	7.915174e-07
0.087	8.1288528e-07
0.0875	4.5013013e-07
0.088	7.0590896e-07
0.0885	4.0795349e-07
0.089	9.0452535e-07
0.0895	7.3386744e-07
0.09	9.5337373e-07
0.0905	8.5090544e-07
0.091	7.1324332e-07
0.0915	9.1959327e-07
0.092	8.1633167e-07
0.0925	9.5914343e-07
0.093	9.7155584e-07
0.0935	9.2161357e-07
0.094	7.4091695e-07
0.0945	6.8021199e-07
0.095	6.9786517e-07
0.0955	7.1827758e-07
0.096	7.9082969e-07
0.0965	8.9746079e-07
0.097	9.8518905e-07
0.0975	8.4835119e-07
0.098	8.2699888e-07
0.0985	8.5949321e-07
0.099	9.9974949e-07
0.0995	9.7796444e-07
0.1	8.4659964e-07
0.1005	8.4330187e-07
0.101	9.4077423e-07
0.1015	8.1680729e-07
0.102	8.8803779e-07
0.1025	8.5290695e-07
0.103	9.180812e-07
0.1035	6.9684345e-07
0.104	7.3732532e-07
0.1045	6.7009908e-07
0.105	5.0475403e-07
0.1055	4.8011542e-07
0.106	4.7098587e-07
0.1065	4.7938939e-07
0.107	5.0049974e-07
0.1075	5.2574425e-07
0.108	5.5161492e-07
0.1085	5.5619905e-07
0.109	7.4555105e-07
0.1095	8.8804236e-07
0.11	9.8550055e-07
0.1105	5.4817134e-07
0.111	7.4256116e-07
0.1115	9.1174239e-07
0.112	5.879905e-07
0.1125	8.6803959e-07
0.113	6.2141287e-07
0.1135	8.2495873e-07
0.114	7.0188655e-07
0.1145	9.5614231e-07
0.115	6.8713607e-07
0.1155	6.8295354e-07
0.116	6.5756741e-07
0.1165	8.411348e-07
0.117	6.819773e-07
0.1175	7.0362592e-07
0.118	6.2677396e-07
0.1185	6.5279369e-07
0.119	6.9794445e-07
0.1195	8.5687092e-07
0.12	9.9249357e-07
0.1205	6.5979742e-07
0.121	7.864313e-07
0.1215	9.045717e-07
0.122	7.3330921e-07
0.1225	6.5927361e-07
0.123	5.999977e-07
0.1235	5.9879376e-07
0.124	6.3698316e-07
0.1245	6.8887412e-07
0.125	7.3790172e-07
0.1255	7.7731359e-07
0.126	8.0841944e-07
0.1265	8.3235662e-07
0.127	8.5214841e-07
0.1275	8.7032105e-07
0.128	8.8830578e-07
0.1285	9.0798796e-07
0.129	9.2760682e-07
0.1295	9.4640259e-07
0.13	9.643355e-07
0.1305	9.8035901e-07
0.131	9.9407813e-07
0.1315	9.0113178e-07
0.132	9.4953651e-07
0.1325	9.8300558e-07
0.133	9.0223025e-07
0.1335	9.4785985e-07
0.134	7.7386512e-07
0.1345	8.8439752e-07
0.135	8.4418787e-07
0.1355	8.1642985e-07
0.136	9.8422622e-07
0.1365	5.9206833e-07
0.137	7.4855411e-07
0.1375	9.8207439e-07
0.138	6.1689871e-07
0.1385	8.8655501e-07
0.139	7.7538897e-07
0.1395	7.8681225e-07
0.14	8.3362042e-07
0.1405	8.5227966e-07
0.141	7.3487251e-07
0.1415	7.9790413e-07
0.142	9.4095349e-07
0.1425	9.0458819e-07
0.143	8.0257672e-07
0.1435	8.0519355e-07
0.144	7.1015381e-07
0.1445	5.844708e-07
0.145	5.5970017e-07
0.1455	5.5050692e-07
0.146	5.8301029e-07
0.1465	5.9679629e-07
0.147	6.410037e-07
0.1475	6.3393889e-07
0.148	8.0048277e-07
0.1485	9.3766561e-07
0.149	6.213056e-07
0.1495	8.8908071e-07
0.15	6.420552e-07
0.1505	7.4824603e-07
0.151	7.122545e-07
0.1515	6.1667894e-07
0.152	5.1797431e-07
0.1525	5.2869695e-07
0.153	5.5675255e-07
0.1535	5.9037016e-07
0.154	6.2804421e-07
0.1545	6.6926814e-07
0.155	7.0423781e-07
0.1555	7.3009218e-07
0.156	7.5249898e-07
0.1565	7.7444042e-07
0.157	7.94856e-07
0.1575	8.1471909e-07
0.158	8.3654324e-07
0.1585	8.6107292e-07
0.159	8.8403076e-07
0.1595	9.0062157e-07
0.16	9.1266904e-07
0.1605	9.2473179e-07
0.161	9.3016673e-07
0.1615	9.2756098e-07
0.162	9.2182916e-07
0.1625	9.130789e-07
0.163	8.9984853e-07
0.1635	8.8007827e-07
0.164	8.6165791e-07
0.1645	8.5102758e-07
0.165	8.483136e-07
0.1655	8.4604586e-07
0.166	8.528125e-07
0.1665	8.7149853e-07
0.167	8.9951317e-07
0.1675	9.218877e-07
0.168	9.4207911e-07
0.1685	9.6464226e-07
0.169	9.8766649e-07
0.1695	8.0577394e-07
0.17	7.4529293e-07
0.1705	7.2222895e-07
0.171	6.1143675e-07
0.1715	6.9091221e-07
0.172	8.7465291e-07
0.1725	9.298237e-07
0.173	5.3446321e-07
0.1735	6.8061194e-07
0.174	9.3030664e-07
0.1745	9.426284e-07
0.175	7.7044965e-07
0.1755	8.9880725e-07
0.176	8.539628e-07
0.1765	9.236666e-07
0.177	9.7012684e-07
0.1775	8.6763045e-07
0.178	9.8525632e-07
0.1785	8.1040546e-07
0.179	9.8534861e-07
0.1795	7.9957308e-07
0.18	6.6840022e-07
0.1805	5.7384668e-07
0.181	7.74174e-07
0.1815	6.600182e-07
0.182	8.1752765e-07
0.1825	6.9478591e-07
0.183	8.2888074e-07
0.1835	7.6586062e-07
0.184	8.779183e-07
0.1845	7.3190289e-07
0.185	7.311389e-07
0.1855	9.5803749e-07
0.186	7.6290777e-07
0.1865	9.674041e-07
0.187	5.2009108e-07
0.1875	7.6151751e-07
0.188	5.3941818e-07
0.1885	7.2283258e-07
0.189	5.0331159e-07
0.1895	7.3440163e-07
0.19	5.2197852e-07
0.1905	7.0075694e-07
0.191	5.4014256e-07
0.1915	7.3870505e-07
0.192	5.5164359e-07
0.1925	7.2229885e-07
0.193	5.8206859e-07
0.1935	7.6144363e-07
0.194	5.6547365e-07
0.1945	7.3863352e-07
0.195	5.7936938e-07
0.1955	7.5437274e-07
0.196	5.3266822e-07
0.1965	6.994294e-07
0.197	5.2120859e-07
0.1975	6.9025381e-07
0.198	9.6617714e-07
0.1985	5.5842557e-07
0.199	9.6569224e-07
0.1995	6.0164592e-07
0.2	8.6496726e-07
