0.0005	0
0.001	0.35031365
0.0015	0.17286453
0.002	0.070139672
0.0025	0.050507889
0.003	0.037469113
0.0035	0.030028936
0.004	0.024734517
0.0045	0.020825983
0.005	0.017777476
0.0055	0.015315116
0.006	0.013296652
0.0065	0.011628641
0.007	0.010240838
0.0075	0.0090662729
0.008	0.0080859712
0.0085	0.0072348194
0.009	0.0064835655
0.0095	0.0058190109
0.01	0.0052530755
0.0105	0.0048874396
0.011	0.0045580992
0.0115	0.0042128628
0.012	0.0038610646
0.0125	0.0035145132
0.013	0.0031824823
0.0135	0.0028772128
0.014	0.0026243429
0.0145	0.0023923603
0.015	0.0021672237
0.0155	0.0019555933
0.016	0.0017822814
0.0165	0.0016230095
0.017	0.001470356
0.0175	0.0013272308
0.018	0.0012080719
0.0185	0.00110341
0.019	0.0010038636
0.0195	0.0009146222
0.02	0.00083928885
0.0205	0.00076890704
0.021	0.00070099242
0.0215	0.00063730171
0.022	0.00058552952
0.0225	0.00053721047
0.023	0.00049074393
0.0235	0.00044787957
0.024	0.00041145753
0.0245	0.00037705746
0.025	0.00034384141
0.0255	0.00031519255
0.026	0.00028848128
0.0265	0.00026358531
0.027	0.00024095034
0.0275	0.0002208569
0.028	0.00020228554
0.0285	0.0001846729
0.029	0.00016952061
0.0295	0.00015510103
0.03	0.00014173892
0.0305	0.00013007326
0.031	0.00011940605
0.0315	0.0001091551
0.032	0.00010005491
0.0325	9.2036252e-05
0.033	8.429495e-05
0.0335	7.6955094e-05
0.034	7.0702969e-05
0.0345	6.4822129e-05
0.035	5.967651e-05
0.0355	5.4414694e-05
0.036	5.0370234e-05
0.0365	4.6012995e-05
0.037	4.254246e-05
0.0375	3.8848189e-05
0.038	3.5574831e-05
0.0385	3.2646135e-05
0.039	2.9679721e-05
0.0395	2.7377601e-05
0.04	2.5077599e-05
0.0405	2.3036946e-05
0.041	2.148243e-05
0.0415	1.9574688e-05
0.042	1.7901687e-05
0.0425	1.6605702e-05
0.043	1.5139719e-05
0.0435	1.4410554e-05
0.044	1.2593492e-05
0.0445	1.1930261e-05
0.045	1.0871251e-05
0.0455	1.0208618e-05
0.046	9.2530157e-06
0.0465	8.284424e-06
0.047	8.1226832e-06
0.0475	7.374412e-06
0.048	6.8680363e-06
0.0485	6.3592795e-06
0.049	6.2153928e-06
0.0495	5.5592057e-06
0.05	5.4850376e-06
0.0505	5.266101e-06
0.051	4.4424236e-06
0.0515	5.4455292e-06
0.052	4.2164473e-06
0.0525	3.6963102e-06
0.053	3.7017206e-06
0.0535	3.5188911e-06
0.054	3.2323315e-06
0.0545	3.094968e-06
0.055	2.9507178e-06
0.0555	2.9951644e-06
0.056	2.6490391e-06
0.0565	2.8057416e-06
0.057	2.4412679e-06
0.0575	2.3608594e-06
0.058	2.1172035e-06
0.0585	3.0231083e-06
0.059	2.0815723e-06
0.0595	2.1611596e-06
0.06	1.9666356e-06
0.0605	1.8821031e-06
0.061	2.1943513e-06
0.0615	2.3136022e-06
0.062	2.3331174e-06
0.0625	2.0905373e-06
0.063	1.8744161e-06
0.0635	1.7489898e-06
0.064	2.2348766e-06
0.0645	1.994896e-06
0.065	2.0382401e-06
0.0655	1.42986e-06
0.066	2.1346125e-06
0.0665	2.3116102e-06
0.067	1.8541661e-06
0.0675	2.0908721e-06
0.068	2.163036e-06
0.0685	1.5640846e-06
0.069	1.993691e-06
0.0695	1.5435595e-06
0.07	1.4891323e-06
0.0705	1.3913961e-06
0.071	1.7732581e-06
0.0715	1.7066943e-06
0.072	1.7252573e-06
0.0725	2.2257902e-06
0.073	1.9047402e-06
0.0735	1.6316933e-06
0.074	1.6867096e-06
0.0745	2.4499979e-06
0.075	1.4419646e-06
0.0755	1.3907807e-06
0.076	1.227072e-06
0.0765	1.898911e-06
0.077	1.7570736e-06
0.0775	2.4698862e-06
0.078	1.8094147e-06
0.0785	2.0699152e-06
0.079	1.8477267e-06
0.0795	1.5375186e-06
0.08	2.47442e-06
0.0805	1.6464984e-06
0.081	1.5457804e-06
0.0815	1.6221965e-06
0.082	1.2288093e-06
0.0825	1.844232e-06
0.083	1.4355105e-06
0.0835	2.2496924e-06
0.084	2.2324137e-06
0.0845	1.889434e-06
0.085	1.596135e-06
0.0855	1.4647805e-06
0.086	2.1389416e-06
0.0865	1.0669834e-06
0.087	1.8912232e-06
0.0875	2.2130791e-06
0.088	2.5279143e-06
0.0885	2.5281537e-06
0.089	1.9510595e-06
0.0895	3.6244362e-06
0.09	2.786317e-06
0.0905	1.5966046e-06
0.091	2.0221258e-06
0.0915	1.5243549e-06
0.092	1.4309854e-06
0.0925	1.4958176e-06
0.093	1.7886951e-06
0.0935	1.2767362e-06
0.094	5.5528887e-07
0.0945	7.0450164e-07
0.095	8.4064216e-07
0.0955	9.4784342e-07
0.096	3.3758998e-07
0.0965	2.509035e-07
0.097	2.0350755e-07
0.0975	1.722112e-07
0.098	1.0266232e-06
0.0985	1.437318e-06
0.099	1.5548985e-06
0.0995	2.0205432e-06
0.1	1.8786789e-06
0.1005	1.538038e-06
0.101	1.1752282e-06
0.1015	7.5391109e-07
0.102	6.0496586e-07
0.1025	1.3652182e-06
0.103	1.0825829e-06
0.1035	1.0200212e-06
0.104	8.2839662e-07
0.1045	1.0337896e-06
0.105	1.1087265e-06
0.1055	1.0770933e-06
0.106	1.0528721e-06
0.1065	1.0708843e-06
0.107	1.1086579e-06
0.1075	1.1706363e-06
0.108	1.25158e-06
0.1085	3.7989889e-07
0.109	2.5036416e-07
0.1095	1.7770186e-07
0.11	1.3159064e-07
0.1105	1.0065241e-07
0.111	1.4220814e-06
0.1115	6.2531602e-07
0.112	4.4400057e-07
0.1125	1.6166938e-06
0.113	8.9050434e-07
0.1135	1.1582089e-06
0.114	8.3643196e-07
0.1145	4.5981382e-07
0.115	3.0865248e-07
0.1155	1.0959094e-06
0.116	3.7646457e-07
0.1165	2.7138637e-07
0.117	2.0590972e-07
0.1175	5.2852644e-07
0.118	7.0110195e-07
0.1185	9.2998463e-07
0.119	3.1062083e-07
0.1195	2.1811006e-07
0.12	1.6477132e-07
0.1205	1.2881553e-07
0.121	6.0929136e-07
0.1215	4.4331465e-07
0.122	3.0080608e-07
0.1225	1.0097368e-06
0.123	1.0563655e-06
0.1235	1.0929394e-06
0.124	2.1572153e-07
0.1245	1.5022438e-07
0.125	1.1572162e-07
0.1255	9.4333964e-08
0.126	7.8912921e-08
0.1265	6.6992064e-08
0.127	5.7894256e-08
0.1275	5.1130514e-08
0.128	4.5742218e-08
0.1285	4.1589522e-08
0.129	3.7685054e-08
0.1295	3.4072495e-08
0.13	3.0815423e-08
0.1305	2.7898767e-08
0.131	2.5273784e-08
0.1315	2.2941997e-08
0.132	8.1424699e-07
0.1325	5.5475547e-07
0.133	3.9957077e-07
0.1335	6.829949e-07
0.134	5.3871915e-07
0.1345	1.1111055e-06
0.135	5.6194093e-07
0.1355	4.1755746e-07
0.136	7.073639e-07
0.1365	5.6170788e-07
0.137	1.8098378e-06
0.1375	6.5639138e-07
0.138	5.3137065e-07
0.1385	1.0486882e-06
0.139	5.7195964e-07
0.1395	4.3883684e-07
0.14	1.08761e-06
0.1405	5.8202851e-07
0.141	4.5500068e-07
0.1415	6.861539e-07
0.142	5.6959255e-07
0.1425	4.3572245e-07
0.143	8.9866043e-07
0.1435	7.1626541e-07
0.144	9.2651529e-07
0.1445	9.7203713e-07
0.145	9.1711273e-07
0.1455	8.6157938e-07
0.146	9.0060243e-07
0.1465	9.7103646e-07
0.147	1.0532617e-06
0.1475	3.4885704e-07
0.148	2.4369214e-07
0.1485	1.8273993e-07
0.149	1.4268918e-07
0.1495	1.4613505e-06
0.15	8.3879668e-07
0.1505	1.1413656e-06
0.151	7.7103969e-07
0.1515	4.692009e-07
0.152	6.6913296e-07
0.1525	9.1412321e-07
0.153	1.0349952e-06
0.1535	2.0167462e-07
0.154	1.444247e-07
0.1545	1.1446472e-07
0.155	9.5143798e-08
0.1555	8.196898e-08
0.156	7.1882538e-08
0.1565	6.3738063e-08
0.157	5.6695015e-08
0.1575	5.057714e-08
0.158	4.5237882e-08
0.1585	4.1244923e-08
0.159	3.7631983e-08
0.1595	3.4322482e-08
0.16	3.1330688e-08
0.1605	2.858304e-08
0.161	2.6021637e-08
0.1615	2.3643661e-08
0.162	2.1444464e-08
0.1625	1.9433247e-08
0.163	1.7592282e-08
0.1635	1.591995e-08
0.164	1.4388874e-08
0.1645	1.3011239e-08
0.165	1.1788787e-08
0.1655	1.0679317e-08
0.166	9.6562055e-09
0.1665	9.1918477e-09
0.167	8.7314507e-09
0.1675	8.2943399e-09
0.168	7.884827e-09
0.1685	7.5058662e-09
0.169	7.1511448e-09
0.1695	6.8197557e-09
0.17	2.0772088e-06
0.1705	2.1456006e-06
0.171	2.0272435e-06
0.1715	2.3302489e-06
0.172	1.839327e-06
0.1725	2.1022073e-06
0.173	1.8741607e-06
0.1735	2.4337903e-06
0.174	1.712692e-06
0.1745	1.7656526e-06
0.175	1.3305099e-06
0.1755	1.5213857e-06
0.176	2.6931738e-06
0.1765	1.6598323e-06
0.177	1.560383e-06
0.1775	1.2840221e-06
0.178	1.3957018e-06
0.1785	1.3637749e-06
0.179	1.5258489e-06
0.1795	1.5596528e-06
0.18	1.0804342e-06
0.1805	9.3185957e-07
0.181	1.3539546e-06
0.1815	1.1573917e-06
0.182	1.200739e-06
0.1825	1.3084048e-06
0.183	1.5072063e-06
0.1835	1.7269286e-06
0.184	1.919389e-06
0.1845	1.1024336e-06
0.185	4.4706698e-07
0.1855	3.3085982e-07
0.186	2.6764831e-07
0.1865	1.3739427e-06
0.187	8.2975993e-07
0.1875	1.0623326e-06
0.188	7.9853803e-07
0.1885	9.6985974e-07
0.189	7.3003702e-07
0.1895	9.6147371e-07
0.19	7.1800161e-07
0.1905	9.2367748e-07
0.191	6.5307409e-07
0.1915	8.8134936e-07
0.192	6.3374482e-07
0.1925	8.6721661e-07
0.193	6.0529788e-07
0.1935	8.5073921e-07
0.194	5.9537582e-07
0.1945	8.4116954e-07
0.195	5.9113123e-07
0.1955	8.2874546e-07
0.196	5.7631279e-07
0.1965	7.9804455e-07
0.197	5.5800099e-07
0.1975	7.6248113e-07
0.198	5.2805101e-07
0.1985	3.8961057e-07
0.199	1.4265975e-06
0.1995	8.6590596e-07
0.2	4.6011227e-07
