0.0005	0
0.001	5.8580789e-09
0.0015	4.4568113e-09
0.002	5.6236236e-09
0.0025	4.9664243e-09
0.003	3.824961e-09
0.0035	3.1893423e-09
0.004	9.5366051e-09
0.0045	8.1940468e-09
0.005	7.192692e-09
0.0055	6.4233301e-09
0.006	5.6867923e-09
0.0065	5.0015258e-09
0.007	4.4203496e-09
0.0075	3.9272682e-09
0.008	3.4864893e-09
0.0085	3.102141e-09
0.009	9.8720777e-09
0.0095	8.8930544e-09
0.01	8.0453186e-09
0.0105	7.2749941e-09
0.011	6.5631259e-09
0.0115	5.9522931e-09
0.012	5.4136077e-09
0.0125	4.9111019e-09
0.013	4.4268831e-09
0.0135	3.9908334e-09
0.014	3.6115364e-09
0.0145	3.2701042e-09
0.015	2.9510455e-09
0.0155	9.5816591e-09
0.016	8.6469418e-09
0.0165	7.8172672e-09
0.017	7.0922332e-09
0.0175	6.4328746e-09
0.018	5.8363369e-09
0.0185	5.2978061e-09
0.019	4.8173373e-09
0.0195	4.3810444e-09
0.02	3.9918594e-09
0.0205	3.6376831e-09
0.021	3.3185332e-09
0.0215	3.0255765e-09
0.022	9.9990026e-09
0.0225	9.1224256e-09
0.023	8.3381393e-09
0.0235	7.606661e-09
0.024	6.9429271e-09
0.0245	6.3501542e-09
0.025	5.8057059e-09
0.0255	5.3068616e-09
0.026	4.8418443e-09
0.0265	4.429567e-09
0.027	4.0467305e-09
0.0275	3.7010132e-09
0.028	3.3751099e-09
0.0285	3.090277e-09
0.029	2.8250353e-09
0.0295	9.4193219e-09
0.03	8.6251104e-09
0.0305	7.9012612e-09
0.031	7.2304903e-09
0.0315	6.6112485e-09
0.032	6.0687615e-09
0.0325	5.6124188e-09
0.033	5.1191856e-09
0.0335	4.6824993e-09
0.034	4.2585168e-09
0.0345	3.8903649e-09
0.035	3.5762485e-09
0.0355	3.2632552e-09
0.036	3.0201594e-09
0.0365	2.7596266e-09
0.037	9.5191804e-09
0.0375	8.5574897e-09
0.038	7.8528526e-09
0.0385	7.2489097e-09
0.039	6.515587e-09
0.0395	5.9734536e-09
0.04	5.4875637e-09
0.0405	5.0353338e-09
0.041	4.8098527e-09
0.0415	4.3338464e-09
0.042	4.0718564e-09
0.0425	3.740567e-09
0.043	3.4152599e-09
0.0435	3.3636935e-09
0.044	2.8069398e-09
0.0445	2.7056836e-09
0.045	9.087265e-09
0.0455	8.7917487e-09
0.046	7.8561838e-09
0.0465	6.8812557e-09
0.047	6.8244897e-09
0.0475	6.3682495e-09
0.048	5.7955639e-09
0.0485	5.3972587e-09
0.049	5.3626145e-09
0.0495	4.6806256e-09
0.05	4.7828486e-09
0.0505	4.842623e-09
0.051	3.9124657e-09
0.0515	5.3911444e-09
0.052	3.9311673e-09
0.0525	3.3015697e-09
0.053	3.3968366e-09
0.0535	3.1969161e-09
0.054	2.8808226e-09
0.0545	9.9018865e-09
0.055	9.6871154e-09
0.0555	2.6785726e-09
0.056	8.5183845e-09
0.0565	9.7719847e-09
0.057	7.6647351e-09
0.0575	7.6588683e-09
0.058	6.5298398e-09
0.0585	3.0779328e-09
0.059	7.2461832e-09
0.0595	6.9338529e-09
0.06	7.0236924e-09
0.0605	5.9856325e-09
0.061	8.0264907e-09
0.0615	8.1649488e-09
0.062	8.9159584e-09
0.0625	6.6603712e-09
0.063	6.640379e-09
0.0635	5.8111066e-09
0.064	8.5867411e-09
0.0645	6.5496417e-09
0.065	7.0360673e-09
0.0655	4.8249951e-09
0.066	7.9850168e-09
0.0665	9.5622259e-09
0.067	6.2410297e-09
0.0675	7.3645642e-09
0.068	8.6596813e-09
0.0685	5.905365e-09
0.069	7.0453794e-09
0.0695	5.4270215e-09
0.07	5.0602999e-09
0.0705	4.839217e-09
0.071	6.4748194e-09
0.0715	6.4305753e-09
0.072	6.9912919e-09
0.0725	9.7609236e-09
0.073	7.5334133e-09
0.0735	5.5221634e-09
0.074	5.9693901e-09
0.0745	9.517728e-09
0.075	5.7078731e-09
0.0755	5.0981972e-09
0.076	4.633484e-09
0.0765	7.5768016e-09
0.077	6.5756299e-09
0.0775	3.091017e-09
0.078	6.2518622e-09
0.0785	8.4514766e-09
0.079	5.6034804e-09
0.0795	4.7792933e-09
0.08	2.8515078e-09
0.0805	5.58148e-09
0.081	5.0457196e-09
0.0815	5.4609556e-09
0.082	4.3752485e-09
0.0825	7.2184644e-09
0.083	5.3272668e-09
0.0835	9.089682e-09
0.084	7.0886283e-09
0.0845	5.8816821e-09
0.085	3.8712098e-09
0.0855	4.3116203e-09
0.086	6.9681371e-09
0.0865	3.9296224e-09
0.087	7.7405397e-09
0.0875	6.9025542e-09
0.088	3.0673632e-09
0.0885	8.4145013e-09
0.089	7.3521547e-09
0.0895	4.1996113e-09
0.09	9.007574e-09
0.0905	5.2497379e-09
0.091	5.4502301e-09
0.0915	4.001588e-09
0.092	3.8401409e-09
0.0925	3.9520644e-09
0.093	4.4575316e-09
0.0935	2.6780871e-09
0.094	4.4163401e-09
0.0945	5.1184836e-09
0.095	5.0166721e-09
0.0955	4.9539508e-09
0.096	3.1196688e-09
0.0965	2.6134084e-09
0.097	9.5913006e-09
0.0975	8.3354001e-09
0.098	2.4848541e-09
0.0985	3.3239906e-09
0.099	4.5553337e-09
0.0995	6.1762519e-09
0.1	4.9183801e-09
0.1005	3.7344308e-09
0.101	3.0126149e-09
0.1015	7.6252159e-09
0.102	6.2442159e-09
0.1025	3.4222909e-09
0.103	2.7220338e-09
0.1035	2.6311424e-09
0.104	8.0471846e-09
0.1045	8.3456854e-09
0.105	5.4259648e-09
0.1055	5.2112218e-09
0.106	4.3261282e-09
0.1065	4.2746747e-09
0.107	4.4954521e-09
0.1075	4.8502472e-09
0.108	5.0767884e-09
0.1085	2.322788e-09
0.109	8.2218666e-09
0.1095	6.2375982e-09
0.11	4.8906916e-09
0.1105	3.9326046e-09
0.111	9.2310319e-09
0.1115	4.7794103e-09
0.112	3.6180811e-09
0.1125	2.6745434e-09
0.113	6.865755e-09
0.1135	8.4732806e-09
0.114	6.0615807e-09
0.1145	2.6892816e-09
0.115	9.9803537e-09
0.1155	5.9462981e-09
0.116	2.8818328e-09
0.1165	2.1999543e-09
0.117	7.9980967e-09
0.1175	3.2555835e-09
0.118	3.5688055e-09
0.1185	4.7755877e-09
0.119	2.4075799e-09
0.1195	8.4888918e-09
0.12	6.6534234e-09
0.1205	5.3220225e-09
0.121	4.9087943e-09
0.1215	2.7753798e-09
0.122	2.2345343e-09
0.1225	5.5349378e-09
0.123	4.006262e-09
0.1235	4.0130278e-09
0.124	7.7426278e-09
0.1245	6.086177e-09
0.125	4.9798586e-09
0.1255	4.2124185e-09
0.126	3.6600639e-09
0.1265	3.2208104e-09
0.127	2.8394982e-09
0.1275	2.5156492e-09
0.128	9.9468769e-09
0.1285	9.0032494e-09
0.129	8.1602751e-09
0.1295	7.4070977e-09
0.13	6.7211097e-09
0.1305	6.0931893e-09
0.131	5.5340136e-09
0.1315	5.0369601e-09
0.132	7.2155281e-09
0.1325	4.7483879e-09
0.133	3.9348785e-09
0.1335	7.0246147e-09
0.134	5.7805486e-09
0.1345	8.4234991e-09
0.135	5.2047907e-09
0.1355	4.2244554e-09
0.136	6.3499668e-09
0.1365	5.2558839e-09
0.137	4.2539387e-09
0.1375	7.8296179e-09
0.138	6.4811352e-09
0.1385	9.6200142e-09
0.139	5.5008286e-09
0.1395	4.5388168e-09
0.14	8.6417616e-09
0.1405	5.9876602e-09
0.141	4.7970951e-09
0.1415	7.0426697e-09
0.142	5.582132e-09
0.1425	4.5585547e-09
0.143	9.6388001e-09
0.1435	6.6388976e-09
0.144	7.3108694e-09
0.1445	5.2021164e-09
0.145	4.838228e-09
0.1455	4.366067e-09
0.146	4.6433793e-09
0.1465	4.8306761e-09
0.147	5.5509388e-09
0.1475	2.8074607e-09
0.148	9.7201562e-09
0.1485	7.6240974e-09
0.149	6.129715e-09
0.1495	2.7518246e-09
0.15	7.1502053e-09
0.1505	8.9746563e-09
0.151	5.9313866e-09
0.1515	2.5576575e-09
0.152	2.5680328e-09
0.1525	3.2689986e-09
0.153	3.4395805e-09
0.1535	7.5229483e-09
0.154	6.1541918e-09
0.1545	5.2369577e-09
0.155	4.5448717e-09
0.1555	3.988347e-09
0.156	3.5411484e-09
0.1565	3.1664388e-09
0.157	2.8395928e-09
0.1575	2.5466686e-09
0.158	9.965036e-09
0.1585	9.1016771e-09
0.159	8.314441e-09
0.1595	7.6050731e-09
0.16	6.9425641e-09
0.1605	6.3268829e-09
0.161	5.7511583e-09
0.1615	5.2221325e-09
0.162	4.7368344e-09
0.1625	4.2944077e-09
0.163	3.8890264e-09
0.1635	3.5189016e-09
0.164	3.1922168e-09
0.1645	2.8979116e-09
0.165	2.6245195e-09
0.1655	2.3715584e-09
0.166	9.6562055e-09
0.1665	9.1918477e-09
0.167	8.7314507e-09
0.1675	8.2943399e-09
0.168	7.884827e-09
0.1685	7.5058662e-09
0.169	7.1511448e-09
0.1695	6.8197557e-09
0.17	7.746421e-09
0.1705	8.3053585e-09
0.171	7.0445845e-09
0.1715	9.4367259e-09
0.172	7.2553643e-09
0.1725	8.0894819e-09
0.173	7.5234561e-09
0.1735	9.6777274e-09
0.174	6.3302513e-09
0.1745	6.3779495e-09
0.175	3.94846e-09
0.1755	5.7482547e-09
0.176	9.6773025e-09
0.1765	4.5430519e-09
0.177	4.056886e-09
0.1775	3.5920053e-09
0.178	3.8084185e-09
0.1785	3.7834828e-09
0.179	3.9251735e-09
0.1795	4.4916875e-09
0.18	3.2812069e-09
0.1805	9.0174571e-09
0.181	3.4565762e-09
0.1815	2.8479626e-09
0.182	3.2250999e-09
0.1825	3.2709242e-09
0.183	4.0118304e-09
0.1835	4.3214322e-09
0.184	5.1295379e-09
0.1845	8.9760624e-09
0.185	3.7117541e-09
0.1855	3.1084374e-09
0.186	2.6487792e-09
0.1865	2.6014276e-09
0.187	6.7720857e-09
0.1875	7.8434812e-09
0.188	6.1712946e-09
0.1885	6.8545306e-09
0.189	5.5510977e-09
0.1895	6.8110203e-09
0.19	5.3594965e-09
0.1905	6.369409e-09
0.191	4.8383978e-09
0.1915	5.9755999e-09
0.192	4.7079328e-09
0.1925	5.7474641e-09
0.193	4.488623e-09
0.1935	5.466865e-09
0.194	4.4235235e-09
0.1945	5.5248438e-09
0.195	4.2736788e-09
0.1955	5.250288e-09
0.196	4.1873383e-09
0.1965	5.2329295e-09
0.197	3.9683486e-09
0.1975	4.780978e-09
0.198	3.8004396e-09
0.1985	2.959847e-09
0.199	2.1967442e-09
0.1995	6.056221e-09
0.2	2.9646669e-09
