0.0005	1
0.001	0.60025808
0.0015	0.070507479
0.002	0.046073164
0.0025	0.032540139
0.003	0.025182481
0.0035	0.020129682
0.004	0.016424613
0.0045	0.013691172
0.005	0.011627428
0.0055	0.010022908
0.006	0.0087182279
0.0065	0.0076275641
0.007	0.0067034861
0.0075	0.0059135341
0.008	0.0052357045
0.0085	0.0046592788
0.009	0.0041551464
0.0095	0.003712427
0.01	0.0033228099
0.0105	0.0029810983
0.011	0.0026809599
0.0115	0.0024149971
0.012	0.0021778387
0.0125	0.0019664474
0.013	0.0017780892
0.0135	0.0016097547
0.014	0.0014583773
0.0145	0.0013218136
0.015	0.0011985832
0.0155	0.0010872636
0.016	0.00098684086
0.0165	0.00089594034
0.017	0.00081348184
0.0175	0.00073875163
0.018	0.00067111065
0.0185	0.00060980264
0.019	0.000554149
0.0195	0.00050366725
0.02	0.0004578453
0.0205	0.00041619995
0.021	0.00037836083
0.0215	0.00034402901
0.022	0.00031282258
0.0225	0.00028443689
0.023	0.00025866302
0.0235	0.00023524892
0.024	0.00021393309
0.0245	0.0001945385
0.025	0.00017693138
0.0255	0.00016091362
0.026	0.00014633249
0.0265	0.0001330777
0.027	0.00012103402
0.0275	0.00011006993
0.028	0.00010009073
0.0285	9.1028234e-05
0.029	8.2781055e-05
0.0295	7.5263633e-05
0.03	6.8454761e-05
0.0305	6.2244533e-05
0.031	5.6597295e-05
0.0315	5.1460785e-05
0.032	4.679084e-05
0.0325	4.254216e-05
0.033	3.8676163e-05
0.0335	3.5163055e-05
0.034	3.1967665e-05
0.0345	2.9059822e-05
0.035	2.6415867e-05
0.0355	2.4011015e-05
0.036	2.1825063e-05
0.0365	1.9837749e-05
0.037	1.8029707e-05
0.0375	1.6385752e-05
0.038	1.4891373e-05
0.0385	1.3532882e-05
0.039	1.2299355e-05
0.0395	1.1174363e-05
0.04	1.015445e-05
0.0405	9.2258865e-06
0.041	8.3853045e-06
0.0415	7.6176349e-06
0.042	6.9204664e-06
0.0425	6.2917752e-06
0.043	5.7162845e-06
0.0435	5.1975329e-06
0.044	4.7238334e-06
0.0445	4.2952749e-06
0.045	3.9059789e-06
0.0455	3.5521833e-06
0.046	3.229418e-06
0.0465	2.937906e-06
0.047	2.6713374e-06
0.0475	2.4324606e-06
0.048	2.2635703e-06
0.0485	1.9965803e-06
0.049	1.803286e-06
0.0495	1.6864506e-06
0.05	1.5106906e-06
0.0505	1.4252986e-06
0.051	1.2293656e-06
0.0515	1.2392264e-06
0.052	1.0168999e-06
0.0525	1.026055e-06
0.053	8.598937e-07
0.0535	8.5742224e-07
0.054	7.2228965e-07
0.0545	6.5562502e-07
0.055	6.487576e-07
0.0555	5.8189187e-07
0.056	5.2594203e-07
0.0565	4.7820825e-07
0.057	4.370658e-07
0.0575	4.0161734e-07
0.058	3.688714e-07
0.0585	4.8709936e-07
0.059	3.111398e-07
0.0595	3.5183158e-07
0.06	2.6625899e-07
0.0605	2.4962623e-07
0.061	3.3005961e-07
0.0615	2.1331783e-07
0.062	2.0405707e-07
0.0625	2.7292914e-07
0.063	1.7713421e-07
0.0635	1.6341925e-07
0.064	2.8668755e-07
0.0645	1.4761184e-07
0.065	1.3935698e-07
0.0655	2.3407484e-07
0.066	1.2200487e-07
0.0665	1.0895673e-07
0.067	2.1554716e-07
0.0675	1.0406319e-07
0.068	9.8449669e-08
0.0685	2.1794842e-07
0.069	1.0305481e-07
0.0695	8.9978384e-08
0.07	1.9411731e-07
0.0705	7.8682407e-08
0.071	7.2964622e-08
0.0715	1.7793655e-07
0.072	7.9298029e-08
0.0725	7.799789e-08
0.073	1.9201546e-07
0.0735	9.1292968e-08
0.074	6.4287939e-08
0.0745	6.6969798e-08
0.075	5.9560349e-08
0.0755	6.4049617e-08
0.076	6.058976e-08
0.0765	6.2458541e-08
0.077	6.0956925e-08
0.0775	6.2772152e-08
0.078	6.7980534e-08
0.0785	4.8752427e-08
0.079	4.8750104e-08
0.0795	5.1118975e-08
0.08	5.0462818e-08
0.0805	4.5237657e-08
0.081	4.4377912e-08
0.0815	4.0546682e-08
0.082	3.4764475e-08
0.0825	3.0943608e-08
0.083	2.8211376e-08
0.0835	2.7577402e-08
0.084	2.5988418e-08
0.0845	2.5036436e-08
0.085	2.3933832e-08
0.0855	2.2962652e-08
0.086	2.6089765e-08
0.0865	2.4403973e-08
0.087	2.5459854e-08
0.0875	2.4427504e-08
0.088	2.3405745e-08
0.0885	2.1770922e-08
0.089	2.0264194e-08
0.0895	1.9347873e-08
0.09	1.8033446e-08
0.0905	1.6493084e-08
0.091	1.6164466e-08
0.0915	1.5412986e-08
0.092	1.4790004e-08
0.0925	1.4205066e-08
0.093	1.3643746e-08
0.0935	1.3259438e-08
0.094	1.2360586e-08
0.0945	1.2470852e-08
0.095	1.1564779e-08
0.0955	1.1326039e-08
0.096	9.7468037e-09
0.0965	9.5221032e-09
0.097	9.2651284e-09
0.0975	8.987896e-09
0.098	8.9449405e-09
0.0985	8.6560424e-09
0.099	1.0499445e-08
0.0995	1.0520102e-08
0.1	1.0166012e-08
0.1005	9.9514539e-09
0.101	9.1585102e-09
0.1015	8.2764636e-09
0.102	8.6759998e-09
0.1025	7.5994602e-09
0.103	7.3067405e-09
0.1035	6.9820527e-09
0.104	6.7571716e-09
0.1045	8.0753196e-09
0.105	7.7374238e-09
0.1055	7.2568272e-09
0.106	6.9992826e-09
0.1065	6.8240506e-09
0.107	6.6320161e-09
0.1075	6.5216736e-09
0.108	6.4624604e-09
0.1085	4.7041297e-09
0.109	4.8299072e-09
0.1095	4.828592e-09
0.11	4.7002723e-09
0.1105	4.514573e-09
0.111	5.7172541e-09
0.1115	3.9581939e-09
0.112	4.3048496e-09
0.1125	5.3263805e-09
0.113	3.703418e-09
0.1135	4.9052527e-09
0.114	3.7531188e-09
0.1145	3.5116232e-09
0.115	3.9528395e-09
0.1155	5.52866e-09
0.116	3.2421156e-09
0.1165	3.2428952e-09
0.117	3.513185e-09
0.1175	3.3316849e-09
0.118	4.7429556e-09
0.1185	4.2628738e-09
0.119	2.8573114e-09
0.1195	3.0895125e-09
0.12	3.2416426e-09
0.1205	3.2836604e-09
0.121	3.029265e-09
0.1215	2.8241404e-09
0.122	3.1294359e-09
0.1225	4.9204296e-09
0.123	3.9881134e-09
0.1235	4.4007904e-09
0.124	2.7281146e-09
0.1245	2.6783077e-09
0.125	2.6962439e-09
0.1255	2.6849274e-09
0.126	2.6735497e-09
0.1265	2.6747872e-09
0.127	2.6711117e-09
0.1275	2.6405302e-09
0.128	2.6136942e-09
0.1285	2.6087935e-09
0.129	2.6312994e-09
0.1295	2.6225409e-09
0.13	2.5963952e-09
0.1305	2.5886072e-09
0.131	2.6084268e-09
0.1315	2.6141018e-09
0.132	3.1415702e-09
0.1325	2.6925772e-09
0.133	2.851739e-09
0.1335	2.5967357e-09
0.134	3.6706504e-09
0.1345	4.2804474e-09
0.135	2.9051452e-09
0.1355	3.3218514e-09
0.136	2.4210907e-09
0.1365	3.9360996e-09
0.137	3.3767735e-09
0.1375	2.6334582e-09
0.138	4.2230194e-09
0.1385	4.3676864e-09
0.139	3.3160573e-09
0.1395	3.4446124e-09
0.14	4.097217e-09
0.1405	2.8970508e-09
0.141	3.6507038e-09
0.1415	2.9765275e-09
0.142	2.7564043e-09
0.1425	3.7790226e-09
0.143	3.1098752e-09
0.1435	2.9854682e-09
0.144	4.522499e-09
0.1445	4.3693715e-09
0.145	4.1795292e-09
0.1455	4.0008382e-09
0.146	4.0901402e-09
0.1465	4.1748733e-09
0.147	4.388814e-09
0.1475	3.0804091e-09
0.148	3.2736458e-09
0.1485	3.5007569e-09
0.149	3.6616038e-09
0.1495	4.7998488e-09
0.15	3.2832192e-09
0.1505	4.5097105e-09
0.151	3.5593592e-09
0.1515	3.6355845e-09
0.152	4.9502204e-09
0.1525	4.7263731e-09
0.153	5.0276285e-09
0.1535	3.7082761e-09
0.154	3.6895313e-09
0.1545	3.7786483e-09
0.155	3.9019454e-09
0.1555	3.9887108e-09
0.156	3.9868491e-09
0.1565	4.0177823e-09
0.157	4.10297e-09
0.1575	4.1839181e-09
0.158	4.1936571e-09
0.1585	4.222928e-09
0.159	4.3057845e-09
0.1595	4.3792402e-09
0.16	4.3889539e-09
0.1605	4.4155561e-09
0.161	4.4909505e-09
0.1615	4.5556363e-09
0.162	4.5626362e-09
0.1625	4.5930468e-09
0.163	4.6869427e-09
0.1635	4.7726482e-09
0.164	4.7746243e-09
0.1645	4.8145581e-09
0.165	4.9294402e-09
0.1655	5.044688e-09
0.166	5.060671e-09
0.1665	5.1246874e-09
0.167	5.2807857e-09
0.1675	5.4040565e-09
0.168	5.4494738e-09
0.1685	5.5600158e-09
0.169	5.7810888e-09
0.1695	5.9484344e-09
0.17	3.3729379e-07
0.1705	2.4734105e-08
0.171	2.5685472e-08
0.1715	2.4640228e-08
0.172	2.9540713e-08
0.1725	2.4022401e-08
0.173	2.3608198e-08
0.1735	2.7596661e-08
0.174	3.0921661e-08
0.1745	1.7092375e-08
0.175	1.3701496e-08
0.1755	6.7269934e-09
0.176	5.8573708e-09
0.1765	5.0087235e-09
0.177	4.8420379e-09
0.1775	4.3598991e-09
0.178	4.3585558e-09
0.1785	3.8243914e-09
0.179	4.0422021e-09
0.1795	3.8496389e-09
0.18	3.7228394e-09
0.1805	3.2791644e-09
0.181	3.3382416e-09
0.1815	4.4609033e-09
0.182	3.7012584e-09
0.1825	3.7071177e-09
0.183	3.6608339e-09
0.1835	3.8774035e-09
0.184	4.0953875e-09
0.1845	3.4441931e-09
0.185	2.8598195e-09
0.1855	3.1452719e-09
0.186	3.5790223e-09
0.1865	5.5419404e-09
0.187	2.6743848e-09
0.1875	3.8568201e-09
0.188	2.6789247e-09
0.1885	3.7397943e-09
0.189	2.5979363e-09
0.1895	3.5342438e-09
0.19	2.7017041e-09
0.1905	3.5292943e-09
0.191	2.6325279e-09
0.1915	3.5154497e-09
0.192	2.6526419e-09
0.1925	3.5059051e-09
0.193	2.6173068e-09
0.1935	3.5601342e-09
0.194	2.6063585e-09
0.1945	3.5433725e-09
0.195	2.7014237e-09
0.1955	3.6060575e-09
0.196	2.6805977e-09
0.1965	3.4799332e-09
0.197	2.7679548e-09
0.1975	3.4611869e-09
0.198	2.7534286e-09
0.1985	4.0302212e-09
0.199	4.4192243e-09
0.1995	3.0117705e-09
0.2	2.7995978e-09
