/*--------------------------------*- C++ -*----------------------------------*\
| =========                 |                                                 |
| \\      /  F ield         | OpenFOAM: The Open Source CFD Toolbox           |
|  \\    /   O peration     | Version:  2112                                  |
|   \\  /    A nd           | Website:  www.openfoam.com                      |
|    \\/     M anipulation  |                                                 |
\*---------------------------------------------------------------------------*/
FoamFile
{
    version     2.0;
    format      ascii;
    arch        "LSB;label=32;scalar=64";
    class       volScalarField;
    location    "4.5";
    object      Ma;
}
// * * * * * * * * * * * * * * * * * * * * * * * * * * * * * * * * * * * * * //

dimensions      [0 0 0 0 0 0 0];

internalField   nonuniform List<scalar> 
7000
(
3.00001
3
3
3
3
3
3
2.99999
2.99999
2.99994
2.99989
2.99928
2.99869
2.9952
2.99248
2.97483
2.95398
2.86512
2.64574
2.17856
1.30496
0.595315
0.25573
0.340854
0.400876
0.408009
0.392007
0.368015
0.346602
0.33039
0.315784
0.300341
0.283862
0.266763
0.249347
0.231658
0.213718
0.195503
0.177115
0.1586
0.140132
0.121824
0.103895
0.0866322
0.0703349
0.0552637
0.0416136
0.0294964
0.0172039
0.00987352
3.00001
3
3
3
3
3
3
2.99999
2.99999
2.99994
2.9999
2.99931
2.99875
2.99544
2.99285
2.97616
2.95571
2.86879
2.66108
2.20812
1.34659
0.619845
0.270368
0.350605
0.411129
0.419288
0.404183
0.38109
0.360317
0.344847
0.330833
0.316068
0.300171
0.283711
0.266833
0.249734
0.232306
0.214622
0.196706
0.178617
0.160451
0.142304
0.124321
0.10651
0.0890818
0.0720884
0.0557581
0.0405643
0.0259503
0.0174091
3.00001
3
3
3
3
3
3
3
2.99999
2.99994
2.9999
2.99934
2.9988
2.99565
2.99315
2.97729
2.95686
2.86976
2.67384
2.23893
1.38919
0.640405
0.27615
0.361037
0.425953
0.435315
0.420325
0.397214
0.376646
0.36132
0.347508
0.332758
0.31705
0.300675
0.284053
0.267053
0.249856
0.232241
0.214491
0.196448
0.178361
0.160106
0.141941
0.123771
0.105751
0.0879981
0.0707263
0.0547072
0.0401666
0.0320352
3.00001
3
3
3
3
3
3
3
2.99999
2.99994
2.9999
2.99936
2.99885
2.99587
2.9935
2.97877
2.95903
2.87676
2.68704
2.26912
1.44295
0.671428
0.290561
0.37683
0.444008
0.453192
0.437437
0.413904
0.393281
0.377913
0.363903
0.348908
0.332966
0.316433
0.299696
0.282695
0.265471
0.247952
0.230166
0.212216
0.194042
0.175853
0.157532
0.139354
0.121196
0.103389
0.0862041
0.0704858
0.0569147
0.0494626
3.00001
3
3
3
3
3
3
3
2.99999
2.99994
2.9999
2.99936
2.99885
2.996
2.99375
2.98042
2.96143
2.89159
2.69686
2.29932
1.49952
0.702219
0.304242
0.390824
0.459226
0.467276
0.449957
0.425295
0.403972
0.388127
0.373676
0.35846
0.342378
0.325901
0.30925
0.292527
0.275597
0.258541
0.241217
0.223796
0.206186
0.188501
0.170805
0.153102
0.135685
0.118558
0.10239
0.0879797
0.0759859
0.0696172
3.00001
3
3
3
3
3
3
3
3
2.99995
2.9999
2.99938
2.99887
2.99613
2.9937
2.98084
2.96071
2.88101
2.71964
2.31587
1.57337
0.724159
0.300728
0.389526
0.457514
0.464189
0.445885
0.421033
0.399997
0.384724
0.370845
0.356542
0.341384
0.326055
0.310469
0.29493
0.279115
0.263252
0.247114
0.23089
0.214549
0.198116
0.181756
0.165427
0.149395
0.133971
0.119492
0.107049
0.0971188
0.0921142
3.00001
3
3
3
3
3
3
3
2.99999
2.99997
2.99975
2.99947
2.99797
2.99662
2.98799
2.98569
2.96541
2.90474
2.71825
2.33638
1.57207
0.729332
0.275234
0.371569
0.440737
0.448277
0.431584
0.408352
0.388777
0.374614
0.36184
0.348656
0.334864
0.320828
0.306768
0.29261
0.278417
0.26401
0.249588
0.234925
0.220378
0.20568
0.19116
0.176874
0.162912
0.149639
0.137613
0.12743
0.119636
0.11603
3.00001
3
3
3
3
3
3
3
3
2.99996
2.99991
2.9995
2.99905
2.99695
2.99508
2.98536
2.96835
2.90122
2.73743
2.36244
1.60729
0.751674
0.279583
0.367786
0.431773
0.438334
0.422431
0.399915
0.380782
0.366636
0.354192
0.341444
0.328392
0.315216
0.302219
0.289273
0.276392
0.263506
0.25064
0.237844
0.2251
0.212613
0.200158
0.188231
0.176847
0.166174
0.1566
0.149016
0.143348
0.141164
3.00001
3
3
3
3
3
3
3.00001
2.99999
2.99997
2.99981
2.99954
2.99868
2.99715
2.99346
2.98539
2.96839
2.91653
2.747
2.38462
1.62288
0.771638
0.287633
0.365104
0.423413
0.430922
0.416692
0.395211
0.375959
0.361617
0.349229
0.336701
0.324025
0.311389
0.299091
0.287034
0.275224
0.263641
0.252232
0.241146
0.230283
0.219873
0.209862
0.200222
0.191437
0.183598
0.176818
0.171453
0.167899
0.166911
3.00001
3.00001
3
3
3
3
3
3
2.99999
2.99997
2.99978
2.99956
2.99836
2.99744
2.99069
2.98885
2.96956
2.92515
2.76308
2.40648
1.65039
0.802628
0.31039
0.368514
0.417048
0.427647
0.415354
0.394609
0.374527
0.359769
0.347327
0.334958
0.322481
0.310245
0.298414
0.287071
0.276045
0.265593
0.255462
0.245937
0.236877
0.22842
0.220759
0.213759
0.207419
0.202009
0.197866
0.195078
0.193289
0.193694
3.00001
3.00001
3
3
3
3
3
3
2.99999
2.99997
2.99979
2.99959
2.99848
2.99766
2.99159
2.99051
2.9728
2.93426
2.77607
2.43487
1.68547
0.840624
0.33851
0.373675
0.412043
0.426635
0.416557
0.396532
0.375614
0.360512
0.348135
0.335969
0.323735
0.311902
0.300528
0.289848
0.279613
0.270099
0.261174
0.253
0.245639
0.238974
0.233241
0.228591
0.224917
0.222095
0.220126
0.219247
0.219461
0.220801
3.00001
3.00001
3
3
3
3
3
3
2.99999
2.99998
2.99982
2.99965
2.99872
2.99798
2.9929
2.99245
2.97605
2.94383
2.79541
2.46358
1.72452
0.884973
0.368055
0.376324
0.411665
0.427525
0.419044
0.399814
0.378747
0.36372
0.351496
0.339701
0.327758
0.316385
0.305515
0.29543
0.285978
0.277341
0.269546
0.262641
0.256855
0.252054
0.248254
0.245507
0.243873
0.243309
0.243773
0.245076
0.246529
0.249196
3.00001
3.00001
3.00001
3
3
3
3
3
2.99999
2.99998
2.99985
2.9997
2.99894
2.99821
2.9942
2.99287
2.98008
2.95404
2.81738
2.49599
1.77052
0.941532
0.403844
0.381653
0.414031
0.430047
0.422393
0.40405
0.383362
0.36873
0.356878
0.345565
0.334211
0.323388
0.31323
0.303825
0.29527
0.287578
0.280896
0.27519
0.270651
0.267441
0.265486
0.264834
0.265266
0.266621
0.268729
0.27168
0.275088
0.278386
3.00001
3.00001
3.00001
3.00001
3
3
3
3
2.99999
2.99998
2.99987
2.99973
2.99908
2.99843
2.99472
2.99623
2.97771
2.96917
2.83515
2.53297
1.82485
1.00875
0.444736
0.38587
0.415608
0.432115
0.425467
0.408334
0.38873
0.374768
0.363629
0.353012
0.342532
0.332522
0.32326
0.314707
0.307092
0.300452
0.294996
0.290736
0.287636
0.285824
0.285393
0.286298
0.288625
0.292032
0.296269
0.301008
0.305279
0.310009
3.00001
3.00001
3.00001
3.00001
3.00001
3
3.00001
3
3
2.99997
2.99992
2.99966
2.99937
2.99826
2.99558
2.9936
2.97254
2.97174
2.83702
2.56749
1.89504
1.08408
0.48288
0.379622
0.40893
0.427862
0.423548
0.408937
0.391634
0.379192
0.369477
0.360316
0.351363
0.342775
0.33493
0.327712
0.321358
0.315916
0.311601
0.308695
0.307206
0.307098
0.308441
0.311184
0.315087
0.320178
0.325976
0.332426
0.338833
0.343966
3.00001
3.00001
3.00001
3.00001
3.00001
3.00001
3.00001
3
3
2.99997
2.99993
2.99972
2.99952
2.99852
2.99664
2.99454
2.97812
2.97384
2.85725
2.60858
1.97741
1.17922
0.541581
0.377208
0.404276
0.424843
0.422558
0.410171
0.394571
0.382921
0.374538
0.366976
0.359851
0.35307
0.347049
0.341729
0.337232
0.333662
0.331008
0.3296
0.329571
0.331114
0.334186
0.338828
0.344978
0.352208
0.36029
0.368695
0.376141
0.38327
3.00001
3.00001
3.00001
3.00001
3.00001
3.00001
3.00001
3
3
2.99994
2.99989
2.9996
2.99931
2.9978
2.99612
2.98628
2.98497
2.95821
2.88061
2.63275
2.17278
1.27698
0.656912
0.398613
0.418925
0.43825
0.43677
0.423411
0.406984
0.393531
0.384448
0.377165
0.370776
0.365235
0.360558
0.356891
0.354164
0.352606
0.352138
0.352877
0.354979
0.358592
0.363757
0.370571
0.378782
0.388536
0.399099
0.410426
0.421274
0.429289
3.00001
3.00001
3.00001
3.00001
3.00001
3.00001
3.00001
3.00001
3
2.99999
2.99993
2.99987
2.99959
2.99921
2.99826
2.99426
2.99421
2.96523
2.9019
2.71563
2.32643
1.50708
0.795485
0.454021
0.462773
0.478194
0.477203
0.460393
0.440025
0.421222
0.407994
0.398056
0.39004
0.383709
0.379103
0.376017
0.374421
0.374183
0.375502
0.378272
0.382582
0.388628
0.396487
0.406453
0.418285
0.431446
0.446277
0.461782
0.476646
0.490156
3.00001
3.00001
3.00001
3.00001
3.00001
3.00001
3.00001
3.00001
3
2.99999
2.99994
2.9999
2.99967
2.99938
2.99867
2.99521
2.99432
2.97187
2.93337
2.77704
2.43704
1.70613
0.901746
0.478124
0.482734
0.5045
0.511617
0.498485
0.47904
0.458403
0.442294
0.429677
0.419202
0.410851
0.404787
0.401091
0.399607
0.400182
0.402727
0.407284
0.414046
0.422764
0.433725
0.446969
0.463002
0.481811
0.502711
0.526881
0.55242
0.576734
3.00001
3.00001
3.00001
3.00001
3.00001
3.00001
3.00001
3.00001
3
3
2.99998
2.99994
2.9999
2.99947
2.99895
2.99532
2.99429
2.97056
2.96785
2.81931
2.52926
1.82558
1.02068
0.512594
0.472382
0.501209
0.518363
0.515107
0.502901
0.487316
0.473651
0.462307
0.452276
0.443468
0.436551
0.431883
0.429672
0.429966
0.433252
0.439393
0.448202
0.459947
0.474402
0.492513
0.514176
0.540666
0.572938
0.611998
0.664459
0.752785
3.00001
3.00001
3.00001
3.00001
3.00001
3.00001
3.00001
3.00001
3
3
2.99998
2.99996
2.99982
2.99971
2.99832
2.9964
2.98274
2.98434
2.95122
2.85174
2.56774
2.05736
1.14869
0.635688
0.481572
0.500016
0.518306
0.524604
0.519741
0.511053
0.502413
0.495832
0.490089
0.484841
0.480339
0.477051
0.475651
0.477203
0.481756
0.48927
0.499921
0.514396
0.533393
0.557083
0.587563
0.62583
0.675552
0.743314
0.840638
0.971899
3.00001
3.00001
3.00001
3.00001
3.00001
3.00001
3.00001
3.00001
3.00001
3
3
2.99999
2.99994
2.9999
2.99938
2.99871
2.9935
2.99126
2.96172
2.90028
2.70811
2.31681
1.49013
0.824868
0.527334
0.53078
0.549007
0.55985
0.55653
0.548254
0.539663
0.533238
0.528931
0.525505
0.522968
0.522085
0.52356
0.527372
0.533858
0.543026
0.556321
0.573508
0.596044
0.624881
0.660645
0.707595
0.766258
0.843959
0.954479
1.07165
3.00001
3.00001
3.00001
3.00001
3.00001
3.00001
3.00001
3.00001
3.00001
3.00001
3
2.99999
2.99993
2.99987
2.99937
2.99874
2.99455
2.99422
2.98105
2.95826
2.81624
2.48533
1.76376
0.980011
0.550561
0.540391
0.569956
0.592503
0.595314
0.58949
0.582176
0.576202
0.572342
0.569793
0.568803
0.570312
0.573798
0.579177
0.587025
0.59821
0.6129
0.632909
0.657283
0.689124
0.727694
0.775419
0.835379
0.904622
0.997247
1.08108
3.00001
3.00001
3.00001
3.00001
3.00001
3.00001
3.00001
3.00001
3.00001
3.00001
3
3
2.99996
2.99993
2.99957
2.99908
2.9958
2.99453
2.97305
2.97133
2.84055
2.57419
1.95742
1.18117
0.629199
0.542564
0.57481
0.602694
0.612568
0.612113
0.609317
0.607302
0.606871
0.607387
0.610116
0.615113
0.62119
0.629016
0.638708
0.651617
0.667626
0.687991
0.713514
0.743863
0.782272
0.825603
0.880313
0.938661
1.01246
1.07883
3.00001
3.00001
3.00001
3.00001
3.00001
3.00001
3.00001
3.00001
3.00001
3.00001
3
3
2.99996
2.99995
2.9997
2.99946
2.99741
2.99606
2.97993
2.98322
2.88002
2.68975
2.14976
1.43153
0.770952
0.583
0.592504
0.610718
0.624299
0.627505
0.627527
0.628298
0.63081
0.635042
0.641855
0.650556
0.659759
0.670447
0.682992
0.697813
0.715907
0.736502
0.762092
0.790521
0.825879
0.864019
0.910825
0.960183
1.01881
1.07416
3.00001
3.00001
3.00001
3.00001
3.00001
3.00001
3.00001
3.00001
3.00001
3.00001
3
2.99999
2.99998
2.9999
2.99984
2.99919
2.99831
2.99218
2.99267
2.96537
2.96106
2.81688
2.49067
1.82298
1.05964
0.659441
0.623733
0.638425
0.652371
0.655846
0.655421
0.65565
0.658336
0.66414
0.672434
0.68199
0.692886
0.705004
0.719597
0.735661
0.755244
0.77622
0.801744
0.82887
0.861171
0.896015
0.935537
0.978689
1.02636
1.073
3.00001
3.00001
3.00001
3.00001
3.00001
3.00001
3.00001
3.00001
3.00001
3.00001
3.00001
3
2.99999
2.99995
2.99991
2.99961
2.99918
2.99638
2.99508
2.97693
2.97533
2.86424
2.63764
2.07876
1.34721
0.775897
0.645777
0.655504
0.671822
0.684165
0.686739
0.687011
0.689578
0.695181
0.703023
0.712446
0.723623
0.736235
0.751158
0.767587
0.786988
0.807922
0.832229
0.858569
0.888091
0.920355
0.955464
0.993473
1.03509
1.07518
3.00001
3.00001
3.00001
3.00001
3.00001
3.00001
3.00001
3.00001
3.00001
3.00001
3.00001
3
3
2.99997
2.99994
2.9997
2.9994
2.99723
2.9962
2.98232
2.98193
2.91137
2.75702
2.41748
1.78556
0.987617
0.695514
0.677003
0.695058
0.710651
0.715958
0.716864
0.719342
0.724346
0.732217
0.741463
0.753077
0.76572
0.780815
0.79697
0.815701
0.835766
0.858359
0.882806
0.909627
0.938874
0.970357
1.00424
1.04122
1.07679
3.00001
3.00001
3.00001
3.00001
3.00001
3.00001
3.00001
3.00001
3.00001
3.00001
3.00001
3.00001
3
2.99999
2.99998
2.99987
2.99978
2.9989
2.99818
2.99111
2.98913
2.94846
2.85823
2.60791
2.11916
1.27821
0.839967
0.726778
0.726598
0.736081
0.744398
0.746517
0.748063
0.752007
0.759019
0.768061
0.77949
0.792374
0.807232
0.823651
0.841705
0.861585
0.88274
0.905893
0.930234
0.956492
0.984529
1.01448
1.04723
1.07884
3.00001
3.00001
3.00001
3.00001
3.00001
3.00001
3.00001
3.00001
3.00001
3.00001
3.00001
3
3
2.99999
2.99997
2.99989
2.9998
2.99929
2.99834
2.9952
2.98902
2.9653
2.92188
2.77384
2.45352
1.82532
1.08992
0.804976
0.765679
0.76931
0.775806
0.779973
0.781314
0.783666
0.78878
0.79628
0.806133
0.817849
0.831442
0.8469
0.863864
0.882759
0.902961
0.924806
0.948043
0.972666
0.998741
1.02602
1.0553
1.08327
3.00001
3.00001
3.00001
3.00001
3.00001
3.00001
3.00001
3.00001
3.00001
3.00001
3.00001
3.00001
3.00001
3
2.99999
2.99999
2.9999
2.99983
2.99919
2.99861
2.99305
2.99088
2.95904
2.88953
2.67675
2.25682
1.47284
0.980154
0.816719
0.800799
0.806019
0.813078
0.817818
0.821152
0.825394
0.831416
0.839238
0.849009
0.860374
0.873773
0.888603
0.905123
0.923151
0.94266
0.963701
0.986047
1.0099
1.03493
1.0621
1.08799
3.00001
3.00001
3.00001
3.00001
3.00001
3.00001
3.00001
3.00001
3.00001
3.00001
3.00001
3.00001
3.00001
3
3
2.99997
2.99996
2.99978
2.99957
2.9978
2.99722
2.98594
2.98885
2.92926
2.81686
2.55932
1.99468
1.26642
0.92542
0.840131
0.834523
0.840508
0.849257
0.855755
0.86067
0.866414
0.87344
0.882095
0.892038
0.90348
0.916362
0.930653
0.94647
0.963584
0.982166
1.00201
1.02329
1.04581
1.0702
1.09374
3.00001
3.00001
3.00001
3.00001
3.00001
3.00001
3.00001
3.00001
3.00001
3.00001
3.00001
3.00001
3.00001
3.00001
3
3
2.99996
2.99993
2.99966
2.99935
2.99715
2.9962
2.98267
2.98397
2.91121
2.76079
2.43752
1.80937
1.13321
0.889583
0.859273
0.866739
0.878168
0.889458
0.897016
0.902573
0.908392
0.915048
0.923134
0.932319
0.943152
0.955182
0.968826
0.983768
1.00018
1.01794
1.03705
1.05742
1.07959
1.10103
3.00001
3.00001
3.00001
3.00001
3.00001
3.00001
3.00001
3.00001
3.00001
3.00001
3.00001
3.00001
3.00001
3.00001
3.00001
3
2.99999
2.99994
2.99991
2.99955
2.99925
2.99645
2.99519
2.97742
2.98692
2.8769
2.69504
2.19921
1.54081
1.0012
0.881925
0.879034
0.894484
0.911087
0.924201
0.932408
0.938652
0.945087
0.952208
0.960482
0.969624
0.980087
0.9915
1.00437
1.01835
1.03377
1.05057
1.06854
1.08851
1.10793
3.00001
3.00001
3.00001
3.00001
3.00001
3.00001
3.00001
3.00001
3.00001
3.00001
3.00001
3.00001
3.00001
3.00001
3.00001
3
3
2.99998
2.99997
2.99981
2.99964
2.99834
2.99763
2.98876
2.99082
2.9358
2.84358
2.58939
2.07494
1.3302
1.00402
0.930683
0.926688
0.934745
0.945129
0.953636
0.959817
0.965892
0.97308
0.981369
0.990878
1.00103
1.01239
1.02423
1.0375
1.05121
1.06646
1.08238
1.10045
1.11763
3.00001
3.00001
3.00001
3.00001
3.00001
3.00001
3.00001
3.00001
3.00001
3.00001
3.00001
3.00001
3.00001
3.00001
3.00001
3
3
2.99998
2.99997
2.99987
2.99979
2.99922
2.99863
2.99532
2.99013
2.97101
2.93076
2.796
2.54113
1.95903
1.30076
1.03492
0.977685
0.968748
0.969151
0.973392
0.978468
0.984368
0.991048
0.998374
1.00701
1.0164
1.02716
1.03866
1.05136
1.065
1.07973
1.09549
1.11251
1.12929
3.00001
3.00001
3.00001
3.00001
3.00001
3.00001
3.00001
3.00001
3.00001
3.00001
3.00001
3.00001
3.00001
3.00001
3.00001
3.00001
3
3
2.99999
2.99997
2.99983
2.99978
2.99891
2.99787
2.9904
2.99195
2.95928
2.96565
2.8009
2.52363
1.90352
1.31975
1.06046
1.01282
1.00298
1.00236
1.007
1.01242
1.01789
1.02353
1.03046
1.0382
1.04735
1.05755
1.06896
1.0813
1.09469
1.10924
1.12502
1.14063
3.00001
3.00001
3.00001
3.00001
3.00001
3.00001
3.00001
3.00001
3.00001
3.00001
3.00001
3.00001
3.00001
3.00001
3.00001
3.00001
3.00001
3.00001
3
2.99999
2.99997
2.99988
2.99979
2.99918
2.99852
2.99385
2.9939
2.96691
2.92195
2.79232
2.48373
1.86299
1.31989
1.07335
1.02937
1.02461
1.02731
1.03475
1.04306
1.05065
1.05771
1.06567
1.07414
1.08385
1.09402
1.10541
1.11717
1.13005
1.1439
1.15775
3.00001
3.00001
3.00001
3.00001
3.00001
3.00001
3.00001
3.00001
3.00001
3.00001
3.00001
3.00001
3.00001
3.00001
3.00001
3.00001
3.00001
3.00001
3.00001
3
3
2.99995
2.99993
2.99967
2.99942
2.99718
2.99617
2.98238
2.98978
2.90124
2.76456
2.38766
1.78716
1.20866
1.05192
1.02798
1.03357
1.04366
1.05555
1.06705
1.07724
1.08707
1.09666
1.10667
1.11694
1.12783
1.1392
1.15133
1.16459
1.17773
3.00001
3.00001
3.00001
3.00001
3.00001
3.00001
3.00001
3.00001
3.00001
3.00001
3.00001
3.00001
3.00001
3.00001
3.00001
3.00001
3.00001
3.00001
3.00001
3
3
2.99999
2.99991
2.99989
2.99971
2.99942
2.99744
2.99642
2.98294
2.98097
2.89988
2.7545
2.34269
1.7271
1.17938
1.05954
1.0424
1.04982
1.06018
1.07403
1.08796
1.09964
1.11005
1.12021
1.13048
1.14125
1.15257
1.16453
1.17768
1.19066
3.00001
3.00001
3.00001
3.00001
3.00001
3.00001
3.00001
3.00001
3.00001
3.00001
3.00001
3.00001
3.00001
3.00001
3.00001
3.00001
3.00001
3.00001
3.00001
3.00001
3
3
2.99998
2.99997
2.99985
2.99982
2.99887
2.99842
2.99131
2.99021
2.95794
2.92622
2.72114
2.35747
1.68349
1.27225
1.12135
1.09472
1.09137
1.09564
1.1041
1.11435
1.12397
1.13355
1.14299
1.15295
1.16365
1.17504
1.18782
1.2005
3.00001
3.00001
3.00001
3.00001
3.00001
3.00001
3.00001
3.00001
3.00001
3.00001
3.00001
3.00001
3.00001
3.00001
3.00001
3.00001
3.00001
3.00001
3.00001
3.00001
3
3
2.99999
2.99998
2.99992
2.99986
2.99942
2.99918
2.99679
2.99412
2.98236
2.96496
2.89059
2.7611
2.37723
1.78628
1.35972
1.18798
1.14039
1.13057
1.13057
1.13656
1.14539
1.15387
1.1623
1.17098
1.18024
1.19037
1.20169
1.2131
3.00001
3.00001
3.00001
3.00001
3.00001
3.00001
3.00001
3.00001
3.00001
3.00001
3.00001
3.00001
3.00001
3.00001
3.00001
3.00001
3.00001
3.00001
3.00001
3.00001
3.00001
3.00001
3.00001
3
2.99999
2.99994
2.99992
2.99958
2.99938
2.9971
2.99515
2.98635
2.96977
2.89558
2.76717
2.40445
1.91111
1.38281
1.20134
1.15907
1.15383
1.15646
1.16308
1.17173
1.18004
1.18812
1.19687
1.20593
1.21633
1.22612
3.00001
3.00001
3.00001
3.00001
3.00001
3.00001
3.00001
3.00001
3.00001
3.00001
3.00001
3.00001
3.00001
3.00001
3.00001
3.00001
3.00001
3.00001
3.00001
3.00001
3.00001
3.00001
3
3
2.99999
2.99998
2.9999
2.99985
2.99939
2.99919
2.99676
2.99572
2.98378
2.96978
2.89797
2.80499
2.52795
2.015
1.498
1.24687
1.20206
1.19265
1.19253
1.19651
1.20359
1.21095
1.21846
1.2262
1.23434
1.24219
3.00001
3.00001
3.00001
3.00001
3.00001
3.00001
3.00001
3.00001
3.00001
3.00001
3.00001
3.00001
3.00001
3.00001
3.00001
3.00001
3.00001
3.00001
3.00001
3.00001
3.00001
3.00001
3.00001
3
3
2.99999
2.99999
2.99993
2.99989
2.99962
2.99928
2.99751
2.99587
2.98725
2.97381
2.91565
2.84251
2.59128
2.14957
1.62218
1.30023
1.23094
1.21727
1.21613
1.21985
1.2275
1.23589
1.24399
1.25094
1.25643
3.00001
3.00001
3.00001
3.00001
3.00001
3.00001
3.00001
3.00001
3.00001
3.00001
3.00001
3.00001
3.00001
3.00001
3.00001
3.00001
3.00001
3.00001
3.00001
3.00001
3.00001
3.00001
3.00001
3.00001
3
3
2.99999
2.99999
2.99995
2.9999
2.99953
2.99952
2.99841
2.9971
2.98609
2.98317
2.95274
2.89506
2.67075
2.28128
1.77239
1.425
1.28998
1.2529
1.24565
1.2467
1.25091
1.25749
1.26218
1.26328
3.00001
3.00001
3.00001
3.00001
3.00001
3.00001
3.00001
3.00001
3.00001
3.00001
3.00001
3.00001
3.00001
3.00001
3.00001
3.00001
3.00001
3.00001
3.00001
3.00001
3.00001
3.00001
3.00001
3.00001
3.00001
3.00001
3
3
2.99999
2.99996
2.99994
2.99976
2.99962
2.99872
2.9976
2.99323
2.98577
2.9572
2.90657
2.76889
2.44378
2.00465
1.54155
1.33841
1.28577
1.27373
1.27104
1.2713
1.26951
1.26388
3.00001
3.00001
3.00001
3.00001
3.00001
3.00001
3.00001
3.00001
3.00001
3.00001
3.00001
3.00001
3.00001
3.00001
3.00001
3.00001
3.00001
3.00001
3.00001
3.00001
3.00001
3.00001
3.00001
3.00001
3.00001
3.00001
3.00001
3
3
2.99998
2.99997
2.99991
2.99987
2.99936
2.9991
2.99731
2.99595
2.97999
2.97929
2.92893
2.88259
2.58351
2.19474
1.71284
1.44692
1.34195
1.30716
1.29486
1.28301
1.26278
3.00001
3.00001
3.00001
3.00001
3.00001
3.00001
3.00001
3.00001
3.00001
3.00001
3.00001
3.00001
3.00001
3.00001
3.00001
3.00001
3.00001
3.00001
3.00001
3.00001
3.00001
3.00001
3.00001
3.00001
3.00001
3.00001
3.00001
3.00001
3.00001
3
3
2.99999
2.99997
2.99993
2.99974
2.99987
2.99858
3.00285
2.99478
2.98509
2.94266
2.89979
2.74463
2.42545
2.02529
1.61076
1.40467
1.34274
1.30318
1.25208
3.00001
3.00001
3.00001
3.00001
3.00001
3.00001
3.00001
3.00001
3.00001
3.00001
3.00001
3.00001
3.00001
3.00001
3.00001
3.00001
3.00001
3.00001
3.00001
3.00001
3.00001
3.00001
3.00001
3.00001
3.00001
3.00001
3.00001
3.00001
3.00001
3.00001
3
3
2.99998
2.99997
2.99987
2.99977
2.99922
2.99924
2.99656
3.0018
2.99136
2.97443
2.91675
2.84997
2.64742
2.27669
1.86618
1.50624
1.33297
1.20564
3.00001
3.00001
3.00001
3.00001
3.00001
3.00001
3.00001
3.00001
3.00001
3.00001
3.00001
3.00001
3.00001
3.00001
3.00001
3.00001
3.00001
3.00001
3.00001
3.00001
3.00001
3.00001
3.00001
3.00001
3.00001
3.00001
3.00001
3.00001
3.00001
3.00001
3.00001
3.00001
3
3
2.99997
2.99996
2.99981
2.99978
2.99903
2.99877
2.99479
2.99331
2.9742
2.95565
2.88019
2.75261
2.47583
2.01346
1.55674
1.08104
3.00001
3.00001
3.00001
3.00001
3.00001
3.00001
3.00001
3.00001
3.00001
3.00001
3.00001
3.00001
3.00001
3.00001
3.00001
3.00001
3.00001
3.00001
3.00001
3.00001
3.00001
3.00001
3.00001
3.00001
3.00001
3.00001
3.00001
3.00001
3.00001
3.00001
3.00001
3.00001
3
3
2.99999
2.99999
2.99992
2.9999
2.99959
2.99952
2.9979
2.99722
2.98951
2.98199
2.94268
2.89751
2.65101
2.33183
1.63196
0.73116
3.00001
3.00001
3.00001
3.00001
3.00001
3.00001
3.00001
3.00001
3.00001
3.00001
3.00001
3.00001
3.00001
3.00001
3.00001
3.00001
3.00001
3.00001
3.00001
3.00001
3.00001
3.00001
3.00001
3.00001
3.00001
3.00001
3.00001
3.00001
3.00001
3.00001
3.00001
3.00001
3.00001
3.00001
3
3
2.99995
2.99994
2.99972
2.99969
2.99851
2.99816
2.99222
2.98861
2.95937
2.91591
2.69933
2.37983
1.61668
0.61121
3.00001
3.00001
3.00001
3.00001
3.00001
3.00001
3.00001
3.00001
3.00001
3.00001
3.00001
3.00001
3.00001
3.00001
3.00001
3.00001
3.00001
3.00001
3.00001
3.00001
3.00001
3.00001
3.00001
3.00001
3.00001
3.00001
3.00001
3.00001
3.00001
3.00001
3.00001
3.00001
3.00001
3.00001
3
3
2.99996
2.99995
2.99977
2.99973
2.99875
2.9984
2.99329
2.99096
2.9635
2.92365
2.69377
2.35507
1.57451
0.560086
3.00001
3.00001
3.00001
3.00001
3.00001
3.00001
3.00001
3.00001
3.00001
3.00001
3.00001
3.00001
3.00001
3.00001
3.00001
3.00001
3.00001
3.00001
3.00001
3.00001
3.00001
3.00001
3.00001
3.00001
3.00001
3.00001
3.00001
3.00001
3.00001
3.00001
3.00001
3.00001
3.00001
3.00001
3
3
2.99996
2.99995
2.99978
2.99975
2.99879
2.99839
2.99319
2.98923
2.96538
2.91866
2.76762
2.37185
1.62136
0.559843
3.00001
3.00001
3.00001
3.00001
3.00001
3.00001
3.00001
3.00001
3.00001
3.00001
3.00001
3.00001
3.00001
3.00001
3.00001
3.00001
3.00001
3.00001
3.00001
3.00001
3.00001
3.00001
3.00001
3.00001
3.00001
3.00001
3.00001
3.00001
3.00001
3.00001
3.00001
3.00001
3.00001
3.00001
3
3
2.99997
2.99996
2.99979
2.99976
2.99879
2.99855
2.99385
2.99034
2.96478
2.9209
2.69707
2.33878
1.54432
0.516899
3.00001
3.00001
3.00001
3.00001
3.00001
3.00001
3.00001
3.00001
3.00001
3.00001
3.00001
3.00001
3.00001
3.00001
3.00001
3.00001
3.00001
3.00001
3.00001
3.00001
3.00001
3.00001
3.00001
3.00001
3.00001
3.00001
3.00001
3.00001
3.00001
3.00001
3.00001
3.00001
3.00001
3.00001
3.00001
3
2.99999
2.99998
2.99988
3.00006
3.00016
3.00224
3.00099
3.01356
2.95063
3.18114
2.86719
2.47106
1.60607
0.861109
3.00001
3.00001
3.00001
3.00001
3.00001
3.00001
3.00001
3.00001
3.00001
3.00001
3.00001
3.00001
3.00001
3.00001
3.00001
3.00001
3.00001
3.00001
3.00001
3.00001
3.00001
3.00001
3.00001
3.00001
3.00001
3.00001
3.00001
3.00001
3.00001
3.00001
3.00001
3.00001
3.00001
3.00001
3.00001
3
2.99999
2.99998
2.99986
3.00006
3.00023
3.00284
3.00178
3.01466
2.95312
3.18324
2.87255
2.48112
1.61318
0.864015
3.00001
3.00001
3.00001
3.00001
3.00001
3.00001
3.00001
3.00001
3.00001
3.00001
3.00001
3.00001
3.00001
3.00001
3.00001
3.00001
3.00001
3.00001
3.00001
3.00001
3.00001
3.00001
3.00001
3.00001
3.00001
3.00001
3.00001
3.00001
3.00001
3.00001
3.00001
3.00001
3.00001
3.00001
3
3
2.99997
2.99996
2.99982
2.99979
2.99897
2.99863
2.99479
2.9891
2.95766
2.93928
2.68478
2.2939
1.48478
0.470257
3.00001
3.00001
3.00001
3.00001
3.00001
3.00001
3.00001
3.00001
3.00001
3.00001
3.00001
3.00001
3.00001
3.00001
3.00001
3.00001
3.00001
3.00001
3.00001
3.00001
3.00001
3.00001
3.00001
3.00001
3.00001
3.00001
3.00001
3.00001
3.00001
3.00001
3.00001
3.00001
3.00001
3.00001
3.00001
3
2.99999
2.99998
2.99986
3.00005
3.00023
3.00276
3.00173
3.01456
2.95272
3.18324
2.8715
2.47696
1.60935
0.860054
1.31305
0.880172
0.268188
0.30328
0.424315
0.502331
0.536582
0.574371
0.626215
0.671203
0.700899
0.725165
0.747663
0.77136
0.791001
0.808939
0.824312
0.837894
0.846495
0.851722
0.855417
0.851395
0.833384
0.797219
0.74498
0.682399
0.615449
0.546906
0.479331
0.414408
0.35421
0.298199
0.246716
0.197226
0.151097
0.10814
0.0680877
0.035345
0.0275352
0.0557447
0.0887403
0.120233
0.150702
0.178626
0.205214
0.232525
0.260793
0.287784
0.314094
0.339111
0.363772
0.387519
0.410956
0.433568
0.455987
0.47756
0.499073
0.519721
0.540378
0.560181
0.580053
0.59912
0.618248
0.636634
0.65511
0.672817
0.690732
0.707792
0.725175
0.741652
0.758501
0.774441
0.790762
0.806152
0.821938
0.836743
0.851984
0.866179
0.880844
0.894426
0.90849
0.921445
0.93488
0.947188
0.959945
0.97155
0.983561
0.99437
1.00549
1.01541
1.02542
1.03429
1.04286
1.0504
1.05681
1.06153
1.06571
1.06904
1.07133
1.07946
1.2254
0.97335
0.556387
0.401792
0.248914
0.0783136
0.15955
0.275798
0.386714
0.455885
0.489758
0.510831
0.532929
0.557996
0.580249
0.598263
0.614349
0.629291
0.640231
0.645819
0.648368
0.64263
0.62062
0.576036
0.516173
0.44765
0.377581
0.309519
0.243986
0.184656
0.132809
0.0889352
0.0619333
0.0615785
0.0867274
0.117895
0.150331
0.181099
0.210084
0.238385
0.266628
0.294302
0.320853
0.346097
0.369596
0.393606
0.418385
0.443039
0.466203
0.48891
0.510616
0.532169
0.553015
0.573606
0.593705
0.613402
0.632797
0.651688
0.670398
0.688566
0.706644
0.724145
0.741656
0.75853
0.775551
0.791826
0.8084
0.824108
0.840241
0.855429
0.871115
0.885827
0.901043
0.915305
0.930013
0.943827
0.95799
0.971336
0.98494
0.997774
1.01084
1.02308
1.03562
1.04723
1.05921
1.07012
1.08145
1.09161
1.10213
1.11147
1.12097
1.12935
1.13758
1.14473
1.15105
1.1557
1.16005
1.16355
1.16615
1.1741
1.17778
1.0868
0.920739
0.784539
0.67105
0.526943
0.397585
0.293089
0.192734
0.0997927
0.0622592
0.144633
0.217741
0.280666
0.32479
0.355304
0.375029
0.389681
0.400214
0.402803
0.399224
0.386798
0.357499
0.312377
0.249829
0.190571
0.14053
0.115014
0.115754
0.138315
0.169267
0.202391
0.234534
0.264245
0.293055
0.321334
0.347969
0.373661
0.397646
0.421206
0.444104
0.466775
0.488756
0.509729
0.529256
0.548757
0.569372
0.59027
0.610388
0.629502
0.648437
0.666667
0.685083
0.702664
0.72051
0.737484
0.754729
0.771153
0.78789
0.803812
0.820091
0.835554
0.851394
0.866404
0.881833
0.896397
0.911444
0.925574
0.940251
0.953995
0.968258
0.981689
0.995484
1.00862
1.02193
1.03475
1.04757
1.05999
1.07235
1.08429
1.09621
1.1076
1.11908
1.12986
1.14083
1.15095
1.16132
1.17075
1.18035
1.18902
1.19769
1.20546
1.21303
1.21973
1.22566
1.23015
1.23449
1.23798
1.24072
1.24812
1.17225
1.15961
1.09497
1.02634
0.951263
0.864783
0.761687
0.675201
0.595697
0.508888
0.420657
0.337015
0.26374
0.195643
0.132433
0.0764957
0.0347819
0.0531905
0.0910501
0.112144
0.115847
0.100216
0.0766188
0.0831819
0.138975
0.190925
0.242937
0.29028
0.330705
0.366574
0.398999
0.427936
0.454802
0.478699
0.501797
0.523183
0.544114
0.563517
0.582416
0.60015
0.617876
0.634837
0.652091
0.667922
0.683261
0.697677
0.713562
0.729777
0.746253
0.761689
0.777165
0.792132
0.807349
0.822062
0.837065
0.851429
0.866141
0.880168
0.894555
0.908332
0.922376
0.935981
0.949693
0.963107
0.976543
0.989725
1.00292
1.01589
1.02882
1.04158
1.05421
1.06674
1.07901
1.09127
1.10316
1.11513
1.12664
1.13824
1.14941
1.16056
1.17141
1.18199
1.19246
1.20239
1.21235
1.22161
1.23085
1.23944
1.24788
1.25572
1.2634
1.27031
1.27711
1.2831
1.28863
1.29287
1.29715
1.30071
1.30374
1.31092
1.16789
1.19048
1.18101
1.15908
1.12409
1.07866
1.02121
0.962884
0.901401
0.833914
0.757036
0.683703
0.620568
0.561205
0.502732
0.445605
0.391049
0.34113
0.296731
0.261459
0.243756
0.233611
0.260984
0.321317
0.38517
0.445266
0.498995
0.539146
0.570312
0.595847
0.617652
0.637047
0.655111
0.671856
0.687898
0.703259
0.718423
0.732833
0.747127
0.760638
0.774167
0.787168
0.800303
0.812615
0.824234
0.835154
0.84675
0.859209
0.872164
0.884555
0.896704
0.908786
0.920823
0.933016
0.945112
0.957328
0.969418
0.98155
0.99358
1.00559
1.01756
1.02948
1.04139
1.05319
1.06495
1.07656
1.08807
1.09947
1.11071
1.12193
1.13296
1.14405
1.15487
1.16578
1.17638
1.18704
1.1974
1.20767
1.21785
1.22759
1.23756
1.24683
1.25651
1.26536
1.27456
1.28296
1.29147
1.29921
1.30683
1.31372
1.32032
1.32646
1.33206
1.33744
1.34242
1.34654
1.35059
1.35404
1.35747
1.36377
1.16145
1.19994
1.21892
1.22607
1.22257
1.20779
1.1826
1.15224
1.11415
1.07064
1.02014
0.966723
0.910479
0.857114
0.803482
0.751823
0.699477
0.650691
0.606801
0.570904
0.545732
0.527408
0.534294
0.573282
0.629168
0.683468
0.733729
0.772779
0.797829
0.811277
0.818793
0.825061
0.831741
0.839062
0.846978
0.855107
0.863542
0.871939
0.880704
0.889413
0.898658
0.907878
0.917766
0.927309
0.936525
0.944841
0.953608
0.962994
0.973503
0.98365
0.993857
1.00377
1.01379
1.02386
1.03388
1.04416
1.0543
1.06482
1.07514
1.08579
1.09623
1.10688
1.11738
1.12808
1.13866
1.14938
1.15994
1.1705
1.18087
1.19118
1.20132
1.21144
1.2214
1.23128
1.24106
1.25055
1.26015
1.26922
1.27865
1.2873
1.29639
1.30452
1.31301
1.32056
1.32834
1.33534
1.34245
1.3489
1.35533
1.36119
1.36687
1.37203
1.37717
1.38168
1.38649
1.39069
1.39508
1.39881
1.4024
1.40842
1.15629
1.20125
1.23435
1.25846
1.27469
1.28047
1.27865
1.26906
1.25278
1.23033
1.20117
1.1682
1.12995
1.08945
1.04508
1.00035
0.953923
0.908323
0.865162
0.826252
0.78824
0.753704
0.745882
0.77906
0.833169
0.888587
0.936298
0.973495
1.00094
1.01262
1.01026
1.00187
0.993957
0.988711
0.986575
0.986834
0.988963
0.991982
0.99567
0.999791
1.00439
1.00955
1.01519
1.02159
1.02761
1.0337
1.03961
1.04691
1.0549
1.06389
1.0721
1.08089
1.08911
1.09811
1.10664
1.11573
1.12438
1.13355
1.14248
1.15199
1.1613
1.17104
1.18052
1.1902
1.19972
1.20934
1.21889
1.22848
1.23793
1.24729
1.25649
1.26554
1.27463
1.28352
1.29275
1.30152
1.31071
1.3191
1.32791
1.33577
1.34401
1.35139
1.35896
1.36587
1.37263
1.37891
1.38475
1.39028
1.39533
1.40015
1.4048
1.40919
1.41376
1.41813
1.42289
1.42735
1.43226
1.43653
1.44057
1.44506
1.15128
1.198
1.23814
1.27213
1.30051
1.32059
1.33397
1.33941
1.33973
1.33325
1.32125
1.30271
1.28151
1.25424
1.22423
1.18529
1.14515
1.10289
1.06377
1.01963
0.968661
0.918387
0.905756
0.934934
0.982963
1.03848
1.08658
1.12326
1.14928
1.16442
1.16907
1.15715
1.13714
1.11815
1.10264
1.09362
1.08833
1.0865
1.08614
1.08712
1.08878
1.09119
1.0944
1.09861
1.10306
1.10755
1.1117
1.11668
1.12241
1.12968
1.13684
1.14453
1.1516
1.15921
1.16647
1.17446
1.18226
1.19063
1.19876
1.20723
1.21559
1.22421
1.2329
1.24169
1.25058
1.25936
1.26832
1.27707
1.28619
1.29491
1.30411
1.31265
1.32166
1.32976
1.33833
1.34603
1.35423
1.36165
1.36936
1.37636
1.38335
1.38977
1.39595
1.40179
1.40726
1.41248
1.41737
1.42193
1.42644
1.43054
1.43495
1.43915
1.44391
1.44856
1.45404
1.45932
1.46504
1.471
1.47606
1.48051
1.14573
1.19195
1.23533
1.27442
1.31012
1.33923
1.36322
1.38004
1.39178
1.39674
1.39732
1.39154
1.38204
1.36581
1.34604
1.31509
1.28144
1.2428
1.20219
1.1481
1.07532
1.0164
1.00989
1.03943
1.08341
1.13459
1.18461
1.22476
1.24892
1.26682
1.27395
1.27084
1.25753
1.23539
1.20947
1.18695
1.17034
1.16019
1.15443
1.15211
1.15157
1.15222
1.15396
1.15649
1.15958
1.16285
1.16587
1.16941
1.17353
1.17925
1.18522
1.19215
1.19858
1.20574
1.21248
1.21989
1.22705
1.23468
1.24222
1.24999
1.25789
1.26585
1.2741
1.28226
1.2908
1.29905
1.30769
1.31583
1.32446
1.33256
1.34121
1.34913
1.35759
1.36522
1.37328
1.3806
1.38815
1.39516
1.40217
1.40875
1.4151
1.42097
1.4265
1.43154
1.43627
1.44055
1.44474
1.44866
1.4527
1.4567
1.46108
1.46548
1.47059
1.47568
1.48165
1.48774
1.49454
1.50116
1.50703
1.51107
1.14411
1.18648
1.22929
1.27025
1.31016
1.3446
1.37537
1.40008
1.42039
1.43427
1.44405
1.44747
1.44686
1.43955
1.42396
1.39808
1.37063
1.33445
1.28684
1.21451
1.12437
1.07358
1.07656
1.10534
1.14615
1.19589
1.24789
1.28964
1.31754
1.33404
1.34475
1.34919
1.34521
1.33443
1.31431
1.28644
1.25873
1.23659
1.22081
1.21165
1.20613
1.20391
1.20278
1.20336
1.20474
1.2067
1.20878
1.21114
1.21395
1.21814
1.22309
1.22914
1.23514
1.24165
1.24806
1.25482
1.26178
1.26892
1.27645
1.28385
1.29176
1.29926
1.30745
1.31508
1.32354
1.33132
1.33991
1.34776
1.3563
1.36399
1.37222
1.37971
1.38749
1.3947
1.40194
1.4087
1.41527
1.42147
1.4274
1.43304
1.43837
1.44346
1.44818
1.45257
1.4567
1.46054
1.46443
1.4682
1.47242
1.4767
1.48178
1.48695
1.49306
1.49957
1.5068
1.51443
1.52213
1.52958
1.53605
1.54073
1.14398
1.18332
1.22378
1.26419
1.30442
1.34215
1.37682
1.40664
1.43278
1.45355
1.46971
1.48065
1.48565
1.48327
1.46911
1.44811
1.42074
1.38344
1.32166
1.22572
1.13457
1.10805
1.12102
1.14781
1.18657
1.23623
1.28367
1.32373
1.35358
1.37503
1.38787
1.39434
1.39645
1.39331
1.38407
1.3663
1.34103
1.31145
1.28617
1.26679
1.25465
1.24764
1.24451
1.24375
1.24433
1.24599
1.24781
1.24982
1.25197
1.25509
1.25924
1.26434
1.2701
1.27605
1.28252
1.28883
1.29572
1.30227
1.30954
1.31631
1.32396
1.331
1.33903
1.34643
1.35478
1.36251
1.37091
1.37861
1.38663
1.39403
1.40152
1.40855
1.41556
1.4223
1.42888
1.43519
1.44117
1.44682
1.45204
1.45692
1.46146
1.4657
1.46974
1.47354
1.47742
1.4812
1.48534
1.48955
1.49447
1.49948
1.50539
1.5117
1.51885
1.52639
1.5343
1.5423
1.5502
1.55807
1.5649
1.5696
1.14461
1.18109
1.21915
1.2581
1.29739
1.33541
1.37164
1.40518
1.43452
1.46025
1.48059
1.49639
1.50488
1.50205
1.48717
1.46902
1.43788
1.38923
1.30172
1.19605
1.13626
1.13197
1.14767
1.17465
1.21455
1.26014
1.30126
1.33766
1.36734
1.39237
1.40988
1.42169
1.42736
1.42981
1.42805
1.42147
1.40838
1.38726
1.35926
1.33228
1.30988
1.29441
1.28493
1.28003
1.27833
1.2787
1.28012
1.28174
1.28368
1.28605
1.28951
1.29376
1.29895
1.3043
1.31042
1.31628
1.32298
1.32919
1.33632
1.34286
1.35031
1.3572
1.36489
1.37207
1.3799
1.38729
1.39504
1.4024
1.40983
1.41694
1.42388
1.43054
1.43696
1.44308
1.44886
1.45434
1.45949
1.4643
1.4688
1.47301
1.47703
1.48082
1.48468
1.48846
1.49265
1.49693
1.50184
1.50703
1.51282
1.51928
1.5263
1.53389
1.54174
1.54986
1.55799
1.56644
1.57463
1.58267
1.58979
1.59445
1.14769
1.18129
1.21632
1.25334
1.29134
1.32852
1.3648
1.39894
1.42993
1.45835
1.48139
1.49875
1.50621
1.50044
1.48615
1.46364
1.42275
1.34953
1.24307
1.161
1.14132
1.14915
1.16556
1.1935
1.23172
1.27065
1.30632
1.33887
1.3673
1.39317
1.41408
1.43187
1.44378
1.4507
1.45276
1.4534
1.44967
1.44069
1.42438
1.40077
1.3745
1.35088
1.33275
1.32099
1.31439
1.31189
1.31197
1.31327
1.31497
1.31674
1.31953
1.32284
1.32749
1.33215
1.33789
1.34328
1.34965
1.35554
1.36231
1.36856
1.37558
1.3822
1.38941
1.39641
1.40368
1.41076
1.41783
1.42473
1.43147
1.43799
1.44432
1.4504
1.45616
1.46159
1.46667
1.47139
1.47581
1.47989
1.4838
1.48747
1.49117
1.49476
1.49874
1.50282
1.50751
1.51259
1.51828
1.52473
1.53174
1.53938
1.54723
1.55552
1.56377
1.57245
1.58105
1.58972
1.59821
1.60629
1.61355
1.61808
1.15075
1.18201
1.21516
1.25018
1.28648
1.32288
1.35793
1.39243
1.4231
1.45132
1.47366
1.48928
1.49032
1.48061
1.46306
1.43076
1.36916
1.26771
1.17933
1.1486
1.14921
1.15906
1.17817
1.20735
1.24046
1.2726
1.3032
1.33201
1.35944
1.38488
1.40797
1.4286
1.44588
1.45982
1.46981
1.47369
1.47614
1.47505
1.46984
1.45856
1.4398
1.41529
1.39123
1.37094
1.35677
1.34819
1.34447
1.34369
1.34476
1.34605
1.3479
1.35033
1.35409
1.35807
1.36321
1.36808
1.37398
1.37955
1.38585
1.39187
1.39831
1.40463
1.41121
1.41782
1.42449
1.43112
1.43765
1.444
1.45012
1.45603
1.46167
1.46697
1.47194
1.47654
1.4808
1.48474
1.48846
1.49201
1.49555
1.49908
1.50289
1.50689
1.51139
1.51631
1.52181
1.52799
1.53487
1.54222
1.54999
1.55807
1.56634
1.57499
1.58364
1.59248
1.60117
1.6099
1.61826
1.62617
1.63322
1.63761
1.1561
1.18499
1.21538
1.24849
1.28285
1.31805
1.35186
1.38501
1.41526
1.44089
1.46095
1.46617
1.46032
1.44673
1.4194
1.36512
1.27264
1.18618
1.15021
1.14701
1.15299
1.16679
1.18917
1.21578
1.24259
1.2694
1.29622
1.32271
1.34884
1.37396
1.39817
1.42063
1.44149
1.45968
1.47502
1.48667
1.49397
1.49614
1.49779
1.49566
1.48836
1.47466
1.45302
1.42971
1.40765
1.39155
1.38067
1.37556
1.37361
1.37418
1.37542
1.37696
1.37943
1.38261
1.38699
1.39141
1.39661
1.4018
1.40746
1.41319
1.41915
1.42519
1.43134
1.43747
1.44358
1.44958
1.45542
1.46102
1.46641
1.47146
1.47618
1.48052
1.48457
1.48832
1.49186
1.49525
1.49858
1.50195
1.50545
1.50928
1.51343
1.51813
1.52337
1.52934
1.53603
1.54316
1.55082
1.55871
1.56698
1.57551
1.58414
1.59299
1.60166
1.61059
1.61905
1.62767
1.63565
1.64335
1.64997
1.65425
1.16488
1.19081
1.21856
1.24889
1.28099
1.314
1.34628
1.37697
1.40449
1.42617
1.4356
1.43315
1.4216
1.39714
1.34726
1.26341
1.18367
1.14779
1.14295
1.14777
1.15923
1.17741
1.19879
1.22064
1.24268
1.26565
1.28933
1.31383
1.33853
1.36319
1.38747
1.41096
1.43332
1.45412
1.4731
1.48908
1.50227
1.51081
1.51627
1.5185
1.51916
1.51557
1.50579
1.48872
1.46635
1.44448
1.42579
1.41313
1.40541
1.4026
1.40219
1.40346
1.40494
1.40695
1.41015
1.4141
1.41858
1.42328
1.42825
1.43343
1.43879
1.44427
1.44981
1.45531
1.4607
1.46587
1.47081
1.47552
1.47994
1.48401
1.48778
1.49125
1.4945
1.49759
1.50063
1.5037
1.50695
1.51046
1.51438
1.51883
1.52384
1.52967
1.53608
1.54307
1.55053
1.5583
1.56652
1.57496
1.58367
1.59247
1.60136
1.61031
1.61906
1.62782
1.6362
1.64444
1.65214
1.65932
1.66555
1.66943
1.17412
1.19863
1.22403
1.25207
1.28113
1.31105
1.34052
1.3669
1.38914
1.39999
1.39926
1.38934
1.3663
1.31903
1.24154
1.16937
1.13825
1.13581
1.14049
1.15188
1.169
1.18772
1.20528
1.22257
1.2408
1.26077
1.28228
1.30527
1.32875
1.35286
1.37667
1.40041
1.42336
1.4457
1.46628
1.48567
1.50251
1.51712
1.52749
1.53451
1.53877
1.54075
1.53976
1.53428
1.52178
1.50211
1.48095
1.46061
1.44577
1.43581
1.43124
1.42962
1.43032
1.43148
1.4332
1.43589
1.43959
1.4438
1.44827
1.45287
1.45753
1.46221
1.46686
1.47143
1.4758
1.47999
1.48391
1.48755
1.49084
1.49387
1.49666
1.49933
1.50196
1.50466
1.50756
1.51075
1.5144
1.51856
1.52338
1.52892
1.53517
1.54191
1.54925
1.55685
1.56502
1.57328
1.58198
1.59059
1.59953
1.60829
1.61715
1.62583
1.6344
1.64282
1.65088
1.65873
1.66601
1.67278
1.67843
1.68213
1.18753
1.20865
1.23105
1.25601
1.28254
1.30866
1.33336
1.35353
1.36302
1.36224
1.35278
1.32955
1.28295
1.21035
1.1476
1.12343
1.12287
1.12805
1.14055
1.15882
1.17714
1.19301
1.20745
1.22208
1.2382
1.25622
1.27624
1.29748
1.32
1.34294
1.36661
1.38995
1.41357
1.43602
1.45832
1.47903
1.49868
1.5162
1.53166
1.54403
1.55252
1.55872
1.56229
1.56306
1.56078
1.55303
1.53782
1.51711
1.4969
1.4796
1.46774
1.46041
1.45755
1.45688
1.45802
1.45928
1.46125
1.46416
1.46785
1.47168
1.47556
1.47932
1.48289
1.48629
1.48952
1.49256
1.49533
1.49785
1.50017
1.50235
1.50453
1.50679
1.50924
1.51199
1.51525
1.51897
1.52351
1.52866
1.53463
1.54107
1.54821
1.55564
1.56374
1.57189
1.58061
1.58911
1.59807
1.60673
1.61569
1.62436
1.6331
1.6416
1.64991
1.65799
1.66566
1.673
1.67974
1.68579
1.69076
1.69396
1.20574
1.22423
1.242
1.2619
1.28406
1.30429
1.32167
1.32894
1.32667
1.3168
1.29202
1.24334
1.17436
1.11966
1.1019
1.10433
1.11172
1.12779
1.14868
1.16718
1.18239
1.19531
1.20766
1.22092
1.23591
1.25279
1.27142
1.2915
1.3129
1.33515
1.35806
1.3812
1.40447
1.4274
1.45019
1.47182
1.49301
1.51273
1.53116
1.54768
1.56158
1.57188
1.57963
1.58498
1.58784
1.58726
1.58287
1.57212
1.55427
1.53434
1.51504
1.50072
1.49081
1.48586
1.48381
1.48371
1.48465
1.48578
1.48746
1.48987
1.49273
1.49544
1.49797
1.50026
1.50238
1.50428
1.50605
1.50778
1.50955
1.51139
1.51339
1.51565
1.51834
1.52157
1.52566
1.53025
1.53586
1.5418
1.54861
1.55573
1.56358
1.57154
1.58008
1.58847
1.59741
1.60602
1.61503
1.62359
1.63243
1.64083
1.6493
1.65739
1.66529
1.67283
1.67994
1.68655
1.69249
1.69768
1.70176
1.7044
1.2186
1.23689
1.25529
1.27043
1.28607
1.29727
1.30044
1.29483
1.28275
1.25425
1.20142
1.13463
1.08858
1.07567
1.08011
1.09079
1.11067
1.13485
1.15492
1.17038
1.18298
1.19438
1.20615
1.21906
1.23362
1.24978
1.26757
1.2868
1.30731
1.3287
1.35087
1.37354
1.3966
1.41975
1.44276
1.46537
1.48773
1.5088
1.52967
1.54817
1.56586
1.58051
1.59255
1.60147
1.60878
1.61243
1.61368
1.61171
1.60472
1.59082
1.57081
1.55144
1.53427
1.52238
1.51438
1.51051
1.50878
1.50793
1.50851
1.50928
1.51024
1.51141
1.51264
1.51385
1.51496
1.51587
1.51683
1.51801
1.51965
1.52142
1.52345
1.52597
1.52933
1.53344
1.53861
1.54408
1.5505
1.55723
1.56478
1.57242
1.58073
1.58899
1.59778
1.60627
1.61515
1.62353
1.63232
1.64054
1.64906
1.65702
1.6651
1.67262
1.68006
1.68689
1.69337
1.69904
1.70415
1.70829
1.71131
1.71316
1.22749
1.24508
1.26087
1.27484
1.28143
1.28144
1.27197
1.2561
1.22201
1.16172
1.09399
1.05587
1.04764
1.0537
1.06845
1.09259
1.1188
1.1403
1.15692
1.17018
1.18172
1.19299
1.20488
1.21799
1.23246
1.24835
1.26566
1.28432
1.30412
1.32499
1.34664
1.36903
1.39179
1.41497
1.43792
1.4611
1.48355
1.50597
1.5273
1.54798
1.56718
1.58511
1.60061
1.61404
1.62397
1.63247
1.63765
1.64038
1.63983
1.63551
1.62445
1.60756
1.58719
1.56852
1.5531
1.54227
1.53572
1.53143
1.52954
1.52807
1.5272
1.52684
1.52672
1.52666
1.52674
1.52696
1.52765
1.52909
1.53073
1.53266
1.53515
1.53844
1.54273
1.54741
1.55325
1.55943
1.56647
1.57363
1.58161
1.58956
1.59805
1.60628
1.61496
1.62321
1.63187
1.63994
1.64845
1.6563
1.66449
1.67198
1.67961
1.68655
1.69338
1.69936
1.70498
1.7096
1.71373
1.71659
1.7183
1.71947
1.23684
1.25224
1.26307
1.26888
1.2665
1.25649
1.23561
1.19436
1.12702
1.05884
1.02651
1.02191
1.02936
1.04742
1.07491
1.10281
1.12572
1.1437
1.15811
1.17062
1.18222
1.19396
1.20629
1.21972
1.23427
1.25016
1.26714
1.28545
1.30454
1.32484
1.34582
1.36774
1.39005
1.41288
1.43574
1.45877
1.48147
1.50412
1.52614
1.54775
1.56838
1.58798
1.60608
1.6225
1.63644
1.64802
1.6566
1.66347
1.6666
1.66711
1.66465
1.65691
1.64231
1.62193
1.60077
1.58183
1.56759
1.55763
1.55083
1.54656
1.54378
1.54145
1.54002
1.53887
1.53839
1.53861
1.5397
1.54115
1.54295
1.54537
1.54877
1.55273
1.55781
1.56322
1.56973
1.57635
1.58392
1.59146
1.59956
1.60743
1.61587
1.62392
1.63243
1.64038
1.64878
1.65652
1.66467
1.67208
1.67978
1.68669
1.69377
1.69994
1.70591
1.71095
1.7154
1.71898
1.72159
1.7229
1.72317
1.7242
1.24669
1.25622
1.25825
1.25293
1.24156
1.21718
1.16968
1.09442
1.02636
0.999308
0.998554
1.00756
1.02894
1.05926
1.08825
1.11222
1.13135
1.14682
1.16038
1.17285
1.18502
1.1974
1.21041
1.22425
1.23905
1.25485
1.27166
1.28946
1.3082
1.32789
1.34836
1.36951
1.39134
1.41354
1.43617
1.45892
1.48175
1.50434
1.52671
1.54844
1.56968
1.58993
1.60935
1.62729
1.6437
1.65819
1.66993
1.67925
1.68587
1.68954
1.69024
1.68905
1.68363
1.67123
1.65181
1.62911
1.6073
1.58934
1.57582
1.56659
1.56039
1.55665
1.55395
1.55239
1.55158
1.55272
1.554
1.55558
1.55781
1.561
1.56533
1.57
1.57565
1.58153
1.58841
1.59541
1.60302
1.61055
1.61847
1.62632
1.63443
1.64235
1.65044
1.65825
1.66614
1.67366
1.68114
1.68826
1.69516
1.70165
1.70763
1.71309
1.71773
1.72175
1.72474
1.72695
1.72755
1.72743
1.72648
1.72756
1.25462
1.25421
1.2454
1.23015
1.1995
1.14323
1.06041
0.993846
0.971559
0.974861
0.986587
1.01162
1.04453
1.0739
1.09853
1.11846
1.13479
1.14925
1.16252
1.17558
1.18855
1.20182
1.21543
1.22968
1.24467
1.2605
1.27715
1.29463
1.31295
1.33207
1.35206
1.3727
1.39394
1.41562
1.43764
1.45989
1.48224
1.50448
1.52668
1.54841
1.56983
1.59051
1.61058
1.62942
1.64729
1.66346
1.6778
1.68977
1.69916
1.70547
1.70869
1.70963
1.70909
1.70489
1.69415
1.67671
1.65417
1.6303
1.60926
1.59269
1.58126
1.5736
1.56918
1.56732
1.56696
1.56839
1.57003
1.57215
1.57529
1.57945
1.58436
1.58979
1.59589
1.60241
1.60938
1.61651
1.62399
1.63148
1.63918
1.64674
1.65451
1.66208
1.6698
1.67717
1.68456
1.69158
1.69849
1.70495
1.71113
1.71672
1.72177
1.72603
1.72942
1.73207
1.73343
1.73363
1.73298
1.73181
1.72915
1.72895
1.258
1.24564
1.22596
1.18766
1.11974
1.0275
0.962005
0.943774
0.949772
0.9661
0.994754
1.02866
1.05898
1.0845
1.10493
1.12191
1.13702
1.15111
1.16484
1.17853
1.19243
1.20649
1.22092
1.23573
1.25102
1.26688
1.28335
1.30057
1.31843
1.33705
1.35632
1.37625
1.3968
1.41788
1.43933
1.46113
1.48306
1.50497
1.52685
1.5485
1.56965
1.59056
1.61063
1.63001
1.64857
1.66585
1.68169
1.69589
1.70783
1.71693
1.72268
1.72479
1.72575
1.72535
1.72178
1.71233
1.69687
1.67621
1.65271
1.63078
1.61253
1.59918
1.59066
1.58636
1.5857
1.58699
1.58876
1.59145
1.59549
1.60023
1.6057
1.61171
1.6183
1.62511
1.63199
1.63921
1.6463
1.65378
1.66099
1.66848
1.67572
1.68302
1.69015
1.69712
1.70394
1.71037
1.71664
1.72228
1.72766
1.73211
1.73601
1.73876
1.74095
1.74157
1.74131
1.74026
1.73858
1.73507
1.72937
1.72675
1.25182
1.22766
1.18091
1.09851
0.997885
0.932971
0.918762
0.927118
0.94839
0.980712
1.01425
1.04436
1.06964
1.09009
1.10707
1.1224
1.13711
1.15148
1.16598
1.18056
1.19542
1.21034
1.22548
1.2408
1.25643
1.2725
1.28894
1.30602
1.32349
1.34176
1.36047
1.38001
1.3999
1.42056
1.44127
1.46266
1.48388
1.50535
1.52676
1.54795
1.56892
1.58966
1.60966
1.62925
1.64809
1.66575
1.68254
1.69782
1.7112
1.72283
1.73166
1.73726
1.73947
1.74071
1.74044
1.73693
1.72865
1.71612
1.69799
1.67688
1.65597
1.63786
1.62381
1.61499
1.61135
1.61134
1.61249
1.6149
1.61859
1.6237
1.62955
1.6358
1.64216
1.64866
1.65532
1.6623
1.66933
1.67656
1.68366
1.69082
1.69778
1.70472
1.71129
1.71778
1.72375
1.72954
1.73469
1.73948
1.74344
1.7467
1.74898
1.7505
1.75072
1.74997
1.74871
1.74591
1.74168
1.73523
1.72746
1.72367
1.23406
1.17693
1.08161
0.973367
0.910563
0.899056
0.909339
0.935336
0.97057
1.0031
1.03249
1.0573
1.07742
1.09381
1.10874
1.12325
1.13795
1.15275
1.16786
1.18315
1.1987
1.21435
1.23011
1.24595
1.26201
1.27824
1.29479
1.31172
1.32909
1.34707
1.36562
1.38468
1.40434
1.42441
1.44474
1.46568
1.48641
1.50758
1.52871
1.54948
1.57043
1.59073
1.61066
1.6302
1.64883
1.66685
1.6838
1.69962
1.71404
1.72675
1.73761
1.74602
1.7512
1.75408
1.75581
1.75626
1.75395
1.74777
1.73772
1.72304
1.70599
1.68732
1.66996
1.65613
1.64715
1.64388
1.64376
1.64449
1.64662
1.65083
1.65693
1.66301
1.66931
1.67537
1.68169
1.68815
1.69466
1.70128
1.70782
1.71443
1.72088
1.72733
1.7334
1.73923
1.7446
1.74937
1.75352
1.75684
1.75914
1.76066
1.76109
1.76062
1.75947
1.75717
1.75362
1.74752
1.74011
1.73236
1.72424
1.72089
1.18022
1.06006
0.941565
0.88482
0.881698
0.897126
0.928424
0.965981
0.999089
1.02675
1.0497
1.06803
1.08278
1.09651
1.11034
1.1249
1.14
1.15579
1.17176
1.18803
1.2043
1.2207
1.23715
1.25351
1.27001
1.28647
1.30325
1.3202
1.33756
1.35532
1.37359
1.39219
1.41141
1.43093
1.4508
1.47131
1.4916
1.51245
1.53312
1.55351
1.57405
1.59393
1.61353
1.63276
1.65106
1.66901
1.68575
1.70177
1.71635
1.7297
1.7416
1.75147
1.75986
1.76542
1.7695
1.7724
1.77373
1.77384
1.77061
1.76387
1.75347
1.73951
1.72288
1.70715
1.69338
1.68402
1.67933
1.67847
1.6787
1.6802
1.68419
1.68987
1.69607
1.70228
1.70847
1.71447
1.72044
1.72645
1.73234
1.7385
1.74416
1.74999
1.75507
1.76015
1.76429
1.76822
1.77099
1.77295
1.77378
1.77372
1.77265
1.77081
1.76783
1.76236
1.75503
1.74658
1.7382
1.73064
1.72369
1.72133
1.05027
0.898944
0.847801
0.857524
0.883869
0.923245
0.962088
0.995561
1.02195
1.04402
1.06175
1.07594
1.0889
1.10221
1.11648
1.13157
1.14714
1.16311
1.1795
1.1961
1.21287
1.22978
1.24665
1.26348
1.28039
1.29724
1.31425
1.33142
1.34875
1.36662
1.38463
1.40313
1.42204
1.44122
1.46074
1.48067
1.50032
1.52056
1.54039
1.56027
1.58017
1.59957
1.61872
1.63723
1.65517
1.67238
1.68874
1.70432
1.71878
1.7322
1.74459
1.7554
1.7654
1.77348
1.78016
1.78605
1.79027
1.79334
1.79448
1.79449
1.79197
1.7848
1.77388
1.75973
1.7449
1.73077
1.7203
1.71338
1.71117
1.71109
1.71188
1.71474
1.7197
1.72576
1.73175
1.73779
1.74313
1.74908
1.75416
1.75999
1.76474
1.76997
1.77398
1.77819
1.78105
1.78362
1.78464
1.78484
1.78404
1.78255
1.78009
1.77548
1.76883
1.7605
1.75175
1.74307
1.73547
1.72959
1.72472
1.72375
0.827826
0.759706
0.800016
0.854827
0.912841
0.956916
0.99185
1.0182
1.04007
1.05791
1.07134
1.08303
1.09505
1.10834
1.12316
1.13911
1.15613
1.1735
1.19105
1.20864
1.22624
1.24393
1.26163
1.27926
1.29671
1.31387
1.33094
1.34792
1.36491
1.38216
1.39955
1.41735
1.43566
1.45416
1.47318
1.49255
1.51186
1.53154
1.55098
1.57028
1.58915
1.60753
1.62544
1.64277
1.65948
1.67554
1.69088
1.70557
1.71934
1.73246
1.74471
1.75628
1.76689
1.77708
1.78582
1.79415
1.8013
1.80729
1.81293
1.81591
1.81705
1.81589
1.8126
1.80548
1.79413
1.77947
1.76519
1.75306
1.74462
1.74046
1.73981
1.74025
1.74198
1.74608
1.75132
1.75718
1.76266
1.76843
1.77338
1.77862
1.7827
1.78691
1.78996
1.79263
1.79428
1.79475
1.79421
1.79291
1.79085
1.78703
1.78095
1.77297
1.76374
1.75448
1.74553
1.73829
1.73243
1.72916
1.72638
1.72697
0.530149
0.637322
0.749254
0.84508
0.913943
0.960251
0.993018
1.01898
1.04011
1.05685
1.07153
1.08533
1.09932
1.11406
1.12994
1.14678
1.16447
1.18253
1.20096
1.21934
1.23773
1.25604
1.27411
1.29214
1.3099
1.32752
1.34516
1.36278
1.38041
1.39825
1.41601
1.43398
1.45209
1.47017
1.48846
1.50674
1.52502
1.5432
1.56121
1.57876
1.59601
1.61285
1.62913
1.64515
1.66056
1.67565
1.68986
1.70373
1.71676
1.72937
1.74137
1.75309
1.76438
1.7755
1.78622
1.79667
1.80638
1.8155
1.82361
1.83009
1.83477
1.83637
1.83535
1.83245
1.82793
1.81943
1.80711
1.7929
1.77981
1.7703
1.76412
1.76271
1.76307
1.76434
1.76747
1.77176
1.77758
1.78305
1.78832
1.79295
1.79683
1.79972
1.8017
1.8024
1.80225
1.80133
1.79935
1.7963
1.79075
1.78354
1.77421
1.76453
1.7545
1.74591
1.73846
1.73356
1.73013
1.72916
1.72813
1.72986
0.151648
0.454369
0.645221
0.751886
0.82509
0.881458
0.925935
0.961175
0.9904
1.01666
1.04092
1.06326
1.08404
1.10377
1.12318
1.14264
1.16244
1.18229
1.20228
1.2221
1.24192
1.26149
1.28071
1.29976
1.31852
1.33712
1.35547
1.37368
1.39161
1.40963
1.42732
1.4451
1.46273
1.48032
1.49774
1.51515
1.53228
1.54906
1.56576
1.58184
1.59772
1.61319
1.62816
1.64283
1.65678
1.67045
1.68341
1.69594
1.70806
1.7198
1.7314
1.74292
1.75444
1.76612
1.77747
1.78925
1.79989
1.81076
1.81999
1.82913
1.83605
1.84214
1.845
1.84586
1.84357
1.84002
1.83425
1.82364
1.81069
1.79752
1.78694
1.77975
1.77674
1.77646
1.77812
1.78032
1.78383
1.78861
1.79365
1.79812
1.80168
1.80358
1.80417
1.80389
1.80296
1.80049
1.79606
1.78953
1.78075
1.77069
1.76026
1.75042
1.74179
1.73522
1.7305
1.72832
1.72741
1.72805
1.72875
1.73129
0.0353571
0.401953
0.555133
0.642125
0.710144
0.769684
0.822293
0.868694
0.910297
0.947756
0.9817
1.01248
1.04032
1.06579
1.08985
1.113
1.13571
1.15817
1.1805
1.20248
1.22406
1.24515
1.26568
1.2858
1.30546
1.32475
1.34375
1.36249
1.38093
1.39924
1.41732
1.43514
1.4529
1.47022
1.4874
1.504
1.52042
1.53594
1.55147
1.566
1.5805
1.59419
1.60789
1.62087
1.63377
1.64614
1.65825
1.67015
1.68166
1.69357
1.70515
1.71718
1.72943
1.7415
1.75438
1.7662
1.77903
1.7899
1.80193
1.81108
1.8216
1.82849
1.83607
1.83956
1.84203
1.84059
1.8386
1.83495
1.82788
1.81722
1.80401
1.79296
1.7847
1.78024
1.77903
1.77981
1.78231
1.78505
1.78846
1.79225
1.79512
1.79609
1.79637
1.79566
1.79271
1.78714
1.77933
1.76954
1.75909
1.74854
1.73883
1.73093
1.72476
1.72135
1.7195
1.72009
1.72143
1.72297
1.72442
1.72735
0.0662658
0.39252
0.505715
0.564479
0.617104
0.670376
0.723884
0.774607
0.821395
0.864062
0.902798
0.937998
0.97043
1.00058
1.02894
1.05593
1.08188
1.10724
1.13196
1.15622
1.17978
1.20264
1.2248
1.24607
1.2667
1.28657
1.30595
1.32473
1.34296
1.36074
1.3781
1.39492
1.4116
1.42769
1.44374
1.45906
1.47453
1.48902
1.50378
1.51754
1.53158
1.54462
1.55796
1.57039
1.58315
1.59527
1.60779
1.62008
1.63267
1.64534
1.65835
1.67155
1.68494
1.69875
1.71221
1.72621
1.73936
1.75291
1.76532
1.7776
1.78931
1.79968
1.80969
1.81752
1.82403
1.82727
1.82828
1.82706
1.82466
1.81973
1.81047
1.79858
1.78623
1.77736
1.77101
1.76842
1.76767
1.76858
1.77024
1.77222
1.77357
1.77372
1.77277
1.77016
1.76466
1.75647
1.74659
1.736
1.72567
1.71628
1.70912
1.70347
1.70095
1.69957
1.70081
1.70254
1.70447
1.70739
1.70982
1.71351
0.0633022
0.396013
0.494891
0.528971
0.561651
0.602218
0.647713
0.693073
0.736763
0.778223
0.817223
0.85373
0.888027
0.920428
0.951345
0.981097
1.00981
1.03775
1.06465
1.09068
1.11548
1.13916
1.16176
1.1832
1.20388
1.22368
1.2429
1.26163
1.27997
1.29797
1.31577
1.33318
1.35056
1.36738
1.38423
1.40049
1.41659
1.43202
1.44718
1.46179
1.47596
1.48976
1.50313
1.51634
1.5292
1.5421
1.5548
1.56775
1.58069
1.59414
1.60769
1.62195
1.6361
1.65103
1.66578
1.681
1.69597
1.71116
1.72595
1.74045
1.75474
1.7679
1.78068
1.79167
1.80138
1.80887
1.81334
1.81495
1.81406
1.81215
1.80781
1.7993
1.78663
1.77382
1.76242
1.75393
1.74817
1.74495
1.74288
1.74169
1.73977
1.73742
1.73305
1.72708
1.71838
1.70888
1.69824
1.68834
1.67973
1.67287
1.66886
1.66647
1.66697
1.66873
1.67082
1.67374
1.67701
1.68214
1.68562
1.69041
0.0948786
0.408998
0.491267
0.507234
0.526377
0.555686
0.59232
0.630586
0.66847
0.705365
0.741192
0.775986
0.809607
0.842181
0.873649
0.904174
0.933661
0.962226
0.989744
1.0163
1.04187
1.06659
1.09054
1.11369
1.13634
1.15814
1.17948
1.19996
1.21988
1.2389
1.2573
1.27492
1.29188
1.30819
1.32393
1.33916
1.35388
1.36839
1.38203
1.39597
1.40869
1.42217
1.43449
1.44778
1.46028
1.47408
1.48763
1.50236
1.51744
1.53345
1.54986
1.56686
1.58406
1.60158
1.61932
1.63698
1.65478
1.67225
1.68944
1.706
1.72212
1.73673
1.75135
1.76337
1.77496
1.78406
1.79135
1.79558
1.79637
1.79552
1.79324
1.78846
1.77942
1.76554
1.75061
1.73603
1.7238
1.71376
1.70542
1.69851
1.69113
1.68392
1.6747
1.66513
1.65439
1.64453
1.63513
1.62813
1.62281
1.62036
1.62
1.62169
1.62512
1.62873
1.63257
1.63763
1.64274
1.64938
1.65368
1.65946
0.0917748
0.420785
0.489066
0.476726
0.476351
0.494748
0.526146
0.561568
0.597719
0.633685
0.66892
0.703534
0.737445
0.770563
0.802836
0.834136
0.864492
0.893869
0.922336
0.949982
0.976767
1.00291
1.0284
1.05314
1.07729
1.10057
1.12306
1.14449
1.16507
1.18447
1.20282
1.22009
1.23644
1.25165
1.26631
1.27991
1.29334
1.30583
1.31861
1.33074
1.34349
1.3561
1.36959
1.38362
1.3986
1.41432
1.431
1.44812
1.46634
1.48425
1.50333
1.52173
1.54117
1.55983
1.57902
1.59724
1.61568
1.63306
1.65033
1.66677
1.68258
1.69758
1.71197
1.72509
1.73792
1.7486
1.75773
1.76527
1.76846
1.769
1.76712
1.7641
1.75708
1.74594
1.72986
1.71264
1.69545
1.67974
1.66596
1.65315
1.64141
1.62944
1.61736
1.60561
1.5944
1.58548
1.5784
1.57451
1.57302
1.57349
1.57668
1.58049
1.58534
1.58947
1.59515
1.60005
1.6069
1.6121
1.61723
1.62191
0.0955684
0.426429
0.490341
0.469975
0.458949
0.462417
0.484047
0.513907
0.544763
0.577014
0.610491
0.644587
0.678614
0.712241
0.745471
0.777981
0.810075
0.841403
0.872128
0.901959
0.931183
0.959463
0.98689
1.0135
1.03907
1.06371
1.08741
1.10999
1.13158
1.15206
1.17138
1.1894
1.20636
1.22177
1.2362
1.24933
1.26189
1.27352
1.28545
1.29704
1.30951
1.32239
1.33629
1.3512
1.36673
1.38354
1.40041
1.41843
1.43634
1.455
1.47355
1.49212
1.51078
1.52902
1.54749
1.56529
1.58349
1.60065
1.61852
1.6347
1.65191
1.66671
1.68238
1.69544
1.7086
1.71923
1.72883
1.73616
1.74098
1.743
1.74193
1.74012
1.73694
1.72995
1.71869
1.70201
1.68292
1.66289
1.64239
1.62313
1.60385
1.58683
1.57052
1.55727
1.54619
1.53845
1.53344
1.53134
1.53107
1.5329
1.536
1.53926
1.54278
1.54663
1.55123
1.55592
1.56084
1.5648
1.56799
1.56992
0.104342
0.424034
0.500369
0.503314
0.509451
0.520497
0.540926
0.567904
0.592804
0.615401
0.639165
0.664209
0.690375
0.717314
0.745027
0.773271
0.801849
0.83069
0.859263
0.887482
0.915297
0.942299
0.968747
0.994258
1.01902
1.04275
1.0655
1.08719
1.10765
1.12698
1.14506
1.16181
1.17745
1.19181
1.20549
1.21799
1.23065
1.24247
1.25529
1.26769
1.28142
1.29535
1.31029
1.3259
1.3421
1.35915
1.3763
1.39426
1.41203
1.43066
1.44897
1.46771
1.48637
1.50491
1.52363
1.54183
1.56021
1.57784
1.59558
1.61206
1.62905
1.64375
1.65962
1.67247
1.68643
1.69733
1.70871
1.71704
1.72461
1.72862
1.72941
1.72832
1.72598
1.72145
1.71199
1.69818
1.67698
1.65444
1.62691
1.60106
1.57425
1.55163
1.53098
1.51614
1.50412
1.49707
1.49238
1.49081
1.49068
1.49231
1.49407
1.49593
1.4981
1.50058
1.50347
1.50629
1.50923
1.51152
1.51364
1.51474
0.0931525
0.430088
0.496759
0.47377
0.458852
0.457384
0.474793
0.504092
0.533006
0.560701
0.589806
0.620401
0.651899
0.683635
0.715826
0.748157
0.780635
0.812979
0.844822
0.876053
0.906502
0.936084
0.964656
0.99233
1.01895
1.04449
1.06898
1.09234
1.11441
1.13522
1.15466
1.17253
1.18913
1.20407
1.21794
1.23051
1.24265
1.25378
1.26554
1.2769
1.2894
1.30215
1.31608
1.33078
1.34623
1.36249
1.37905
1.39646
1.41368
1.43177
1.44939
1.46745
1.48525
1.50305
1.52092
1.53846
1.55615
1.5732
1.59026
1.60635
1.62268
1.63709
1.65258
1.6651
1.67889
1.68972
1.70109
1.70963
1.71748
1.72235
1.72358
1.72242
1.72011
1.71592
1.7075
1.6936
1.67227
1.64595
1.61467
1.58304
1.55121
1.52442
1.50149
1.48524
1.47294
1.46607
1.46113
1.4593
1.45866
1.45962
1.46042
1.46108
1.46232
1.46401
1.46578
1.46756
1.46978
1.47216
1.47421
1.47591
)
;

boundaryField
{
    inlet
    {
        type            calculated;
        value           uniform 3.00001;
    }
    outlet
    {
        type            calculated;
        value           nonuniform List<scalar> 
40
(
1.07946
1.1741
1.24812
1.31092
1.36377
1.40842
1.44506
1.48051
1.51107
1.54073
1.5696
1.59445
1.61808
1.63761
1.65425
1.66943
1.68213
1.69396
1.7044
1.71316
1.71947
1.7242
1.72756
1.72895
1.72675
1.72367
1.72089
1.72133
1.72375
1.72697
1.72986
1.73129
1.72735
1.71351
1.69041
1.65946
1.62191
1.56992
1.51474
1.47591
)
;
    }
    bottom
    {
        type            symmetryPlane;
    }
    top
    {
        type            symmetryPlane;
    }
    obstacle
    {
        type            calculated;
        value           uniform 0;
    }
    defaultFaces
    {
        type            empty;
    }
}


// ************************************************************************* //
