/*--------------------------------*- C++ -*----------------------------------*\
| =========                 |                                                 |
| \\      /  F ield         | OpenFOAM: The Open Source CFD Toolbox           |
|  \\    /   O peration     | Version:  2112                                  |
|   \\  /    A nd           | Website:  www.openfoam.com                      |
|    \\/     M anipulation  |                                                 |
\*---------------------------------------------------------------------------*/
FoamFile
{
    version     2.0;
    format      ascii;
    arch        "LSB;label=32;scalar=64";
    class       volScalarField;
    location    "4.5";
    object      T;
}
// * * * * * * * * * * * * * * * * * * * * * * * * * * * * * * * * * * * * * //

dimensions      [0 0 0 1 0 0 0];

internalField   nonuniform List<scalar> 
7000
(
1
1
1
1
1
1
1
1.00001
1.00001
1.00003
1.00003
1.00035
1.00057
1.00239
1.00338
1.01207
1.02264
1.05686
1.184
1.46703
2.0254
2.59992
2.72896
2.71415
2.69134
2.68748
2.69605
2.70453
2.71241
2.71937
2.72462
2.73057
2.7362
2.74174
2.74696
2.7523
2.75711
2.76214
2.76626
2.77061
2.77359
2.77692
2.78003
2.78189
2.78235
2.78322
2.78271
2.78392
2.78378
2.78474
1
1
1
1
1
1
1
1.00001
1
1.00003
1.00003
1.00034
1.00055
1.00227
1.00322
1.01137
1.02179
1.05594
1.17459
1.44487
1.99716
2.5857
2.73071
2.71509
2.69069
2.68664
2.69499
2.70233
2.71079
2.71671
2.72263
2.72753
2.73367
2.73841
2.74424
2.74858
2.75358
2.75777
2.76167
2.76558
2.76928
2.7729
2.77488
2.77853
2.78012
2.78244
2.78247
2.78266
2.78296
2.78178
1
1
1
1
1
1
1
1.00001
1
1.00003
1.00003
1.00032
1.00052
1.00216
1.00311
1.01073
1.02112
1.05694
1.16671
1.41967
1.97264
2.57247
2.72932
2.71213
2.68485
2.68089
2.68901
2.69742
2.70518
2.71196
2.71673
2.72293
2.72809
2.73437
2.73903
2.74536
2.74955
2.75606
2.75939
2.76449
2.76665
2.77115
2.77254
2.77632
2.77912
2.78116
2.78252
2.78221
2.78186
2.78241
1
1
1
1
1
1
1
1.00001
1
1.00003
1.00003
1.00031
1.0005
1.00205
1.00295
1.00993
1.02007
1.05326
1.16061
1.39849
1.93057
2.55449
2.72587
2.70782
2.67812
2.67436
2.68297
2.69186
2.70055
2.70792
2.71335
2.7197
2.7251
2.73122
2.73604
2.74148
2.74628
2.75156
2.75687
2.76071
2.76563
2.76766
2.77207
2.77297
2.77723
2.77893
2.78013
2.78201
2.78104
2.77987
1
1
1
1
1
1
1
1
1
1.00003
1.00003
1.00032
1.0005
1.00198
1.00285
1.009
1.01909
1.04356
1.15874
1.37856
1.88385
2.54012
2.72354
2.70477
2.67346
2.66967
2.67877
2.68782
2.69699
2.70385
2.70952
2.71515
2.72119
2.72704
2.73298
2.73788
2.74358
2.74804
2.754
2.75791
2.76262
2.7662
2.76884
2.7729
2.77368
2.77883
2.77921
2.78012
2.78155
2.7819
1
1
1
1
1
1
1
1
1
1.00003
1.00003
1.0003
1.0005
1.00191
1.00292
1.00865
1.0189
1.05355
1.13981
1.37255
1.81824
2.56525
2.72578
2.70554
2.6753
2.67234
2.68284
2.69121
2.70094
2.70645
2.71275
2.71674
2.72334
2.72761
2.73406
2.73772
2.74374
2.74742
2.75327
2.75748
2.7615
2.76552
2.76701
2.77024
2.77263
2.77372
2.77796
2.77879
2.77838
2.77736
1
1
1
1
1
1
1
1
1.00001
1.00001
1.00012
1.00023
1.00101
1.0015
1.00598
1.0057
1.01892
1.03753
1.14826
1.35599
1.84126
2.60431
2.72816
2.70627
2.676
2.67324
2.68251
2.68998
2.69951
2.70525
2.7113
2.71638
2.72205
2.72791
2.73296
2.73847
2.74249
2.74811
2.75141
2.7576
2.75967
2.76507
2.76738
2.76822
2.77119
2.7743
2.77389
2.77691
2.77779
2.77896
1
1
1
1
1
1
1
1
1
1.00002
1.00003
1.00024
1.00042
1.00149
1.00228
1.00641
1.01571
1.04111
1.13573
1.33615
1.82172
2.61324
2.72563
2.70394
2.67566
2.67339
2.68122
2.68985
2.69737
2.70406
2.70881
2.7146
2.71949
2.72564
2.73042
2.73582
2.74067
2.74583
2.7509
2.75508
2.75976
2.76126
2.76726
2.76773
2.76761
2.77001
2.77435
2.77276
2.77334
2.77156
1
1
1
1
1
1
1
1
1.00001
1.00001
1.00009
1.0002
1.00064
1.00132
1.00312
1.00659
1.01679
1.0314
1.13292
1.3205
1.81764
2.61095
2.72267
2.70229
2.6762
2.67401
2.68092
2.68905
2.69619
2.7026
2.70683
2.71239
2.71686
2.72246
2.727
2.73214
2.73701
2.74167
2.74735
2.75123
2.75652
2.75892
2.76154
2.76792
2.76878
2.76731
2.76728
2.77247
2.77083
2.77273
1
1
1
1
1
1
1
1
1.00001
1.00001
1.00011
1.00019
1.00082
1.00113
1.00464
1.00443
1.01691
1.02734
1.12467
1.30604
1.80445
2.60139
2.71886
2.69895
2.67846
2.67461
2.68143
2.68878
2.69641
2.70243
2.70666
2.7113
2.71576
2.72001
2.72462
2.72852
2.73454
2.73774
2.74368
2.74709
2.75208
2.75651
2.75687
2.75845
2.76356
2.76834
2.76622
2.76378
2.76585
2.7628
1
1
1
1
1
1
1
1
1.00001
1.00001
1.0001
1.00018
1.00076
1.00103
1.00418
1.00366
1.0153
1.02266
1.11874
1.28643
1.786
2.58812
2.71366
2.68601
2.68174
2.67507
2.68186
2.68825
2.69645
2.70304
2.70739
2.71178
2.71627
2.71931
2.72368
2.72586
2.73056
2.73327
2.73774
2.74167
2.74503
2.75141
2.75627
2.75676
2.75623
2.7581
2.76188
2.76499
2.76043
2.76209
1
1
1
1
1
1
1
1
1.00001
1.00001
1.00009
1.00016
1.00064
1.0009
1.00352
1.00284
1.0137
1.01812
1.10861
1.26787
1.76602
2.57651
2.69805
2.6884
2.68006
2.67284
2.67878
2.68474
2.69327
2.69921
2.70495
2.70864
2.71454
2.71726
2.72183
2.72425
2.72791
2.73074
2.73377
2.7376
2.73892
2.74168
2.74609
2.75111
2.75477
2.75633
2.75389
2.75148
2.75526
2.75069
1
1
1
1
1
1
1
1
1.00001
1.00001
1.00008
1.00013
1.00053
1.0008
1.00287
1.00289
1.01096
1.01309
1.09725
1.2478
1.7404
2.54601
2.68753
2.68668
2.67922
2.67186
2.67765
2.68272
2.69191
2.69674
2.70261
2.70622
2.71149
2.71516
2.71881
2.72206
2.72406
2.72626
2.72793
2.73174
2.73574
2.73781
2.73978
2.74036
2.74249
2.74664
2.75139
2.75156
2.74543
2.74787
1
1
1
1
1
1
1
1
1.00001
1.00001
1.00007
1.00012
1.00046
1.0007
1.00262
1.00107
1.01354
1.00532
1.08938
1.22484
1.70934
2.50823
2.66684
2.68423
2.67692
2.66963
2.67457
2.68006
2.68859
2.69384
2.69859
2.70279
2.70719
2.71165
2.71515
2.71963
2.7223
2.72433
2.72406
2.72357
2.72556
2.729
2.73263
2.7366
2.73734
2.73789
2.73706
2.73568
2.7398
2.7333
1
1
1
1
1
1
1
1
1
1.00002
1.00004
1.00017
1.00029
1.00084
1.00217
1.00258
1.01589
1.00411
1.08967
1.20174
1.66765
2.46372
2.64578
2.68782
2.67959
2.67188
2.67484
2.68022
2.68749
2.69229
2.69583
2.69929
2.70206
2.70589
2.70812
2.71212
2.71542
2.71931
2.72241
2.72202
2.72045
2.72006
2.72004
2.72105
2.72545
2.72884
2.73265
2.73112
2.72402
2.72695
1
1
1
1
1
1
1
1
1
1.00002
1.00003
1.00014
1.00022
1.00072
1.00164
1.00224
1.01249
1.00529
1.07879
1.17821
1.61521
2.39514
2.60865
2.68569
2.67795
2.67079
2.67319
2.67965
2.68593
2.69158
2.69451
2.6986
2.7004
2.70376
2.70508
2.7066
2.70757
2.70822
2.71112
2.7132
2.71485
2.71453
2.71397
2.71314
2.71189
2.71288
2.71278
2.71214
2.71556
2.70647
1
1
1
1
1
1
1
1
1
1.00003
1.00005
1.0002
1.00032
1.00106
1.00173
1.00684
1.00567
1.02338
1.04757
1.19775
1.46504
2.08188
2.56854
2.68968
2.67854
2.66834
2.66827
2.67381
2.67774
2.68447
2.68755
2.69142
2.69469
2.69752
2.7011
2.70348
2.70554
2.70473
2.704
2.70315
2.70216
2.70074
2.6991
2.69802
2.70019
2.70015
2.70205
2.69842
2.69043
2.6936
1
1
1
1
1
1
1
1
1
1.00001
1.00004
1.00006
1.0002
1.00038
1.00077
1.00309
1.00105
1.01917
1.03951
1.14898
1.3592
1.89113
2.45564
2.6652
2.65703
2.65832
2.65766
2.66688
2.67056
2.67764
2.68109
2.6836
2.68557
2.68731
2.68857
2.69099
2.69319
2.6961
2.69662
2.69607
2.695
2.69262
2.68907
2.68278
2.67647
2.67623
2.67371
2.67267
2.67156
2.65811
1
1
1
1
1
1
1
1
1
1.00001
1.00003
1.00005
1.00016
1.0003
1.00056
1.00249
1.0016
1.01573
1.02311
1.11831
1.28795
1.76839
2.51192
2.64416
2.63569
2.63304
2.62991
2.6424
2.65078
2.66108
2.66915
2.67447
2.67871
2.681
2.68207
2.68181
2.68147
2.6814
2.68068
2.67966
2.6774
2.67587
2.67228
2.66867
2.66098
2.65247
2.65029
2.63882
2.62432
2.62001
1
1
1
1
1
1
1
1
1
1
1.00001
1.00003
1.00003
1.00027
1.0004
1.00231
1.00214
1.01731
1.0054
1.09956
1.22436
1.71386
2.48143
2.64509
2.65268
2.642
2.63018
2.63222
2.63766
2.64445
2.65092
2.65688
2.66187
2.6669
2.67007
2.67245
2.67244
2.67214
2.67043
2.66776
2.6643
2.65712
2.65181
2.64125
2.63172
2.61802
2.60249
2.59405
2.56446
2.47654
1
1
1
1
1
1
1
1
1
1
1.00001
1.00002
1.0001
1.00007
1.00089
1.00134
1.00843
1.00485
1.02688
1.06108
1.23463
1.56296
2.16596
2.57288
2.6535
2.6419
2.63889
2.63285
2.63474
2.6364
2.63955
2.64131
2.64315
2.64457
2.64617
2.64706
2.64743
2.64676
2.64514
2.64143
2.63851
2.63334
2.62377
2.61437
2.59525
2.57326
2.54289
2.49412
2.44307
2.33344
1
1
1
1
1
1
1
1
1
1
1
1.00001
1.00004
1.00003
1.00033
1.00046
1.00346
1.00268
1.02079
1.03917
1.15388
1.36557
1.9057
2.432
2.62296
2.6157
2.61086
2.60973
2.61441
2.62078
2.62569
2.62891
2.6306
2.63186
2.63179
2.63126
2.6292
2.62588
2.61879
2.61356
2.60267
2.59457
2.58235
2.56588
2.55045
2.51785
2.48683
2.4308
2.34665
2.26964
1
1
1
1
1
1
1
1
1
1
1
1.00001
1.00004
1.00004
1.00034
1.00047
1.00257
1.00218
1.01083
1.01028
1.09891
1.25827
1.7393
2.47378
2.61091
2.6081
2.59387
2.58178
2.58127
2.58609
2.59153
2.59669
2.60109
2.60326
2.60598
2.60572
2.60443
2.60219
2.598
2.58973
2.58139
2.56368
2.55095
2.52547
2.50173
2.47131
2.42599
2.3866
2.30563
2.25683
1
1
1
1
1
1
1
1
1
1
1
1
1.00002
1.00002
1.00024
1.00035
1.00208
1.00206
1.01581
1.00514
1.08735
1.20131
1.62462
2.38064
2.56979
2.62055
2.60206
2.58686
2.57963
2.57983
2.58104
2.58154
2.58123
2.5806
2.57885
2.57519
2.57234
2.5669
2.56308
2.55473
2.54719
2.53472
2.51635
2.49921
2.4661
2.44191
2.39186
2.35875
2.29332
2.24879
1
1
1
1
1
1
1
1
1
1
1
1
1.00002
1.00002
1.00017
1.00018
1.00129
1.00145
1.01149
1.00145
1.06795
1.13232
1.51536
2.20124
2.44018
2.57224
2.56374
2.56762
2.56705
2.56816
2.57017
2.57106
2.57026
2.56831
2.5655
2.55925
2.55361
2.54507
2.53578
2.52626
2.51212
2.50183
2.48111
2.46708
2.43655
2.41675
2.37535
2.34438
2.29531
2.25229
1
1
1
1
1
1
1
1
1
1
1
1.00001
1.00001
1.00006
1.00005
1.00043
1.00063
1.00376
1.00254
1.02054
1.00842
1.09801
1.25674
1.70832
2.41696
2.54624
2.55011
2.54105
2.53283
2.53374
2.53688
2.54127
2.54308
2.5427
2.5412
2.53842
2.53266
2.52715
2.51547
2.50678
2.48852
2.47698
2.45327
2.43781
2.41032
2.38711
2.35702
2.32447
2.28979
2.25346
1
1
1
1
1
1
1
1
1
1
1
1
1.00001
1.00003
1.00003
1.00021
1.00031
1.00178
1.00188
1.01337
1.00489
1.07521
1.16504
1.54795
2.24135
2.47905
2.55699
2.54122
2.53326
2.52347
2.51909
2.51866
2.51726
2.51442
2.51161
2.50925
2.50494
2.50123
2.49303
2.48632
2.47202
2.46036
2.44049
2.42156
2.39768
2.37193
2.34421
2.31359
2.28081
2.24949
1
1
1
1
1
1
1
1
1
1
1
1
1
1.00002
1.00002
1.00016
1.00022
1.00136
1.00147
1.01012
1.00409
1.04737
1.11093
1.32057
1.85021
2.28272
2.52066
2.5282
2.52117
2.51215
2.50606
2.50401
2.49952
2.49537
2.48717
2.48266
2.47385
2.46928
2.45985
2.45439
2.44333
2.43436
2.42035
2.40562
2.38719
2.36493
2.34042
2.31275
2.28242
2.25313
1
1
1
1
1
1
1
1
1
1
1
1
1
1.00001
1.00001
1.00007
1.00007
1.00055
1.00067
1.0049
1.00304
1.02837
1.05807
1.2112
1.52648
2.04597
2.4124
2.49365
2.4969
2.49558
2.4922
2.49133
2.48936
2.48553
2.47771
2.47055
2.45944
2.44964
2.43777
2.4263
2.41459
2.4013
2.38919
2.37397
2.35997
2.34358
2.32575
2.30534
2.28076
2.25548
1
1
1
1
1
1
1
1
1
1
1
1
1
1.00001
1.00002
1.00005
1.00009
1.00032
1.00083
1.00206
1.00522
1.01572
1.04089
1.10284
1.29751
1.81007
2.19563
2.43212
2.45083
2.45064
2.45274
2.4547
2.45878
2.46152
2.46008
2.45648
2.44895
2.43973
2.42869
2.41605
2.40361
2.38841
2.37356
2.35699
2.33996
2.32234
2.30364
2.2846
2.26447
2.24566
1
1
1
1
1
1
1
1
1
1
1
1
1
1
1.00001
1.00001
1.00006
1.00006
1.00041
1.00051
1.00377
1.00288
1.02288
1.04333
1.17224
1.41968
1.90783
2.31699
2.43318
2.43375
2.42976
2.42496
2.42146
2.41986
2.41852
2.41691
2.41477
2.41031
2.40495
2.39578
2.386
2.3742
2.36124
2.34705
2.33119
2.31463
2.29642
2.2779
2.25711
2.23815
1
1
1
1
1
1
1
1
1
1
1
1
1
1
1
1.00002
1.00001
1.00012
1.00015
1.00109
1.00106
1.00815
1.00143
1.03833
1.08128
1.2357
1.6511
2.05014
2.35149
2.41522
2.41743
2.4147
2.40912
2.40407
2.40107
2.39666
2.39199
2.38551
2.37878
2.37051
2.36111
2.3508
2.33895
2.32658
2.31274
2.29833
2.28249
2.26579
2.24762
2.23006
1
1
1
1
1
1
1
1
1
1
1
1
1
1
1
1
1.00003
1.00002
1.00018
1.00025
1.00139
1.00147
1.00995
1.00293
1.04804
1.10877
1.31137
1.83149
2.1565
2.35653
2.37841
2.37417
2.37303
2.36949
2.36675
2.36584
2.36394
2.36176
2.35724
2.35246
2.34478
2.33666
2.32615
2.31479
2.30176
2.28762
2.27234
2.25614
2.23856
2.2218
1
1
1
1
1
1
1
1
1
1
1
1
1
1
1
1
1.00001
1.00003
1.00003
1.00025
1.00026
1.00176
1.00183
1.01306
0.998665
1.07031
1.13238
1.48576
2.06941
2.29135
2.37425
2.37194
2.35771
2.3478
2.33861
2.33343
2.33062
2.32765
2.32503
2.32113
2.31734
2.31156
2.3057
2.29755
2.28887
2.27815
2.26554
2.25165
2.23551
2.22022
1
1
1
1
1
1
1
1
1
1
1
1
1
1
1
1
1
1.00002
1.00001
1.00011
1.00012
1.00083
1.00089
1.00636
1.00106
1.03578
1.06421
1.22401
1.58427
2.01615
2.29903
2.34361
2.34201
2.33452
2.32792
2.32124
2.31635
2.31164
2.30614
2.30053
2.29358
2.28742
2.27925
2.27251
2.2629
2.25499
2.24444
2.23503
2.22189
2.21077
1
1
1
1
1
1
1
1
1
1
1
1
1
1
1
1
1
1.00001
1.00002
1.00007
1.0001
1.00037
1.00065
1.00212
1.00465
1.01281
1.03622
1.09468
1.2449
1.69171
2.0361
2.26963
2.30133
2.30296
2.30577
2.30483
2.30347
2.30088
2.29644
2.29194
2.28513
2.27892
2.27055
2.26278
2.25352
2.24372
2.23286
2.22109
2.20873
2.19593
1
1
1
1
1
1
1
1
1
1
1
1
1
1
1
1
1
1
1.00001
1.00001
1.0001
1.00007
1.0006
1.00076
1.00455
1.00253
1.02455
1.00422
1.10983
1.24063
1.62466
2.10011
2.26452
2.27821
2.27541
2.27378
2.26813
2.26466
2.26073
2.25899
2.25539
2.25243
2.24758
2.24231
2.23555
2.22833
2.22
2.20988
2.19895
2.18736
1
1
1
1
1
1
1
1
1
1
1
1
1
1
1
1
1
1
1
1.00001
1.00001
1.00007
1.00008
1.00043
1.00055
1.00322
1.00121
1.01747
1.03277
1.11225
1.26911
1.64259
2.06839
2.26964
2.28811
2.28383
2.27764
2.26623
2.25594
2.24597
2.23793
2.22906
2.22174
2.21304
2.20603
2.19731
2.19028
2.18193
2.1739
2.16508
1
1
1
1
1
1
1
1
1
1
1
1
1
1
1
1
1
1
1
1
1
1.00003
1.00002
1.00018
1.00019
1.00141
1.00145
1.0101
0.999127
1.05701
1.09462
1.35781
1.85911
2.1325
2.26131
2.2797
2.27423
2.26615
2.25674
2.24535
2.23552
2.22485
2.21483
2.20404
2.1938
2.18313
2.1729
2.16233
2.15178
2.14149
1
1
1
1
1
1
1
1
1
1
1
1
1
1
1
1
1
1
1
1
1.00001
1.00001
1.00005
1.00004
1.00016
1.00021
1.00129
1.00134
1.00961
1.00496
1.05776
1.0954
1.39171
1.91358
2.15098
2.23653
2.25581
2.25212
2.24889
2.24132
2.2307
2.22097
2.2118
2.20206
2.19215
2.18158
2.17082
2.15971
2.14765
2.13624
1
1
1
1
1
1
1
1
1
1
1
1
1
1
1
1
1
1
1
1
1
1
1.00001
1.00001
1.00009
1.00004
1.00061
1.00049
1.00436
1.00359
1.02395
1.02179
1.15332
1.35919
1.76722
2.08626
2.2026
2.21203
2.2117
2.2096
2.20665
2.20044
2.19482
2.18833
2.18216
2.17477
2.16589
2.15624
2.14499
2.13414
1
1
1
1
1
1
1
1
1
1
1
1
1
1
1
1
1
1
1
1
1
1
1.00001
1.00001
1.00004
1.00006
1.00029
1.00037
1.00153
1.00276
1.0081
1.01767
1.04902
1.12444
1.34958
1.67625
2.03246
2.15579
2.18955
2.19089
2.19037
2.18532
2.17757
2.17045
2.1633
2.15649
2.1496
2.14188
2.1333
2.12415
1
1
1
1
1
1
1
1
1
1
1
1
1
1
1
1
1
1
1
1
1
1
1
1
1.00001
1.00004
1.00003
1.00023
1.0002
1.00137
1.00213
1.00642
1.01159
1.0599
1.09733
1.346
1.73554
1.99095
2.13641
2.16698
2.17109
2.16957
2.16514
2.1589
2.15204
2.14592
2.13873
2.13219
2.12351
2.11639
1
1
1
1
1
1
1
1
1
1
1
1
1
1
1
1
1
1
1
1
1
1
1
1
1.00001
1.00001
1.00005
1.00007
1.00031
1.00036
1.00161
1.00193
1.00761
1.01408
1.04986
1.10527
1.2426
1.56403
1.97411
2.12446
2.14283
2.14105
2.13955
2.1348
2.12838
2.1231
2.11769
2.11239
2.10719
2.10136
1
1
1
1
1
1
1
1
1
1
1
1
1
1
1
1
1
1
1
1
1
1
1
1
1
1.00001
1.00001
1.00004
1.00006
1.00017
1.00034
1.0012
1.00196
1.00587
1.01216
1.0415
1.08484
1.20239
1.49496
1.94441
2.08712
2.13324
2.13113
2.1275
2.12128
2.11146
2.1036
2.09572
2.09045
2.08563
1
1
1
1
1
1
1
1
1
1
1
1
1
1
1
1
1
1
1
1
1
1
1
1
1
1
1.00001
1.00001
1.00003
1.00004
1.00022
1.00018
1.0009
1.00101
1.00673
1.00669
1.02559
1.03627
1.18085
1.43186
1.6984
1.99576
2.09599
2.11543
2.1137
2.10984
2.103
2.09412
2.09017
2.08653
1
1
1
1
1
1
1
1
1
1
1
1
1
1
1
1
1
1
1
1
1
1
1
1
1
1
1
1
1.00001
1.00002
1.00003
1.00012
1.00018
1.0006
1.00118
1.00312
1.00657
1.02
1.05268
1.09999
1.31266
1.63701
1.876
2.05354
2.08962
2.09418
2.09366
2.09086
2.09135
2.09484
1
1
1
1
1
1
1
1
1
1
1
1
1
1
1
1
1
1
1
1
1
1
1
1
1
1
1
1
1
1.00002
1.00001
1.00005
1.00005
1.00031
1.00036
1.00146
1.00129
1.00963
1.0075
1.041
1.03435
1.23727
1.49497
1.75225
1.96606
2.04522
2.06983
2.07614
2.08482
2.1007
1
1
1
1
1
1
1
1
1
1
1
1
1
1
1
1
1
1
1
1
1
1
1
1
1
1
1
1
1
1
1
1.00001
1.00002
1.00003
1.00014
1.00004
1.00082
0.997851
1.00355
1.00611
1.02597
1.05236
1.11657
1.31476
1.60263
1.82113
2.00526
2.04498
2.06847
2.10896
1
1
1
1
1
1
1
1
1
1
1
1
1
1
1
1
1
1
1
1
1
1
1
1
1
1
1
1
1
1
1
1
1.00001
1.00002
1.00006
1.0001
1.00039
1.00031
1.00187
0.998072
1.00543
1.01098
1.03698
1.07853
1.16978
1.40163
1.7089
1.91379
2.0703
2.15109
1
1
1
1
1
1
1
1
1
1
1
1
1
1
1
1
1
1
1
1
1
1
1
1
1
1
1
1
1
1
1
1
1
1
1.00002
1.00002
1.0001
1.0001
1.00049
1.00055
1.00258
1.00302
1.01251
1.02097
1.05558
1.13582
1.27393
1.58003
1.97174
2.23287
1
1
1
1
1
1
1
1
1
1
1
1
1
1
1
1
1
1
1
1
1
1
1
1
1
1
1
1
1
1
1
1
1
1
1.00001
1.00001
1.00004
1.00005
1.00021
1.00021
1.00105
1.00123
1.00513
1.00854
1.02779
1.05227
1.17993
1.4274
2.06087
2.41581
1
1
1
1
1
1
1
1
1
1
1
1
1
1
1
1
1
1
1
1
1
1
1
1
1
1
1
1
1
1
1
1
1
1
1
1.00001
1.00003
1.00003
1.00014
1.00014
1.00075
1.0008
1.00388
1.00522
1.01875
1.04623
1.14455
1.39602
2.13944
2.45796
1
1
1
1
1
1
1
1
1
1
1
1
1
1
1
1
1
1
1
1
1
1
1
1
1
1
1
1
1
1
1
1
1
1
1
1
1.00002
1.00002
1.00012
1.00012
1.00063
1.00069
1.0034
1.00401
1.01687
1.04322
1.14837
1.41753
2.19383
2.49178
1
1
1
1
1
1
1
1
1
1
1
1
1
1
1
1
1
1
1
1
1
1
1
1
1
1
1
1
1
1
1
1
1
1
1
1
1.00002
1.00002
1.00011
1.00011
1.00061
1.00074
1.00335
1.00513
1.01556
1.04343
1.09667
1.41634
2.09381
2.49751
1
1
1
1
1
1
1
1
1
1
1
1
1
1
1
1
1
1
1
1
1
1
1
1
1
1
1
1
1
1
1
1
1
1
1
1
1.00002
1.00002
1.00011
1.00011
1.00062
1.00061
1.00307
1.00444
1.01589
1.04477
1.14437
1.43465
2.21502
2.52767
1
1
1
1
1
1
1
1
1
1
1
1
1
1
1
1
1
1
1
1
1
1
1
1
1
1
1
1
1
1
1
1
1
1
1
1
1.00001
1.00001
1.00007
0.999932
1.00002
0.998937
0.999867
0.99265
1.0336
0.882738
1.09809
1.24024
1.9329
2.63529
1
1
1
1
1
1
1
1
1
1
1
1
1
1
1
1
1
1
1
1
1
1
1
1
1
1
1
1
1
1
1
1
1
1
1
1
1.00001
1.00001
1.00008
0.999926
1.00001
0.998658
0.999502
0.992141
1.03225
0.882207
1.09516
1.23312
1.92785
2.64348
1
1
1
1
1
1
1
1
1
1
1
1
1
1
1
1
1
1
1
1
1
1
1
1
1
1
1
1
1
1
1
1
1
1
1
1
1.00002
1.00002
1.0001
1.00009
1.00053
1.00063
1.00243
1.00505
1.02103
1.03155
1.15255
1.4733
2.30325
2.54478
1
1
1
1
1
1
1
1
1
1
1
1
1
1
1
1
1
1
1
1
1
1
1
1
1
1
1
1
1
1
1
1
1
1
1
1
1.00001
1.00001
1.00008
0.999928
1.00001
0.9987
0.99952
0.992191
1.03248
0.882091
1.09578
1.23589
1.93027
2.65274
2.08563
2.61869
2.8375
2.9689
2.88632
2.85177
2.81764
2.78955
2.75213
2.71356
2.69285
2.66611
2.65167
2.62816
2.61642
2.5988
2.59042
2.57952
2.57431
2.57165
2.569
2.576
2.58876
2.61751
2.65306
2.69578
2.73601
2.7751
2.80511
2.83441
2.85426
2.87468
2.88801
2.89838
2.90464
2.90811
2.90889
2.90912
2.90274
2.90072
2.8956
2.89145
2.88332
2.87763
2.86894
2.8632
2.85071
2.84416
2.83169
2.82444
2.81176
2.80287
2.79056
2.78188
2.76906
2.76031
2.74688
2.7379
2.72446
2.71546
2.70215
2.69283
2.67985
2.67032
2.65735
2.64809
2.63487
2.62599
2.61271
2.604
2.59089
2.58219
2.56928
2.56071
2.54801
2.53977
2.52731
2.51947
2.50738
2.49993
2.48829
2.48122
2.47008
2.46339
2.45285
2.44663
2.43677
2.43119
2.42231
2.41739
2.40999
2.40578
2.40048
2.39727
2.39459
2.39477
2.3949
2.39633
2.39775
2.39692
2.10972
2.38483
2.67215
2.90092
3.04847
3.14914
2.99546
2.95203
2.91801
2.87329
2.85322
2.82542
2.81337
2.79232
2.77989
2.77148
2.76143
2.75623
2.75179
2.75018
2.74953
2.75796
2.76892
2.79577
2.82061
2.85028
2.8733
2.89006
2.90515
2.91408
2.91784
2.91649
2.91359
2.90987
2.8979
2.88823
2.87423
2.86359
2.85094
2.83928
2.82804
2.81275
2.80222
2.78666
2.77518
2.76012
2.74797
2.73204
2.72018
2.70398
2.69239
2.67783
2.6659
2.6526
2.64008
2.62772
2.61474
2.603
2.59003
2.57875
2.56587
2.55503
2.54217
2.5318
2.51874
2.5089
2.49566
2.48633
2.4731
2.46413
2.45107
2.44226
2.4295
2.42069
2.40837
2.39952
2.38776
2.37894
2.36774
2.35915
2.34839
2.34032
2.32982
2.32242
2.31226
2.30558
2.29595
2.28998
2.28124
2.27597
2.26858
2.2641
2.25843
2.25514
2.25168
2.25129
2.25039
2.25088
2.25109
2.24945
2.1594
2.26943
2.36921
2.54231
2.65708
2.9232
2.96793
3.03119
3.10233
3.15323
3.06439
2.97356
2.99866
2.99732
2.97304
2.94354
2.92771
2.92076
2.91508
2.9136
2.91333
2.91666
2.92254
2.93074
2.9448
2.95061
2.94227
2.92695
2.9145
2.89559
2.87348
2.85798
2.84604
2.83129
2.82438
2.81254
2.80732
2.79666
2.78977
2.77767
2.7674
2.75384
2.7416
2.72724
2.71435
2.70036
2.68522
2.67024
2.65398
2.64006
2.62388
2.61091
2.59449
2.5825
2.56681
2.55559
2.54089
2.53015
2.51596
2.50561
2.4918
2.48175
2.46839
2.45877
2.44579
2.43665
2.424
2.41535
2.40301
2.3946
2.38279
2.37426
2.36316
2.35434
2.34394
2.33493
2.3251
2.3162
2.30674
2.29822
2.28902
2.28113
2.27207
2.26492
2.25611
2.24972
2.24138
2.23561
2.22811
2.22295
2.21662
2.21231
2.20732
2.20409
2.20096
2.20038
2.19915
2.19949
2.1994
2.19792
2.16937
2.18433
2.23739
2.30879
2.38804
2.48594
2.64819
2.77648
2.87825
3.00377
3.03249
3.03127
3.04284
3.05575
3.04767
3.02011
2.99904
3.00176
3.01269
3.01085
3.00301
2.99512
2.98846
2.97237
2.95328
2.91606
2.86962
2.83207
2.79241
2.76466
2.73702
2.71814
2.69551
2.68211
2.66567
2.65854
2.64828
2.64421
2.63693
2.63388
2.62706
2.62334
2.6147
2.61028
2.60083
2.59563
2.58485
2.57685
2.56429
2.55452
2.54171
2.53071
2.51724
2.50616
2.49264
2.48222
2.4691
2.45922
2.44671
2.43693
2.42517
2.41517
2.40411
2.39403
2.38336
2.37343
2.36296
2.35306
2.34284
2.3329
2.32306
2.31312
2.30375
2.29387
2.285
2.2752
2.26664
2.25715
2.2487
2.23976
2.23132
2.22328
2.21498
2.20798
2.20018
2.19412
2.18734
2.18199
2.17624
2.17164
2.16654
2.163
2.15871
2.15597
2.15295
2.15215
2.15022
2.14974
2.14876
2.14578
2.17657
2.15779
2.16637
2.18562
2.22564
2.27047
2.34073
2.42086
2.50996
2.60688
2.73965
2.84996
2.90348
2.93635
2.95752
2.95962
2.95348
2.95318
2.9592
2.96065
2.95639
2.94091
2.91472
2.87581
2.84065
2.81497
2.76299
2.72718
2.69103
2.66174
2.63571
2.61418
2.59369
2.57523
2.55739
2.54203
2.5265
2.51462
2.50214
2.49365
2.48444
2.47813
2.47104
2.46618
2.46033
2.45621
2.45027
2.44445
2.43708
2.43048
2.42325
2.41532
2.40715
2.39794
2.38905
2.3794
2.37019
2.3606
2.35132
2.34196
2.33267
2.32349
2.31422
2.30529
2.29637
2.28797
2.27982
2.27193
2.26444
2.2567
2.24945
2.24158
2.23432
2.22633
2.21904
2.21109
2.20372
2.19622
2.18851
2.18186
2.17387
2.16777
2.15965
2.15377
2.14606
2.14033
2.13352
2.12849
2.12298
2.11901
2.11509
2.11177
2.10929
2.10669
2.10444
2.10346
2.10159
2.10116
2.09967
2.09767
2.18401
2.15388
2.13887
2.13385
2.13871
2.15387
2.18355
2.21694
2.26641
2.31958
2.38907
2.46557
2.55554
2.62869
2.69742
2.74515
2.79609
2.83131
2.85244
2.86782
2.87346
2.87041
2.85917
2.82246
2.76737
2.71001
2.64511
2.59745
2.55649
2.53208
2.51448
2.49914
2.48541
2.47316
2.4617
2.45204
2.44251
2.43452
2.42582
2.41876
2.41023
2.40331
2.39465
2.38798
2.38056
2.3759
2.36986
2.36497
2.35778
2.35204
2.34507
2.3388
2.33177
2.32453
2.3176
2.30959
2.30234
2.29346
2.2855
2.27625
2.26794
2.25884
2.25043
2.24127
2.23265
2.22347
2.21497
2.2064
2.19849
2.19068
2.18329
2.17578
2.16858
2.16134
2.1542
2.14771
2.14053
2.13482
2.12762
2.12256
2.11559
2.1112
2.10505
2.10126
2.09604
2.09251
2.08785
2.08441
2.08021
2.07703
2.07364
2.07122
2.06837
2.067
2.06439
2.06312
2.06072
2.05958
2.05713
2.05336
2.18621
2.1518
2.12624
2.10915
2.09645
2.09609
2.09957
2.11127
2.13138
2.15711
2.19216
2.22983
2.27986
2.33286
2.39498
2.44793
2.49805
2.5426
2.5866
2.62219
2.66328
2.68632
2.68175
2.63978
2.57189
2.50528
2.44209
2.39776
2.3603
2.33974
2.33267
2.33314
2.33458
2.3354
2.33503
2.33415
2.33141
2.32884
2.32633
2.32419
2.32203
2.3196
2.31748
2.314
2.31196
2.30825
2.30563
2.29978
2.29482
2.28719
2.28297
2.27603
2.27137
2.26352
2.25782
2.25006
2.24436
2.23682
2.23047
2.22201
2.21452
2.2056
2.19784
2.18953
2.18198
2.17418
2.1667
2.15915
2.15208
2.14523
2.13882
2.13275
2.12636
2.12046
2.11325
2.10724
2.0996
2.09408
2.08676
2.08193
2.07538
2.07092
2.06525
2.06096
2.05643
2.05268
2.04952
2.04661
2.04447
2.04245
2.04055
2.03914
2.0371
2.03571
2.03335
2.03193
2.02905
2.02777
2.02519
2.023
2.19121
2.15446
2.12252
2.09733
2.07478
2.06197
2.05269
2.05282
2.05502
2.06415
2.07741
2.09968
2.12068
2.15343
2.18565
2.23537
2.27621
2.3233
2.35583
2.39812
2.43691
2.47992
2.48149
2.4473
2.39974
2.33675
2.29061
2.24933
2.22145
2.20585
2.192
2.19992
2.21632
2.229
2.24205
2.2462
2.24972
2.24971
2.25064
2.25021
2.2497
2.24871
2.24703
2.24409
2.24158
2.23844
2.2368
2.23351
2.23081
2.22503
2.2208
2.2148
2.21132
2.20594
2.20205
2.19571
2.19039
2.18331
2.17739
2.17055
2.1644
2.15751
2.15067
2.14363
2.13647
2.12982
2.12265
2.11623
2.10858
2.10216
2.09418
2.08828
2.08078
2.07588
2.06922
2.06491
2.05877
2.0546
2.04908
2.04524
2.04083
2.03751
2.03422
2.0313
2.02873
2.0262
2.02402
2.0222
2.02012
2.01892
2.0168
2.0154
2.0127
2.01073
2.00695
2.00407
2.00017
1.9959
1.99232
1.98907
2.20201
2.16375
2.1263
2.09635
2.0672
2.04646
2.0278
2.01775
2.01027
2.01035
2.01165
2.01991
2.02872
2.04783
2.06445
2.09836
2.13016
2.17329
2.20827
2.25867
2.31487
2.36175
2.36521
2.33524
2.29092
2.24313
2.20008
2.16014
2.139
2.11959
2.1143
2.11622
2.12642
2.14339
2.16382
2.18145
2.19468
2.2019
2.2068
2.20789
2.20766
2.20656
2.20421
2.2014
2.19879
2.19626
2.19459
2.19197
2.18985
2.18534
2.18222
2.1766
2.17324
2.16752
2.16356
2.15751
2.15269
2.14664
2.14125
2.1354
2.12944
2.1236
2.11699
2.11095
2.10384
2.09786
2.09072
2.08518
2.07813
2.07279
2.06555
2.06034
2.0532
2.04831
2.04184
2.03723
2.03155
2.027
2.02197
2.01765
2.01341
2.00991
2.00681
2.00447
2.00241
2.00108
1.99959
1.99862
1.99725
1.99612
1.99426
1.9928
1.98999
1.98783
1.98394
1.98047
1.97556
1.97091
1.96633
1.96369
2.20015
2.17015
2.13466
2.10299
2.06853
2.04279
2.01805
2.00067
1.98546
1.97782
1.97135
1.97188
1.97311
1.98145
1.99452
2.02124
2.04457
2.08055
2.12282
2.18628
2.26209
2.30195
2.29812
2.26872
2.22943
2.18812
2.14091
2.10285
2.07675
2.0626
2.05177
2.04511
2.0476
2.05546
2.06951
2.09134
2.11388
2.13222
2.14687
2.15431
2.16046
2.16235
2.16529
2.16536
2.16511
2.1643
2.16334
2.16193
2.16062
2.15764
2.1551
2.15034
2.14671
2.14192
2.13783
2.13286
2.12763
2.12212
2.11573
2.11017
2.10326
2.09805
2.09088
2.08575
2.07823
2.07298
2.0653
2.06002
2.05257
2.04747
2.0406
2.03566
2.02956
2.02489
2.01979
2.01569
2.01168
2.00824
2.00499
2.00195
1.99918
1.99655
1.9943
1.99248
1.99092
1.98989
1.98863
1.98778
1.98601
1.98452
1.98145
1.97884
1.97446
1.96992
1.9643
1.95812
1.95173
1.94548
1.94015
1.9358
2.19545
2.16917
2.13846
2.10859
2.0764
2.04624
2.01803
1.99593
1.97556
1.96103
1.94988
1.94273
1.94095
1.94341
1.95599
1.97511
2.001
2.03176
2.08828
2.165
2.2461
2.26854
2.2548
2.2266
2.19459
2.14935
2.10952
2.0739
2.04912
2.02883
2.01688
2.01158
2.00901
2.01157
2.01896
2.03382
2.05319
2.07822
2.09794
2.11396
2.12276
2.12812
2.13007
2.13011
2.12947
2.12763
2.12607
2.12418
2.12283
2.12041
2.1175
2.1138
2.10934
2.10518
2.09995
2.0957
2.08996
2.08571
2.07954
2.07533
2.06871
2.06434
2.05717
2.05218
2.04448
2.03886
2.03129
2.02572
2.01909
2.01407
2.00857
2.00407
1.99935
1.99505
1.99079
1.98682
1.98325
1.98002
1.97742
1.97517
1.97337
1.97189
1.97055
1.96958
1.96829
1.96737
1.96571
1.96435
1.96169
1.95944
1.95559
1.95165
1.94642
1.94079
1.93453
1.92815
1.9219
1.91523
1.90976
1.90547
2.19195
2.16755
2.13941
2.11159
2.08228
2.05357
2.02519
1.99806
1.9757
1.95565
1.94165
1.92955
1.92499
1.92758
1.94251
1.95703
1.98663
2.02503
2.10073
2.1907
2.24552
2.24592
2.22984
2.2057
2.17035
2.13008
2.09576
2.06345
2.03852
2.01452
2.00024
1.98875
1.98425
1.98145
1.9827
1.98763
1.9981
2.01362
2.03648
2.05755
2.07592
2.08813
2.09592
2.10026
2.10178
2.10147
2.10014
2.09863
2.0967
2.0948
2.09178
2.08863
2.08425
2.08067
2.07558
2.07196
2.06624
2.06245
2.05621
2.05212
2.04559
2.04109
2.0345
2.02965
2.02314
2.01795
2.01169
2.00641
2.00072
1.99573
1.99087
1.98648
1.98243
1.97877
1.9755
1.97257
1.96996
1.96773
1.96579
1.96422
1.96277
1.96165
1.96026
1.95911
1.95716
1.9554
1.95258
1.94973
1.94609
1.94167
1.93673
1.93102
1.92503
1.91861
1.91235
1.90535
1.89886
1.89209
1.88632
1.88215
2.18481
2.16159
2.13727
2.11135
2.08381
2.05751
2.03032
2.00438
1.98155
1.95851
1.94141
1.92869
1.92377
1.92932
1.94308
1.96224
1.99752
2.05955
2.15008
2.22311
2.23788
2.22998
2.21444
2.19175
2.15756
2.12343
2.09265
2.06355
2.03945
2.01551
1.99828
1.9813
1.9715
1.96526
1.96416
1.96204
1.96438
1.97074
1.98233
2.00015
2.02023
2.03857
2.05314
2.06249
2.06819
2.07015
2.0701
2.06894
2.06701
2.06571
2.06292
2.06079
2.05646
2.0536
2.04856
2.04545
2.04004
2.03659
2.03089
2.02709
2.02133
2.01706
2.0113
2.00643
2.00088
1.99583
1.99072
1.98591
1.98127
1.97692
1.97279
1.96892
1.96546
1.96236
1.95967
1.9574
1.95546
1.95394
1.95256
1.95156
1.95038
1.94953
1.94795
1.94652
1.94408
1.94133
1.93784
1.93337
1.92837
1.92247
1.91648
1.90974
1.90335
1.89609
1.88913
1.88191
1.87489
1.86813
1.8621
1.85825
2.18439
2.16072
2.13524
2.10997
2.0838
2.05758
2.03328
2.00673
1.98573
1.96434
1.94933
1.93748
1.93811
1.94805
1.96479
1.99182
2.04428
2.13071
2.20592
2.23495
2.2338
2.22352
2.20777
2.18215
2.15271
2.12391
2.09648
2.07129
2.04681
2.02445
2.00447
1.98618
1.97117
1.95822
1.94692
1.94384
1.93903
1.93896
1.94197
1.94973
1.96288
1.98212
2.00108
2.01768
2.02902
2.03651
2.03958
2.04087
2.03992
2.03924
2.03774
2.03632
2.0331
2.0309
2.02643
2.02379
2.01886
2.01552
2.01047
2.00666
2.00192
1.99778
1.99315
1.98858
1.98382
1.97911
1.97449
1.97008
1.96599
1.96212
1.95858
1.95543
1.95266
1.95035
1.94841
1.94691
1.94561
1.94457
1.94346
1.94243
1.94097
1.93941
1.93719
1.9346
1.93134
1.92737
1.92255
1.91726
1.91142
1.90517
1.89881
1.89179
1.88489
1.87758
1.87059
1.86329
1.8565
1.85
1.84427
1.84061
2.18164
2.15879
2.13533
2.10978
2.08446
2.05785
2.03448
2.00974
1.98801
1.97062
1.95626
1.95646
1.96341
1.97796
2.00234
2.05082
2.12798
2.20258
2.23781
2.23837
2.23266
2.22005
2.20028
2.17709
2.15272
2.12746
2.10221
2.0781
2.05448
2.03246
2.01081
1.99103
1.97178
1.95528
1.94084
1.92957
1.92124
1.91979
1.91663
1.9178
1.92336
1.9325
1.95036
1.96813
1.98703
1.9996
2.00941
2.01322
2.01574
2.01547
2.01484
2.01416
2.01252
2.01089
2.00744
2.00499
2.00106
1.99778
1.99366
1.9897
1.98544
1.98119
1.97684
1.97251
1.96819
1.96399
1.95998
1.95627
1.9528
1.94979
1.94716
1.945
1.94315
1.94162
1.94032
1.93919
1.93815
1.93709
1.93595
1.93443
1.93268
1.93025
1.92733
1.92361
1.91899
1.91402
1.90827
1.90243
1.89606
1.88937
1.88263
1.87546
1.86869
1.86125
1.85471
1.84749
1.84131
1.83492
1.8297
1.82611
2.17034
2.15258
2.13198
2.10916
2.08491
2.05965
2.03592
2.0136
1.99352
1.97858
1.97475
1.97893
1.99241
2.01538
2.06147
2.13301
2.20278
2.23679
2.23934
2.2347
2.2238
2.2083
2.19043
2.16984
2.14848
2.12597
2.10389
2.08133
2.05928
2.03747
2.016
1.99521
1.97531
1.95673
1.93939
1.92559
1.9137
1.90631
1.90053
1.89904
1.89744
1.90025
1.90802
1.92136
1.93988
1.95753
1.97359
1.98357
1.99057
1.99251
1.99368
1.99273
1.99182
1.99079
1.98865
1.98628
1.98333
1.98033
1.977
1.97349
1.96977
1.96595
1.96201
1.95815
1.95442
1.95098
1.94784
1.94499
1.94247
1.94038
1.93861
1.93721
1.93607
1.93512
1.93426
1.9334
1.93236
1.93111
1.9294
1.92712
1.92434
1.92054
1.91624
1.91127
1.90576
1.90003
1.89372
1.88722
1.8803
1.87334
1.86618
1.85886
1.85189
1.84468
1.83803
1.83131
1.82526
1.81952
1.81458
1.81157
2.16289
2.14509
2.12662
2.10476
2.08371
2.06138
2.03897
2.02053
2.00386
1.99796
2.00084
2.01238
2.0347
2.07814
2.14726
2.20986
2.23987
2.24103
2.23685
2.2266
2.21204
2.19555
2.17972
2.16351
2.14619
2.12693
2.10667
2.08499
2.06407
2.04246
2.02206
2.00133
1.98167
1.96194
1.94467
1.92765
1.91361
1.90066
1.89229
1.88645
1.88296
1.88147
1.88221
1.88661
1.89614
1.91287
1.92927
1.94652
1.95786
1.96665
1.97003
1.97223
1.97181
1.97132
1.97031
1.96871
1.9663
1.96348
1.96044
1.95732
1.95417
1.95105
1.94801
1.94506
1.94239
1.93994
1.93784
1.93608
1.93479
1.93378
1.9331
1.93255
1.93207
1.93151
1.93073
1.92964
1.92802
1.92588
1.92303
1.91941
1.91503
1.91023
1.90466
1.89911
1.89271
1.88653
1.87961
1.8731
1.86589
1.85912
1.85203
1.84518
1.83838
1.83163
1.82531
1.81896
1.81324
1.80777
1.80329
1.80029
2.14696
2.13547
2.12083
2.10223
2.08163
2.0625
2.04381
2.02942
2.0249
2.02776
2.03862
2.06171
2.10276
2.16917
2.22498
2.24856
2.24816
2.24353
2.23326
2.2173
2.20094
2.18656
2.17319
2.15962
2.1444
2.12749
2.10856
2.08953
2.0693
2.04969
2.02887
2.00928
1.98854
1.97017
1.95083
1.93387
1.91728
1.90309
1.89013
1.87985
1.87319
1.86806
1.86541
1.86457
1.86627
1.87226
1.88388
1.90032
1.91598
1.9302
1.93938
1.94601
1.94818
1.94973
1.94891
1.94832
1.94717
1.94554
1.94321
1.94084
1.93846
1.93623
1.93424
1.93247
1.93098
1.92971
1.92879
1.92821
1.92788
1.92777
1.92769
1.92751
1.92712
1.92644
1.92509
1.92338
1.92062
1.91738
1.91308
1.90849
1.90294
1.89746
1.89095
1.88481
1.87771
1.87138
1.8641
1.85759
1.85038
1.84376
1.83679
1.83015
1.82362
1.8172
1.8112
1.80535
1.80007
1.79536
1.79143
1.78903
2.12086
2.11135
2.10553
2.09594
2.0798
2.06667
2.0539
2.04995
2.05378
2.06424
2.08875
2.13023
2.19316
2.24418
2.2615
2.2596
2.25335
2.23941
2.22109
2.20508
2.19184
2.18057
2.16961
2.15747
2.14344
2.12775
2.1108
2.09307
2.07423
2.05505
2.03534
2.01577
1.99608
1.97704
1.95769
1.94036
1.92259
1.90658
1.8913
1.87737
1.86558
1.85718
1.8507
1.84639
1.84342
1.84359
1.84661
1.85403
1.86828
1.88331
1.89933
1.91027
1.91903
1.92313
1.92545
1.9263
1.92604
1.92578
1.92518
1.92432
1.92305
1.92187
1.92082
1.92012
1.91963
1.91947
1.91939
1.91939
1.91941
1.91939
1.91927
1.91892
1.91817
1.91692
1.91452
1.91197
1.90791
1.90391
1.89866
1.89346
1.88716
1.88119
1.87423
1.86796
1.86069
1.85428
1.84698
1.84067
1.83356
1.82726
1.82056
1.81441
1.80827
1.80247
1.79702
1.79196
1.78744
1.7836
1.78043
1.77864
2.11151
2.09763
2.08254
2.07909
2.07098
2.0684
2.07001
2.07853
2.09098
2.12019
2.1636
2.2236
2.26726
2.28067
2.27727
2.26927
2.25366
2.23227
2.21414
2.20067
2.1899
2.18031
2.16984
2.15814
2.14463
2.13006
2.11415
2.09729
2.07943
2.06131
2.04252
2.02341
2.0038
1.98408
1.96453
1.94545
1.92615
1.90888
1.89047
1.87582
1.86029
1.84849
1.8382
1.83102
1.82454
1.8217
1.81964
1.82085
1.82595
1.83581
1.8519
1.86652
1.88085
1.89012
1.89761
1.90104
1.90305
1.90524
1.90534
1.90587
1.90634
1.90645
1.90664
1.90704
1.90766
1.90858
1.90926
1.90982
1.90975
1.90966
1.90939
1.90875
1.90719
1.90492
1.90113
1.89757
1.8926
1.88774
1.88166
1.87598
1.86923
1.86304
1.85589
1.84961
1.84246
1.83645
1.82945
1.82362
1.81692
1.81124
1.80499
1.79955
1.79384
1.78884
1.78389
1.77983
1.77591
1.77312
1.77074
1.76982
2.11007
2.09459
2.08085
2.06887
2.0702
2.07439
2.08971
2.10583
2.14095
2.19251
2.25651
2.29385
2.30268
2.29797
2.28678
2.26738
2.24549
2.22634
2.21122
2.19962
2.19022
2.18091
2.17072
2.15886
2.14567
2.13125
2.11577
2.09925
2.08203
2.06393
2.04527
2.02583
2.0062
1.98592
1.96642
1.94616
1.92737
1.90793
1.89022
1.87269
1.85695
1.84185
1.82939
1.81782
1.81018
1.80256
1.79858
1.79566
1.79577
1.79872
1.80709
1.81924
1.83582
1.85058
1.86355
1.87294
1.87866
1.88372
1.88589
1.88869
1.89101
1.89266
1.89414
1.89581
1.89742
1.8989
1.89995
1.89987
1.89972
1.89938
1.8986
1.89702
1.89418
1.8915
1.88706
1.88275
1.87722
1.87208
1.86566
1.85978
1.85296
1.84692
1.83998
1.8341
1.82726
1.82169
1.81503
1.80964
1.80327
1.79813
1.79228
1.78744
1.78223
1.77809
1.77382
1.77072
1.76753
1.76585
1.76445
1.76417
2.10549
2.09102
2.08246
2.07575
2.07918
2.09058
2.11247
2.15365
2.21154
2.27464
2.30852
2.3163
2.31095
2.29863
2.27654
2.25307
2.23365
2.218
2.20576
2.19522
2.18591
2.17614
2.16572
2.15365
2.1405
2.1258
2.11053
2.09396
2.07762
2.05985
2.04195
2.02273
2.00349
1.98354
1.96394
1.94401
1.92488
1.9055
1.88715
1.8689
1.85184
1.83566
1.82094
1.80748
1.79642
1.78663
1.78011
1.77427
1.77212
1.77161
1.77351
1.7796
1.79099
1.80744
1.82431
1.84048
1.85272
1.86194
1.86924
1.87423
1.87785
1.88168
1.88423
1.88693
1.8888
1.89015
1.89044
1.8904
1.89006
1.88918
1.88718
1.88501
1.88122
1.87763
1.87237
1.86767
1.8615
1.85595
1.84948
1.84381
1.83703
1.83123
1.82446
1.81896
1.81241
1.80722
1.80094
1.79605
1.7902
1.78565
1.78025
1.77614
1.7717
1.76828
1.76509
1.76269
1.76092
1.7603
1.76037
1.76013
2.09896
2.09147
2.08847
2.09338
2.10258
2.12372
2.16347
2.22985
2.2912
2.31902
2.32292
2.31663
2.30314
2.2798
2.25536
2.23529
2.2189
2.20596
2.19434
2.18423
2.17455
2.1646
2.15369
2.14158
2.12836
2.11415
2.09917
2.08349
2.0673
2.05028
2.03277
2.01476
1.99601
1.97713
1.95769
1.9383
1.91881
1.89986
1.88118
1.86354
1.84635
1.83047
1.81513
1.80137
1.78879
1.77771
1.76907
1.76191
1.75744
1.75521
1.75553
1.75685
1.76155
1.77211
1.78783
1.80617
1.82455
1.8399
1.85215
1.86091
1.86749
1.87158
1.87541
1.87782
1.88019
1.87977
1.87967
1.87933
1.87833
1.87644
1.87326
1.87032
1.86595
1.86187
1.85625
1.85109
1.84497
1.83942
1.83324
1.82739
1.82108
1.81527
1.8091
1.8035
1.79761
1.79238
1.78701
1.78207
1.7772
1.7727
1.76861
1.76485
1.76181
1.75904
1.75733
1.75587
1.75596
1.75634
1.75781
1.75729
2.09483
2.09455
2.10325
2.11687
2.14413
2.18712
2.2594
2.31667
2.33758
2.33573
2.32763
2.30984
2.28277
2.25906
2.23875
2.22167
2.208
2.19551
2.18477
2.17398
2.16363
2.15273
2.14163
2.12964
2.11671
2.10288
2.08839
2.07341
2.05783
2.04173
2.02474
2.00729
1.98933
1.9711
1.95268
1.93416
1.91569
1.89763
1.87958
1.8624
1.84546
1.82958
1.81412
1.8002
1.78682
1.77516
1.76493
1.75677
1.75039
1.74647
1.74495
1.74555
1.74677
1.75098
1.76109
1.77553
1.7939
1.81406
1.83186
1.84622
1.85599
1.86327
1.86784
1.86968
1.87099
1.87
1.86892
1.86759
1.86536
1.8622
1.85834
1.85417
1.84926
1.84416
1.83856
1.833
1.82697
1.82119
1.81514
1.80954
1.80354
1.79803
1.79215
1.78695
1.78158
1.77676
1.77184
1.76749
1.76319
1.75946
1.75604
1.75324
1.75119
1.74959
1.74909
1.74937
1.75033
1.75156
1.75421
1.75499
2.08652
2.10171
2.12025
2.15538
2.2076
2.29133
2.34959
2.36414
2.35927
2.34782
2.32426
2.29477
2.26921
2.24645
2.22826
2.21309
2.19964
2.18767
2.17636
2.16544
2.15432
2.14317
2.13138
2.11914
2.10638
2.09308
2.07941
2.06504
2.05043
2.0352
2.01957
2.00339
1.98661
1.96928
1.95172
1.93381
1.91596
1.89838
1.88095
1.86398
1.84791
1.83191
1.81716
1.80301
1.78949
1.77725
1.76618
1.75627
1.74824
1.7428
1.73958
1.7397
1.74054
1.74193
1.74572
1.75466
1.76782
1.78486
1.80459
1.82259
1.83771
1.84885
1.85616
1.85976
1.86013
1.85891
1.8573
1.85492
1.85121
1.84734
1.84261
1.83741
1.83168
1.82587
1.82027
1.81423
1.80872
1.80256
1.79714
1.79118
1.78579
1.78022
1.77496
1.76989
1.76494
1.76048
1.75597
1.75223
1.74835
1.74556
1.74282
1.74134
1.74
1.74015
1.74068
1.74211
1.74374
1.74717
1.75146
1.75463
2.09559
2.11653
2.15853
2.22686
2.31732
2.38003
2.3895
2.38224
2.36766
2.33933
2.31032
2.28458
2.26288
2.24484
2.22928
2.21497
2.20134
2.18896
2.17674
2.16501
2.15284
2.14085
2.1285
2.11604
2.10326
2.09
2.07674
2.06281
2.04912
2.03442
2.01975
2.00387
1.9881
1.97109
1.95473
1.93711
1.92043
1.90338
1.88664
1.87045
1.85457
1.83892
1.82439
1.81006
1.79644
1.78415
1.77223
1.76165
1.75281
1.74493
1.73969
1.73634
1.73626
1.73674
1.73778
1.7414
1.74933
1.75939
1.77447
1.79189
1.80862
1.8228
1.83427
1.84097
1.8434
1.84288
1.84136
1.83859
1.83541
1.83099
1.82578
1.82022
1.81466
1.80911
1.80353
1.79752
1.79165
1.78552
1.77977
1.77392
1.76848
1.76302
1.75817
1.75327
1.74915
1.74498
1.74158
1.73822
1.73564
1.73336
1.73198
1.73102
1.73112
1.732
1.73314
1.7359
1.7388
1.74471
1.75058
1.75467
2.11582
2.16222
2.23713
2.33096
2.39475
2.40627
2.39875
2.38166
2.35262
2.32499
2.2989
2.27718
2.25881
2.24377
2.22975
2.21649
2.20344
2.19138
2.17939
2.16748
2.15519
2.14275
2.13003
2.11723
2.10413
2.09106
2.07785
2.06445
2.05082
2.03652
2.02167
2.00641
1.99046
1.97422
1.95799
1.94074
1.92451
1.90744
1.89072
1.87489
1.85854
1.84346
1.8288
1.81438
1.80117
1.78822
1.77629
1.76522
1.75525
1.7467
1.73945
1.73432
1.73154
1.73049
1.73064
1.73123
1.73362
1.73943
1.74768
1.75949
1.77227
1.78685
1.80027
1.81069
1.81697
1.81824
1.81748
1.81631
1.81391
1.81004
1.80446
1.79942
1.79398
1.78907
1.78369
1.7782
1.77277
1.76723
1.76195
1.75654
1.75139
1.74614
1.74144
1.73692
1.73293
1.72956
1.72671
1.72459
1.72327
1.72248
1.72257
1.72314
1.72426
1.72648
1.72905
1.73416
1.73972
1.74638
1.7526
1.75596
2.16569
2.2649
2.36737
2.42309
2.4202
2.40614
2.38118
2.35488
2.328
2.30413
2.28481
2.27009
2.25845
2.24649
2.2339
2.22044
2.20742
2.1938
2.18087
2.16755
2.15456
2.14122
2.12765
2.11446
2.10097
2.08804
2.0746
2.0614
2.04778
2.0339
2.01942
2.00492
1.9895
1.97401
1.95819
1.94121
1.92524
1.90814
1.89172
1.87605
1.85993
1.84513
1.83058
1.81628
1.80326
1.79009
1.77835
1.76682
1.75678
1.74758
1.73947
1.73337
1.72777
1.72503
1.72272
1.72119
1.72155
1.72176
1.72467
1.72991
1.73804
1.74875
1.76163
1.77268
1.78278
1.78902
1.79199
1.79165
1.79092
1.78923
1.78534
1.78039
1.77505
1.76984
1.76463
1.75975
1.75491
1.74999
1.74531
1.74005
1.7357
1.73083
1.72715
1.72304
1.72021
1.71701
1.71512
1.71352
1.71303
1.71309
1.71402
1.71564
1.71785
1.72219
1.72771
1.73464
1.74105
1.74745
1.75274
1.75523
2.28019
2.40581
2.45234
2.44395
2.42499
2.38814
2.36282
2.3417
2.32093
2.30043
2.28294
2.26827
2.25478
2.24078
2.22641
2.21268
2.20017
2.18827
2.176
2.16351
2.1506
2.13725
2.12383
2.11036
2.09663
2.08325
2.06965
2.05602
2.04247
2.02801
2.01387
1.99904
1.98375
1.96835
1.95258
1.93622
1.92094
1.9044
1.88909
1.87368
1.8581
1.84344
1.82892
1.81527
1.80212
1.7897
1.7781
1.76702
1.757
1.74783
1.73938
1.73268
1.72606
1.72143
1.71776
1.71405
1.71214
1.71025
1.70997
1.7101
1.71205
1.71793
1.72537
1.73559
1.74609
1.75658
1.76384
1.76927
1.77033
1.76991
1.76891
1.76597
1.76153
1.75647
1.75176
1.74676
1.7429
1.73764
1.73396
1.72865
1.72529
1.72069
1.71805
1.71444
1.71261
1.71032
1.70975
1.70947
1.71013
1.71135
1.71308
1.71656
1.72133
1.72758
1.73396
1.74072
1.74643
1.7513
1.755
1.75621
2.44809
2.50839
2.47401
2.44807
2.40449
2.36933
2.3442
2.32555
2.30591
2.28676
2.27343
2.26303
2.25216
2.23979
2.2256
2.21079
2.19476
2.17933
2.1644
2.15002
2.13583
2.12129
2.10671
2.09213
2.07795
2.06473
2.05185
2.0395
2.02741
2.01489
2.0024
1.98921
1.97498
1.96065
1.94528
1.92928
1.91367
1.89728
1.88161
1.8662
1.85169
1.83808
1.8251
1.81281
1.80116
1.7901
1.77962
1.76957
1.76044
1.75172
1.74384
1.73644
1.72998
1.72335
1.71836
1.71291
1.70854
1.70501
1.70053
1.69863
1.6973
1.69799
1.70016
1.70522
1.71299
1.72384
1.73415
1.74303
1.74916
1.75196
1.75173
1.75105
1.74933
1.74563
1.74175
1.73705
1.73307
1.7282
1.72453
1.71994
1.7172
1.71369
1.71177
1.7097
1.70855
1.70829
1.70879
1.71
1.71154
1.71446
1.71895
1.72477
1.73181
1.73868
1.74574
1.75116
1.75596
1.7584
1.7608
1.76047
2.68898
2.62308
2.56014
2.487
2.41973
2.37451
2.34983
2.33211
2.31334
2.29602
2.28039
2.2668
2.25388
2.24068
2.2261
2.21066
2.1944
2.17855
2.16255
2.14753
2.13281
2.11841
2.10459
2.09074
2.07721
2.06364
2.04961
2.03539
2.02109
2.00619
1.99173
1.97688
1.96198
1.94747
1.93267
1.91814
1.90377
1.88974
1.8761
1.8634
1.85111
1.83934
1.82829
1.81713
1.80657
1.79588
1.78626
1.77663
1.76808
1.7598
1.75224
1.74478
1.73771
1.73043
1.72327
1.71579
1.70879
1.70166
1.69522
1.69025
1.6866
1.68567
1.6866
1.68914
1.69221
1.6983
1.70681
1.71688
1.72631
1.73273
1.73735
1.73733
1.73667
1.73525
1.73194
1.72882
1.72408
1.71996
1.71586
1.71237
1.7096
1.70782
1.70672
1.70685
1.70736
1.70848
1.71063
1.71304
1.71766
1.7229
1.73043
1.73774
1.74596
1.75255
1.75892
1.76267
1.76597
1.76664
1.76809
1.7669
2.68499
2.64114
2.56188
2.53128
2.49162
2.45211
2.42438
2.4018
2.37861
2.35192
2.32332
2.29668
2.27335
2.25317
2.23451
2.21654
2.19837
2.18097
2.16384
2.14774
2.13175
2.11641
2.10184
2.08734
2.07319
2.05891
2.04473
2.0304
2.01639
2.0018
1.98794
1.97365
1.95969
1.94576
1.9322
1.91854
1.90541
1.89288
1.8802
1.86858
1.85686
1.84551
1.83466
1.82383
1.81394
1.80407
1.79521
1.78685
1.77901
1.77174
1.76456
1.75739
1.75006
1.74216
1.73458
1.72566
1.71832
1.70959
1.7031
1.69568
1.69074
1.68535
1.68333
1.68166
1.68328
1.68577
1.68949
1.6973
1.70598
1.71546
1.72245
1.72743
1.72868
1.72833
1.72634
1.72431
1.72149
1.71795
1.71428
1.71115
1.70875
1.70803
1.70834
1.70922
1.71043
1.71296
1.71691
1.72219
1.72944
1.73773
1.74631
1.75439
1.76165
1.7671
1.77152
1.77342
1.7749
1.77454
1.77427
1.77261
2.63881
2.62753
2.56177
2.5413
2.53374
2.51712
2.49311
2.46685
2.43662
2.40325
2.36832
2.33489
2.30568
2.28106
2.25919
2.23926
2.22019
2.20156
2.18296
2.16512
2.14804
2.13188
2.11673
2.10194
2.08768
2.0736
2.05952
2.04539
2.03139
2.0171
2.00292
1.98898
1.97476
1.9613
1.94773
1.93516
1.9225
1.91147
1.89972
1.88967
1.87893
1.86936
1.85908
1.84982
1.84025
1.83147
1.82303
1.81494
1.80769
1.79967
1.79243
1.78433
1.77581
1.76764
1.7577
1.74961
1.7391
1.73182
1.72148
1.71579
1.70635
1.70225
1.69492
1.69301
1.68943
1.69017
1.69083
1.69254
1.6967
1.70309
1.71255
1.71965
1.72521
1.72794
1.72807
1.72725
1.72483
1.72259
1.72004
1.71745
1.71543
1.71542
1.716
1.71712
1.72024
1.7255
1.73227
1.74079
1.74954
1.75848
1.76677
1.77342
1.77919
1.78214
1.78459
1.78435
1.78369
1.78282
1.7819
1.77991
2.62487
2.62089
2.56603
2.55799
2.55694
2.54969
2.53101
2.50825
2.48235
2.45364
2.42363
2.39412
2.36523
2.3381
2.31308
2.28998
2.26849
2.24732
2.2269
2.20667
2.18752
2.16947
2.15247
2.13715
2.1226
2.10915
2.096
2.08345
2.07142
2.05973
2.04829
2.03756
2.02639
2.0161
2.00505
1.99505
1.98366
1.97383
1.96222
1.95215
1.9404
1.93031
1.91879
1.90909
1.89834
1.88916
1.87921
1.87012
1.86068
1.85146
1.84183
1.83208
1.82211
1.81133
1.80127
1.78991
1.77996
1.76877
1.75914
1.74903
1.7392
1.73075
1.72152
1.7147
1.70813
1.70447
1.70196
1.70206
1.70289
1.70542
1.71143
1.71916
1.7285
1.73434
1.73926
1.74068
1.74142
1.74069
1.73951
1.73814
1.73738
1.73758
1.73859
1.74101
1.74586
1.75288
1.76131
1.77032
1.77912
1.78752
1.79364
1.79958
1.80189
1.80471
1.80421
1.80335
1.80245
1.80037
1.79893
1.79593
2.62275
2.62237
2.57182
2.56663
2.56569
2.56015
2.54993
2.5422
2.53144
2.51491
2.4934
2.46913
2.4434
2.41732
2.39117
2.36517
2.33994
2.31487
2.29161
2.26961
2.25034
2.23338
2.21848
2.20575
2.19366
2.1825
2.17113
2.15928
2.1467
2.13329
2.11884
2.10408
2.08807
2.07257
2.05608
2.04054
2.02453
2.00958
1.99461
1.98055
1.96731
1.95488
1.94365
1.93312
1.92396
1.91527
1.90771
1.90012
1.89307
1.88521
1.87739
1.86806
1.85898
1.84807
1.83736
1.8253
1.8134
1.80055
1.78791
1.77517
1.76212
1.75038
1.73827
1.72829
1.71912
1.71201
1.70763
1.7054
1.70596
1.7073
1.71064
1.71701
1.72729
1.73759
1.74727
1.75464
1.76016
1.76341
1.76601
1.76745
1.76992
1.77215
1.77652
1.78136
1.78925
1.79702
1.80649
1.81502
1.82266
1.82927
1.8328
1.83613
1.8361
1.83513
1.83413
1.83178
1.82963
1.82484
1.82245
1.81747
2.60914
2.63021
2.59821
2.6032
2.60295
2.59634
2.58379
2.57587
2.57075
2.5641
2.55272
2.53587
2.5154
2.49198
2.46746
2.44212
2.41732
2.39288
2.36969
2.34742
2.32624
2.30556
2.28514
2.26515
2.2444
2.22441
2.20377
2.18417
2.16459
2.14645
2.12887
2.11256
2.09718
2.08283
2.06931
2.05658
2.04499
2.03351
2.02429
2.0141
2.00755
1.99916
1.99454
1.98777
1.98383
1.97694
1.97122
1.96276
1.95365
1.94229
1.92995
1.91607
1.90156
1.88614
1.86999
1.85379
1.83699
1.82056
1.80437
1.78895
1.77393
1.76139
1.74797
1.73865
1.72886
1.72224
1.71682
1.71434
1.715
1.7166
1.71972
1.72505
1.73364
1.7467
1.76021
1.77427
1.78627
1.79677
1.80606
1.81342
1.82192
1.82895
1.83832
1.84664
1.85639
1.86414
1.87214
1.87709
1.88133
1.8824
1.88201
1.88007
1.87603
1.87213
1.86819
1.86262
1.85799
1.85077
1.84711
1.84032
2.71284
2.7902
2.76347
2.77215
2.76767
2.72261
2.66647
2.62613
2.60196
2.5859
2.57314
2.55853
2.54087
2.52049
2.49815
2.47534
2.45239
2.42976
2.40725
2.38454
2.36202
2.33886
2.31532
2.29208
2.2686
2.24624
2.2248
2.20538
2.18718
2.17145
2.1577
2.14595
2.13571
2.12772
2.12009
2.11465
2.10872
2.1053
2.10057
2.09777
2.09312
2.08926
2.08314
2.07591
2.06634
2.055
2.04125
2.02652
2.00899
1.99245
1.97294
1.95536
1.93522
1.91706
1.89762
1.88048
1.86274
1.84729
1.83189
1.81796
1.80501
1.79322
1.78195
1.77241
1.76232
1.75518
1.74924
1.74403
1.74408
1.74561
1.74966
1.75441
1.76398
1.776
1.79229
1.80842
1.82434
1.83855
1.85049
1.86167
1.87107
1.88087
1.89049
1.8995
1.90848
1.91447
1.91959
1.92076
1.91982
1.91792
1.91262
1.90779
1.90105
1.89651
1.88936
1.8854
1.87742
1.8736
1.86814
1.86407
2.70808
2.77275
2.74814
2.76268
2.76616
2.75241
2.69812
2.64803
2.61566
2.59253
2.57514
2.5604
2.54675
2.53259
2.51622
2.49932
2.47983
2.45987
2.43845
2.41724
2.39482
2.37309
2.35167
2.33045
2.31043
2.29105
2.27233
2.2549
2.23816
2.22259
2.20837
2.19598
2.1847
2.17639
2.16921
2.16457
2.16027
2.15799
2.15397
2.15078
2.14474
2.13768
2.12784
2.11542
2.10178
2.08486
2.06847
2.0493
2.03106
2.01116
1.99208
1.97326
1.95456
1.9372
1.91944
1.90347
1.8866
1.87217
1.85599
1.84345
1.82826
1.81798
1.80521
1.79728
1.78814
1.78301
1.77836
1.7761
1.77633
1.77782
1.78148
1.78492
1.78876
1.7961
1.80508
1.81863
1.83357
1.84873
1.86471
1.87862
1.89378
1.9053
1.91758
1.92601
1.93359
1.93794
1.94054
1.94024
1.93925
1.93651
1.93276
1.9293
1.92571
1.92238
1.91851
1.91531
1.91178
1.91056
1.90971
1.91278
2.57844
2.61481
2.57874
2.57945
2.58798
2.60058
2.60623
2.60576
2.60264
2.59384
2.57929
2.5663
2.55413
2.54204
2.52746
2.51036
2.49075
2.46813
2.44504
2.42153
2.39769
2.37555
2.35364
2.33368
2.31454
2.29725
2.28126
2.26663
2.25383
2.24214
2.23192
2.22332
2.21553
2.20933
2.20279
2.19817
2.19113
2.18612
2.1773
2.17011
2.15909
2.14847
2.13569
2.12195
2.10748
2.09139
2.07589
2.05872
2.04267
2.0246
2.00777
1.98998
1.97262
1.95567
1.93836
1.92237
1.90593
1.89121
1.87611
1.86374
1.84989
1.84074
1.82841
1.82193
1.81198
1.80732
1.79999
1.79695
1.79286
1.79229
1.79329
1.79507
1.79751
1.80101
1.80847
1.81673
1.83349
1.84753
1.86933
1.88636
1.90734
1.92236
1.93858
1.94749
1.95675
1.96017
1.96339
1.96326
1.96347
1.96203
1.96134
1.96093
1.96081
1.96126
1.96169
1.96284
1.96394
1.96689
1.96847
1.97371
2.70192
2.76488
2.74759
2.76821
2.78099
2.77517
2.72535
2.67029
2.6337
2.60919
2.59058
2.57674
2.56492
2.5546
2.54089
2.5244
2.50418
2.48152
2.45833
2.43495
2.41212
2.39011
2.36946
2.34937
2.33034
2.31221
2.29463
2.27771
2.2619
2.24699
2.23334
2.22168
2.21098
2.20287
2.19556
2.1904
2.18483
2.1815
2.17541
2.17069
2.16253
2.15428
2.14299
2.13015
2.11578
2.09972
2.08344
2.06518
2.04803
2.02881
2.01134
1.99299
1.97565
1.95856
1.94154
1.92553
1.9093
1.89476
1.88021
1.86787
1.85481
1.84579
1.83385
1.8278
1.81802
1.81349
1.80625
1.80306
1.7988
1.79738
1.79815
1.79994
1.80242
1.8057
1.81224
1.8215
1.83732
1.85598
1.87988
1.90216
1.92691
1.9454
1.96306
1.97342
1.98283
1.98585
1.99005
1.99066
1.99247
1.99244
1.99339
1.99564
1.99775
1.99994
2.00266
2.0059
2.00826
2.01048
2.01151
2.01445
)
;

boundaryField
{
    inlet
    {
        type            fixedValue;
        value           uniform 1;
    }
    outlet
    {
        type            zeroGradient;
    }
    bottom
    {
        type            symmetryPlane;
    }
    top
    {
        type            symmetryPlane;
    }
    obstacle
    {
        type            zeroGradient;
    }
    defaultFaces
    {
        type            empty;
    }
}


// ************************************************************************* //
