/*--------------------------------*- C++ -*----------------------------------*\
| =========                 |                                                 |
| \\      /  F ield         | OpenFOAM: The Open Source CFD Toolbox           |
|  \\    /   O peration     | Version:  2112                                  |
|   \\  /    A nd           | Website:  www.openfoam.com                      |
|    \\/     M anipulation  |                                                 |
\*---------------------------------------------------------------------------*/
FoamFile
{
    version     2.0;
    format      ascii;
    arch        "LSB;label=32;scalar=64";
    class       volScalarField;
    location    "19.5";
    object      p;
}
// * * * * * * * * * * * * * * * * * * * * * * * * * * * * * * * * * * * * * //

dimensions      [0 2 -2 0 0 0 0];

internalField   nonuniform List<scalar> 
8800
(
0.411297
0.363516
0.324836
0.295849
0.274992
0.260165
0.249566
0.242071
0.237208
0.235047
0.236148
0.240155
0.246632
0.255811
0.268488
0.286148
0.310872
0.344773
0.387285
0.445983
0.242533
0.250212
0.257705
0.261021
0.259528
0.254463
0.247991
0.241917
0.237163
0.234239
0.233814
0.236129
0.240437
0.246223
0.252858
0.259036
0.262605
0.261828
0.256349
0.247626
0.220924
0.227095
0.231242
0.234214
0.236286
0.236909
0.23581
0.233696
0.231633
0.230604
0.23138
0.233552
0.236157
0.238175
0.238647
0.23734
0.234906
0.231441
0.226848
0.223077
0.215092
0.217754
0.220549
0.223002
0.224687
0.225888
0.226652
0.226767
0.226414
0.226225
0.226771
0.227713
0.228328
0.228189
0.227404
0.226159
0.224213
0.221534
0.219066
0.217561
0.209703
0.211139
0.21299
0.215111
0.216976
0.218381
0.219401
0.22019
0.220751
0.221179
0.22158
0.221787
0.22162
0.221094
0.220175
0.218721
0.216837
0.214829
0.213436
0.21261
0.204665
0.205593
0.206941
0.208652
0.210432
0.212089
0.213469
0.214561
0.215461
0.216183
0.216584
0.216579
0.216205
0.215425
0.214213
0.212705
0.211101
0.209613
0.208684
0.208149
0.199851
0.200512
0.201621
0.203134
0.204752
0.206404
0.208002
0.209407
0.210555
0.211445
0.211934
0.211901
0.211367
0.210396
0.209146
0.207787
0.206397
0.205164
0.204456
0.204085
0.19539
0.195876
0.196833
0.198251
0.199792
0.201355
0.202942
0.204502
0.205901
0.207018
0.207605
0.207554
0.206975
0.206059
0.204968
0.203753
0.202481
0.201404
0.200842
0.200579
0.191251
0.1916
0.192434
0.193748
0.195223
0.196731
0.198238
0.199736
0.201207
0.20251
0.203266
0.203368
0.203016
0.202341
0.201424
0.200345
0.199214
0.198279
0.197835
0.197657
0.187604
0.18782
0.188563
0.189836
0.191278
0.19279
0.194392
0.196018
0.197603
0.199058
0.200065
0.200415
0.200221
0.199625
0.198805
0.197859
0.196826
0.19599
0.195653
0.19556
0.184702
0.184816
0.185348
0.186367
0.187568
0.188848
0.190229
0.191777
0.193455
0.19515
0.196446
0.197108
0.197272
0.197122
0.196709
0.196111
0.195406
0.194862
0.194675
0.194632
0.182067
0.182141
0.18248
0.183196
0.184154
0.185309
0.186675
0.188268
0.190072
0.192022
0.193706
0.194769
0.195279
0.195409
0.19532
0.195095
0.194796
0.194581
0.194505
0.194468
0.178946
0.179017
0.179264
0.179771
0.180533
0.181536
0.182863
0.184546
0.186596
0.188944
0.191089
0.192581
0.193527
0.194023
0.194295
0.194443
0.194491
0.194503
0.194481
0.194441
0.174946
0.175005
0.175252
0.175719
0.176426
0.177448
0.178875
0.180743
0.183106
0.185941
0.18867
0.190703
0.192053
0.192999
0.193586
0.193996
0.194271
0.194386
0.194392
0.194352
0.170119
0.170169
0.170441
0.171012
0.171815
0.172992
0.174668
0.1769
0.17975
0.183222
0.186653
0.189285
0.19114
0.192404
0.193282
0.19388
0.194246
0.194397
0.194432
0.194398
0.164569
0.164605
0.164916
0.165635
0.166655
0.168033
0.170049
0.172724
0.176178
0.180467
0.184785
0.188176
0.190606
0.192313
0.193473
0.194261
0.194689
0.194892
0.194965
0.194937
0.158337
0.158369
0.158698
0.159539
0.160869
0.162571
0.165016
0.168264
0.172515
0.177826
0.183233
0.187532
0.190657
0.19286
0.194365
0.195334
0.195897
0.19619
0.196301
0.196273
0.151258
0.151285
0.151681
0.152612
0.154156
0.156361
0.159317
0.163321
0.168588
0.175195
0.181942
0.187351
0.191294
0.194073
0.196015
0.19727
0.198034
0.198451
0.1986
0.198565
0.142976
0.143011
0.143502
0.144604
0.14643
0.149076
0.152757
0.15777
0.164348
0.172589
0.181001
0.187743
0.192664
0.196193
0.198614
0.200228
0.201242
0.201798
0.201983
0.201939
0.132961
0.133005
0.133607
0.13498
0.137237
0.140531
0.145156
0.151454
0.159713
0.170013
0.180468
0.188814
0.194943
0.199295
0.202315
0.204354
0.205654
0.206359
0.206586
0.206529
0.120686
0.12075
0.121535
0.123281
0.126144
0.130331
0.136212
0.144211
0.154634
0.167503
0.180446
0.190733
0.198247
0.203594
0.207324
0.20986
0.211485
0.212356
0.212634
0.212561
0.105344
0.105431
0.106475
0.108788
0.112563
0.11802
0.125643
0.135906
0.149091
0.165129
0.181053
0.193612
0.202762
0.209289
0.213861
0.216991
0.219003
0.220066
0.220401
0.220309
0.0857875
0.0859137
0.0873698
0.0905716
0.0957137
0.10303
0.113097
0.126386
0.143096
0.163003
0.182441
0.197638
0.208691
0.216599
0.222173
0.226022
0.228517
0.229836
0.230231
0.230112
0.0602687
0.06048
0.0626365
0.0672987
0.0745778
0.0846876
0.0982416
0.115596
0.13676
0.161294
0.18478
0.202971
0.216197
0.225713
0.232485
0.237213
0.2403
0.241922
0.242391
0.242238
0.0257305
0.0261492
0.0297135
0.03711
0.0479866
0.0624623
0.0810054
0.103713
0.130343
0.160249
0.18826
0.209748
0.22539
0.236749
0.244952
0.250783
0.254639
0.25665
0.257198
0.256994
-0.0237338
-0.0222519
-0.0150111
-0.00205902
0.0151188
0.0363265
0.0617399
0.0912006
0.124272
0.160175
0.193049
0.218035
0.236267
0.249668
0.259547
0.266754
0.271647
0.274225
0.274884
0.274604
-0.0975286
-0.088882
-0.0722465
-0.0492235
-0.0225935
0.0075756
0.0413958
0.0786565
0.118905
0.161387
0.199605
0.228528
0.2498
0.265714
0.2778
0.287028
0.293599
0.297299
0.298371
0.298273
-0.176458
-0.156892
-0.130265
-0.0968706
-0.0605498
-0.0212833
0.02103
0.0662878
0.114138
0.163973
0.208618
0.242606
0.26795
0.287313
0.302449
0.314402
0.323391
0.329221
0.331311
0.331372
-0.239853
-0.217704
-0.182945
-0.141212
-0.0963781
-0.0486856
0.00173313
0.0547099
0.109892
0.166697
0.21727
0.255746
0.284552
0.306711
0.324132
0.337942
0.348501
0.355435
0.357183
0.35749
-0.291366
-0.267179
-0.227503
-0.179872
-0.128367
-0.073738
-0.0162875
0.0436457
0.105575
0.168811
0.224691
0.266952
0.298441
0.322548
0.341404
0.356334
0.367688
0.37494
0.377084
0.377472
-0.333558
-0.308517
-0.265357
-0.213175
-0.156447
-0.0961887
-0.0328082
0.0331782
0.101114
0.170128
0.230683
0.276088
0.309591
0.334992
0.354683
0.370148
0.381781
0.389194
0.39163
0.392
-0.369513
-0.343982
-0.298333
-0.242476
-0.181473
-0.116496
-0.0480391
0.0232518
0.0965471
0.170772
0.235503
0.28359
0.318705
0.345034
0.36519
0.380809
0.392458
0.399837
0.402431
0.402768
-0.401156
-0.375367
-0.327782
-0.268926
-0.204342
-0.135282
-0.0623713
0.013644
0.0918118
0.17083
0.239455
0.290051
0.326616
0.35368
0.374128
0.389764
0.401354
0.408688
0.41139
0.41171
-0.429947
-0.403919
-0.35474
-0.293359
-0.225697
-0.153088
-0.0762261
0.00407472
0.0867463
0.170327
0.242709
0.295706
0.333643
0.361425
0.382186
0.397899
0.409454
0.416657
0.419451
0.419763
-0.456731
-0.430486
-0.379957
-0.316394
-0.24605
-0.170308
-0.0899022
-0.00569707
0.0811749
0.169102
0.245171
0.300657
0.340095
0.368726
0.389894
0.40575
0.417316
0.424382
0.427156
0.427555
-0.482206
-0.455684
-0.40391
-0.338451
-0.265721
-0.187203
-0.103628
-0.0158639
0.074925
0.167057
0.246943
0.305127
0.34625
0.375871
0.397572
0.413665
0.425284
0.432258
0.434947
0.435346
-0.50664
-0.479812
-0.426903
-0.359819
-0.284963
-0.203973
-0.117545
-0.026527
0.06795
0.164234
0.248015
0.309101
0.352173
0.382996
0.405401
0.421859
0.433605
0.440534
0.443083
0.443409
-0.530372
-0.503159
-0.449352
-0.380672
-0.303916
-0.220715
-0.131715
-0.0377159
0.060218
0.160501
0.248262
0.312519
0.357846
0.390149
0.413454
0.430416
0.442363
0.449279
0.451663
0.451894
-0.553447
-0.52578
-0.471227
-0.401089
-0.32265
-0.237482
-0.146178
-0.0494785
0.0516347
0.155758
0.247597
0.31531
0.363219
0.397302
0.421738
0.439358
0.451587
0.458501
0.46075
0.46083
-0.575938
-0.547901
-0.49252
-0.421122
-0.341194
-0.254286
-0.160942
-0.0618377
0.0421848
0.14997
0.245894
0.317324
0.36819
0.404398
0.43022
0.448656
0.461226
0.468091
0.470194
0.470135
-0.597919
-0.569443
-0.513284
-0.440767
-0.359533
-0.27109
-0.175963
-0.0747349
0.0319118
0.143094
0.243032
0.318376
0.372586
0.411336
0.438853
0.458262
0.47121
0.477979
0.479873
0.479691
-0.61942
-0.590431
-0.533531
-0.46
-0.377609
-0.287844
-0.191169
-0.0880978
0.0208475
0.135105
0.23891
0.318273
0.376169
0.417952
0.447585
0.468167
0.481473
0.488047
0.489654
0.489364
-0.640268
-0.610808
-0.553206
-0.478783
-0.395381
-0.304471
-0.206486
-0.101848
0.00906673
0.126048
0.233443
0.316819
0.378676
0.424027
0.456371
0.478432
0.491975
0.498093
0.499303
0.498906
-0.660421
-0.630523
-0.572277
-0.497056
-0.412781
-0.320903
-0.221819
-0.115892
-0.00333026
0.11597
0.226591
0.313828
0.379787
0.429214
0.465094
0.489293
0.502962
0.508022
0.508529
0.508054
-0.679952
-0.649535
-0.590714
-0.514779
-0.429744
-0.337058
-0.237076
-0.130114
-0.0162322
0.104966
0.218351
0.309172
0.379163
0.432996
0.473403
0.501071
0.515333
0.518326
0.517122
0.516581
-0.698688
-0.667834
-0.608461
-0.531889
-0.446214
-0.352855
-0.252158
-0.144398
-0.0295099
0.0931637
0.208777
0.302758
0.376518
0.434677
0.480451
0.51362
0.530726
0.531769
0.526535
0.524762
-0.716721
-0.685413
-0.625543
-0.548415
-0.462225
-0.368341
-0.267124
-0.158805
-0.0432283
0.0804967
0.197757
0.294348
0.371546
0.433433
0.484681
0.525478
0.549586
0.554219
0.544528
0.523978
-0.733994
-0.702282
-0.642083
-0.564536
-0.478056
-0.383835
-0.282378
-0.17381
-0.0579311
0.0662992
0.18458
0.283054
0.363443
0.428077
0.482892
0.531484
0.562703
0.565354
0.549468
0.525466
-0.750357
-0.718616
-0.657911
-0.580004
-0.493428
-0.399003
-0.297694
-0.189083
-0.0732856
0.0508986
0.169464
0.268699
0.351804
0.418101
0.470312
0.519741
0.549481
0.542388
0.471437
0.430967
-0.765216
-0.735449
-0.672671
-0.594257
-0.507653
-0.413387
-0.312792
-0.204407
-0.0890741
0.0344513
0.152445
0.251212
0.335907
0.403972
0.447138
0.477998
0.493136
0.448094
0.372697
0.32399
-0.818844
-0.749732
-0.686074
-0.608685
-0.522118
-0.428329
-0.327735
-0.220031
-0.105611
0.0165934
0.133078
0.230294
0.313249
0.387361
0.397299
0.408683
0.379347
0.313546
0.230243
0.183339
-0.779416
-0.76434
-0.705251
-0.629169
-0.542913
-0.449628
-0.350244
-0.243714
-0.131085
-0.0115771
0.101041
0.194245
0.268585
0.33762
0.342316
0.22784
0.115335
0.0374726
-0.043432
-0.00139082
-0.808289
-0.780404
-0.721047
-0.644932
-0.55916
-0.4663
-0.366919
-0.261345
-0.150266
-0.0333034
0.0755056
0.163863
0.230596
0.267947
0.21821
0.0601445
-0.0843383
-0.187488
-0.302058
-0.234666
-0.830292
-0.799229
-0.739181
-0.662696
-0.577077
-0.484452
-0.385405
-0.280963
-0.171715
-0.0577841
0.0465736
0.128768
0.185764
0.193827
0.0792673
-0.124618
-0.302866
-0.44069
-0.606416
-0.547141
-0.851417
-0.818894
-0.757925
-0.680745
-0.595056
-0.502659
-0.404312
-0.30111
-0.193861
-0.0832879
0.0158856
0.0912962
0.134616
0.104425
-0.0732017
-0.310347
-0.539639
-0.746251
-0.981466
-0.975516
-0.871507
-0.838868
-0.777224
-0.69945
-0.613673
-0.521564
-0.424009
-0.322141
-0.217106
-0.110215
-0.0167545
0.0512766
0.0775428
0.007922
-0.220276
-0.479566
-0.752068
-0.997563
-1.30415
-1.6674
-0.891642
-0.859262
-0.797287
-0.719165
-0.633297
-0.541433
-0.44459
-0.344059
-0.241301
-0.138247
-0.0506501
0.00941795
0.0189751
-0.101918
-0.350022
-0.611378
-0.879659
-1.10782
-1.19914
-1.33949
-0.912494
-0.880411
-0.818373
-0.740165
-0.654314
-0.562772
-0.466716
-0.367665
-0.267463
-0.168689
-0.087449
-0.0367462
-0.0509118
-0.222482
-0.464024
-0.706907
-0.922095
-1.05482
-1.08055
-1.107
-0.934402
-0.902605
-0.84061
-0.762463
-0.676776
-0.585691
-0.490614
-0.393297
-0.296024
-0.202119
-0.127698
-0.0877758
-0.130056
-0.333467
-0.566721
-0.783802
-0.951584
-1.02083
-1.03689
-1.04057
-0.957537
-0.925815
-0.864025
-0.785976
-0.700563
-0.610102
-0.51619
-0.420868
-0.3269
-0.238426
-0.171287
-0.144523
-0.212293
-0.437565
-0.662488
-0.861883
-0.990074
-1.00968
-1.01212
-1.01238
-0.981811
-0.950045
-0.888529
-0.81063
-0.725592
-0.635882
-0.543311
-0.450224
-0.359913
-0.277361
-0.218234
-0.203877
-0.300058
-0.536347
-0.747958
-0.932053
-0.989666
-0.99921
-0.999909
-0.999312
-1.00694
-0.975198
-0.913888
-0.836264
-0.751679
-0.662847
-0.571782
-0.481136
-0.39481
-0.318516
-0.268075
-0.262749
-0.40371
-0.632899
-0.819147
-0.976391
-1.01908
-0.996433
-0.98869
-0.986824
-1.03235
-1.00091
-0.939805
-0.862569
-0.778545
-0.690698
-0.601263
-0.513231
-0.431097
-0.361403
-0.319899
-0.329484
-0.506667
-0.736705
-0.867586
-0.943618
-0.961648
-0.973132
-0.976175
-0.975714
-1.05762
-1.02665
-0.965935
-0.889135
-0.805752
-0.718969
-0.63126
-0.545949
-0.468034
-0.405374
-0.372354
-0.403297
-0.602408
-0.853366
-0.955703
-0.874981
-0.949041
-0.972395
-0.977415
-0.979421
-1.08194
-1.05145
-0.991672
-0.915385
-0.832708
-0.747059
-0.661086
-0.578484
-0.504629
-0.449184
-0.42459
-0.474049
-0.702134
-0.987123
-1.2824
-1.20488
-1.12808
-1.07468
-1.05184
-1.04397
-1.10437
-1.07469
-1.01614
-0.940526
-0.858672
-0.774177
-0.689849
-0.609738
-0.539681
-0.490702
-0.475706
-0.539628
-0.798429
-1.09006
-1.66924
-1.91912
-1.42959
-1.28987
-1.25465
-1.23636
-1.12366
-1.09535
-1.03815
-0.963682
-0.882769
-0.799351
-0.716473
-0.63834
-0.5716
-0.527132
-0.52337
-0.593935
-0.839194
-0.882848
-0.684108
-0.769218
-1.18095
-1.40265
-1.37529
-1.36956
-1.1386
-1.11214
-1.05694
-0.983688
-0.903851
-0.821477
-0.739712
-0.662768
-0.598
-0.556559
-0.564431
-0.637243
-0.839297
-0.740308
-0.355962
-0.571387
-1.10052
-1.33747
-1.31148
-1.34745
-1.14802
-1.12397
-1.07127
-0.999578
-0.920795
-0.839338
-0.75825
-0.681514
-0.616255
-0.57635
-0.588619
-0.701675
-1.1375
-1.81163
-2.55803
-3.11886
-3.0872
-2.63278
-2.1743
-2.03565
-1.15056
-1.12959
-1.08015
-1.01033
-0.932622
-0.851833
-0.770722
-0.693016
-0.624594
-0.578894
-0.584965
-0.743397
-1.40272
-2.4862
-3.53405
-4.11801
-4.07895
-3.71571
-3.2486
-2.95751
-1.14548
-1.12819
-1.0827
-1.01528
-0.938562
-0.858158
-0.77636
-0.696099
-0.621664
-0.561139
-0.54344
-0.608124
-1.09938
-1.71744
-2.40134
-2.615
-2.40038
-2.01696
-1.68804
-1.50866
-1.13213
-1.11822
-1.0782
-1.01393
-0.938344
-0.857977
-0.774957
-0.690841
-0.606958
-0.526193
-0.448683
-0.357105
-0.369674
-0.266573
-0.0115902
0.311735
0.70278
1.01768
1.19854
1.26351
-1.11131
-1.10126
-1.06688
-1.00633
-0.931794
-0.851553
-0.767366
-0.67942
-0.586203
-0.481349
-0.360664
-0.235765
0.0560678
0.572081
1.22107
1.86435
2.32763
2.60116
2.72288
2.75765
-1.08414
-1.07781
-1.04952
-0.992794
-0.919063
-0.839769
-0.755664
-0.665813
-0.565996
-0.446588
-0.315325
-0.171043
0.026996
0.576767
1.24709
1.83659
2.24924
2.47968
2.58763
2.62162
-1.0507
-1.04752
-1.0255
-0.971912
-0.900688
-0.823303
-0.741744
-0.653796
-0.554192
-0.433209
-0.300038
-0.174971
-0.0568972
0.318555
0.834245
1.26262
1.57975
1.76681
1.86271
1.89685
-1.00647
-1.00511
-0.988545
-0.940892
-0.874058
-0.801492
-0.72647
-0.646119
-0.553463
-0.436572
-0.30339
-0.198124
-0.127019
0.0855187
0.416601
0.700145
0.914874
1.05034
1.12028
1.1435
-0.935468
-0.934965
-0.923186
-0.886831
-0.832706
-0.773004
-0.711485
-0.644779
-0.563388
-0.452766
-0.314473
-0.192592
-0.103618
0.0236557
0.241309
0.415112
0.548025
0.633744
0.683903
0.697537
-0.848896
-0.847448
-0.839437
-0.817023
-0.781522
-0.740586
-0.697463
-0.649632
-0.586729
-0.487671
-0.352744
-0.213529
-0.102393
-0.00790406
0.106578
0.214381
0.293516
0.345462
0.369204
0.375019
-0.778491
-0.776648
-0.771438
-0.759766
-0.740361
-0.717229
-0.693139
-0.667177
-0.631574
-0.561453
-0.433596
-0.279699
-0.145673
-0.0879805
-0.0339057
0.0332931
0.0929036
0.133469
0.154457
0.157138
-0.740204
-0.738902
-0.736365
-0.73148
-0.723559
-0.715578
-0.711455
-0.714252
-0.722991
-0.72137
-0.63511
-0.46123
-0.297553
-0.238199
-0.192785
-0.124077
-0.0656292
-0.0228404
-0.00156539
-0.00124616
-0.725543
-0.725524
-0.725552
-0.725516
-0.726814
-0.733565
-0.752766
-0.796207
-0.881956
-1.01181
-1.03063
-0.811062
-0.579893
-0.481685
-0.397223
-0.302519
-0.217394
-0.159609
-0.134236
-0.135877
-0.713838
-0.715098
-0.717676
-0.722461
-0.732936
-0.755241
-0.801373
-0.897602
-1.09824
-1.44134
-1.63202
-1.35276
-0.977342
-0.777725
-0.645031
-0.496898
-0.374965
-0.293767
-0.264514
-0.268396
-0.687457
-0.689774
-0.694495
-0.703392
-0.721259
-0.756671
-0.825804
-0.972091
-1.28955
-1.86034
-2.25274
-1.92299
-1.39262
-1.08647
-0.876638
-0.684941
-0.543249
-0.465559
-0.44538
-0.448415
-0.63378
-0.636582
-0.642236
-0.653022
-0.674195
-0.71507
-0.794229
-0.961257
-1.32308
-1.97769
-2.38532
-2.05008
-1.55212
-1.25645
-1.01153
-0.834645
-0.73553
-0.693253
-0.67901
-0.677377
-0.549844
-0.552368
-0.557495
-0.567275
-0.586385
-0.622975
-0.694237
-0.842358
-1.16231
-1.7186
-2.02345
-1.75526
-1.43044
-1.18538
-0.977836
-0.875822
-0.847941
-0.842871
-0.83132
-0.825505
-0.443767
-0.44548
-0.449045
-0.455778
-0.469224
-0.494821
-0.54423
-0.645433
-0.861859
-1.23661
-1.44904
-1.3107
-1.10058
-0.899351
-0.788081
-0.765137
-0.788067
-0.79677
-0.792039
-0.78742
-0.33049
-0.331248
-0.332987
-0.336303
-0.343192
-0.356342
-0.381394
-0.4316
-0.536836
-0.725876
-0.845416
-0.759298
-0.644045
-0.546885
-0.542521
-0.582676
-0.61299
-0.623335
-0.623712
-0.622473
-0.225198
-0.225203
-0.225546
-0.226277
-0.228089
-0.231667
-0.238432
-0.251651
-0.278098
-0.319266
-0.339856
-0.294987
-0.270589
-0.293014
-0.352047
-0.399301
-0.422341
-0.430599
-0.433626
-0.433736
-0.138043
-0.137642
-0.137246
-0.136647
-0.135724
-0.13405
-0.131081
-0.125961
-0.117127
-0.0997959
-0.0765022
-0.0516095
-0.0895083
-0.154392
-0.20891
-0.243484
-0.261106
-0.268873
-0.27243
-0.273318
-0.0726832
-0.0721688
-0.0715821
-0.0706662
-0.0689291
-0.065561
-0.0594725
-0.0490553
-0.0322638
-0.00792721
0.0103254
0.0101884
-0.0255837
-0.0750887
-0.114013
-0.137908
-0.149433
-0.155348
-0.158523
-0.159515
-0.0277435
-0.0272891
-0.0268046
-0.0261026
-0.024606
-0.0214854
-0.0157976
-0.00629894
0.00804071
0.025787
0.0343063
0.0247789
-0.00166049
-0.0331544
-0.0578426
-0.073
-0.0809529
-0.0850174
-0.0872451
-0.0879795
0.000698124
0.00102894
0.00132233
0.00164982
0.00255677
0.00473374
0.0088556
0.0156121
0.0251962
0.0354815
0.0374605
0.0268673
0.00833214
-0.0111332
-0.0262573
-0.035809
-0.0410151
-0.0437131
-0.0451476
-0.0456179
0.0170608
0.0172692
0.0173866
0.0173814
0.0177211
0.0189223
0.0214225
0.0255671
0.0311411
0.0361297
0.0347966
0.0257647
0.0131162
0.000916817
-0.00847525
-0.0146055
-0.0181002
-0.0199211
-0.0208347
-0.0211251
0.0251795
0.0252945
0.0252831
0.0250511
0.0249772
0.0254181
0.0266392
0.0287727
0.0315094
0.0333036
0.0307398
0.0237196
0.0151556
0.0073204
0.00131449
-0.00273038
-0.00513641
-0.00639277
-0.00698568
-0.00716834
0.0279456
0.0279993
0.0279107
0.0275616
0.027251
0.0272004
0.0275804
0.0284191
0.0294142
0.0294668
0.0266586
0.0213569
0.0154951
0.0103223
0.00635771
0.00361481
0.00192361
0.00103934
0.000651454
0.000532748
0.0273654
0.027383
0.0272603
0.026881
0.0264564
0.0261331
0.0260135
0.0260832
0.0261027
0.0253253
0.0227168
0.0187637
0.014697
0.0111987
0.00851313
0.00661556
0.00541329
0.004786
0.00452224
0.00444385
0.0247623
0.0247614
0.0246347
0.0242758
0.0238279
0.0233914
0.0230256
0.0227016
0.0222421
0.0211601
0.0189324
0.0160103
0.0131582
0.0107505
0.00889852
0.00756864
0.00670887
0.00626132
0.00608059
0.00602986
0.0209721
0.0209638
0.0208506
0.0205388
0.0201254
0.0196787
0.0192341
0.0187634
0.0181418
0.0170562
0.0152603
0.0131297
0.0111316
0.00946749
0.00818468
0.00725181
0.00663983
0.00632266
0.00620008
0.00616691
0.0164989
0.0164893
0.016398
0.0161462
0.0157969
0.0154034
0.0149846
0.0145188
0.0139224
0.0130005
0.01165
0.0101524
0.00878659
0.00765861
0.00678523
0.00614199
0.0057144
0.0054941
0.00541241
0.00539021
0.0116355
0.0116273
0.0115603
0.0113725
0.0111063
0.0108053
0.0104798
0.0101138
0.00965444
0.00898658
0.0080735
0.00710407
0.00623617
0.00552141
0.0049627
0.00454289
0.00425809
0.00411207
0.00406019
0.00404528
0.0065469
0.00654079
0.00649884
0.0063793
0.00621431
0.00603484
0.00584325
0.0056295
0.00536522
0.00499256
0.00450074
0.00399116
0.0035401
0.00316845
0.00287391
0.00264478
0.00248235
0.00239888
0.00236955
0.0023589
0.0013461
0.00135089
0.00137736
0.00139588
0.00136976
0.00132343
0.00127077
0.00121382
0.00114635
0.00105883
0.000943264
0.000814347
0.000697515
0.000598586
0.000518534
0.000457074
0.000420031
0.000420622
0.000444683
0.000457479
-0.700614
-0.483198
-0.235902
-0.0321779
0.133185
0.266197
0.378201
0.472532
0.515318
0.492775
-0.30981
-0.159595
-0.00267381
0.132613
0.247415
0.343485
0.421559
0.477251
0.506092
0.517481
-0.0407328
0.0592576
0.164601
0.258221
0.338953
0.406675
0.460504
0.499819
0.527556
0.544783
0.148794
0.217624
0.29143
0.358427
0.416665
0.465975
0.506233
0.537996
0.563198
0.581013
0.292362
0.34219
0.395191
0.445342
0.489525
0.527862
0.560369
0.587083
0.608959
0.626507
0.408091
0.445161
0.487463
0.527159
0.563284
0.595397
0.623227
0.646373
0.665204
0.68242
0.50764
0.538681
0.575599
0.610235
0.642375
0.671368
0.696556
0.717336
0.733511
0.750556
0.600509
0.631198
0.667009
0.700602
0.731561
0.759305
0.783098
0.802274
0.816115
0.833171
0.698497
0.73253
0.770292
0.804854
0.835756
0.862677
0.885227
0.902951
0.915156
0.932598
0.815213
0.853355
0.892722
0.927627
0.957505
0.982706
1.00345
1.01964
1.03133
1.04945
0.961251
1.00016
1.03649
1.06753
1.09353
1.1159
1.13518
1.1509
1.16347
1.18151
1.13661
1.16864
1.19505
1.21766
1.23783
1.25671
1.27456
1.29114
1.30658
1.32468
1.32558
1.34294
1.35819
1.37457
1.39057
1.40519
1.41848
1.43248
1.45008
1.47026
1.50773
1.51719
1.52879
1.53965
1.54898
1.55865
1.56953
1.58095
1.59235
1.60773
1.71494
1.71865
1.70373
1.68895
1.68275
1.68848
1.70698
1.73733
1.76953
1.7962
2.02129
1.88643
1.80985
1.76759
1.75019
1.75416
1.7816
1.83802
1.94065
2.16502
0.301892
0.299769
0.295283
0.286665
0.274451
0.262333
0.252112
0.24421
0.238559
0.235227
0.234724
0.237264
0.24218
0.249246
0.258507
0.269948
0.282526
0.293508
0.299598
0.30263
0.226324
0.232173
0.238524
0.243037
0.245526
0.24522
0.242496
0.238688
0.23515
0.2328
0.23249
0.234487
0.23795
0.242061
0.245725
0.247495
0.24647
0.242914
0.237693
0.23105
0.217884
0.220182
0.223605
0.226631
0.228739
0.230266
0.231047
0.230736
0.229675
0.228695
0.228694
0.229897
0.231494
0.232599
0.232603
0.231569
0.229901
0.227468
0.224138
0.221188
0.212348
0.213432
0.215305
0.217752
0.219844
0.221329
0.222386
0.223143
0.223517
0.223646
0.22394
0.22448
0.224809
0.224636
0.224016
0.222979
0.22134
0.219105
0.216904
0.215486
0.20715
0.207804
0.208967
0.210781
0.212681
0.214421
0.215797
0.216837
0.217676
0.218351
0.218854
0.219093
0.218981
0.218527
0.21768
0.216355
0.214678
0.212915
0.211442
0.210627
0.202228
0.20267
0.203526
0.204982
0.206643
0.208327
0.209939
0.211339
0.212486
0.213423
0.214068
0.214263
0.214001
0.213307
0.212207
0.210845
0.209377
0.207945
0.206829
0.206279
0.197569
0.197875
0.198566
0.199868
0.201428
0.203036
0.204672
0.206253
0.20764
0.208757
0.209538
0.209811
0.209511
0.20872
0.207605
0.206344
0.205025
0.203733
0.202802
0.202406
0.193284
0.193499
0.194061
0.195222
0.196679
0.198188
0.199695
0.201225
0.202758
0.204155
0.205137
0.205424
0.205121
0.204457
0.203578
0.202524
0.20135
0.200218
0.199449
0.199158
0.189336
0.189462
0.189931
0.19103
0.192453
0.193962
0.195532
0.197101
0.198613
0.200045
0.201201
0.201774
0.201766
0.201304
0.200505
0.199526
0.198447
0.197403
0.196738
0.196542
0.186071
0.186123
0.186472
0.187424
0.188719
0.190089
0.191537
0.193092
0.194756
0.196411
0.197816
0.19862
0.198784
0.198537
0.198014
0.197304
0.196446
0.195594
0.195101
0.194993
0.183399
0.183422
0.183641
0.184297
0.185294
0.186424
0.187702
0.189145
0.190757
0.192527
0.194228
0.195426
0.196037
0.196212
0.196082
0.19574
0.195283
0.194818
0.194579
0.194525
0.180603
0.180624
0.180782
0.181218
0.181951
0.182921
0.184121
0.185616
0.187417
0.189478
0.191569
0.193174
0.194124
0.194589
0.194754
0.194773
0.194697
0.194592
0.194531
0.194493
0.177057
0.177076
0.177224
0.177572
0.178145
0.178984
0.180145
0.181681
0.183645
0.186033
0.188611
0.190752
0.192197
0.193133
0.193673
0.194049
0.194298
0.194437
0.194466
0.194439
0.172632
0.172641
0.172793
0.173169
0.173786
0.174697
0.175989
0.177771
0.180089
0.182964
0.186165
0.188916
0.190842
0.192122
0.19306
0.193671
0.194105
0.194336
0.1944
0.194387
0.167435
0.167432
0.167579
0.168052
0.168804
0.169879
0.171428
0.173535
0.176305
0.179812
0.183794
0.187301
0.189832
0.191606
0.192835
0.193682
0.194236
0.194517
0.194623
0.194634
0.161555
0.161532
0.161697
0.162231
0.163165
0.164597
0.166404
0.168975
0.172349
0.176656
0.181603
0.186034
0.1893
0.191621
0.193226
0.194333
0.194984
0.195347
0.195514
0.195544
0.15493
0.154893
0.155088
0.155698
0.156798
0.158512
0.160858
0.163939
0.168086
0.173413
0.179577
0.185152
0.189283
0.192242
0.194303
0.195702
0.196571
0.197076
0.197316
0.197356
0.147297
0.147252
0.147488
0.14823
0.149555
0.151538
0.154365
0.158227
0.163384
0.170021
0.177711
0.184673
0.189862
0.193572
0.196207
0.197979
0.199129
0.199821
0.200139
0.200188
0.138206
0.138155
0.138454
0.139358
0.14096
0.143388
0.146867
0.15169
0.158159
0.166467
0.176053
0.184713
0.19115
0.195819
0.199081
0.201317
0.202801
0.203707
0.20411
0.20417
0.127119
0.127055
0.127459
0.128598
0.130598
0.133648
0.138043
0.144153
0.152317
0.162731
0.174662
0.18537
0.193341
0.199078
0.203109
0.20589
0.207758
0.208905
0.209406
0.209477
0.113376
0.113298
0.113855
0.115358
0.117951
0.121883
0.127545
0.13537
0.145734
0.158814
0.173617
0.186786
0.196533
0.20355
0.208497
0.211923
0.214239
0.215665
0.216286
0.216369
0.096045
0.0959606
0.0967591
0.0988009
0.102253
0.107468
0.114913
0.125075
0.13833
0.154756
0.173025
0.189091
0.200922
0.209443
0.21547
0.219666
0.222518
0.224277
0.225042
0.225136
0.0736894
0.0736095
0.0748064
0.0776985
0.0824896
0.0896584
0.0997014
0.113096
0.130115
0.150673
0.173047
0.192455
0.206678
0.216943
0.224249
0.229376
0.232888
0.23505
0.235978
0.236088
0.0439701
0.0439426
0.0458677
0.0502473
0.0573185
0.0675984
0.0815059
0.0993538
0.121214
0.146777
0.17389
0.197052
0.213955
0.226206
0.235012
0.241273
0.245609
0.24828
0.249409
0.249531
0.00271283
0.00290109
0.00645453
0.0139101
0.0251659
0.0405621
0.0601871
0.0840486
0.111956
0.14338
0.175781
0.203023
0.222834
0.237286
0.247827
0.255469
0.260877
0.264209
0.265569
0.265693
-0.0579009
-0.0563729
-0.0478097
-0.0338036
-0.0148327
0.00872027
0.036353
0.0678669
0.102915
0.140874
0.17892
0.210413
0.233256
0.250047
0.262502
0.271762
0.27847
0.282685
0.284375
0.284519
-0.130395
-0.127909
-0.111855
-0.0873761
-0.0578338
-0.0247805
0.0116253
0.0513339
0.0940855
0.139338
0.184058
0.221003
0.248067
0.268333
0.283747
0.295574
0.304564
0.310049
0.311809
0.312249
-0.205016
-0.19704
-0.173364
-0.138849
-0.099662
-0.0574211
-0.0123349
0.0355411
0.0860023
0.138591
0.190083
0.232565
0.263866
0.287604
0.306023
0.320483
0.331678
0.338305
0.341393
0.342296
-0.263362
-0.253878
-0.225332
-0.184146
-0.137482
-0.0875396
-0.0347825
0.0205948
0.0782744
0.137753
0.19551
0.242909
0.277761
0.304184
0.324684
0.340782
0.353189
0.361274
0.36538
0.366475
-0.31064
-0.30061
-0.268651
-0.222678
-0.170413
-0.114413
-0.0552843
0.00660243
0.0707426
0.136475
0.19986
0.251491
0.289172
0.31752
0.339356
0.356432
0.369619
0.378504
0.382975
0.384137
-0.349894
-0.339754
-0.305677
-0.255996
-0.199227
-0.1383
-0.0738625
-0.00639779
0.0634291
0.134763
0.203181
0.258473
0.298413
0.328144
0.350812
0.36836
0.381785
0.390959
0.39548
0.396739
-0.383936
-0.373799
-0.338147
-0.285515
-0.225087
-0.16001
-0.0909871
-0.0186359
0.0562567
0.132675
0.205681
0.264266
0.306194
0.33706
0.360298
0.378049
0.391502
0.40069
0.405198
0.40649
-0.414323
-0.404224
-0.367395
-0.312325
-0.248833
-0.180185
-0.107155
-0.0304555
0.0490418
0.130153
0.207516
0.269269
0.313054
0.344916
0.368615
0.386534
0.399992
0.409197
0.413728
0.414897
-0.442258
-0.432165
-0.394364
-0.337225
-0.271121
-0.19937
-0.122801
-0.0421716
0.0415606
0.127103
0.208652
0.273488
0.319147
0.352069
0.376313
0.394457
0.407975
0.417169
0.421725
0.422728
-0.468506
-0.458391
-0.419744
-0.360824
-0.292409
-0.21791
-0.138192
-0.0540194
0.0336119
0.123334
0.208972
0.277024
0.324749
0.358902
0.383804
0.402258
0.415885
0.425065
0.42961
0.430516
-0.493527
-0.48338
-0.44397
-0.383479
-0.313001
-0.236072
-0.153546
-0.0661685
0.0250604
0.118773
0.208558
0.279996
0.329969
0.365547
0.391282
0.410179
0.424006
0.433208
0.437721
0.438599
-0.51771
-0.507453
-0.467252
-0.405462
-0.333127
-0.254028
-0.16898
-0.0786972
0.0158751
0.113421
0.207316
0.28232
0.334819
0.372075
0.398865
0.41837
0.432509
0.441791
0.446195
0.447064
-0.541228
-0.530789
-0.489941
-0.426883
-0.352881
-0.271858
-0.184551
-0.0916348
0.00600678
0.107156
0.205115
0.283901
0.339271
0.378517
0.406595
0.426882
0.44144
0.450847
0.455148
0.455982
-0.56411
-0.553477
-0.512051
-0.447806
-0.372337
-0.289601
-0.200291
-0.105022
-0.00460328
0.0999114
0.201887
0.284625
0.343189
0.384791
0.414437
0.435698
0.450787
0.46035
0.464537
0.465257
-0.586488
-0.575616
-0.533575
-0.46826
-0.391504
-0.307258
-0.21618
-0.118839
-0.0159279
0.0917033
0.197538
0.284347
0.346412
0.390761
0.422326
0.444779
0.460493
0.47021
0.474251
0.474836
-0.608284
-0.597179
-0.554547
-0.488257
-0.41035
-0.32478
-0.232162
-0.133016
-0.0279035
0.0825262
0.191999
0.282904
0.348757
0.396275
0.430178
0.454092
0.470517
0.480342
0.484179
0.484589
-0.629515
-0.618157
-0.574932
-0.507766
-0.428836
-0.342117
-0.248173
-0.147469
-0.0404698
0.072415
0.185236
0.280145
0.349972
0.401109
0.437885
0.463642
0.480847
0.490615
0.49409
0.494307
-0.650036
-0.638491
-0.594681
-0.526733
-0.446907
-0.359188
-0.264134
-0.162123
-0.0535364
0.0614535
0.17724
0.275946
0.349808
0.404937
0.445251
0.473485
0.491621
0.500983
0.503773
0.50374
-0.66994
-0.658129
-0.61377
-0.545125
-0.464515
-0.375945
-0.279951
-0.176883
-0.0669943
0.0497445
0.168051
0.270218
0.348025
0.407361
0.451917
0.483666
0.503337
0.511804
0.51307
0.512584
-0.689102
-0.677028
-0.632172
-0.562892
-0.481584
-0.392306
-0.295541
-0.191621
-0.0807212
0.0373783
0.157753
0.262916
0.344418
0.407903
0.457232
0.493913
0.516801
0.524585
0.522657
0.52048
-0.707549
-0.695257
-0.64984
-0.579983
-0.498076
-0.408205
-0.310818
-0.206255
-0.0945976
0.0245162
0.146468
0.254039
0.338867
0.406108
0.460153
0.50309
0.532067
0.542421
0.53732
0.526016
-0.725216
-0.712753
-0.666883
-0.596542
-0.514192
-0.423916
-0.326115
-0.221189
-0.109087
0.0106201
0.133596
0.242914
0.330679
0.401276
0.459086
0.508789
0.546721
0.563874
0.560586
0.550285
-0.742077
-0.72941
-0.683313
-0.612534
-0.529923
-0.439442
-0.341409
-0.236429
-0.12421
-0.00438524
0.119014
0.229292
0.319276
0.392787
0.451719
0.504806
0.547312
0.568549
0.542691
0.481264
-0.757912
-0.744513
-0.699043
-0.627935
-0.545408
-0.454908
-0.356741
-0.251852
-0.139888
-0.0203991
0.102737
0.213117
0.303983
0.380416
0.437552
0.481243
0.520517
0.522029
0.466836
0.395897
-0.772917
-0.759229
-0.71391
-0.642229
-0.560324
-0.46985
-0.372311
-0.267397
-0.15597
-0.0372369
0.0848414
0.194333
0.284037
0.365276
0.417731
0.467845
0.449455
0.4171
0.345414
0.269988
-0.757839
-0.74022
-0.693035
-0.618516
-0.53209
-0.438346
-0.336059
-0.228728
-0.114858
0.00654059
0.122021
0.2183
0.29912
0.383049
0.448602
0.362418
0.316928
0.252791
0.173464
0.120189
-0.781614
-0.764453
-0.730472
-0.664848
-0.583263
-0.493447
-0.396002
-0.292026
-0.181882
-0.0651676
0.0538627
0.159924
0.24491
0.32021
0.389817
0.392886
0.271728
0.181833
0.114403
0.0212959
-0.799839
-0.784284
-0.744119
-0.677161
-0.595384
-0.506217
-0.41003
-0.307148
-0.198312
-0.0835388
0.0329469
0.135743
0.216969
0.27949
0.304839
0.233864
0.0759864
-0.0312535
-0.11547
-0.216034
-0.818479
-0.806342
-0.761568
-0.693349
-0.61155
-0.522354
-0.426377
-0.324069
-0.216478
-0.103743
0.00919707
0.106717
0.180916
0.22818
0.202977
0.0601928
-0.116587
-0.252062
-0.367946
-0.525443
-0.839991
-0.827318
-0.780733
-0.711479
-0.629525
-0.540365
-0.444658
-0.343168
-0.237008
-0.126658
-0.0177482
0.0739007
0.139795
0.168584
0.100937
-0.109024
-0.32502
-0.505385
-0.676744
-0.910165
-0.860276
-0.847904
-0.800348
-0.730048
-0.647762
-0.558704
-0.463502
-0.363057
-0.258559
-0.150938
-0.0464498
0.038835
0.0957869
0.098149
-0.0278531
-0.271172
-0.528579
-0.782069
-0.995747
-1.48321
-0.880128
-0.868322
-0.820484
-0.74943
-0.666894
-0.577905
-0.483212
-0.383813
-0.281077
-0.17639
-0.0766417
0.00175424
0.049252
0.0126433
-0.164401
-0.416087
-0.688866
-0.960831
-1.19792
-1.60752
-0.900499
-0.889124
-0.841289
-0.769836
-0.687163
-0.598237
-0.504014
-0.405632
-0.304701
-0.203093
-0.108307
-0.0371774
-0.00148184
-0.0701351
-0.288829
-0.534487
-0.788337
-1.01166
-1.10978
-1.1485
-0.921898
-0.910807
-0.863045
-0.791495
-0.70886
-0.620137
-0.526518
-0.429351
-0.330524
-0.232461
-0.143234
-0.0801473
-0.0591375
-0.15344
-0.402153
-0.63461
-0.845755
-1.00001
-1.04398
-1.05963
-0.944375
-0.93356
-0.885909
-0.814365
-0.731863
-0.643491
-0.550649
-0.454907
-0.358506
-0.264464
-0.181413
-0.12687
-0.122308
-0.258439
-0.503564
-0.724337
-0.907928
-0.998203
-1.02216
-1.02428
-0.968103
-0.957382
-0.910003
-0.83838
-0.756097
-0.668209
-0.576299
-0.482204
-0.388527
-0.298911
-0.222752
-0.176535
-0.200144
-0.368304
-0.597593
-0.80905
-0.960235
-1.006
-1.00438
-1.00566
-0.99285
-0.982248
-0.934995
-0.863439
-0.78144
-0.694141
-0.603321
-0.511067
-0.420379
-0.335597
-0.266875
-0.228955
-0.280748
-0.47596
-0.685267
-0.880849
-0.994338
-1.00309
-0.996707
-0.994108
-1.01824
-1.0078
-0.960541
-0.889325
-0.807662
-0.721066
-0.631465
-0.54122
-0.453738
-0.374154
-0.313048
-0.285118
-0.357934
-0.582904
-0.766595
-0.917407
-0.978748
-0.981217
-0.981999
-0.980771
-1.04373
-1.0336
-0.9865
-0.91565
-0.834426
-0.748615
-0.660329
-0.572222
-0.488074
-0.41397
-0.360607
-0.344001
-0.434076
-0.684771
-0.866286
-0.897077
-0.955564
-0.966648
-0.970758
-0.9743
-1.06878
-1.0589
-1.01241
-0.941873
-0.861219
-0.776265
-0.689379
-0.60345
-0.522672
-0.454019
-0.408854
-0.401014
-0.519723
-0.783206
-1.03745
-1.00062
-0.972544
-1.00198
-1.00192
-1.00165
-1.09252
-1.08301
-1.03728
-0.967438
-0.887376
-0.803334
-0.717864
-0.634034
-0.556544
-0.492847
-0.456401
-0.455539
-0.613799
-0.886556
-1.28612
-1.78053
-1.48637
-1.24438
-1.15391
-1.12996
-1.11382
-1.10486
-1.06009
-0.99127
-0.912094
-0.829014
-0.744842
-0.66288
-0.588312
-0.52877
-0.500927
-0.508394
-0.690199
-0.948278
-1.19562
-1.41323
-1.39416
-1.40363
-1.35879
-1.33502
-1.13162
-1.12328
-1.08004
-1.01238
-0.934315
-0.852264
-0.76926
-0.688745
-0.616157
-0.560141
-0.537955
-0.554717
-0.726318
-0.828176
-0.462935
-0.0192242
-0.688434
-1.24904
-1.35311
-1.35642
-1.14456
-1.13696
-1.09585
-1.02983
-0.952935
-0.871905
-0.789895
-0.710197
-0.63819
-0.58402
-0.562166
-0.592995
-0.824464
-1.07351
-1.22121
-1.48971
-1.89641
-1.83591
-1.58517
-1.49142
-1.15142
-1.14477
-1.10636
-1.04249
-0.96693
-0.886843
-0.805432
-0.725798
-0.652828
-0.596186
-0.575058
-0.620332
-0.984448
-1.77563
-2.94007
-3.69859
-3.98124
-3.69248
-3.14912
-2.76561
-1.15045
-1.14482
-1.11115
-1.04944
-0.975353
-0.896144
-0.814869
-0.734239
-0.658463
-0.594706
-0.562285
-0.591226
-0.97968
-1.75651
-2.78446
-3.56731
-3.76028
-3.4684
-3.01989
-2.68974
-1.14123
-1.1372
-1.10868
-1.05026
-0.977598
-0.899288
-0.817626
-0.735066
-0.654194
-0.579109
-0.516659
-0.493282
-0.58332
-0.894617
-1.10036
-1.14187
-0.931699
-0.594503
-0.292871
-0.113238
-1.12396
-1.12101
-1.09828
-1.04475
-0.97387
-0.895963
-0.813894
-0.728932
-0.641619
-0.549936
-0.45473
-0.357271
-0.203533
0.095024
0.539879
1.06811
1.58471
1.97812
2.21333
2.3114
-1.09959
-1.09772
-1.08116
-1.03314
-0.963971
-0.886616
-0.804549
-0.717758
-0.624878
-0.521189
-0.402607
-0.25807
-0.0849206
0.309314
0.987554
1.67785
2.23423
2.59031
2.76481
2.81987
-1.06919
-1.06826
-1.05639
-1.01493
-0.948116
-0.87187
-0.790742
-0.704881
-0.610867
-0.50198
-0.371954
-0.237722
-0.104976
0.182168
0.769527
1.33151
1.77585
2.0644
2.21965
2.28315
-1.03105
-1.03089
-1.02338
-0.98772
-0.924905
-0.85102
-0.774199
-0.693187
-0.603267
-0.495903
-0.366706
-0.241318
-0.143309
-0.00232835
0.40025
0.793674
1.10856
1.32573
1.45842
1.52669
-0.975325
-0.975347
-0.970623
-0.94269
-0.88782
-0.822045
-0.75402
-0.682981
-0.603972
-0.505365
-0.376637
-0.245784
-0.148348
-0.058065
0.177098
0.426851
0.622085
0.759432
0.840802
0.887218
-0.891708
-0.891932
-0.88826
-0.869463
-0.830977
-0.782107
-0.730308
-0.675333
-0.611906
-0.527664
-0.401592
-0.260373
-0.141092
-0.0550236
0.0988241
0.248435
0.367272
0.450682
0.500277
0.519777
-0.810091
-0.809678
-0.806033
-0.795241
-0.772719
-0.742837
-0.710033
-0.674698
-0.631373
-0.565437
-0.458118
-0.309273
-0.168554
-0.077158
-0.00616406
0.0795117
0.155486
0.213037
0.244563
0.255215
-0.755462
-0.754713
-0.752072
-0.74653
-0.735835
-0.721114
-0.706131
-0.693052
-0.6795
-0.648996
-0.582303
-0.436596
-0.269295
-0.172398
-0.132989
-0.0772519
-0.0164401
0.0326062
0.0632102
0.0746272
-0.731321
-0.730936
-0.729985
-0.728252
-0.725171
-0.7226
-0.725053
-0.73855
-0.770414
-0.820022
-0.846599
-0.724731
-0.506129
-0.37852
-0.327012
-0.245851
-0.17253
-0.113012
-0.0777386
-0.0671239
-0.720445
-0.72074
-0.721707
-0.723401
-0.727123
-0.736494
-0.758447
-0.806019
-0.905366
-1.09331
-1.29952
-1.216
-0.896577
-0.676245
-0.573147
-0.458778
-0.3443
-0.256027
-0.20594
-0.197559
-0.703156
-0.704143
-0.706908
-0.711952
-0.721917
-0.742733
-0.784246
-0.868757
-1.04938
-1.41649
-1.89
-1.87251
-1.41299
-1.04062
-0.853782
-0.676087
-0.519549
-0.406677
-0.351909
-0.346582
-0.663948
-0.665531
-0.669472
-0.676706
-0.691105
-0.719586
-0.775155
-0.882769
-1.12325
-1.61978
-2.26206
-2.30401
-1.76829
-1.32938
-1.08393
-0.856292
-0.695572
-0.601724
-0.566202
-0.560618
-0.594636
-0.596389
-0.6004
-0.608063
-0.622814
-0.651608
-0.706799
-0.817794
-1.05719
-1.55128
-2.15277
-2.14217
-1.70784
-1.37143
-1.12454
-0.933879
-0.832173
-0.79655
-0.78186
-0.772078
-0.498069
-0.499594
-0.502735
-0.508811
-0.520625
-0.543548
-0.587295
-0.674526
-0.860415
-1.24153
-1.68483
-1.68162
-1.41784
-1.17769
-0.966395
-0.860741
-0.835723
-0.844451
-0.840128
-0.831351
-0.386482
-0.387521
-0.389317
-0.392922
-0.400057
-0.414014
-0.440481
-0.492477
-0.601169
-0.823784
-1.09139
-1.10062
-0.95446
-0.786164
-0.679782
-0.659113
-0.693324
-0.714502
-0.717297
-0.713957
-0.2757
-0.276224
-0.276775
-0.278112
-0.280923
-0.286606
-0.297368
-0.318055
-0.360062
-0.444435
-0.558867
-0.558712
-0.466803
-0.412731
-0.416303
-0.468305
-0.505702
-0.522455
-0.526887
-0.527535
-0.178772
-0.178914
-0.178636
-0.178567
-0.178603
-0.178865
-0.179485
-0.180771
-0.18366
-0.188129
-0.177987
-0.161277
-0.138553
-0.182386
-0.245022
-0.298709
-0.327704
-0.340603
-0.346314
-0.348199
-0.102528
-0.102464
-0.101846
-0.101235
-0.100128
-0.0980206
-0.0941614
-0.0873416
-0.0757844
-0.0565862
-0.0300557
-0.0131912
-0.0244233
-0.079494
-0.134586
-0.172504
-0.193524
-0.203042
-0.207972
-0.210271
-0.0478215
-0.0476885
-0.0470619
-0.0464645
-0.045295
-0.042847
-0.0382406
-0.0301658
-0.0170246
0.00234154
0.0224479
0.0257331
0.00773804
-0.0310145
-0.067896
-0.0928518
-0.106727
-0.113595
-0.11725
-0.119064
-0.0117157
-0.0115908
-0.0111087
-0.0107605
-0.0099781
-0.00811598
-0.0044128
0.0020392
0.0121159
0.0256418
0.0366812
0.0334047
0.0164711
-0.00844025
-0.0310797
-0.046648
-0.0555654
-0.0601525
-0.0626022
-0.063807
0.0101461
0.0102351
0.0105413
0.0106253
0.0109509
0.0120211
0.0144279
0.0187249
0.0252232
0.0331494
0.0378211
0.0324021
0.0191782
0.00318051
-0.0106904
-0.0203904
-0.0261687
-0.0292409
-0.0308424
-0.0315926
0.0219609
0.0220132
0.0221687
0.0220639
0.0220163
0.022412
0.0236683
0.0260852
0.0297134
0.0337083
0.0347698
0.0292742
0.0196742
0.00929687
0.000588075
-0.00560072
-0.0094481
-0.0115587
-0.0126242
-0.0130933
0.0270993
0.0271244
0.0271767
0.0269627
0.026678
0.0266149
0.027052
0.0281377
0.0297984
0.0313344
0.0306185
0.025851
0.0190211
0.0121601
0.00651997
0.00244978
-0.000178858
-0.00166097
-0.00238391
-0.00268285
0.0279873
0.0279953
0.0279883
0.0277328
0.027327
0.0270068
0.0269402
0.0271984
0.0276812
0.027854
0.0263825
0.0224769
0.0176075
0.012973
0.00921212
0.00646084
0.00462822
0.00357231
0.00307236
0.00287899
0.0262631
0.026262
0.0262265
0.0259707
0.0255363
0.0251004
0.0247655
0.0245588
0.0243869
0.0238771
0.0222229
0.0191419
0.0156588
0.0124705
0.00990566
0.00800895
0.00671553
0.00595877
0.00560965
0.00548054
0.0229836
0.0229784
0.0229348
0.022705
0.0222994
0.0218462
0.0214101
0.020998
0.0205347
0.0197659
0.0182143
0.0158426
0.0133502
0.0111349
0.00936333
0.0080418
0.00712475
0.00658271
0.00633839
0.00625558
0.0188022
0.018796
0.0187556
0.0185651
0.0182161
0.0178061
0.0173727
0.0169168
0.0163829
0.0156045
0.0143052
0.0125447
0.01079
0.00926276
0.00804551
0.00713008
0.00648573
0.00610235
0.00593387
0.0058776
0.0141048
0.014099
0.0140673
0.0139207
0.0136438
0.0133108
0.0129463
0.0125497
0.0120819
0.0114382
0.0104635
0.00923883
0.0080619
0.00705126
0.00624487
0.00563142
0.00519216
0.004929
0.00481675
0.00478051
0.00911112
0.00910609
0.00908415
0.00898204
0.00878606
0.00855371
0.00830142
0.00802701
0.00770523
0.00727573
0.00665814
0.00591556
0.00521794
0.00462298
0.00414535
0.00377438
0.00350007
0.00333283
0.00326324
0.00324058
0.00134552
0.00136222
0.00139175
0.00138856
0.00134818
0.00129735
0.00124325
0.00118141
0.00110564
0.0010052
0.00087968
0.000754246
0.000645671
0.000556396
0.000485556
0.000434872
0.000415623
0.000432464
0.000453544
0.00144233
-1.92046
-1.06306
-0.555799
-0.252295
-0.0270072
0.147986
0.287419
0.40464
0.522521
0.618161
-0.674217
-0.425622
-0.20515
-0.0236871
0.127621
0.252872
0.3564
0.441183
0.494592
0.503179
-0.252617
-0.110935
0.0244
0.145238
0.249359
0.33772
0.410376
0.465695
0.501776
0.522513
0.00355721
0.0969774
0.188269
0.272332
0.345991
0.408916
0.460606
0.50101
0.531427
0.552339
0.183489
0.247549
0.313924
0.37499
0.428933
0.475679
0.515094
0.547506
0.573551
0.591754
0.321668
0.367255
0.41915
0.464784
0.506761
0.543929
0.576228
0.603569
0.626052
0.641139
0.434363
0.471538
0.512693
0.550162
0.585344
0.617406
0.645706
0.669832
0.689554
0.701883
0.533599
0.566521
0.602854
0.637489
0.669999
0.69987
0.726237
0.74848
0.766119
0.776078
0.628419
0.662113
0.69877
0.733999
0.766394
0.795629
0.820981
0.841921
0.857838
0.866356
0.732715
0.770796
0.809843
0.8469
0.87964
0.908098
0.932029
0.951431
0.965873
0.974578
0.861149
0.903845
0.943367
0.979707
1.01053
1.03656
1.0584
1.07628
1.08999
1.1003
1.02334
1.06518
1.09922
1.12885
1.15361
1.17534
1.19511
1.21268
1.22755
1.24033
1.21408
1.24502
1.2666
1.2859
1.30408
1.32142
1.33773
1.35364
1.37023
1.38721
1.41232
1.42381
1.43496
1.44914
1.46349
1.47638
1.48783
1.49876
1.51172
1.52863
1.59831
1.60825
1.61695
1.6194
1.62025
1.62457
1.63547
1.65148
1.66914
1.67376
1.89941
1.84405
1.79326
1.75302
1.7307
1.72672
1.74021
1.77402
1.83049
1.90606
0.44411
0.385417
0.342947
0.309095
0.284444
0.266894
0.254382
0.245441
0.239297
0.235736
0.235193
0.237858
0.243109
0.250886
0.261684
0.276646
0.297592
0.32664
0.365364
0.413169
0.245649
0.254414
0.259961
0.260789
0.257315
0.25128
0.244852
0.23936
0.235457
0.233679
0.234661
0.238052
0.243153
0.249475
0.25612
0.261301
0.262869
0.259596
0.252186
0.244514
0.222669
0.224703
0.229322
0.232858
0.235393
0.236837
0.236557
0.234812
0.232586
0.230921
0.230761
0.232363
0.234867
0.237303
0.238632
0.238171
0.236215
0.23333
0.229229
0.224822
0.215731
0.216601
0.219114
0.221875
0.223934
0.225337
0.226346
0.226799
0.226617
0.226249
0.226401
0.227243
0.228096
0.228351
0.227853
0.226841
0.225288
0.222931
0.220202
0.218203
0.210065
0.210529
0.211971
0.214076
0.216099
0.217744
0.218929
0.219826
0.220501
0.220971
0.221384
0.221721
0.221749
0.221396
0.22069
0.219511
0.217807
0.215804
0.214029
0.212977
0.204912
0.205197
0.206179
0.207781
0.209552
0.211292
0.212824
0.214048
0.215033
0.215851
0.216428
0.216628
0.216436
0.215866
0.214863
0.213479
0.211896
0.210325
0.209061
0.208402
0.200026
0.200218
0.200982
0.202347
0.20394
0.20558
0.207223
0.20874
0.210017
0.211037
0.211746
0.211979
0.21169
0.210924
0.20979
0.20847
0.207092
0.205745
0.204731
0.204267
0.195513
0.195647
0.19627
0.197503
0.199018
0.200575
0.202149
0.203736
0.205235
0.206507
0.207386
0.207651
0.207316
0.206542
0.205528
0.204371
0.203119
0.2019
0.201051
0.20071
0.191333
0.191422
0.191934
0.193052
0.194479
0.195978
0.197488
0.198993
0.200483
0.201899
0.202968
0.203383
0.203235
0.202711
0.201905
0.200897
0.199776
0.198702
0.197992
0.197748
0.187642
0.187688
0.188104
0.189158
0.19055
0.192025
0.193587
0.195206
0.196825
0.19836
0.19963
0.200316
0.200373
0.199959
0.199231
0.198345
0.197342
0.196358
0.19576
0.19561
0.184713
0.184734
0.18501
0.185814
0.186961
0.188199
0.189525
0.190987
0.192605
0.194318
0.195864
0.196849
0.197237
0.19723
0.19694
0.196427
0.195759
0.195093
0.19473
0.194656
0.182068
0.182083
0.182265
0.182796
0.183655
0.184708
0.185961
0.187448
0.189149
0.191039
0.192918
0.194311
0.195086
0.195373
0.195388
0.195215
0.194947
0.194668
0.194531
0.194488
0.178947
0.178967
0.179112
0.179483
0.180117
0.181005
0.182159
0.183659
0.185529
0.187745
0.190065
0.191921
0.193106
0.193834
0.194172
0.194389
0.194473
0.194501
0.194495
0.194464
0.174944
0.174957
0.175103
0.175458
0.176044
0.176885
0.178105
0.179751
0.181863
0.184475
0.187348
0.18978
0.191445
0.192576
0.19332
0.193807
0.194154
0.194346
0.194396
0.194378
0.17011
0.170121
0.170268
0.170693
0.171374
0.172358
0.173767
0.175711
0.178248
0.181416
0.18498
0.188083
0.1903
0.191828
0.192887
0.193603
0.194095
0.194341
0.194423
0.194424
0.164549
0.164558
0.164714
0.165224
0.166132
0.167236
0.168972
0.171301
0.174346
0.178228
0.182668
0.186613
0.189495
0.19154
0.192947
0.193923
0.194506
0.194811
0.194942
0.194963
0.158307
0.158312
0.158479
0.159057
0.160157
0.161663
0.163678
0.166527
0.17026
0.175047
0.180569
0.185549
0.189227
0.191854
0.193681
0.194918
0.195654
0.196068
0.196265
0.196301
0.151219
0.151221
0.151437
0.152062
0.153306
0.155169
0.157731
0.161173
0.165791
0.171733
0.178617
0.18485
0.189492
0.192807
0.195144
0.196715
0.197701
0.198278
0.198553
0.1986
0.142927
0.142932
0.143185
0.143969
0.145427
0.147639
0.150767
0.155083
0.160856
0.168273
0.176856
0.184625
0.190399
0.194587
0.197518
0.199507
0.200797
0.20157
0.201927
0.201982
0.132897
0.132904
0.133224
0.134187
0.13599
0.13874
0.142655
0.148077
0.155331
0.164627
0.175324
0.184954
0.192127
0.197314
0.200947
0.20344
0.205084
0.206073
0.206518
0.206583
0.120604
0.120615
0.121037
0.122276
0.124562
0.128055
0.133034
0.139926
0.149117
0.160792
0.174089
0.185977
0.194801
0.201154
0.205631
0.208719
0.210773
0.212005
0.212552
0.212628
0.105235
0.105251
0.105812
0.107459
0.110484
0.115056
0.12153
0.130426
0.142137
0.156796
0.173253
0.187814
0.198565
0.20631
0.211784
0.215581
0.218122
0.21964
0.220301
0.220393
0.0856407
0.0856644
0.0864439
0.088738
0.0928924
0.099067
0.107688
0.119326
0.13433
0.152712
0.172951
0.190631
0.203619
0.212984
0.219635
0.224284
0.227423
0.229311
0.230117
0.230216
0.0600652
0.060108
0.0612671
0.0646412
0.0706101
0.0792391
0.0910119
0.106448
0.12574
0.14869
0.173356
0.194592
0.210122
0.221354
0.229393
0.235072
0.238946
0.24128
0.24226
0.242367
0.0254248
0.0255151
0.0274691
0.0329317
0.0421389
0.0547412
0.0712271
0.0918692
0.116602
0.144993
0.17469
0.199859
0.218194
0.231528
0.24119
0.24813
0.252944
0.255861
0.257053
0.257157
-0.0242084
-0.0238098
-0.0193912
-0.00917118
0.00607506
0.0252151
0.0485399
0.076024
0.107374
0.141996
0.177188
0.206545
0.227864
0.243483
0.254988
0.263452
0.269485
0.273219
0.274724
0.274818
-0.0968136
-0.0940251
-0.081535
-0.0612538
-0.0362774
-0.00792406
0.0240938
0.0596841
0.098524
0.140018
0.181214
0.215211
0.23996
0.258322
0.272167
0.282743
0.290651
0.295822
0.29808
0.298394
-0.174062
-0.166791
-0.144667
-0.11398
-0.0789871
-0.0412283
-0.000429982
0.0433931
0.0900168
0.138964
0.187128
0.226916
0.256174
0.278264
0.295337
0.308795
0.319283
0.326767
0.330734
0.33136
-0.237759
-0.230618
-0.201552
-0.162463
-0.119078
-0.0727851
-0.0237142
0.0280243
0.0821728
0.138259
0.192948
0.237974
0.271147
0.296336
0.315938
0.331458
0.343568
0.352698
0.356703
0.357412
-0.28923
-0.281562
-0.248781
-0.204165
-0.15445
-0.101316
-0.0452321
0.0135163
0.0745322
0.137221
0.197864
0.247457
0.283803
0.311275
0.332544
0.34932
0.362424
0.372052
0.37642
0.377379
-0.331489
-0.323592
-0.288578
-0.239868
-0.18519
-0.126619
-0.0647336
3.44463e-05
0.0670967
0.13571
0.201671
0.255193
0.294056
0.323142
0.345451
0.362894
0.376453
0.386133
0.390883
0.39191
-0.367476
-0.359459
-0.322981
-0.271153
-0.212402
-0.149329
-0.0825319
-0.0125523
0.0598679
0.133796
0.204558
0.261517
0.302468
0.332786
0.355772
0.373503
0.387144
0.396742
0.401616
0.402708
-0.399171
-0.391103
-0.3536
-0.299196
-0.237119
-0.170209
-0.0991214
-0.0245414
0.0526997
0.131495
0.206698
0.266882
0.30976
0.341134
0.364605
0.382473
0.396084
0.405587
0.410522
0.411675
-0.428
-0.419867
-0.381526
-0.324947
-0.260078
-0.189835
-0.11499
-0.0362817
0.0453741
0.128732
0.208202
0.271494
0.316199
0.348583
0.372543
0.390596
0.40419
0.413635
0.418529
0.419751
-0.454802
-0.446612
-0.407536
-0.349127
-0.281828
-0.208671
-0.130484
-0.0480397
0.037679
0.125339
0.20893
0.275343
0.322
0.355525
0.380091
0.398397
0.412058
0.421434
0.426201
0.427521
-0.480238
-0.471965
-0.432255
-0.372219
-0.302739
-0.226995
-0.14584
-0.060028
0.0294366
0.121168
0.208879
0.278608
0.327417
0.362243
0.387546
0.406224
0.420015
0.429374
0.434017
0.435338
-0.504665
-0.496286
-0.455971
-0.394515
-0.323085
-0.245045
-0.161228
-0.0723626
0.0205653
0.116219
0.208065
0.281263
0.332471
0.368842
0.395074
0.414268
0.428296
0.437693
0.44222
0.443428
-0.528355
-0.519835
-0.478811
-0.416214
-0.34302
-0.262935
-0.176727
-0.0850939
0.0110466
0.110424
0.206355
0.283221
0.337123
0.375341
0.402734
0.422614
0.436989
0.446462
0.450896
0.451942
-0.551381
-0.54272
-0.501214
-0.437383
-0.362623
-0.280719
-0.192385
-0.0982567
0.000809004
0.103668
0.203647
0.284394
0.341312
0.381695
0.410522
0.431277
0.446115
0.455708
0.460063
0.460925
-0.573861
-0.564994
-0.523007
-0.458073
-0.381937
-0.298428
-0.208207
-0.111867
-0.0101653
0.0959388
0.199869
0.284633
0.344911
0.387828
0.418392
0.440228
0.455638
0.46535
0.46958
0.470296
-0.595798
-0.586806
-0.544222
-0.478304
-0.400952
-0.316025
-0.22415
-0.125873
-0.0218291
0.0872404
0.194928
0.283788
0.347725
0.393604
0.426276
0.449426
0.465501
0.475324
0.479356
0.479903
-0.61719
-0.608026
-0.564888
-0.498065
-0.419628
-0.333461
-0.240162
-0.140202
-0.0341122
0.0775926
0.18878
0.281704
0.349528
0.398808
0.434071
0.458854
0.475672
0.485529
0.489261
0.489614
-0.637955
-0.628643
-0.584943
-0.517312
-0.437917
-0.350682
-0.256155
-0.154773
-0.04694
0.0670443
0.181398
0.278241
0.350088
0.40318
0.441637
0.46854
0.486185
0.495831
0.499064
0.49919
-0.658063
-0.648598
-0.604349
-0.536002
-0.455762
-0.367608
-0.272056
-0.169491
-0.0602179
0.0556941
0.172795
0.273284
0.349143
0.406362
0.448711
0.478557
0.497341
0.506323
0.508533
0.508337
-0.677483
-0.667866
-0.623091
-0.554088
-0.473111
-0.384167
-0.287774
-0.184252
-0.0738283
0.0436366
0.163042
0.266771
0.346467
0.407904
0.4548
0.488845
0.509839
0.517825
0.517747
0.516746
-0.69617
-0.686391
-0.641129
-0.571526
-0.489903
-0.400308
-0.303225
-0.198958
-0.0876504
0.0310009
0.152225
0.258679
0.3419
0.407325
0.459062
0.498779
0.524334
0.532759
0.528916
0.525196
-0.714137
-0.704223
-0.65846
-0.588318
-0.506159
-0.416049
-0.318433
-0.213645
-0.101715
0.0177553
0.140288
0.248821
0.33518
0.404141
0.460259
0.506686
0.540017
0.554237
0.550202
0.532607
-0.731426
-0.721322
-0.675208
-0.604625
-0.522105
-0.431697
-0.333766
-0.228768
-0.116571
0.00325019
0.126519
0.236422
0.325427
0.397522
0.456255
0.508408
0.550479
0.565862
0.566821
0.51779
-0.748303
-0.737295
-0.691317
-0.62033
-0.537656
-0.447158
-0.34905
-0.244102
-0.131969
-0.0122556
0.111096
0.221534
0.312179
0.387101
0.445393
0.495881
0.537901
0.555793
0.510143
0.440987
-0.765628
-0.751337
-0.706634
-0.635391
-0.553107
-0.462603
-0.364522
-0.259634
-0.147905
-0.0287474
0.0939599
0.204035
0.294594
0.373066
0.428436
0.458299
0.490788
0.476482
0.411237
0.338257
-0.782457
-0.786085
-0.724503
-0.64747
-0.565718
-0.475384
-0.379616
-0.274747
-0.163687
-0.0454866
0.0757399
0.184334
0.272758
0.357997
0.394204
0.377966
0.4001
0.348782
0.273069
0.194273
-0.75805
-0.757189
-0.700475
-0.625106
-0.538782
-0.445246
-0.345183
-0.238207
-0.124924
-0.00440892
0.10982
0.204828
0.282498
0.363766
0.402219
0.301045
0.217281
0.149894
0.0708926
-0.0952934
-0.796904
-0.772055
-0.712602
-0.636449
-0.550442
-0.457382
-0.358032
-0.251958
-0.140051
-0.0217388
0.0890334
0.179957
0.250687
0.303562
0.279651
0.147938
0.016853
-0.0730467
-0.167384
-0.357284
-0.819516
-0.78976
-0.730028
-0.653776
-0.568116
-0.475403
-0.376121
-0.271098
-0.160912
-0.0454323
0.0612469
0.146635
0.208794
0.231877
0.153444
-0.031695
-0.190182
-0.307995
-0.443659
-0.713273
-0.84134
-0.809157
-0.748535
-0.671691
-0.586044
-0.493524
-0.39479
-0.290957
-0.182689
-0.070399
0.0314438
0.110278
0.160841
0.15063
0.00262989
-0.218365
-0.42066
-0.586603
-0.786701
-1.23215
-0.861831
-0.828985
-0.767523
-0.689982
-0.60425
-0.511988
-0.414041
-0.311497
-0.205328
-0.0965615
-0.000193834
0.0715821
0.106468
0.0568928
-0.147807
-0.398259
-0.65661
-0.887332
-1.17906
-1.97262
-0.881802
-0.849176
-0.7872
-0.709187
-0.623359
-0.531382
-0.434197
-0.333007
-0.229107
-0.124135
-0.0336117
0.0304418
0.0484321
-0.044876
-0.287943
-0.550688
-0.82659
-1.08517
-1.31654
-2.25829
-0.902296
-0.869904
-0.807745
-0.729507
-0.643623
-0.551902
-0.45544
-0.355614
-0.25409
-0.153102
-0.0686343
-0.0132913
-0.013516
-0.162986
-0.408744
-0.663526
-0.906995
-1.08193
-1.11885
-1.18113
-0.923702
-0.891582
-0.829407
-0.751171
-0.665374
-0.574045
-0.478452
-0.380234
-0.281458
-0.185046
-0.107189
-0.0618243
-0.090206
-0.279113
-0.516265
-0.745958
-0.933525
-1.03721
-1.0517
-1.06238
-0.946293
-0.914345
-0.852251
-0.774092
-0.688516
-0.597723
-0.503205
-0.406858
-0.311191
-0.219942
-0.149118
-0.115621
-0.170888
-0.386162
-0.615743
-0.821682
-0.970935
-1.01464
-1.02334
-1.02395
-0.97009
-0.938073
-0.876254
-0.798183
-0.712937
-0.622839
-0.529578
-0.435344
-0.343163
-0.257604
-0.194412
-0.174484
-0.254104
-0.487881
-0.706331
-0.898255
-0.989712
-1.00169
-1.00501
-1.00534
-0.994924
-0.962837
-0.901225
-0.823363
-0.738521
-0.649243
-0.557407
-0.465513
-0.377166
-0.297717
-0.242966
-0.233157
-0.351166
-0.584782
-0.785252
-0.957652
-1.00719
-0.999519
-0.995149
-0.993401
-1.0203
-0.988378
-0.92697
-0.849377
-0.76504
-0.676698
-0.586436
-0.497079
-0.412835
-0.33979
-0.293943
-0.294771
-0.456378
-0.68437
-0.843135
-0.975562
-0.983659
-0.98213
-0.981551
-0.980009
-1.04587
-1.01428
-0.95303
-0.875872
-0.792139
-0.704829
-0.616251
-0.529572
-0.449556
-0.383312
-0.346232
-0.3666
-0.554702
-0.792769
-0.897793
-0.877691
-0.944031
-0.96677
-0.973095
-0.97462
-1.07082
-1.0398
-0.97909
-0.902384
-0.819308
-0.733096
-0.646262
-0.562322
-0.486467
-0.427428
-0.398715
-0.439139
-0.649845
-0.918709
-1.07536
-0.964506
-0.997065
-1.00262
-1.00136
-1.00105
-1.09457
-1.06421
-1.00434
-0.928209
-0.845855
-0.760812
-0.675681
-0.594376
-0.522474
-0.470466
-0.450634
-0.507966
-0.753374
-1.04569
-1.57071
-1.68694
-1.3424
-1.18305
-1.13965
-1.12183
-1.1158
-1.08661
-1.02763
-0.952523
-0.871011
-0.787081
-0.703535
-0.624484
-0.556211
-0.509812
-0.500376
-0.568531
-0.833971
-1.06198
-1.30011
-1.43541
-1.39268
-1.38973
-1.34506
-1.33022
-1.13343
-1.10582
-1.04816
-0.974213
-0.89375
-0.810889
-0.728601
-0.651187
-0.585717
-0.542711
-0.545097
-0.616452
-0.82136
-0.707254
-0.197604
-0.336208
-1.01707
-1.33829
-1.35567
-1.3561
-1.14619
-1.12055
-1.06485
-0.992296
-0.912881
-0.831025
-0.749691
-0.672982
-0.608298
-0.568071
-0.580155
-0.666962
-0.959744
-1.16184
-1.26866
-1.73302
-1.91561
-1.71438
-1.50906
-1.51306
-1.15282
-1.12969
-1.07654
-1.0057
-0.927367
-0.846325
-0.765323
-0.688311
-0.62177
-0.580268
-0.591123
-0.73827
-1.31816
-2.33823
-3.36407
-3.932
-3.89039
-3.43556
-2.92361
-2.69937
-1.1524
-1.13222
-1.0825
-1.01348
-0.93632
-0.855798
-0.774435
-0.695604
-0.624708
-0.572647
-0.569991
-0.704971
-1.33661
-2.23916
-3.25548
-3.74887
-3.65666
-3.2428
-2.80571
-2.66019
-1.14291
-1.12691
-1.08223
-1.0151
-0.93914
-0.858896
-0.776537
-0.694466
-0.615486
-0.545551
-0.502414
-0.468265
-0.745134
-1.01088
-1.15173
-1.06428
-0.768848
-0.431242
-0.186014
-0.068991
-1.12533
-1.11336
-1.0747
-1.01062
-0.935773
-0.855516
-0.771849
-0.685632
-0.596865
-0.503694
-0.399799
-0.295701
-0.0742548
0.298711
0.798315
1.33314
1.80162
2.11553
2.27711
2.32676
-1.10072
-1.09264
-1.06086
-1.0002
-0.926059
-0.846255
-0.761874
-0.672683
-0.575421
-0.461487
-0.332164
-0.185192
0.0594141
0.626026
1.34086
1.9794
2.43848
2.69723
2.80323
2.82733
-1.07012
-1.06505
-1.03975
-0.983591
-0.910517
-0.832158
-0.748973
-0.659417
-0.5586
-0.437424
-0.305681
-0.169069
-0.00969611
0.460178
1.06181
1.57135
1.93973
2.15649
2.26052
2.2933
-1.03158
-1.02945
-1.00976
-0.958431
-0.888829
-0.8132
-0.734185
-0.649263
-0.552455
-0.432818
-0.299853
-0.18943
-0.108052
0.182781
0.605323
0.961713
1.22981
1.40119
1.50012
1.53809
-0.975238
-0.974667
-0.960463
-0.917531
-0.855621
-0.788223
-0.719011
-0.644682
-0.556934
-0.443129
-0.307179
-0.194818
-0.117408
0.0439566
0.308422
0.530216
0.699365
0.80574
0.867749
0.894848
-0.891868
-0.891147
-0.881424
-0.852178
-0.807245
-0.756668
-0.704065
-0.646358
-0.573381
-0.467108
-0.329864
-0.199451
-0.0971926
0.00934343
0.176675
0.312145
0.413464
0.479403
0.513727
0.520781
-0.810154
-0.808395
-0.801852
-0.785036
-0.758382
-0.726754
-0.693135
-0.655661
-0.604468
-0.517553
-0.384548
-0.237816
-0.114246
-0.0394547
0.034503
0.12004
0.187176
0.231781
0.251955
0.2555
-0.755322
-0.753627
-0.74979
-0.741923
-0.728743
-0.71342
-0.699086
-0.686401
-0.670082
-0.62766
-0.513507
-0.351061
-0.204677
-0.150138
-0.108228
-0.0456296
0.010225
0.0500317
0.0716265
0.0731059
-0.73121
-0.730518
-0.729267
-0.726863
-0.723601
-0.722851
-0.729791
-0.751123
-0.793338
-0.848359
-0.805947
-0.613853
-0.422995
-0.355035
-0.291171
-0.208829
-0.140281
-0.0920986
-0.0693849
-0.0700416
-0.720509
-0.721141
-0.722445
-0.724847
-0.73079
-0.745343
-0.777851
-0.846693
-0.986024
-1.21014
-1.31055
-1.05827
-0.765964
-0.620475
-0.51731
-0.399214
-0.295718
-0.225688
-0.197049
-0.20007
-0.703451
-0.705292
-0.709058
-0.716137
-0.730573
-0.760028
-0.818954
-0.942089
-1.20562
-1.67024
-1.97374
-1.66013
-1.19947
-0.940061
-0.76853
-0.593127
-0.45612
-0.371284
-0.34562
-0.349381
-0.664506
-0.667169
-0.672518
-0.682695
-0.703044
-0.7429
-0.816808
-0.97981
-1.3325
-1.97047
-2.40016
-2.05943
-1.51392
-1.19597
-0.962043
-0.768983
-0.641119
-0.577718
-0.56143
-0.562567
-0.595312
-0.59806
-0.603606
-0.614278
-0.634967
-0.674775
-0.75241
-0.91481
-1.26612
-1.88795
-2.24578
-1.928
-1.5183
-1.2537
-1.01486
-0.871836
-0.808548
-0.788668
-0.775745
-0.771436
-0.498726
-0.500889
-0.505327
-0.513717
-0.530302
-0.561932
-0.623295
-0.749998
-1.02261
-1.49293
-1.75102
-1.55113
-1.29276
-1.0605
-0.905101
-0.837651
-0.840657
-0.844126
-0.835287
-0.829638
-0.387008
-0.388236
-0.390866
-0.395849
-0.405947
-0.425168
-0.462047
-0.536844
-0.695459
-0.974156
-1.13874
-1.03743
-0.86972
-0.722208
-0.658658
-0.675668
-0.706658
-0.717555
-0.715596
-0.712844
-0.276056
-0.276397
-0.277362
-0.279235
-0.28331
-0.291159
-0.306011
-0.335359
-0.395777
-0.505252
-0.577601
-0.515763
-0.427577
-0.402577
-0.441652
-0.489746
-0.51613
-0.525433
-0.52762
-0.527036
-0.178979
-0.178739
-0.178629
-0.178543
-0.1787
-0.17912
-0.180009
-0.181944
-0.185934
-0.186969
-0.171209
-0.138042
-0.155601
-0.213987
-0.274314
-0.315997
-0.33559
-0.344293
-0.347582
-0.348173
-0.102635
-0.102148
-0.101604
-0.100749
-0.0992341
-0.0963686
-0.0912098
-0.0822919
-0.0673652
-0.0433406
-0.0209091
-0.0107364
-0.0500747
-0.10893
-0.155823
-0.184731
-0.199112
-0.205899
-0.209437
-0.210458
-0.0478734
-0.047375
-0.0468173
-0.045972
-0.0442731
-0.0408786
-0.0347269
-0.0243225
-0.00811731
0.0134729
0.0266526
0.0203256
-0.0107672
-0.0506501
-0.0819296
-0.100978
-0.110765
-0.115692
-0.118387
-0.119261
-0.0117423
-0.0113469
-0.010956
-0.0104363
-0.00922342
-0.00654177
-0.00158687
0.00659
0.0185584
0.0323753
0.0371528
0.0265019
0.00427283
-0.0204725
-0.0398043
-0.051818
-0.0582491
-0.06156
-0.0633569
-0.0639507
0.0101292
0.0103963
0.0105961
0.0107453
0.0113555
0.0130269
0.016312
0.021705
0.0291364
0.0364742
0.0364641
0.0265144
0.0111651
-0.00420477
-0.0160852
-0.0237123
-0.0279622
-0.0301721
-0.0313152
-0.0316847
0.0219474
0.0221048
0.0221519
0.0220196
0.022128
0.0229152
0.0247198
0.0277674
0.0317765
0.0349465
0.0328144
0.0247988
0.014397
0.00465392
-0.00282647
-0.00778804
-0.0106791
-0.0121876
-0.0129225
-0.013152
0.0270875
0.0271681
0.0271118
0.0268074
0.0265979
0.026761
0.0275116
0.0289176
0.0306632
0.0314424
0.0286806
0.0225699
0.0154974
0.00915232
0.00429089
0.000970121
-0.00104273
-0.00209416
-0.00257533
-0.00272143
0.0279771
0.02801
0.0279
0.0275277
0.0271467
0.0269365
0.0270302
0.0274304
0.0278635
0.0274154
0.0246699
0.0200851
0.0152108
0.0109684
0.00771438
0.00543748
0.00401295
0.00326901
0.0029484
0.00285296
0.0262546
0.0262611
0.0261336
0.0257599
0.0253143
0.024918
0.0246491
0.0244828
0.0242123
0.0232339
0.0208055
0.0174041
0.0140016
0.0111042
0.00887786
0.00729102
0.0062745
0.00574466
0.00552607
0.00546312
0.0229767
0.0229709
0.0228497
0.0225123
0.0220766
0.0216253
0.0212041
0.0207834
0.0202135
0.0191021
0.0170867
0.0145845
0.0121946
0.0101918
0.00864973
0.00753501
0.00680869
0.00643148
0.00628207
0.00624303
0.0187968
0.0187871
0.0186847
0.0184024
0.0180184
0.0175922
0.0171502
0.0166671
0.0160403
0.0150218
0.0134493
0.0116516
0.00999126
0.0086153
0.00755272
0.00677519
0.00626191
0.00599704
0.00589667
0.00586917
0.0141005
0.0140914
0.014013
0.0137935
0.0134837
0.0131325
0.0127542
0.0123297
0.011792
0.0109895
0.00985936
0.00863634
0.00753268
0.00662307
0.0059159
0.00539043
0.00503827
0.0048581
0.00479285
0.0047746
0.00910771
0.00910052
0.0090468
0.00889241
0.00867356
0.00843016
0.00816857
0.00787505
0.00750952
0.00698748
0.0062887
0.00555721
0.00490637
0.00437018
0.00394782
0.00362505
0.00340226
0.00328852
0.00324859
0.00323597
0.00394514
0.00394221
0.00393869
0.00389409
0.00379769
0.00368958
0.00357493
0.00345256
0.00330997
0.00312134
0.00285681
0.00254759
0.00226137
0.0020181
0.00182148
0.00166513
0.00154451
0.00147289
0.00144986
0.00143849
-1.40287
-0.756951
-0.391853
-0.13456
0.064689
0.220308
0.348887
0.460483
0.583868
0.574378
-0.496254
-0.307699
-0.110072
0.0556223
0.193379
0.30699
0.401361
0.473287
0.504483
0.50851
-0.162545
-0.0416796
0.0870335
0.199333
0.29548
0.376052
0.440407
0.48595
0.514345
0.530648
0.0620275
0.143672
0.231605
0.310502
0.378828
0.436187
0.48218
0.517291
0.54394
0.562026
0.225346
0.28351
0.345328
0.402868
0.45322
0.496288
0.532146
0.56125
0.584741
0.602732
0.353007
0.395961
0.442184
0.486374
0.525956
0.560684
0.590532
0.615354
0.635628
0.653219
0.459381
0.492785
0.531699
0.568097
0.601816
0.632051
0.658327
0.680209
0.697664
0.71496
0.554298
0.58474
0.620436
0.654026
0.685322
0.713529
0.737914
0.757874
0.77284
0.78997
0.648061
0.68027
0.716724
0.750552
0.781453
0.808825
0.832036
0.850532
0.863476
0.880764
0.753752
0.790102
0.828888
0.863793
0.894422
0.92064
0.942313
0.959266
0.9711
0.988984
0.884288
0.92362
0.962226
0.995763
1.02409
1.04798
1.06786
1.08359
1.09557
1.11386
1.04593
1.08264
1.11476
1.14172
1.16476
1.18546
1.20423
1.2204
1.23421
1.25211
1.23097
1.25633
1.27644
1.29509
1.31287
1.32972
1.34568
1.36176
1.37895
1.39812
1.41804
1.42901
1.44183
1.45646
1.47013
1.48227
1.49327
1.50468
1.52013
1.53959
1.60008
1.61361
1.6187
1.6197
1.62169
1.62915
1.64294
1.6606
1.67437
1.68573
1.86906
1.81852
1.77107
1.73953
1.72656
1.73114
1.75437
1.79946
1.86618
1.96031
0.300733
0.297728
0.291669
0.280751
0.26827
0.256968
0.247908
0.24113
0.236607
0.234593
0.235639
0.239428
0.245416
0.25356
0.263948
0.276182
0.288474
0.297144
0.301647
0.303792
0.229015
0.235671
0.240939
0.244575
0.245706
0.244086
0.240638
0.236833
0.23379
0.232342
0.233239
0.236072
0.23997
0.244036
0.24694
0.247371
0.244974
0.240529
0.234199
0.228362
0.218888
0.221862
0.22525
0.227771
0.229563
0.230773
0.231015
0.230253
0.229122
0.228529
0.229182
0.2307
0.232162
0.232764
0.232192
0.230813
0.228809
0.225857
0.222475
0.220182
0.212811
0.214251
0.216523
0.218865
0.220651
0.221893
0.222802
0.223375
0.223588
0.223752
0.224207
0.224699
0.224793
0.224376
0.223563
0.222251
0.220285
0.217928
0.216102
0.21502
0.207446
0.208283
0.209835
0.211727
0.213582
0.215154
0.216346
0.217275
0.218031
0.21863
0.219018
0.219083
0.218799
0.218165
0.21708
0.21555
0.213802
0.212093
0.210981
0.210326
0.202437
0.203008
0.204214
0.205798
0.207482
0.209146
0.210667
0.211937
0.212978
0.213797
0.21423
0.214188
0.213713
0.212806
0.211551
0.210122
0.208644
0.207311
0.206509
0.206064
0.197716
0.198134
0.199168
0.200642
0.202224
0.20385
0.205475
0.206974
0.208229
0.209204
0.209752
0.209734
0.209172
0.208194
0.206988
0.205689
0.204353
0.203194
0.202562
0.202252
0.193387
0.193701
0.194585
0.195936
0.197431
0.198938
0.200451
0.201995
0.203482
0.204728
0.205373
0.205335
0.204826
0.204044
0.203075
0.201947
0.200757
0.199765
0.199267
0.199047
0.189396
0.189618
0.190417
0.191723
0.193198
0.194738
0.196321
0.197859
0.199341
0.200687
0.201576
0.201834
0.20159
0.200939
0.200034
0.198997
0.197901
0.197002
0.196606
0.196472
0.186093
0.186228
0.186879
0.188053
0.189395
0.190799
0.192294
0.193917
0.195589
0.19718
0.198312
0.198772
0.198704
0.198306
0.197681
0.196894
0.195996
0.195286
0.195022
0.194959
0.183404
0.183487
0.183911
0.18477
0.185841
0.187045
0.188399
0.189926
0.191628
0.193427
0.194914
0.195797
0.19617
0.196181
0.195934
0.195527
0.195034
0.194666
0.194542
0.194505
0.180604
0.180677
0.180959
0.181554
0.182403
0.183486
0.184832
0.186477
0.188417
0.190566
0.192468
0.193717
0.194412
0.194693
0.194777
0.194747
0.194641
0.194557
0.194511
0.194471
0.177056
0.177129
0.17737
0.177829
0.178535
0.179522
0.180861
0.182607
0.184786
0.187355
0.18978
0.191549
0.192721
0.193444
0.193873
0.194185
0.194382
0.194464
0.194456
0.194413
0.172627
0.172693
0.172951
0.173434
0.174197
0.175289
0.176817
0.178859
0.181456
0.18459
0.187655
0.189973
0.191545
0.192626
0.193403
0.193911
0.194247
0.194384
0.1944
0.19436
0.167421
0.167474
0.167775
0.168402
0.1693
0.170588
0.172396
0.17483
0.177963
0.181826
0.185675
0.188676
0.190801
0.192276
0.193296
0.193998
0.194406
0.194586
0.194639
0.194608
0.16153
0.161584
0.16191
0.162643
0.163829
0.165407
0.167592
0.170548
0.17438
0.179147
0.183978
0.1878
0.190562
0.192509
0.193823
0.194706
0.195199
0.19545
0.195544
0.195517
0.154894
0.154952
0.155327
0.156196
0.157552
0.159631
0.162272
0.165869
0.170594
0.176515
0.182553
0.187376
0.190893
0.193358
0.195081
0.196189
0.196864
0.197226
0.197356
0.197325
0.147251
0.147321
0.147794
0.148814
0.150452
0.152841
0.156149
0.160626
0.166508
0.173887
0.181425
0.187476
0.191867
0.195018
0.197183
0.19862
0.199527
0.200023
0.200189
0.20015
0.138148
0.138249
0.138818
0.14007
0.142057
0.14498
0.149089
0.1547
0.162073
0.17129
0.180674
0.188183
0.193682
0.1976
0.200308
0.202139
0.203322
0.203966
0.204172
0.204122
0.127045
0.127184
0.127926
0.129486
0.131974
0.135653
0.140859
0.147957
0.157231
0.168745
0.180384
0.189662
0.196456
0.201275
0.204632
0.206923
0.208418
0.209228
0.209481
0.209418
0.113279
0.113478
0.114478
0.116509
0.119727
0.124469
0.131158
0.14021
0.151925
0.166297
0.180665
0.192042
0.200338
0.206245
0.210371
0.213201
0.21506
0.216068
0.216376
0.216296
0.0959208
0.0962255
0.0976155
0.100336
0.104615
0.110879
0.119622
0.131293
0.146142
0.164026
0.18164
0.195473
0.20554
0.212723
0.217762
0.221239
0.223531
0.224774
0.225147
0.225046
0.0735275
0.0740192
0.0760348
0.0798327
0.0857511
0.0942835
0.105948
0.121133
0.139952
0.162077
0.183476
0.200129
0.212235
0.220912
0.227044
0.23131
0.234136
0.235654
0.236104
0.235978
0.0437623
0.0446272
0.0477457
0.0534185
0.0620341
0.074067
0.089911
0.109768
0.133535
0.160668
0.186364
0.206171
0.220575
0.230976
0.238415
0.243656
0.247154
0.249019
0.249555
0.249396
0.00246918
0.00420908
0.00973782
0.0190298
0.0323333
0.0498272
0.0715665
0.0974844
0.127229
0.160071
0.190485
0.213705
0.230623
0.242971
0.251959
0.258427
0.262813
0.26511
0.26573
0.265531
-0.0580961
-0.0528969
-0.0413888
-0.0249595
-0.00361025
0.022004
0.0515967
0.0849267
0.121518
0.16058
0.195952
0.222721
0.242279
0.256728
0.267476
0.275412
0.280922
0.283813
0.28458
0.284309
-0.130473
-0.121429
-0.10037
-0.0731308
-0.0417808
-0.00705809
0.031004
0.0722747
0.11635
0.162545
0.204024
0.235538
0.258901
0.276549
0.290043
0.300404
0.307868
0.311297
0.312099
0.31223
-0.203134
-0.187203
-0.156916
-0.119732
-0.0789839
-0.0353138
0.0111699
0.0603692
0.111959
0.165347
0.213025
0.249337
0.276505
0.297365
0.313683
0.326462
0.335685
0.340118
0.342089
0.342391
-0.261187
-0.241751
-0.205774
-0.161346
-0.112973
-0.061607
-0.00751468
0.0490532
0.1077
0.167813
0.221129
0.261588
0.29183
0.315048
0.33321
0.347438
0.357905
0.363716
0.366243
0.366578
-0.308431
-0.287025
-0.246827
-0.197164
-0.14293
-0.0853364
-0.0247845
0.0382931
0.103313
0.169521
0.227816
0.271724
0.304295
0.329111
0.348403
0.363506
0.374706
0.381202
0.3839
0.384225
-0.347736
-0.325419
-0.282109
-0.228304
-0.169339
-0.106619
-0.0406081
0.0281189
0.0988124
0.170486
0.233189
0.279975
0.314314
0.340206
0.360132
0.375574
0.387002
0.393712
0.39647
0.396787
-0.381855
-0.358929
-0.313217
-0.256059
-0.19319
-0.126092
-0.0553297
0.0183902
0.0941812
0.170847
0.237539
0.286893
0.32275
0.349466
0.369755
0.38528
0.39671
0.403465
0.406156
0.406511
-0.4123
-0.38898
-0.341353
-0.281405
-0.21522
-0.144316
-0.0693703
0.00884084
0.0893018
0.170633
0.241156
0.29296
0.330194
0.357603
0.378185
0.393777
0.405179
0.412035
0.414597
0.414905
-0.440234
-0.416622
-0.367387
-0.305066
-0.236016
-0.161788
-0.0831035
-0.000798381
0.0840141
0.169793
0.24402
0.298242
0.3369
0.365081
0.386023
0.401746
0.413144
0.420037
0.422538
0.422666
-0.466528
-0.44253
-0.391983
-0.327567
-0.255989
-0.17881
-0.0967736
-0.0107462
0.0781191
0.168158
0.246116
0.302935
0.343206
0.3723
0.393704
0.40962
0.421057
0.427932
0.430382
0.430418
-0.491589
-0.467228
-0.415472
-0.349241
-0.275412
-0.195622
-0.110582
-0.0211507
0.0715089
0.165731
0.247556
0.307154
0.349227
0.379422
0.401441
0.417665
0.429215
0.436048
0.438478
0.438487
-0.515756
-0.491004
-0.438199
-0.370334
-0.294497
-0.212368
-0.124615
-0.0320704
0.0641688
0.162477
0.248234
0.310862
0.355007
0.386546
0.409374
0.426044
0.437786
0.444575
0.446948
0.446923
-0.539223
-0.51408
-0.460365
-0.390955
-0.313328
-0.22911
-0.138925
-0.043537
0.0560214
0.158246
0.248037
0.313994
0.360557
0.393707
0.417549
0.434806
0.446816
0.453598
0.455856
0.455822
-0.562094
-0.536527
-0.481945
-0.411174
-0.331964
-0.245898
-0.15354
-0.0555979
0.047006
0.152986
0.246872
0.316413
0.365761
0.400853
0.425942
0.443937
0.456288
0.463058
0.465165
0.465084
-0.584421
-0.558439
-0.502967
-0.431011
-0.350408
-0.262705
-0.168436
-0.0682338
0.0371407
0.146659
0.244605
0.317967
0.370457
0.407884
0.434507
0.453397
0.466125
0.472865
0.474794
0.474626
-0.606152
-0.579763
-0.523478
-0.450453
-0.368619
-0.27949
-0.18356
-0.0813704
0.0264633
0.139228
0.241122
0.318471
0.374478
0.41468
0.443193
0.463152
0.476268
0.482913
0.484614
0.484346
-0.627295
-0.600508
-0.543445
-0.469463
-0.386549
-0.296191
-0.19883
-0.0949393
0.0150331
0.130703
0.236339
0.317717
0.377568
0.421067
0.451964
0.473222
0.48665
0.493006
0.494398
0.494033
-0.647759
-0.620598
-0.562819
-0.487999
-0.404144
-0.312727
-0.214164
-0.108851
0.00293405
0.121123
0.230185
0.315516
0.379416
0.426751
0.460742
0.483742
0.497338
0.503007
0.503898
0.50345
-0.667585
-0.639983
-0.581578
-0.506
-0.42133
-0.329027
-0.229469
-0.122989
-0.00973364
0.11057
0.222636
0.311709
0.379702
0.431316
0.469328
0.495029
0.508848
0.51299
0.512838
0.512337
-0.686634
-0.658667
-0.599673
-0.523418
-0.438055
-0.345013
-0.244658
-0.137263
-0.0228422
0.0991525
0.213718
0.30618
0.378099
0.43415
0.477165
0.507268
0.522517
0.524262
0.521268
0.520186
-0.705028
-0.676625
-0.617061
-0.540201
-0.454248
-0.360602
-0.259613
-0.151537
-0.0362524
0.0870012
0.203515
0.298866
0.374365
0.434492
0.483052
0.519694
0.539736
0.541384
0.532302
0.513487
-0.722663
-0.693865
-0.633883
-0.556541
-0.470192
-0.37612
-0.274747
-0.166274
-0.0504962
0.0735437
0.191401
0.289049
0.367883
0.431325
0.484904
0.52972
0.558722
0.564672
0.548779
0.561294
-0.739695
-0.710395
-0.650093
-0.572379
-0.485841
-0.391502
-0.290045
-0.181435
-0.0655572
0.0587239
0.177253
0.276263
0.358066
0.423668
0.478336
0.528605
0.56001
0.568438
0.508244
0.480491
-0.756648
-0.726783
-0.665445
-0.587305
-0.50073
-0.406327
-0.305307
-0.196764
-0.0811439
0.0427824
0.161181
0.260331
0.344428
0.411477
0.459536
0.504605
0.527726
0.501143
0.428752
0.380612
-0.774123
-0.743599
-0.679468
-0.60108
-0.51449
-0.420475
-0.320187
-0.212094
-0.0971609
0.0257797
0.143152
0.241289
0.325739
0.395958
0.440611
0.449097
0.44026
0.383324
0.305131
0.256554
-0.386022
-0.281435
-0.170761
-0.0531945
0.0668145
0.173848
0.260017
0.100461
-0.792421
-0.773145
-0.736833
-0.670859
-0.589186
-0.499825
-0.403131
-0.299805
-0.190325
-0.0745644
0.043342
0.148139
0.231819
0.301335
0.350956
0.320407
0.169752
0.0743888
-0.000678954
-0.808096
-0.795409
-0.752418
-0.684762
-0.602961
-0.513791
-0.417773
-0.315191
-0.206965
-0.0931858
0.0216083
0.121911
0.199909
0.254747
0.255202
0.145929
-0.0181024
-0.138777
-0.241158
-0.829179
-0.816793
-0.771021
-0.70234
-0.620495
-0.531313
-0.435424
-0.333473
-0.226565
-0.114974
-0.00400201
0.0906395
0.160831
0.199515
0.152336
-0.024574
-0.219206
-0.374668
-0.516271
-0.850111
-0.837548
-0.790431
-0.720683
-0.638569
-0.549461
-0.453991
-0.353007
-0.247665
-0.138643
-0.0318888
0.05667
0.118306
0.13526
0.0408112
-0.191555
-0.429192
-0.644204
-0.854505
-0.870013
-0.857992
-0.810268
-0.739601
-0.657196
-0.56817
-0.473239
-0.373329
-0.269706
-0.163547
-0.0614136
0.0204605
0.0730358
0.0557972
-0.0976678
-0.346921
-0.617283
-0.880785
-1.12077
-0.889901
-0.878467
-0.830682
-0.759456
-0.676842
-0.587863
-0.493399
-0.394493
-0.292621
-0.189414
-0.0920592
-0.0171526
0.02533
-0.0294308
-0.227428
-0.477646
-0.745125
-1.00613
-1.1689
-1.22275
-0.910772
-0.899658
-0.851922
-0.780489
-0.69784
-0.60899
-0.515053
-0.417248
-0.317332
-0.217434
-0.125341
-0.0581028
-0.029886
-0.109947
-0.347139
-0.586811
-0.81892
-1.00642
-1.06658
-1.09814
-0.932585
-0.92181
-0.874202
-0.802758
-0.720197
-0.631637
-0.538375
-0.441896
-0.344244
-0.248132
-0.161897
-0.102957
-0.0898979
-0.20376
-0.454095
-0.680996
-0.875878
-0.99926
-1.0431
-1.04082
-0.955652
-0.944994
-0.897673
-0.826203
-0.743826
-0.655683
-0.563281
-0.468344
-0.373266
-0.281381
-0.201671
-0.151165
-0.159211
-0.313728
-0.551431
-0.768168
-0.938501
-0.997819
-1.00886
-1.01281
-0.979844
-0.969237
-0.922244
-0.850747
-0.768638
-0.681024
-0.589644
-0.496444
-0.404231
-0.316976
-0.244474
-0.202108
-0.241067
-0.421553
-0.641863
-0.849586
-0.981572
-1.00959
-1.00187
-0.999816
-1.0049
-0.99435
-0.947488
-0.876248
-0.794451
-0.707492
-0.617261
-0.525989
-0.436887
-0.35466
-0.289703
-0.256138
-0.319271
-0.529134
-0.725532
-0.909681
-0.991416
-0.995775
-0.990564
-0.987637
-1.03024
-1.01983
-0.973276
-0.902386
-0.820997
-0.734784
-0.645824
-0.556634
-0.470802
-0.393948
-0.336667
-0.314135
-0.396252
-0.63369
-0.811486
-0.911776
-0.975425
-0.97195
-0.97547
-0.976153
-1.05518
-1.04525
-0.99926
-0.928695
-0.847853
-0.762459
-0.674859
-0.58784
-0.505374
-0.434043
-0.384687
-0.372481
-0.475945
-0.735007
-0.937085
-0.913602
-0.92114
-0.965615
-0.97519
-0.979115
-1.0793
-1.06969
-1.02484
-0.954663
-0.874419
-0.789911
-0.703728
-0.618863
-0.539752
-0.473669
-0.43279
-0.428107
-0.567129
-0.835538
-1.16029
-1.26433
-1.15823
-1.09616
-1.06079
-1.0476
-1.1017
-1.09245
-1.04867
-0.979521
-0.899964
-0.816395
-0.731591
-0.648725
-0.572767
-0.511217
-0.47916
-0.482013
-0.654821
-0.930573
-1.33719
-2.03608
-1.61433
-1.33105
-1.27091
-1.24203
-1.12104
-1.11231
-1.0701
-1.00208
-0.923579
-0.841025
-0.757421
-0.676243
-0.602809
-0.545078
-0.5207
-0.532875
-0.711355
-0.895777
-0.810916
-0.569727
-0.962348
-1.34522
-1.37953
-1.37047
-1.13598
-1.128
-1.08798
-1.02153
-0.944141
-0.862604
-0.780118
-0.700102
-0.627971
-0.57321
-0.551578
-0.573364
-0.758827
-0.846967
-0.54309
-0.389426
-0.859547
-1.27635
-1.32098
-1.33977
-1.14553
-1.13854
-1.10114
-1.03674
-0.960603
-0.880037
-0.79835
-0.718801
-0.646524
-0.5917
-0.570465
-0.60757
-0.903941
-1.44088
-2.21049
-2.87642
-3.17969
-2.88688
-2.38071
-2.04149
-1.14831
-1.14245
-1.10857
-1.04671
-0.971955
-0.892261
-0.810951
-0.730926
-0.656888
-0.5971
-0.572363
-0.614044
-1.01985
-1.90695
-3.09433
-3.86765
-4.17527
-3.92389
-3.47207
-3.06332
-1.14406
-1.13931
-1.10937
-1.0507
-0.977448
-0.898542
-0.817073
-0.735596
-0.657473
-0.588797
-0.543432
-0.549236
-0.815986
-1.39961
-2.07814
-2.56881
-2.54228
-2.21835
-1.83305
-1.58335
-1.13087
-1.1273
-1.10218
-1.04816
-0.976779
-0.898437
-0.816517
-0.732768
-0.648898
-0.56566
-0.485011
-0.422889
-0.373777
-0.336909
-0.150509
0.137481
0.508041
0.877058
1.12371
1.2404
-1.11024
-1.10794
-1.08806
-1.03914
-0.969944
-0.892043
-0.809832
-0.723779
-0.633267
-0.534635
-0.427281
-0.298608
-0.0996716
0.283244
0.893076
1.55899
2.12025
2.48613
2.67677
2.74591
-1.08318
-1.08197
-1.06772
-1.02413
-0.956992
-0.879977
-0.798093
-0.711307
-0.617301
-0.510302
-0.38378
-0.242346
-0.100179
0.264936
0.91844
1.5591
2.06819
2.3831
2.54512
2.61135
-1.0499
-1.04952
-1.04048
-1.00213
-0.937532
-0.862255
-0.782739
-0.698788
-0.60606
-0.497146
-0.36668
-0.23715
-0.117767
0.0872958
0.585335
1.06037
1.43829
1.68701
1.82346
1.88748
-1.00604
-1.00602
-1.00029
-0.968542
-0.908701
-0.83783
-0.764596
-0.687865
-0.602703
-0.498776
-0.37079
-0.245181
-0.153735
-0.0543659
0.253267
0.567057
0.817284
0.99181
1.09188
1.13809
-0.935375
-0.93565
-0.931623
-0.908274
-0.861051
-0.802989
-0.742357
-0.678638
-0.606792
-0.514697
-0.385967
-0.248923
-0.143136
-0.0520985
0.136606
0.333958
0.487194
0.595995
0.662833
0.696142
-0.848733
-0.84857
-0.844859
-0.830341
-0.800417
-0.761267
-0.718993
-0.673563
-0.619741
-0.543948
-0.424765
-0.280026
-0.149284
-0.0628423
0.0508907
0.163653
0.257152
0.323352
0.359975
0.374013
-0.778552
-0.777894
-0.77462
-0.766643
-0.750815
-0.72901
-0.705277
-0.680698
-0.650715
-0.598636
-0.507104
-0.357057
-0.204693
-0.110759
-0.0636015
1.0901e-06
0.0647107
0.116501
0.146108
0.157814
-0.740364
-0.739715
-0.73783
-0.734335
-0.727754
-0.719317
-0.712935
-0.712348
-0.719004
-0.721556
-0.692856
-0.557356
-0.369227
-0.263031
-0.220901
-0.157931
-0.0935994
-0.0416593
-0.00965056
0.00113552
-0.725571
-0.725523
-0.725544
-0.725501
-0.725794
-0.729113
-0.741024
-0.770636
-0.833466
-0.945063
-1.0478
-0.94246
-0.681214
-0.517017
-0.44596
-0.349396
-0.256935
-0.184656
-0.142804
-0.133073
-0.713658
-0.714307
-0.71621
-0.719634
-0.726678
-0.74201
-0.774082
-0.840504
-0.980328
-1.25683
-1.58835
-1.53956
-1.14804
-0.854338
-0.714317
-0.569867
-0.431831
-0.328363
-0.272683
-0.265834
-0.687048
-0.688342
-0.691779
-0.698189
-0.710758
-0.735958
-0.785363
-0.884692
-1.1011
-1.54541
-2.13084
-2.15839
-1.64291
-1.20859
-0.985292
-0.773707
-0.607821
-0.496961
-0.450238
-0.445736
-0.633147
-0.634868
-0.638985
-0.646724
-0.661775
-0.691264
-0.747894
-0.861486
-1.10845
-1.61982
-2.2679
-2.28552
-1.77999
-1.38471
-1.13046
-0.913822
-0.775686
-0.708587
-0.684541
-0.676681
-0.54916
-0.550844
-0.554516
-0.561555
-0.575203
-0.601693
-0.652386
-0.753989
-0.971979
-1.41989
-1.94816
-1.931
-1.58388
-1.30254
-1.065
-0.918323
-0.853734
-0.846062
-0.837313
-0.827014
-0.443166
-0.444465
-0.446955
-0.451837
-0.461384
-0.479955
-0.515285
-0.585264
-0.733109
-1.03607
-1.39028
-1.40114
-1.20569
-0.994196
-0.835991
-0.765962
-0.776814
-0.795055
-0.794953
-0.789043
-0.330049
-0.330821
-0.331954
-0.334341
-0.339168
-0.348715
-0.366777
-0.401902
-0.474381
-0.622326
-0.81164
-0.812308
-0.700706
-0.585653
-0.534227
-0.561456
-0.600508
-0.619856
-0.623924
-0.62325
-0.224921
-0.225233
-0.225307
-0.225821
-0.227023
-0.229585
-0.234504
-0.243876
-0.262623
-0.298174
-0.339813
-0.32091
-0.285353
-0.273172
-0.321171
-0.379463
-0.413246
-0.427532
-0.432645
-0.43395
-0.137892
-0.13791
-0.137409
-0.136977
-0.136264
-0.135009
-0.132778
-0.128859
-0.122194
-0.110078
-0.0864737
-0.061782
-0.062875
-0.121525
-0.183631
-0.229142
-0.253687
-0.265879
-0.270977
-0.273211
-0.0726083
-0.0724963
-0.0718452
-0.0711944
-0.0699623
-0.0675081
-0.0629541
-0.0549301
-0.0416056
-0.0208602
0.00360664
0.0126691
-0.00327296
-0.050548
-0.0965165
-0.127673
-0.144738
-0.152841
-0.15719
-0.159306
-0.027707
-0.0275721
-0.0270078
-0.0265197
-0.0255209
-0.0233037
-0.0190423
-0.0116104
0.00024274
0.0168908
0.0322361
0.0314817
0.0133904
-0.0177429
-0.0467415
-0.0664912
-0.0776408
-0.0832873
-0.0863058
-0.0878065
0.000718533
0.000826892
0.00122018
0.00142847
0.00197976
0.00344246
0.00650074
0.0118681
0.0200921
0.0306265
0.0380977
0.0333882
0.0182189
-0.00172771
-0.0194098
-0.0316754
-0.0388282
-0.0425703
-0.0445491
-0.0455022
0.0170755
0.0171454
0.0173713
0.017351
0.0174734
0.0181832
0.0199797
0.0232794
0.0282389
0.0339957
0.0365682
0.0309404
0.0196131
0.00675173
-0.00419872
-0.0119189
-0.0166186
-0.019158
-0.0204604
-0.0210518
0.025192
0.0252294
0.0253272
0.0251572
0.0249763
0.0251129
0.0259156
0.0275938
0.0301219
0.032723
0.0327286
0.0275571
0.0194579
0.0110432
0.00406232
-0.000937215
-0.0041077
-0.00587195
-0.00674678
-0.00712075
0.0279565
0.027972
0.0279901
0.027749
0.0273898
0.0271777
0.027329
0.0279487
0.0289418
0.0296881
0.028499
0.0241599
0.0183949
0.01277
0.00817923
0.0048426
0.00265197
0.00140183
0.000800082
0.000564502
0.0273747
0.0273774
0.027353
0.0270931
0.0266637
0.0262707
0.0260445
0.0260308
0.0261312
0.0258968
0.0242844
0.0208029
0.0166864
0.0128498
0.00975115
0.00747139
0.00593381
0.00504049
0.00462356
0.0044658
0.0247699
0.0247664
0.0247249
0.0244796
0.0240546
0.0236004
0.0231984
0.0228634
0.0225104
0.0218304
0.0202026
0.0174906
0.0145419
0.0118849
0.00975453
0.00817185
0.00708251
0.00644145
0.00614915
0.00604402
0.0209781
0.0209724
0.0209293
0.0207177
0.0203378
0.0199005
0.0194556
0.0190057
0.0184856
0.0176887
0.0162499
0.0141941
0.0120951
0.0102508
0.00877891
0.00767675
0.00690646
0.00644932
0.00624573
0.00617696
0.0165035
0.0164977
0.0164611
0.0162916
0.0159772
0.0156024
0.0151966
0.01476
0.0142457
0.013521
0.0123778
0.010893
0.00944241
0.00818939
0.00719078
0.00643616
0.00590108
0.00558135
0.00544239
0.00539711
0.0116391
0.0116341
0.0116066
0.0114812
0.0112438
0.0109584
0.0106453
0.0103034
0.00990109
0.00935723
0.00855857
0.00758013
0.0066519
0.00585805
0.00522315
0.00473606
0.00438283
0.00416936
0.00407897
0.00405072
0.0065499
0.00654526
0.00652798
0.00644827
0.00629835
0.00612578
0.00594036
0.00574002
0.00550649
0.00519759
0.00475968
0.00424024
0.00375591
0.00334379
0.00301203
0.00275147
0.00255404
0.00243124
0.00238046
0.002363
0.0039422
0.00394227
0.00392437
0.0038501
0.00374464
0.00363299
0.00351552
0.00338492
0.00322348
0.00299759
0.00270281
0.00240025
0.00213395
0.00191431
0.00173892
0.00160003
0.0015015
0.00145709
0.00144555
0.00045769
-1.05272
-0.641114
-0.357451
-0.129932
0.0540624
0.202858
0.324325
0.428154
0.502775
0.502351
-0.440174
-0.248733
-0.0782967
0.0676536
0.192501
0.297647
0.384869
0.452723
0.494824
0.511099
-0.11398
0.00213757
0.113077
0.213059
0.300196
0.37446
0.435405
0.481894
0.514826
0.536078
0.0996554
0.177066
0.254614
0.326047
0.388648
0.442445
0.487222
0.523083
0.551346
0.570791
0.256737
0.309073
0.368358
0.421021
0.468173
0.509415
0.544841
0.574421
0.598626
0.615095
0.38072
0.420833
0.466689
0.507698
0.54571
0.579854
0.609874
0.635385
0.65638
0.669913
0.485087
0.519507
0.557428
0.593209
0.626656
0.657304
0.684482
0.707515
0.726132
0.737081
0.580806
0.613345
0.649307
0.684131
0.716443
0.74588
0.771736
0.7933
0.810042
0.818988
0.678422
0.713902
0.75167
0.788046
0.820776
0.849739
0.874517
0.894734
0.90988
0.9181
0.793028
0.833665
0.873377
0.910846
0.943162
0.970674
0.993616
1.01215
1.02607
1.03531
0.937919
0.981072
1.01879
1.05274
1.08106
1.1051
1.12594
1.14353
1.15753
1.16876
1.11616
1.15389
1.18229
1.20677
1.22795
1.2474
1.26577
1.28303
1.29901
1.31359
1.31414
1.33527
1.35036
1.36632
1.38271
1.39809
1.41188
1.42521
1.44076
1.45917
1.50517
1.51231
1.52286
1.53446
1.54441
1.55366
1.56401
1.57518
1.58683
1.59572
1.71821
1.71999
1.7121
1.6956
1.68451
1.68401
1.69619
1.72082
1.75498
1.77953
2.13788
1.94399
1.84295
1.78519
1.75612
1.74949
1.76472
1.80556
1.88141
2.02437
-0.757575
-0.762187
-0.723915
-0.655771
-0.574053
-0.483807
0.340203
0.413775
0.415782
0.339462
0.268093
0.191683
-0.0781096
-0.347071
-0.681214
-1.11669
-1.61063
)
;

boundaryField
{
    wall-4
    {
        type            zeroGradient;
    }
    pressure-outlet-7
    {
        type            fixedValue;
        value           uniform 0;
    }
    velocity-inlet-6
    {
        type            zeroGradient;
    }
    velocity-inlet-5
    {
        type            zeroGradient;
    }
    frontAndBackPlanes
    {
        type            empty;
    }
}


// ************************************************************************* //
