/*--------------------------------*- C++ -*----------------------------------*\
| =========                 |                                                 |
| \\      /  F ield         | OpenFOAM: The Open Source CFD Toolbox           |
|  \\    /   O peration     | Version:  2112                                  |
|   \\  /    A nd           | Website:  www.openfoam.com                      |
|    \\/     M anipulation  |                                                 |
\*---------------------------------------------------------------------------*/
FoamFile
{
    version     2.0;
    format      ascii;
    arch        "LSB;label=32;scalar=64";
    class       volScalarField;
    location    "1.0005";
    object      p;
}
// * * * * * * * * * * * * * * * * * * * * * * * * * * * * * * * * * * * * * //

dimensions      [1 -1 -2 0 0 0 0];

internalField   nonuniform List<scalar> 
7000
(
0.999999
1
1.00001
1.00001
1.00001
1.00001
1.00001
1.00001
1.00001
1.00001
1.00001
1.00001
1.00003
1.00009
1.00043
1.00092
1.00273
1.00681
1.01394
1.01517
1.19014
1.20014
2.62378
4.52357
10.6384
11.2461
10.9658
10.7215
10.7346
10.8239
10.9749
11.0841
11.1618
11.2342
11.307
11.378
11.4459
11.5115
11.5751
11.6361
11.6948
11.7505
11.7991
11.8433
11.8835
11.9155
11.9427
11.9659
11.9794
11.9904
1
1
1.00001
1.00001
1.00001
1.00001
1.00001
1.00001
1.00001
1.00001
1.00001
1.00001
1.00002
1.00008
1.00041
1.00086
1.00264
1.00654
1.01285
1.02241
1.17537
1.22799
2.53209
4.39401
10.4554
11.2105
10.947
10.7096
10.7232
10.8122
10.9636
11.0739
11.1532
11.2267
11.3002
11.3717
11.4403
11.5064
11.5706
11.6322
11.6914
11.7475
11.7966
11.8412
11.8817
11.9141
11.9416
11.9651
11.9789
11.9895
1
1
1.00001
1.00001
1.00001
1.00001
1.00001
1.00001
1.00001
1.00001
1.00001
1.00001
1.00003
1.00009
1.00041
1.00083
1.00277
1.00633
1.01441
1.0091
1.18428
1.17975
2.5511
4.31988
10.3217
11.2157
10.9513
10.7101
10.7225
10.8101
10.9619
11.0709
11.1511
11.2249
11.2983
11.3698
11.4382
11.5042
11.5681
11.6292
11.6879
11.7437
11.7925
11.8372
11.8775
11.9097
11.9371
11.9598
11.9729
11.9829
1
1.00001
1.00001
1.00001
1.00001
1.00001
1.00001
1.00001
1.00001
1.00001
1.00001
1.00001
1.00003
1.00009
1.0004
1.00078
1.0027
1.00597
1.01493
1.01859
1.17103
1.17038
2.50831
4.20445
10.1289
11.1949
10.9325
10.6881
10.7021
10.7917
10.9454
11.0552
11.1373
11.2125
11.287
11.3594
11.4286
11.4953
11.5596
11.6209
11.6797
11.7355
11.7843
11.8291
11.8692
11.9012
11.9284
11.9507
11.9634
11.9733
1
1
1.00001
1.00001
1.00001
1.00001
1.00001
1.00001
1.00001
1.00001
1.00001
1.00001
1.00002
1.00008
1.00037
1.00072
1.00257
1.00563
1.01398
1.02011
1.15968
1.1932
2.41986
4.08722
9.90732
11.1832
10.9206
10.6668
10.6819
10.7731
10.9292
11.0412
11.1247
11.2009
11.2762
11.3491
11.4187
11.4854
11.5496
11.6105
11.6689
11.7243
11.7729
11.8175
11.8572
11.889
11.9159
11.9376
11.9498
11.9597
1
1
1.00001
1.00001
1.00001
1.00001
1.00001
1.00001
1.00001
1.00001
1.00001
1.00001
1.00002
1.00008
1.00034
1.00067
1.00231
1.00422
1.01442
1.01323
1.1576
1.14778
2.41783
3.94647
9.63231
11.1741
10.9082
10.6404
10.6559
10.749
10.9074
11.0221
11.1069
11.1844
11.2607
11.3345
11.4047
11.4719
11.5359
11.5965
11.6544
11.7093
11.7576
11.8016
11.8408
11.8721
11.8986
11.9199
11.9318
11.9415
1
1
1.00001
1.00001
1.00001
1.00001
1.00001
1.00001
1.00001
1.00001
1.00001
1.00001
1.00002
1.00008
1.00033
1.00063
1.00216
1.00388
1.01377
1.01535
1.14475
1.13525
2.35632
3.76135
9.30985
11.1721
10.8974
10.6104
10.6258
10.7201
10.8818
10.9987
11.0853
11.1641
11.2414
11.3161
11.3871
11.4546
11.5185
11.5786
11.6357
11.6898
11.7377
11.7811
11.8196
11.8503
11.8761
11.8968
11.9081
11.9178
1
1
1.00001
1.00001
1.00001
1.00001
1.00001
1.00001
1.00001
1.00001
1.00001
1
1.00003
1.00008
1.00031
1.00061
1.00205
1.00352
1.01321
1.01557
1.13171
1.11937
2.28468
3.56599
8.90966
11.1766
10.8908
10.5801
10.5948
10.6892
10.8512
10.971
11.0598
11.1399
11.2179
11.2934
11.3652
11.433
11.4966
11.5559
11.612
11.6652
11.7125
11.7548
11.7924
11.8222
11.8473
11.8673
11.8784
11.8876
1
1
1.00001
1.00001
1.00001
1.00001
1.00001
1.00001
1.00001
1.00001
1.00001
1
1.00003
1.00008
1.0003
1.00058
1.00191
1.00327
1.01222
1.01479
1.11797
1.10191
2.20619
3.34004
8.42254
11.1934
10.8948
10.5537
10.5659
10.6559
10.8173
10.9395
11.0308
11.1116
11.1897
11.2658
11.3384
11.4064
11.4695
11.5278
11.5825
11.6348
11.6809
11.7217
11.7582
11.7871
11.8111
11.8303
11.8404
11.8497
1
1
1.00001
1.00001
1.00001
1.00001
1.00001
1.00001
1.00001
1.00001
1.00001
1
1.00003
1.00008
1.00029
1.00055
1.0018
1.00314
1.01116
1.01355
1.107
1.0907
2.12037
3.06541
7.82923
11.2283
10.9203
10.5479
10.5506
10.6249
10.7775
10.904
10.9986
11.0794
11.157
11.2331
11.3058
11.3736
11.4359
11.4928
11.546
11.5969
11.6416
11.6806
11.7155
11.7431
11.7659
11.7842
11.7942
11.8028
1
1
1
1.00001
1.00001
1.00001
1.00001
1.00001
1.00001
1.00001
1.00001
1
1.00003
1.00007
1.00028
1.00052
1.00172
1.00338
1.0098
1.01186
1.09924
1.08386
2.00379
2.75744
7.07505
11.2755
10.9878
10.5756
10.5433
10.6016
10.7336
10.8646
10.9633
11.0436
11.1195
11.1946
11.2668
11.334
11.3951
11.4501
11.5011
11.5502
11.593
11.6295
11.6624
11.6885
11.7098
11.7269
11.7354
11.7438
1
1
1
1.00001
1.00001
1.00001
1.00001
1.00001
1.00001
1.00001
1.00001
1
1.00003
1.00007
1.00026
1.00049
1.00159
1.00323
1.00869
1.01166
1.09217
1.10712
1.80349
2.47852
6.08296
11.2314
11.0619
10.663
10.5491
10.5833
10.6853
10.8209
10.9245
11.0041
11.0773
11.1501
11.2205
11.2857
11.3447
11.3972
11.4453
11.4922
11.5329
11.5651
11.5961
11.6203
11.64
11.6561
11.6643
11.6723
1
1
1
1
1.00001
1.00001
1.00001
1.00001
1.00001
1.00001
1.00001
1.00001
1.00003
1.00007
1.00024
1.00045
1.00145
1.00285
1.00793
1.0129
1.0787
1.095
1.6847
2.19893
5.31211
10.8466
11.085
10.8151
10.5708
10.5735
10.6375
10.7717
10.8813
10.9599
11.0294
11.0984
11.1653
11.2273
11.2832
11.3323
11.3767
11.4206
11.4577
11.4859
11.514
11.5359
11.5535
11.5679
11.5747
11.5814
1
1
1
1
1
1
1.00001
1.00001
1.00001
1.00001
1.00001
1.00001
1.00003
1.00008
1.00025
1.00047
1.00137
1.00262
1.00738
1.01047
1.06712
1.07958
1.57242
1.98059
4.69264
9.91706
11.1619
10.9274
10.5821
10.5427
10.5966
10.7213
10.833
10.9094
10.974
11.0376
11.0997
11.1568
11.2083
11.2527
11.2921
11.3319
11.3637
11.3878
11.4125
11.4314
11.4463
11.4589
11.4649
11.4716
1
1
1
1
1
1
1
1
1
1
1
1.00001
1.00003
1.00012
1.00023
1.00072
1.00135
1.00391
1.00734
1.01565
1.05249
1.06233
1.47461
1.77903
4.11118
8.73723
11.2933
11.0475
10.5866
10.4998
10.5503
10.6696
10.7784
10.8505
10.9088
10.9652
11.0202
11.071
11.1167
11.1553
11.1882
11.2223
11.2472
11.2671
11.2865
11.301
11.3119
11.3217
11.3259
11.3304
1
1
1
1
1
1
1
1
1
1
1
1.00001
1.00003
1.00009
1.00017
1.00054
1.00099
1.00318
1.00558
1.01955
1.03317
1.03133
1.38854
1.581
3.53171
7.40074
11.4001
11.1398
10.5877
10.4598
10.5029
10.61
10.7121
10.7776
10.8288
10.8776
10.9236
10.9671
11.0055
11.0367
11.0613
11.0875
11.1043
11.1179
11.1302
11.1382
11.143
11.1476
11.1486
11.1528
1
1
1
1
1
1
1
1
1
1
1
1.00001
1.00002
1.00006
1.00012
1.00035
1.00057
1.002
1.0033
1.01072
1.01784
1.09161
1.1043
1.91462
2.59842
6.47214
11.2759
11.026
10.5257
10.3884
10.4276
10.526
10.6231
10.6842
10.7292
10.7715
10.8082
10.8437
10.8736
10.8953
10.9097
10.9255
10.9317
10.9345
10.9348
10.9323
10.9268
10.9226
10.9176
10.9155
1
1
1
1
1
1
1
1
1
1
1
1.00001
1.00002
1.00005
1.00009
1.00027
1.00043
1.00158
1.00324
1.00803
1.01155
1.08045
1.09275
1.72031
2.23082
5.40184
10.763
10.7438
10.4872
10.3295
10.3507
10.4227
10.5152
10.5739
10.6138
10.6484
10.6761
10.702
10.7209
10.7306
10.7317
10.7323
10.7254
10.7116
10.6908
10.6691
10.6437
10.6209
10.6009
10.5901
1
1
1
1
1
1
1
1
1
1
1
1.00001
1.00001
1.00003
1.00006
1.00017
1.00024
1.00145
1.00172
1.01111
1.01868
1.06547
1.07417
1.58229
1.93996
4.63939
9.59023
10.6375
10.4884
10.2831
10.2777
10.3168
10.3971
10.4524
10.4862
10.5124
10.53
10.5438
10.5483
10.5444
10.5303
10.5111
10.4788
10.4395
10.3881
10.3311
10.2663
10.1983
10.1365
10.0824
1
1
1
1
1
1
1
1
1
1
1
1.00001
1.00001
1.00002
1.00004
1.00017
1.00025
1.00149
1.00383
1.00715
1.02441
1.04258
1.04644
1.44565
1.68716
3.86958
8.02643
10.6106
10.5125
10.2647
10.187
10.2077
10.2627
10.3166
10.346
10.3619
10.3709
10.3703
10.3624
10.3406
10.3007
10.2536
10.1882
10.1086
10.0114
9.89332
9.74961
9.58388
9.39767
9.16357
1
1
1
1
1
1
1
1
1
1
1
1
1.00001
1.00001
1.00004
1.00004
1.00026
1.00027
1.00211
1.0039
1.01063
1.01126
1.09652
1.08067
1.93516
2.54319
6.30794
10.5351
10.4806
10.2327
10.0626
10.0647
10.0938
10.1464
10.1712
10.1736
10.1692
10.1537
10.1206
10.069
10.001
9.91644
9.80486
9.66461
9.48599
9.25151
8.92997
8.45644
7.72626
6.20914
1
1
1
1
1
1
1
1
1
1
1
1
1
1
1.00002
1.00003
1.00016
1.00016
1.00139
1.00295
1.00694
1.01182
1.06892
1.06009
1.65837
2.02725
4.86511
9.76336
10.3273
10.1467
9.92387
9.87916
9.89441
9.92906
9.94234
9.93678
9.91702
9.87495
9.81378
9.73487
9.63299
9.5066
9.34142
9.13315
8.86565
8.51577
8.04622
7.39525
6.53777
5.17194
1
1
1
1
1
1
1
1
1
1
1
1
1
1
1.00001
1.00002
1.00007
1.00009
1.00069
1.00089
1.0053
1.0065
1.04171
1.03483
1.44535
1.65185
3.78819
7.7761
10.1432
10.1159
9.93387
9.77357
9.72645
9.72505
9.71805
9.69412
9.64257
9.56939
9.48116
9.3744
9.24214
9.07719
8.87065
8.6141
8.29609
7.89857
7.40306
6.78045
6.03826
5.07938
1
1
1
1
1
1
1
1
1
1
1
1
1
1
1.00001
1.00001
1.00009
1.00016
1.00065
1.0006
1.00659
1.01553
1.01759
1.01171
1.23241
1.2322
2.70232
4.55478
9.72208
10.0777
9.89594
9.61452
9.50252
9.4805
9.46171
9.42178
9.34988
9.26047
9.15023
9.02188
8.86568
8.67608
8.44985
8.17365
7.84465
7.45436
6.99495
6.45681
5.8517
5.11037
1
1
1
1
1
1
1
1
1
1
1
1
1
1
1.00001
1.00001
1.00006
1.00008
1.00038
1.00045
1.00282
1.00372
1.01764
1.03569
1.1266
1.13803
2.25845
3.43269
8.25543
9.84647
9.73279
9.45262
9.26581
9.20949
9.18418
9.137
9.06078
8.96196
8.84228
8.70029
8.53149
8.33146
8.09703
7.82492
7.51015
7.14991
6.74195
6.28219
5.78006
5.18302
1
1
1
1
1
1
1
1
1
1
1
1
1
1
1
1.00001
1.00002
1.00011
1.0002
1.00069
1.00094
1.00681
1.01623
1.01787
1.01199
1.23916
1.24163
2.72856
4.7678
9.26099
9.62048
9.43346
9.15578
9.02374
8.96527
8.90507
8.81873
8.70925
8.57794
8.42681
8.25149
8.04953
7.81872
7.55777
7.26507
6.93897
6.5794
6.18359
5.75802
5.26074
1
1
1
1
1
1
1
1
1
1
1
1
1
1
1
1.00001
1.00001
1.00005
1.00005
1.00041
1.0005
1.00266
1.00346
1.01766
1.03042
1.12206
1.09796
2.21782
3.17248
7.5622
9.31534
9.27156
9.08524
8.85868
8.74601
8.67493
8.59383
8.48508
8.3518
8.19897
8.02369
7.82536
7.60276
7.35617
7.08496
6.79002
6.46904
6.12104
5.75023
5.32275
1
1
1
1
1
1
1
1
1
1
1
1
1
1
1
1
1
1.00003
1.00004
1.00019
1.00023
1.00154
1.00336
1.00638
1.01655
1.0681
1.07254
1.67219
1.97536
4.57971
8.5217
9.07435
8.96999
8.74303
8.5796
8.48232
8.39391
8.28693
8.15555
8.00404
7.8332
7.64252
7.43171
7.19983
6.9468
6.67592
6.3866
6.07912
5.75316
5.38013
1
1
1
1
1
1
1
1
1
1
1
1
1
1
1
1
1
1.00002
1.00003
1.00019
1.00041
1.00053
1.0006
1.00299
1.00729
1.0218
1.01338
1.36494
1.41228
3.26454
6.21107
8.54656
8.80408
8.71108
8.52193
8.37268
8.25378
8.13384
7.99787
7.84574
7.6783
7.49563
7.29709
7.08329
6.8552
6.6103
6.34343
6.05723
5.75977
5.42588
1
1
1
1
1
1
1
1
1
1
1
1
1
1
1
1
1
1
1.00002
1.00005
1.00008
1.00056
1.00065
1.00361
1.0057
1.01889
1.04968
1.03761
1.51584
1.6663
3.78028
7.08213
8.42366
8.54492
8.45752
8.27152
8.10837
7.97115
7.83591
7.68969
7.53008
7.35771
7.17245
6.97419
6.76257
6.53697
6.29913
6.04595
5.77768
5.47491
1
1
1
1
1
1
1
1
1
1
1
1
1
1
1
1
1
1
1.00001
1.00001
1.00007
1.00008
1.00063
1.00074
1.00403
1.00465
1.02651
1.03647
1.18948
1.22441
2.38182
3.5785
7.4326
8.33836
8.31579
8.21389
7.99907
7.81414
7.66632
7.52922
7.38399
7.2266
7.05661
6.87419
6.67967
6.4728
6.25398
6.02199
5.77886
5.50308
1
1
1
1
1
1
1
1
1
1
1
1
1
1
1
1
1
1
1
1.00002
1.00002
1.00012
1.00019
1.00074
1.00111
1.00456
1.00588
1.0298
1.02344
1.22839
1.22876
2.50795
4.21122
7.45983
8.15657
8.12659
7.99283
7.76783
7.57029
7.41162
7.2672
7.11846
6.96218
6.79476
6.6158
6.4256
6.22431
6.01055
5.78517
5.53208
1
1
1
1
1
1
1
1
1
1
1
1
1
1
1
1
1
1
1
1.00001
1.00002
1.00004
1.00014
1.00021
1.00073
1.00146
1.0033
1.00574
1.03198
1.03907
1.27071
1.2887
2.72582
4.7513
7.38283
7.94458
7.91738
7.78836
7.57299
7.38554
7.2288
7.0761
6.918
6.75039
6.5752
6.39388
6.20528
6.00791
5.79895
5.56359
1
1
1
1
1
1
1
1
1
1
1
1
1
1
1
1
1
1
1
1.00001
1.00001
1.00003
1.00004
1.00015
1.0002
1.00096
1.00123
1.00557
1.00888
1.03613
1.0329
1.31566
1.36679
2.81827
4.99111
7.17897
7.7082
7.68833
7.57014
7.36992
7.19414
7.03544
6.88078
6.72256
6.55695
6.38381
6.20256
6.01118
5.81307
5.59233
1
1
1
1
1
1
1
1
1
1
1
1
1
1
1
1
1
1
1
1
1
1.00001
1.00001
1.00005
1.00007
1.00028
1.00035
1.0022
1.00472
1.01059
1.01434
1.10355
1.09155
1.94076
2.21946
5.19058
7.0357
7.44533
7.42546
7.32432
7.12598
6.95476
6.8052
6.66225
6.51491
6.3582
6.19254
6.0164
5.83355
5.62493
1
1
1
1
1
1
1
1
1
1
1
1
1
1
1
1
1
1
1
1
1
1
1.00001
1.00001
1.00004
1.00007
1.0002
1.0003
1.00189
1.00301
1.01025
1.01308
1.08987
1.07532
1.94017
2.12394
5.07792
6.7659
7.164
7.15366
7.0831
6.92723
6.76485
6.61196
6.46592
6.3206
6.16951
6.01292
5.84105
5.6474
1
1
1
1
1
1
1
1
1
1
1
1
1
1
1
1
1
1
1
1
1
1
1
1.00001
1.00003
1.00003
1.00015
1.00016
1.00099
1.001
1.00614
1.00827
1.03967
1.05283
1.29552
1.36376
2.65343
4.46637
6.31202
6.88722
6.966
6.9178
6.79863
6.63399
6.48003
6.33097
6.1801
6.02282
5.85833
5.67349
1
1
1
1
1
1
1
1
1
1
1
1
1
1
1
1
1
1
1
1
1
1
1
1
1.00001
1.00001
1.00004
1.00005
1.00027
1.00057
1.0014
1.0055
1.00736
1.03066
1.03309
1.24424
1.2636
2.33976
3.72568
5.86441
6.64163
6.79441
6.76241
6.66568
6.51729
6.36011
6.20662
6.04982
5.89099
5.70876
1
1
1
1
1
1
1
1
1
1
1
1
1
1
1
1
1
1
1
1
1
1
1
1
1
1.00001
1.00001
1.00005
1.00009
1.00024
1.00028
1.00167
1.00198
1.00984
1.02709
1.05253
1.04878
1.60748
1.68205
3.33339
5.3634
6.27894
6.55095
6.55869
6.51253
6.4087
6.26263
6.1057
5.94777
5.77099
1
1
1
1
1
1
1
1
1
1
1
1
1
1
1
1
1
1
1
1
1
1
1
1
1
1
1.00001
1.00001
1.00004
1.00006
1.00024
1.00034
1.00142
1.00221
1.00799
1.01387
1.05471
1.05726
1.40855
1.4822
2.78111
4.4322
5.72144
6.24932
6.39054
6.37244
6.2848
6.15887
6.01684
5.84625
1
1
1
1
1
1
1
1
1
1
1
1
1
1
1
1
1
1
1
1
1
1
1
1
1
1
1
1
1.00001
1.00001
1.00005
1.00011
1.00022
1.00033
1.00163
1.00154
1.01458
1.02283
1.08931
1.07278
1.67242
1.78886
3.30523
5.1519
5.89983
6.15823
6.17952
6.14255
6.04931
5.897
1
1
1
1
1
1
1
1
1
1
1
1
1
1
1
1
1
1
1
1
1
1
1
1
1
1
1
1
1
1.00001
1.00001
1.00005
1.00007
1.00021
1.00045
1.00119
1.00178
1.01134
1.0287
1.03483
1.05894
1.4108
1.44452
2.58369
3.97964
5.24982
5.78076
5.96672
5.9558
5.88807
1
1
1
1
1
1
1
1
1
1
1
1
1
1
1
1
1
1
1
1
1
1
1
1
1
1
1
1
1
1
1
1.00001
1.00001
1.00005
1.00011
1.00023
1.00023
1.00207
1.00494
1.00343
1.00458
1.07418
1.04299
1.57451
1.6072
2.85197
4.27196
5.18951
5.58799
5.68559
1
1
1
1
1
1
1
1
1
1
1
1
1
1
1
1
1
1
1
1
1
1
1
1
1
1
1
1
1
1
1
1
1
1.00001
1.00002
1.00008
1.00009
1.00045
1.00051
1.00259
1.00306
1.01441
1.02193
1.09649
1.06567
1.5817
1.76696
2.80286
4.19339
4.93005
1
1
1
1
1
1
1
1
1
1
1
1
1
1
1
1
1
1
1
1
1
1
1
1
1
1
1
1
1
1
1
1
1
1
1
1.00002
1.00002
1.00009
1.00016
1.00065
1.00058
1.00409
1.00439
1.02061
1.03591
1.06989
1.28997
1.28028
1.96004
2.47009
1
1
1
1
1
1
1
1
1
1
1
1
1
1
1
1
1
1
1
1
1
1
1
1
1
1
1
1
1
1
1
1
1
1
1
1.00001
1.00001
1.00003
1.00004
1.00016
1.00018
1.00087
1.00098
1.00453
1.00466
1.01864
1.02987
1.02691
1.28038
1.30113
1
1
1
1
1
1
1
1
1
1
1
1
1
1
1
1
1
1
1
1
1
1
1
1
1
1
1
1
1
1
1
1
1
1
1
1
1
1.00001
1.00001
1.00004
1.00005
1.00024
1.00025
1.0013
1.00159
1.00696
1.00829
1.0345
1.0583
1.0629
1
1
1
1
1
1
1
1
1
1
1
1
1
1
1
1
1
1
1
1
1
1
1
1
1
1
1
1
1
1
1
1
1
1
1
1
1
1
1
1
1.00001
1.00001
0.999952
0.99988
0.999913
0.999118
1.00082
1.00181
0.99297
1.0968
1
1
1
1
1
1
1
1
1
1
1
1
1
1
1
1
1
1
1
1
1
1
1
1
1
1
1
1
1
1
1
1
1
1
1
1
1
1
1
1
1.00001
1.00001
0.999935
0.999845
0.999839
0.999117
0.999635
0.999712
0.995931
1.04172
1
1
1
1
1
1
1
1
1
1
1
1
1
1
1
1
1
1
1
1
1
1
1
1
1
1
1
1
1
1
1
1
1
1
1
1
1
1
1
1
1
1
0.999969
0.999922
0.999932
0.999598
0.999861
0.999956
0.998416
1.0183
1
1
1
1
1
1
1
1
1
1
1
1
1
1
1
1
1
1
1
1
1
1
1
1
1
1
1
1
1
1
1
1
1
1
1
1
1
1
1
1
1
1
0.999985
0.999965
0.999963
0.999818
0.999922
0.999958
0.999222
1.00797
1
1
1
1
1
1
1
1
1
1
1
1
1
1
1
1
1
1
1
1
1
1
1
1
1
1
1
1
1
1
1
1
1
1
1
1
1
1
1
1
1
1
0.999994
0.999986
0.999985
0.999924
0.999972
0.999987
0.999691
1.00348
1
1
1
1
1
1
1
1
1
1
1
1
1
1
1
1
1
1
1
1
1
1
1
1
1
1
1
1
1
1
1
1
1
1
1
1
1
1
1
1
1
1
0.999997
0.999993
0.999994
0.999964
0.999984
0.99999
0.999862
1.00151
1
1
1
1
1
1
1
1
1
1
1
1
1
1
1
1
1
1
1
1
1
1
1
1
1
1
1
1
1
1
1
1
1
1
1
1
1
1
1
1
1
1
0.999999
0.999998
0.999998
0.999992
1
1.00001
0.999951
1.00065
1
1
1
1
1
1
1
1
1
1
1
1
1
1
1
1
1
1
1
1
1
1
1
1
1
1
1
1
1
1
1
1
1
1
1
1
1
1
1
1
1
1
0.999999
0.999999
0.999999
0.999992
0.999995
0.999995
0.99997
1.00027
1
1
1
1
1
1
1
1
1
1
1
1
1
1
1
1
1
1
1
1
1
1
1
1
1
1
1
1
1
1
1
1
1
1
1
1
1
1
1
1
1
1
1
1
1
0.999998
0.999999
1
0.99999
1.00012
1
1
1
1
1
1
1
1
1
1
1
1
1
1
1
1
1
1
1
1
1
1
1
1
1
1
1
1
1
1
1
1
1
1
1
1
1
1
1
1
1
1
1
1
1
1
1
1.00001
1.00001
1.00001
1
1
1
1
1
1
1
1
1
1
1
1
1
1
1
1
1
1
1
1
1
1
1
1
1
1
1
1
1
1
1
1
1
1
1
1
1
1
1
1
1
1
1
1
1
1
1
1
1
1
1
1
1
1
1
1
1
1
1
1
1
1
1
1
1
1
1
1
1
1
1
1
1
1
1
1
1
1
1
1
1
1
1
1
1
1
1
1
1
1
1
1
1
1
1
1
1
1
0.999999
1.00001
1
1
1
1
1
1
1
1
1
1
1
1
1
1
1
1
1
1
1
1
1
1
1
1
1
1
1
1
1
1
1
1
1
1
1
1
1
1
1
1
1
1
1
1
1
1
1
1
1
1
2.0551
1.03757
0.69301
0.585904
0.597948
0.643883
0.748704
0.947278
1.06115
1.09097
1.08943
1.08501
1.08544
1.08791
1.09425
1.10714
1.11718
1.12195
1.12188
1.12126
1.11957
1.11596
1.1109
1.10599
1.10116
1.09622
1.09085
1.08493
1.07866
1.07214
1.06556
1.05905
1.05274
1.04653
1.04042
1.03436
1.02829
1.02214
1.01586
1.0094
1.00273
0.995852
0.988772
0.981478
0.974004
0.9664
0.958715
0.951008
0.943327
0.935741
0.928297
0.921067
0.914063
0.907323
0.900861
0.894732
0.888921
0.883424
0.878209
0.873274
0.868607
0.864204
0.860068
0.856194
0.852603
0.849289
0.846288
0.843599
0.84125
0.839251
0.837616
0.836345
0.835381
0.834723
0.834492
0.834494
0.834551
0.834739
0.835178
0.836109
0.837348
0.838239
0.83967
0.840889
0.842073
0.843454
0.844798
0.846027
0.84773
0.849093
0.850611
0.85248
0.853976
0.856771
0.858379
0.861714
0.863635
0.867974
0.871394
0.879561
2.72377
1.66424
1.22146
1.04068
0.974273
0.943792
0.911217
0.916293
0.933503
0.970689
1.0314
1.0859
1.11922
1.12085
1.12013
1.11831
1.11543
1.11507
1.11519
1.11544
1.11531
1.11468
1.11302
1.10948
1.1036
1.0974
1.09105
1.08474
1.07832
1.07187
1.06541
1.059
1.05267
1.04643
1.04026
1.03412
1.02798
1.02177
1.01546
1.00898
1.00229
0.995402
0.98836
0.981086
0.973619
0.966041
0.958389
0.950715
0.943072
0.935517
0.928101
0.920886
0.913908
0.907173
0.9007
0.894535
0.888691
0.883141
0.877871
0.872881
0.868164
0.863722
0.859572
0.855702
0.852126
0.848851
0.845902
0.843278
0.840997
0.839043
0.837428
0.836223
0.835243
0.83474
0.834587
0.8346
0.834661
0.834857
0.83531
0.836179
0.837221
0.838412
0.839534
0.840876
0.841809
0.843663
0.844507
0.846289
0.847493
0.849244
0.850748
0.852485
0.854385
0.856627
0.858647
0.86154
0.863641
0.867782
0.870884
0.877302
3.54855
2.58568
1.96578
1.55052
1.27099
1.08209
0.953386
0.909953
0.913974
0.928856
0.962253
1.01644
1.06189
1.09509
1.11413
1.11755
1.1175
1.11713
1.1162
1.11446
1.11333
1.11163
1.10899
1.10545
1.10076
1.09515
1.08929
1.08336
1.07724
1.07099
1.06465
1.05827
1.05189
1.04557
1.0393
1.03306
1.0268
1.0205
1.01412
1.0076
1.00091
0.994047
0.987001
0.979771
0.972394
0.964912
0.957369
0.94981
0.942291
0.934864
0.927563
0.920444
0.913573
0.90696
0.900554
0.894385
0.888665
0.883319
0.878089
0.87308
0.868344
0.863886
0.859686
0.85576
0.852119
0.848772
0.845729
0.84301
0.840645
0.83862
0.836967
0.835752
0.834747
0.834243
0.834146
0.834149
0.834214
0.834408
0.834866
0.835799
0.836868
0.838065
0.839192
0.840577
0.841527
0.84343
0.844332
0.846197
0.847414
0.849214
0.850776
0.852516
0.854424
0.856601
0.858737
0.861547
0.863654
0.867646
0.870339
0.87598
3.98071
3.1389
2.47955
1.98719
1.63719
1.39447
1.23101
1.11326
1.0374
0.992592
0.992744
0.997411
1.01039
1.03699
1.06712
1.09371
1.11415
1.12179
1.12171
1.12089
1.11872
1.11424
1.10947
1.10499
1.10002
1.09478
1.08939
1.08377
1.07788
1.07171
1.06535
1.05888
1.05237
1.04582
1.0393
1.03287
1.02636
1.01983
1.01326
1.00661
0.99984
0.992936
0.985893
0.978714
0.971423
0.96405
0.956631
0.949203
0.941812
0.934506
0.927322
0.920301
0.913483
0.906867
0.90048
0.894371
0.888498
0.882888
0.87761
0.872682
0.868018
0.863601
0.859443
0.855559
0.851947
0.848632
0.845627
0.842925
0.840575
0.838547
0.836922
0.835661
0.834693
0.834149
0.834044
0.834069
0.834139
0.834371
0.834883
0.835813
0.836888
0.838148
0.839072
0.840669
0.841603
0.843495
0.844569
0.846252
0.847648
0.849267
0.850898
0.852694
0.854633
0.856953
0.858949
0.861973
0.863977
0.867954
0.870385
0.875526
4.25878
3.52786
2.90573
2.39903
2.00706
1.71133
1.48847
1.3193
1.19158
1.09282
1.03789
1.00873
1.00918
1.01309
1.02314
1.04368
1.06458
1.08401
1.10005
1.10789
1.10989
1.10945
1.10797
1.10468
1.09885
1.09307
1.08694
1.08086
1.07493
1.0688
1.06265
1.05643
1.05006
1.0436
1.03724
1.03087
1.02416
1.01731
1.01061
1.00384
0.997017
0.990105
0.983103
0.976034
0.968917
0.961755
0.95456
0.94737
0.940215
0.933144
0.926193
0.919376
0.912712
0.906275
0.900042
0.894038
0.888367
0.882875
0.877524
0.872437
0.867637
0.863123
0.858896
0.854964
0.85133
0.848007
0.845006
0.842325
0.839997
0.837988
0.83634
0.835087
0.834117
0.833524
0.833417
0.833432
0.833511
0.833743
0.834269
0.83525
0.836325
0.837636
0.838526
0.840315
0.841388
0.843192
0.844573
0.846169
0.847708
0.84937
0.85108
0.853056
0.855013
0.857488
0.859279
0.862517
0.86448
0.868431
0.870753
0.875846
4.47496
3.83702
3.26632
2.76818
2.35699
2.02864
1.76943
1.56726
1.40837
1.2873
1.18735
1.11241
1.06559
1.03659
1.02929
1.03084
1.03586
1.04673
1.06272
1.07794
1.09234
1.1004
1.10281
1.1024
1.10087
1.09738
1.09047
1.08355
1.07658
1.06967
1.06305
1.05659
1.05011
1.04361
1.03711
1.03059
1.02391
1.01692
1.00982
1.0029
0.995952
0.988983
0.981954
0.974883
0.967875
0.960896
0.953862
0.94684
0.939898
0.933027
0.926252
0.919621
0.913043
0.906655
0.900485
0.894499
0.888685
0.88312
0.87782
0.872757
0.867941
0.863386
0.859104
0.855113
0.851424
0.848048
0.845014
0.842312
0.839975
0.837963
0.836312
0.835067
0.834091
0.8335
0.833399
0.83342
0.833509
0.833749
0.834323
0.835439
0.836449
0.837998
0.839082
0.840916
0.842259
0.84416
0.845763
0.847593
0.849293
0.851197
0.853016
0.855258
0.856905
0.859662
0.8614
0.864773
0.866662
0.870525
0.872799
0.8779
4.64301
4.08129
3.56373
3.08932
2.67692
2.33054
2.04566
1.81378
1.6255
1.47256
1.34748
1.24632
1.16275
1.10315
1.0648
1.04136
1.03318
1.03401
1.03694
1.04353
1.05525
1.06651
1.07788
1.0845
1.08744
1.08716
1.08591
1.08293
1.07684
1.06959
1.06223
1.05493
1.04778
1.04072
1.03391
1.02726
1.02047
1.01339
1.0064
0.999637
0.992781
0.985877
0.978968
0.971962
0.96499
0.958244
0.951438
0.944572
0.937858
0.931334
0.924813
0.918237
0.911862
0.905711
0.899673
0.893769
0.88801
0.882488
0.877202
0.872122
0.86727
0.862674
0.85835
0.854326
0.850614
0.847221
0.844186
0.841485
0.839159
0.837162
0.835541
0.834342
0.833402
0.832919
0.832906
0.832957
0.833138
0.833556
0.834427
0.835852
0.837263
0.839198
0.840838
0.843232
0.845146
0.847758
0.849848
0.852379
0.854445
0.856915
0.8588
0.861489
0.863226
0.866349
0.868065
0.871461
0.873159
0.876739
0.87893
0.884048
4.7788
4.27637
3.8049
3.35757
2.9535
2.60192
2.30319
2.05223
1.84318
1.6692
1.52472
1.40442
1.30546
1.22212
1.15165
1.10245
1.06845
1.04764
1.03537
1.03552
1.03683
1.04026
1.04742
1.05748
1.06649
1.07301
1.07578
1.07556
1.07444
1.07158
1.06558
1.05782
1.04977
1.04171
1.03397
1.02665
1.01924
1.01186
1.00502
0.998254
0.99151
0.984779
0.977861
0.970993
0.964389
0.957686
0.950892
0.944243
0.937869
0.93149
0.925022
0.918686
0.912582
0.906539
0.900574
0.894708
0.889014
0.883494
0.878059
0.872814
0.867827
0.863126
0.858721
0.854638
0.85088
0.847454
0.844396
0.841684
0.839364
0.837391
0.835845
0.834768
0.833976
0.833958
0.834077
0.834453
0.83524
0.836693
0.838567
0.841131
0.843815
0.847253
0.850539
0.854577
0.858229
0.862879
0.866615
0.871174
0.874572
0.878771
0.881496
0.8853
0.88722
0.890683
0.892038
0.894758
0.895802
0.898024
0.899644
0.904191
4.88682
4.43215
4.00067
3.58174
3.19235
2.84365
2.539
2.27667
2.05273
1.86247
1.70093
1.56375
1.44767
1.34823
1.26642
1.19462
1.13566
1.09355
1.06327
1.04542
1.03347
1.03204
1.03273
1.03478
1.03917
1.04708
1.05372
1.05889
1.06071
1.06042
1.05918
1.05614
1.04988
1.04197
1.03399
1.02539
1.01695
1.00921
1.00173
0.994715
0.987902
0.980946
0.974344
0.968057
0.961511
0.955027
0.948534
0.94218
0.936038
0.929759
0.923365
0.91726
0.91127
0.905311
0.899387
0.893544
0.887819
0.882197
0.876786
0.871605
0.866698
0.862073
0.857737
0.85372
0.850024
0.846663
0.843678
0.841065
0.838926
0.837203
0.836067
0.835612
0.83578
0.836311
0.837463
0.839714
0.842973
0.847347
0.852796
0.859385
0.867013
0.875606
0.884762
0.894795
0.904443
0.914733
0.923509
0.933086
0.939944
0.947784
0.952099
0.957377
0.959284
0.962045
0.962206
0.962163
0.961379
0.959714
0.958544
0.961074
4.97715
4.55788
4.16116
3.77021
3.39878
3.05806
2.75312
2.48471
2.25092
2.0486
1.87408
1.72363
1.59425
1.4827
1.387
1.30435
1.23432
1.17322
1.12385
1.08708
1.05998
1.04239
1.03158
1.0277
1.02797
1.02892
1.03138
1.03632
1.04177
1.04578
1.04635
1.04599
1.04471
1.04151
1.03479
1.02673
1.0182
1.00967
1.00143
0.993481
0.986147
0.97946
0.972765
0.966343
0.96012
0.953941
0.947819
0.941922
0.935936
0.929694
0.923619
0.917728
0.911844
0.90599
0.900164
0.894403
0.888762
0.883249
0.877892
0.872711
0.867712
0.86297
0.858537
0.854457
0.850758
0.847511
0.844797
0.842675
0.841229
0.840871
0.841317
0.842653
0.845508
0.850129
0.857361
0.867059
0.879419
0.894472
0.912015
0.931919
0.953811
0.977035
1.00063
1.02461
1.04686
1.06852
1.08652
1.10471
1.11754
1.13025
1.13624
1.14108
1.1409
1.13956
1.13591
1.12986
1.11888
1.10965
1.0957
1.10073
5.0501
4.66185
4.29692
3.93245
3.57893
3.24811
2.94647
2.67609
2.43653
2.22593
2.04171
1.8808
1.74051
1.61821
1.51151
1.41846
1.33744
1.26687
1.20564
1.15252
1.11027
1.07779
1.05413
1.03751
1.02701
1.02167
1.02065
1.02084
1.02161
1.02341
1.02651
1.02881
1.02877
1.02827
1.02677
1.02338
1.01669
1.00895
1.00095
0.993147
0.985234
0.977631
0.970498
0.963808
0.957363
0.951211
0.945517
0.939721
0.933669
0.927931
0.922218
0.916421
0.910622
0.904834
0.899011
0.893195
0.887507
0.88199
0.876593
0.871368
0.866424
0.861834
0.857629
0.853915
0.850817
0.848514
0.847167
0.847732
0.849373
0.852614
0.859189
0.869676
0.885062
0.905423
0.931558
0.962858
1.00004
1.04111
1.08698
1.13823
1.19301
1.24615
1.29409
1.33544
1.36886
1.39521
1.41448
1.42853
1.43645
1.44096
1.44039
1.43881
1.43552
1.43052
1.42055
1.4115
1.39225
1.38105
1.35716
1.36787
5.11165
4.7489
4.40773
4.06694
3.73386
3.41758
3.12242
2.8527
2.61027
2.39421
2.20276
2.03361
1.88454
1.75327
1.63759
1.53577
1.446
1.36718
1.29751
1.23689
1.1835
1.13627
1.09904
1.06982
1.04736
1.03152
1.02022
1.01389
1.01158
1.00896
1.00881
1.00915
1.00997
1.01128
1.01116
1.01055
1.00891
1.00534
1.00012
0.993367
0.985795
0.978131
0.970667
0.963366
0.956512
0.950406
0.944381
0.938355
0.932814
0.927344
0.921884
0.916351
0.910675
0.905048
0.899479
0.89371
0.888099
0.882717
0.877444
0.872369
0.867714
0.863713
0.860508
0.858191
0.858495
0.860021
0.863776
0.872087
0.885963
0.907399
0.937739
0.976935
1.02702
1.08495
1.15991
1.24516
1.329
1.40309
1.46199
1.50288
1.52723
1.54157
1.54815
1.55082
1.55054
1.54887
1.5459
1.54239
1.53736
1.53327
1.52713
1.52286
1.51616
1.51189
1.5041
1.49923
1.48975
1.4863
1.48119
1.48449
5.16942
4.82674
4.50739
4.18783
3.87242
3.5678
3.28108
3.01581
2.77307
2.5537
2.35698
2.18152
2.02543
1.88686
1.76376
1.65449
1.55733
1.47107
1.3942
1.32597
1.26508
1.21178
1.16386
1.1212
1.08723
1.06034
1.03888
1.02292
1.01174
1.00343
0.998831
0.995547
0.993283
0.993308
0.993411
0.993464
0.993258
0.992656
0.991283
0.988507
0.983589
0.977554
0.970656
0.963512
0.95671
0.949857
0.943189
0.937138
0.93144
0.925883
0.920239
0.914716
0.909432
0.903999
0.898394
0.892775
0.887368
0.882233
0.877362
0.873057
0.869782
0.868844
0.870184
0.874271
0.882984
0.898575
0.925148
0.964502
1.01696
1.08439
1.1744
1.28749
1.39726
1.488
1.54983
1.5819
1.59755
1.60525
1.60742
1.60642
1.60388
1.59966
1.59384
1.58801
1.58075
1.57481
1.56725
1.5613
1.55398
1.54863
1.54126
1.53655
1.52951
1.52522
1.51793
1.51382
1.50612
1.5027
1.49747
1.4988
5.22208
4.89706
4.59659
4.29441
3.99483
3.70335
3.42555
3.16501
2.92405
2.70382
2.50416
2.32432
2.1629
2.01846
1.88922
1.7737
1.67023
1.57758
1.49437
1.41969
1.35245
1.29217
1.23779
1.18996
1.14606
1.10692
1.07507
1.04888
1.02829
1.0117
0.999029
0.990654
0.985192
0.98098
0.977832
0.977212
0.977421
0.977357
0.977145
0.976559
0.975352
0.97299
0.968938
0.96363
0.957321
0.950823
0.944244
0.937774
0.931477
0.925508
0.919886
0.914354
0.908936
0.903612
0.898318
0.8933
0.88877
0.885004
0.882432
0.883554
0.887043
0.894541
0.910151
0.938841
0.984441
1.04803
1.1317
1.25315
1.39156
1.51384
1.59485
1.63335
1.65156
1.66015
1.6609
1.65847
1.65235
1.64443
1.63505
1.62589
1.61657
1.60815
1.59937
1.59171
1.58335
1.57669
1.56851
1.56243
1.55476
1.5493
1.54171
1.53688
1.52979
1.52558
1.51845
1.51437
1.50706
1.50349
1.49818
1.49936
5.26689
4.95283
4.66586
4.38108
4.09751
3.8199
3.55279
3.2994
3.06253
2.84365
2.6433
2.46111
2.29625
2.1475
2.01349
1.89281
1.78395
1.68573
1.59679
1.51626
1.4431
1.37673
1.31623
1.26146
1.21146
1.16684
1.12586
1.08959
1.05949
1.03438
1.01391
0.997769
0.985418
0.976673
0.970742
0.96627
0.963314
0.961862
0.96175
0.96172
0.961596
0.961245
0.960392
0.958493
0.954842
0.950122
0.944504
0.938434
0.932233
0.925976
0.919896
0.914069
0.908582
0.903443
0.899082
0.895607
0.895325
0.897312
0.90349
0.917013
0.943061
0.989758
1.05858
1.15177
1.2952
1.4549
1.5908
1.66455
1.69605
1.71235
1.71693
1.71375
1.70604
1.69527
1.68288
1.67084
1.65903
1.64805
1.63724
1.62732
1.6173
1.60809
1.59846
1.58995
1.58062
1.57289
1.5637
1.55687
1.54837
1.54229
1.53424
1.52911
1.522
1.5178
1.51113
1.50753
1.50078
1.49785
1.49232
1.49305
5.31689
5.01624
4.73994
4.46494
4.18987
3.92128
3.66287
3.41797
3.18785
2.97299
2.77433
2.59186
2.42545
2.27389
2.13633
2.01132
1.8978
1.7945
1.70032
1.61436
1.53564
1.46361
1.39743
1.33684
1.28123
1.2305
1.18408
1.14214
1.10396
1.07007
1.04179
1.0181
0.998647
0.983239
0.971282
0.962519
0.956584
0.952141
0.949079
0.94764
0.947482
0.94739
0.947281
0.947011
0.946359
0.944951
0.942165
0.937936
0.932957
0.927215
0.92137
0.915853
0.911169
0.908034
0.909247
0.913135
0.922091
0.942092
0.982633
1.05026
1.14566
1.29713
1.47951
1.63948
1.71934
1.75364
1.77199
1.77399
1.76877
1.75621
1.74197
1.72693
1.71226
1.69838
1.68477
1.67161
1.65847
1.64564
1.63276
1.62044
1.60807
1.59641
1.5847
1.57389
1.56292
1.55328
1.54289
1.53491
1.52553
1.51868
1.5105
1.50496
1.49801
1.49389
1.48793
1.48483
1.47917
1.47682
1.47247
1.47255
5.35467
5.06451
4.79983
4.53736
4.27789
4.01994
3.76965
3.53021
3.30465
3.09376
2.89797
2.71676
2.55008
2.39696
2.25685
2.12841
2.01085
1.903
1.80395
1.71285
1.62885
1.55141
1.47987
1.41391
1.35308
1.29715
1.24579
1.19879
1.15593
1.11715
1.082
1.05038
1.02405
1.00204
0.983906
0.969298
0.957859
0.949341
0.943233
0.93907
0.936268
0.934446
0.934148
0.93417
0.934156
0.934035
0.933641
0.932686
0.930702
0.927345
0.92378
0.921897
0.923701
0.929266
0.942235
0.969125
1.02335
1.11336
1.24847
1.4551
1.64991
1.76337
1.80671
1.83153
1.83529
1.82889
1.8136
1.79665
1.7782
1.76076
1.74391
1.72745
1.71074
1.694
1.67698
1.6602
1.64336
1.62713
1.61108
1.59595
1.58108
1.56732
1.55372
1.54144
1.52917
1.5185
1.5075
1.49863
1.48911
1.48172
1.4737
1.46787
1.46125
1.45713
1.4518
1.44883
1.44426
1.44199
1.43933
1.43789
5.40179
5.11851
4.8596
4.60423
4.35077
4.10359
3.86315
3.6325
3.41437
3.20874
3.01659
2.8376
2.6716
2.51766
2.37531
2.24387
2.12254
2.01041
1.90668
1.81065
1.72164
1.63911
1.56263
1.49176
1.42623
1.36568
1.3099
1.2586
1.21151
1.16858
1.12926
1.09409
1.06195
1.03291
1.00844
0.987792
0.970616
0.956605
0.945553
0.937203
0.931319
0.927237
0.924345
0.922556
0.922453
0.922597
0.923023
0.923963
0.925282
0.927549
0.932136
0.94136
0.960356
0.997331
1.06686
1.17243
1.36952
1.60333
1.78898
1.85264
1.88853
1.90105
1.89455
1.87969
1.86114
1.83933
1.81838
1.79811
1.77786
1.75739
1.7363
1.71501
1.69347
1.67231
1.65137
1.63127
1.61166
1.59321
1.57535
1.55886
1.54287
1.52832
1.5141
1.50143
1.48884
1.47807
1.46703
1.45792
1.44877
1.44114
1.43338
1.42744
1.42117
1.41686
1.41199
1.40864
1.40509
1.40199
1.40077
1.39794
5.46591
5.18052
4.92422
4.67429
4.42837
4.18694
3.95491
3.73186
3.51899
3.31861
3.13058
2.95423
2.78912
2.63485
2.49099
2.35686
2.2319
2.11564
2.00742
1.90675
1.81308
1.72594
1.64495
1.56972
1.49998
1.43537
1.37567
1.32059
1.26984
1.22326
1.18043
1.14142
1.10558
1.07347
1.04391
1.01735
0.99431
0.974788
0.958401
0.944943
0.934294
0.926228
0.920382
0.916557
0.914934
0.915309
0.916575
0.919681
0.926146
0.939153
0.964541
1.01368
1.09681
1.21911
1.46259
1.72609
1.88131
1.934
1.96445
1.96188
1.95226
1.93414
1.91019
1.88652
1.86298
1.83926
1.81467
1.7892
1.76304
1.73679
1.71066
1.6852
1.66037
1.63673
1.61395
1.59261
1.5722
1.55336
1.53532
1.51887
1.50301
1.4887
1.47478
1.46238
1.45023
1.43952
1.42902
1.41991
1.41105
1.40347
1.39607
1.39001
1.38407
1.37937
1.37489
1.371
1.36798
1.36452
1.36296
1.35958
5.53784
5.24718
4.99082
4.74562
4.5061
4.27309
4.04682
3.83044
3.62456
3.42878
3.24359
3.06877
2.90392
2.74865
2.60261
2.46558
2.33718
2.21711
2.10489
2.00018
1.90245
1.81137
1.7265
1.64752
1.5741
1.50595
1.44279
1.38434
1.33031
1.28046
1.23451
1.19222
1.15331
1.11766
1.08489
1.05511
1.02789
1.00326
0.981433
0.962887
0.947264
0.934415
0.924653
0.916797
0.916099
0.917539
0.922215
0.934035
0.958512
1.01005
1.10116
1.24003
1.4937
1.78762
1.94215
2.00098
2.02376
2.01793
2.00376
1.9848
1.96076
1.93621
1.91055
1.88282
1.85334
1.82275
1.7916
1.76072
1.7304
1.70117
1.67305
1.64643
1.62105
1.59733
1.57479
1.55395
1.53413
1.51595
1.49855
1.48273
1.46742
1.45359
1.44011
1.42802
1.41622
1.4057
1.39547
1.38646
1.37779
1.37021
1.36308
1.35688
1.3512
1.34622
1.34187
1.33783
1.33471
1.33112
1.32943
1.32587
5.60459
5.31413
5.0582
4.81986
4.58857
4.36259
4.14362
3.93314
3.73154
3.53921
3.35529
3.18053
3.0148
2.85795
2.70974
2.56995
2.43839
2.31493
2.19916
2.09091
1.98973
1.8953
1.80717
1.72502
1.64848
1.57725
1.51102
1.44954
1.39251
1.3397
1.29081
1.24563
1.20387
1.1653
1.12968
1.09683
1.06656
1.03881
1.01349
0.99053
0.970025
0.952932
0.939347
0.933904
0.936017
0.944053
0.964325
1.00843
1.09677
1.24238
1.4907
1.79381
1.97558
2.04672
2.06967
2.0627
2.04715
2.02871
2.00597
1.98001
1.95076
1.91843
1.88433
1.84976
1.81535
1.78169
1.74909
1.71791
1.68813
1.65995
1.63316
1.608
1.58406
1.56173
1.54042
1.52068
1.50172
1.48429
1.46742
1.45199
1.43694
1.42325
1.40988
1.39777
1.38599
1.37537
1.36515
1.35603
1.34736
1.33971
1.33257
1.3263
1.32062
1.31557
1.31125
1.30711
1.30404
1.30041
1.29866
1.29495
5.63718
5.38243
5.1374
4.90218
4.68189
4.46504
4.2496
4.04041
3.84023
3.64892
3.46628
3.29081
3.12312
2.96353
2.81221
2.66924
2.53453
2.40804
2.28954
2.17852
2.07473
1.97766
1.88692
1.80214
1.72296
1.64905
1.58011
1.51588
1.45609
1.40053
1.34891
1.30104
1.25663
1.21546
1.17727
1.14182
1.10897
1.07845
1.05044
1.02483
1.0019
0.984057
0.977348
0.98112
0.995687
1.03153
1.11106
1.24853
1.49157
1.80103
2.01259
2.08999
2.12086
2.11094
2.08942
2.06521
2.03777
2.00575
1.97092
1.93482
1.89841
1.86252
1.82773
1.79429
1.76216
1.73147
1.70217
1.67428
1.6476
1.62224
1.59789
1.5748
1.55254
1.53156
1.51124
1.49224
1.47374
1.45657
1.43979
1.4243
1.40913
1.3952
1.38162
1.3692
1.35718
1.34626
1.33583
1.32645
1.31763
1.30977
1.30254
1.29613
1.29039
1.28525
1.2809
1.27676
1.27368
1.27008
1.26832
1.26453
5.61214
5.40733
5.21807
5.00469
4.78327
4.56908
4.35993
4.15471
3.95263
3.75779
3.57184
3.39437
3.22458
3.06233
2.90827
2.76272
2.62568
2.49684
2.37604
2.26311
2.15714
2.05815
1.96548
1.87866
1.79736
1.7212
1.64991
1.58321
1.52088
1.46272
1.40854
1.35814
1.31126
1.2677
1.22716
1.18944
1.15437
1.12171
1.09207
1.06631
1.04475
1.04725
1.05789
1.08586
1.15086
1.27981
1.51932
1.84455
2.09147
2.17208
2.2001
2.1869
2.15447
2.1149
2.07501
2.03064
1.98725
1.94561
1.9067
1.86991
1.83486
1.80178
1.77067
1.74113
1.71283
1.6858
1.65983
1.63488
1.61073
1.58749
1.56489
1.54322
1.52209
1.50197
1.48227
1.46369
1.44546
1.42838
1.41163
1.39602
1.38075
1.36659
1.35282
1.34013
1.32791
1.31673
1.30611
1.2965
1.28752
1.27946
1.2721
1.26553
1.25967
1.25446
1.25002
1.24586
1.24276
1.23921
1.23739
1.23347
5.4098
5.38283
5.2956
5.133
4.9049
4.67691
4.46321
4.25764
4.05897
3.86565
3.67818
3.49793
3.32547
3.1614
3.00551
2.85795
2.71795
2.58613
2.46244
2.34664
2.23858
2.13737
2.04294
1.95444
1.8714
1.79338
1.7201
1.65128
1.58675
1.52628
1.46971
1.41688
1.36762
1.3218
1.27912
1.23951
1.20314
1.16954
1.14286
1.13161
1.13828
1.16141
1.21806
1.33775
1.56867
1.92218
2.22203
2.30606
2.32966
2.31164
2.2692
2.21205
2.15477
2.09869
2.04437
1.99332
1.94539
1.90025
1.85791
1.81842
1.78298
1.75122
1.72194
1.69412
1.66744
1.64222
1.6179
1.59448
1.57173
1.5498
1.52841
1.50784
1.48771
1.46845
1.44954
1.43156
1.41391
1.3972
1.38083
1.36541
1.35037
1.33627
1.32261
1.30992
1.29773
1.28648
1.27586
1.26615
1.25713
1.24894
1.24153
1.23483
1.22889
1.22359
1.21908
1.21486
1.21174
1.20819
1.20628
1.20219
4.66995
5.25658
5.24926
5.18026
5.03022
4.78957
4.5627
4.35344
4.15424
3.96142
3.77426
3.59335
3.41954
3.25327
3.09486
2.94464
2.8034
2.67075
2.54623
2.42928
2.3196
2.21689
2.12053
2.03029
1.94563
1.86597
1.79088
1.72003
1.65329
1.59053
1.53177
1.47683
1.42554
1.3779
1.33371
1.29329
1.2601
1.23378
1.23842
1.25902
1.30799
1.41518
1.62835
2.01258
2.39333
2.48777
2.50867
2.48546
2.43082
2.35948
2.29041
2.22119
2.15297
2.09028
2.03165
1.97737
1.92639
1.87874
1.83392
1.79227
1.75353
1.71777
1.68387
1.65344
1.62557
1.60024
1.57584
1.55266
1.53038
1.50913
1.48854
1.46882
1.44961
1.4312
1.41321
1.396
1.37917
1.3631
1.34742
1.33248
1.31796
1.30423
1.29096
1.27852
1.26662
1.25554
1.24512
1.2355
1.22659
1.21841
1.21106
1.20432
1.19841
1.19306
1.18856
1.18432
1.18115
1.17766
1.17569
1.17146
2.81484
4.797
5.13849
5.13187
5.06236
4.90908
4.67098
4.44807
4.24404
4.05074
3.86421
3.68382
3.51002
3.34336
3.18461
3.03394
2.89131
2.75669
2.63004
2.51138
2.40041
2.29648
2.19897
2.10712
2.02071
1.93919
1.86238
1.78981
1.72133
1.6567
1.59591
1.53895
1.48586
1.43767
1.3949
1.3594
1.35579
1.36729
1.40963
1.50887
1.70901
2.10413
2.58277
2.70297
2.73159
2.70373
2.63616
2.54966
2.46638
2.38342
2.30188
2.22532
2.15328
2.08804
2.02818
1.97287
1.91999
1.87065
1.8242
1.78109
1.74025
1.70172
1.66509
1.63122
1.59909
1.5695
1.54228
1.51728
1.49365
1.47147
1.4503
1.43028
1.41107
1.3928
1.37518
1.35837
1.3421
1.32655
1.31148
1.29708
1.28316
1.26993
1.25721
1.24521
1.23379
1.22309
1.21305
1.20373
1.1951
1.18715
1.18003
1.17343
1.16767
1.16246
1.15806
1.15394
1.15086
1.14754
1.14557
1.14133
1.70775
3.4664
4.77141
5.021
5.01252
4.9403
4.78263
4.55095
4.33365
4.13543
3.94819
3.76861
3.59589
3.42987
3.27132
3.12042
2.97736
2.84221
2.71459
2.59456
2.48179
2.37604
2.27688
2.18381
2.09619
2.01353
1.93516
1.86087
1.79061
1.72424
1.66198
1.60447
1.55167
1.50893
1.4866
1.49456
1.52852
1.61721
1.80457
2.18191
2.75716
2.94531
2.99642
2.9618
2.88268
2.77907
2.68012
2.58221
2.48673
2.3969
2.31333
2.23538
2.16265
2.09501
2.03194
1.97326
1.91916
1.86904
1.82186
1.77805
1.73605
1.69565
1.65735
1.62112
1.58624
1.55358
1.52238
1.49384
1.46703
1.44215
1.41875
1.3969
1.37627
1.35691
1.33856
1.32125
1.30476
1.28914
1.2742
1.26001
1.24645
1.23359
1.22135
1.20979
1.19888
1.18862
1.17904
1.17015
1.16191
1.15432
1.14756
1.14124
1.13579
1.13086
1.1267
1.12288
1.12
1.11704
1.1152
1.11116
1.26122
2.05247
3.71765
4.68523
4.89707
4.88709
4.81308
4.65284
4.42969
4.22011
4.02936
3.85001
3.67791
3.51307
3.35574
3.20606
3.06367
2.9285
2.80049
2.67949
2.56529
2.45776
2.3566
2.26154
2.17206
2.08777
2.00824
1.933
1.86196
1.7952
1.73304
1.68137
1.63994
1.64487
1.66946
1.74436
1.90907
2.25163
2.88385
3.22206
3.29378
3.25849
3.17376
3.04638
2.93071
2.81618
2.70509
2.6011
2.50453
2.41468
2.3309
2.25286
2.17978
2.11144
2.04707
1.98693
1.93034
1.87723
1.82721
1.78008
1.73568
1.69426
1.65523
1.61737
1.58085
1.54597
1.51241
1.48097
1.45115
1.42335
1.39712
1.37268
1.34968
1.3282
1.30801
1.28915
1.27138
1.25477
1.23909
1.2244
1.21055
1.19756
1.18536
1.17391
1.16322
1.15323
1.14395
1.13538
1.12748
1.12022
1.11378
1.10776
1.10265
1.09801
1.09417
1.09069
1.08811
1.08561
1.08397
1.08033
1.10911
1.45593
2.15056
3.78506
4.59404
4.77227
4.76107
4.68807
4.53109
4.31712
4.11545
3.93142
3.75967
3.59624
3.43965
3.2907
3.14935
3.01485
2.88686
2.76527
2.65
2.54101
2.43817
2.34131
2.25008
2.16408
2.08329
2.00754
1.9373
1.87523
1.82327
1.81336
1.82808
1.88837
2.03678
2.34456
2.96579
3.53031
3.63649
3.60153
3.50647
3.35596
3.21854
3.08468
2.95654
2.83688
2.72588
2.62293
2.52699
2.43772
2.35425
2.27613
2.20255
2.1334
2.06786
2.00619
1.94748
1.89228
1.8397
1.79021
1.74306
1.69873
1.65629
1.61646
1.57918
1.54263
1.50757
1.47413
1.44201
1.41213
1.38365
1.35712
1.33191
1.30832
1.28606
1.26526
1.24566
1.22739
1.21023
1.19426
1.17932
1.16543
1.1525
1.14051
1.12943
1.11918
1.10975
1.10109
1.09321
1.08598
1.07963
1.07374
1.06881
1.06429
1.06071
1.05744
1.05515
1.053
1.05159
1.04844
1.04815
1.1992
1.5029
2.24675
3.81338
4.49567
4.65404
4.64273
4.5745
4.42679
4.22019
4.02408
3.84575
3.68044
3.52471
3.37649
3.2354
3.10137
2.97372
2.85193
2.7359
2.62568
2.52127
2.42285
2.33036
2.24375
2.16399
2.09139
2.03052
2.0029
2.01332
2.06071
2.18917
2.46208
3.02298
3.82481
4.00813
3.97999
3.89072
3.71376
3.54614
3.38957
3.2416
3.10425
2.97732
2.85968
2.75039
2.64873
2.55382
2.4651
2.38163
2.30315
2.22879
2.15859
2.09165
2.02834
1.96771
1.91042
1.85543
1.80357
1.75381
1.70693
1.66195
1.61975
1.57914
1.5415
1.50552
1.47082
1.43747
1.40587
1.37559
1.34722
1.32025
1.2951
1.27119
1.24873
1.22746
1.20756
1.18881
1.17134
1.15497
1.13978
1.12566
1.11258
1.10053
1.0894
1.07924
1.06989
1.06149
1.05376
1.04703
1.04083
1.03568
1.03092
1.02733
1.02392
1.02177
1.01957
1.01832
1.0156
1.02048
1.08556
1.21523
1.55012
2.26433
3.79568
4.40259
4.54607
4.53518
4.47264
4.33672
4.1364
3.94539
3.77196
3.61252
3.46318
3.322
3.18812
3.06076
2.93932
2.82305
2.7123
2.60721
2.50826
2.41659
2.33371
2.26185
2.2165
2.22342
2.25915
2.36463
2.60639
3.11322
3.99612
4.42408
4.40699
4.31471
4.126
3.91985
3.73482
3.56257
3.40406
3.25877
3.12464
3.00061
2.8854
2.77816
2.67786
2.58369
2.49505
2.41119
2.33187
2.2563
2.1846
2.11591
2.05072
1.98805
1.9287
1.87156
1.81763
1.76572
1.71683
1.66981
1.62561
1.58313
1.54329
1.50512
1.4697
1.4356
1.40297
1.3717
1.34209
1.3137
1.287
1.26163
1.23793
1.21539
1.19419
1.17412
1.15529
1.13757
1.12102
1.10558
1.09119
1.07791
1.06556
1.0543
1.04387
1.03452
1.02587
1.01834
1.01134
1.00554
1.00012
0.996008
0.992084
0.989589
0.987013
0.985645
0.982692
1.00899
1.03729
1.09315
1.2404
1.56221
2.28652
3.7533
4.31323
4.44718
4.43713
4.37957
4.25437
4.06193
3.87634
3.70798
3.55431
3.41082
3.27609
3.14862
3.02719
2.91182
2.80201
2.69895
2.60494
2.52101
2.46195
2.45857
2.4807
2.56861
2.78193
3.2194
4.06031
4.90068
4.89055
4.8059
4.61357
4.35014
4.13214
3.92573
3.74089
3.57297
3.41936
3.27831
3.14819
3.02748
2.91479
2.80905
2.70937
2.61511
2.52576
2.44075
2.35989
2.28258
2.20896
2.13829
2.0711
2.00645
1.94521
1.88624
1.83059
1.77703
1.72659
1.67809
1.63243
1.58861
1.54734
1.50783
1.47064
1.4352
1.40204
1.37028
1.33984
1.31065
1.28298
1.25647
1.23156
1.20791
1.18559
1.16446
1.14452
1.12574
1.10804
1.0915
1.07592
1.06149
1.04793
1.03551
1.02387
1.01341
1.00358
0.995014
0.986928
0.980175
0.973786
0.968823
0.964025
0.960835
0.957473
0.955648
0.951758
1.00388
1.01617
1.03958
1.10384
1.24128
1.57652
2.28396
3.70818
4.22874
4.35437
4.34529
4.29253
4.17782
3.9945
3.8155
3.65273
3.50503
3.36804
3.24014
3.11985
3.00733
2.90428
2.80929
2.74137
2.71888
2.73708
2.81465
3.00622
3.40315
4.19522
5.3439
5.43292
5.3606
5.16419
4.85291
4.59054
4.34196
4.12689
3.92876
3.75017
3.58825
3.44036
3.30421
3.17783
3.05935
2.94765
2.84183
2.74132
2.64562
2.55445
2.46744
2.38447
2.3051
2.22946
2.15693
2.08797
2.02172
1.95898
1.89868
1.84178
1.7871
1.73559
1.68612
1.63951
1.59478
1.5526
1.51216
1.47402
1.43747
1.40303
1.37009
1.33916
1.30956
1.2812
1.25401
1.22824
1.20369
1.18045
1.15843
1.13755
1.11791
1.09925
1.08181
1.06526
1.04989
1.03533
1.02196
1.00928
0.997809
0.986922
0.977312
0.968122
0.96036
0.952817
0.946892
0.940939
0.936886
0.932317
0.929819
0.924555
1.00169
1.00698
1.0169
1.04467
1.10212
1.25108
1.56949
2.28115
3.64388
4.14102
4.26408
4.25687
4.20947
4.10706
3.93377
3.76275
3.60739
3.4668
3.33989
3.22573
3.12293
3.04903
3.01347
3.0294
3.09991
3.27794
3.64641
4.34677
5.54045
6.01877
5.95864
5.77703
5.43237
5.11501
4.81352
4.56071
4.33684
4.12835
3.94036
3.77042
3.61543
3.47249
3.33918
3.21371
3.09481
2.98166
2.87372
2.77069
2.67237
2.57862
2.48922
2.40407
2.32281
2.24547
2.17151
2.10124
2.03391
1.97015
1.909
1.85129
1.79591
1.74372
1.69363
1.64638
1.60104
1.55821
1.51712
1.47827
1.44099
1.40576
1.37195
1.34004
1.30943
1.28065
1.25299
1.22656
1.20133
1.17736
1.15466
1.13303
1.11271
1.09333
1.0752
1.05794
1.04187
1.02655
1.01244
0.998936
0.986685
0.974905
0.964451
0.954314
0.945654
0.937092
0.930247
0.9232
0.918212
0.912434
0.909177
0.902262
1.00074
1.00281
1.00769
1.01785
1.04523
1.10193
1.24959
1.55923
2.25401
3.56783
4.05107
4.17444
4.17031
4.13104
4.04579
3.88362
3.7243
3.58395
3.46108
3.37905
3.33772
3.35203
3.41942
3.59417
3.952
4.67166
5.7007
6.73284
6.66836
6.46331
6.06627
5.7032
5.34706
5.04466
4.78755
4.55414
4.34051
4.14669
3.9694
3.80618
3.65468
3.51264
3.37841
3.25075
3.12891
3.01244
2.90112
2.79489
2.69366
2.5974
2.50588
2.41899
2.33631
2.2578
2.18287
2.11178
2.04376
1.97937
1.91768
1.85944
1.80358
1.7509
1.70034
1.65261
1.60679
1.56346
1.52186
1.48248
1.44465
1.40882
1.37439
1.3418
1.31056
1.28095
1.25265
1.22567
1.19996
1.17545
1.15226
1.13009
1.10926
1.08934
1.07071
1.05291
1.03635
1.02049
1.00587
0.991786
0.978971
0.966548
0.955466
0.944586
0.935224
0.925817
0.918191
0.910181
0.904398
0.897459
0.893461
0.885023
1.0003
1.00125
1.00307
1.00787
1.01828
1.04359
1.10214
1.23852
1.54436
2.20242
3.48023
3.95639
4.0843
4.09513
4.07064
4.00616
3.87433
3.74783
3.6914
3.70433
3.77289
3.95058
4.31037
5.04627
5.99277
7.42494
7.36029
7.16447
6.84227
6.3573
5.93164
5.57888
5.28036
5.02051
4.78413
4.56846
4.3698
4.18486
4.01179
3.84937
3.69628
3.55133
3.41345
3.28196
3.15638
3.03645
2.92208
2.81322
2.7098
2.61173
2.51874
2.43065
2.34698
2.26765
2.19204
2.12034
2.05179
1.9869
1.92474
1.86604
1.80975
1.75664
1.70567
1.65753
1.61131
1.56758
1.52558
1.48579
1.44754
1.41128
1.37643
1.34333
1.31156
1.28133
1.25252
1.22503
1.19888
1.17389
1.15028
1.12766
1.10647
1.08621
1.06727
1.04912
1.03223
1.01599
1.00101
0.986517
0.973299
0.960418
0.948897
0.937509
0.927662
0.917677
0.909505
0.900804
0.894446
0.886638
0.882052
0.872398
1.00015
1.00047
1.00136
1.00308
1.00791
1.01725
1.04316
1.0962
1.23093
1.51564
2.14132
3.37845
3.8568
4.01142
4.06354
4.07501
4.07048
4.0874
4.1664
4.36028
4.76243
5.44652
6.37443
7.94575
8.11445
7.98065
7.63447
7.06772
6.58092
6.17049
5.82862
5.52698
5.25979
5.01887
4.80065
4.59737
4.40474
4.22126
4.04692
3.88168
3.7252
3.5768
3.43581
3.30164
3.17384
3.05209
2.9362
2.82608
2.72159
2.62261
2.52884
2.44006
2.35577
2.27585
2.1997
2.12745
2.0584
1.993
1.93037
1.8712
1.81447
1.76093
1.70955
1.66103
1.61444
1.57034
1.52799
1.48784
1.44925
1.41264
1.37745
1.344
1.31192
1.28136
1.25222
1.22444
1.19809
1.17289
1.1491
1.12629
1.10484
1.08422
1.06493
1.04639
1.02914
1.0125
0.997151
0.982262
0.968675
0.955401
0.943504
0.931709
0.921469
0.911054
0.902486
0.89331
0.886562
0.878166
0.873161
0.862647
1.00006
1.0002
1.00053
1.00131
1.00307
1.00745
1.01679
1.04059
1.09173
1.21756
1.48413
2.06976
3.2548
3.78358
4.02898
4.24512
4.4651
4.80128
5.2702
5.94637
7.29998
8.82635
9.08171
8.94685
8.59017
7.94059
7.37433
6.87831
6.46592
6.12559
5.83295
5.56365
5.31461
5.08296
4.8652
4.65766
4.45867
4.26853
4.08805
3.91759
3.75682
3.60499
3.46129
3.32495
3.19534
3.07203
2.95475
2.84336
2.7377
2.6376
2.54278
2.453
2.36777
2.28695
2.20994
2.13688
2.06706
2.00094
1.93765
1.87787
1.82057
1.76651
1.71466
1.66569
1.6187
1.57424
1.53155
1.49108
1.4522
1.41529
1.37983
1.34611
1.31379
1.28297
1.25356
1.22546
1.19883
1.17333
1.14928
1.12621
1.10453
1.08367
1.06415
1.04537
1.02789
1.01101
0.995439
0.980312
0.9665
0.952989
0.940862
0.928822
0.918344
0.907657
0.898821
0.889317
0.882276
0.873458
0.868124
0.856933
1.00002
1.00008
1.00023
1.00051
1.00133
1.00287
1.00725
1.0156
1.03914
1.08483
1.2082
1.45227
2.00615
3.16574
3.89114
4.71112
5.41501
6.49369
7.6956
9.09656
9.67226
9.59476
9.33207
8.78387
8.10413
7.54863
7.10037
6.71821
6.3852
6.08743
5.81314
5.55538
5.31225
5.08249
4.86345
4.65305
4.45096
4.25823
4.076
3.90463
3.74366
3.59222
3.44929
3.31394
3.18541
3.06315
2.94683
2.83625
2.73126
2.63171
2.53733
2.44789
2.36293
2.28231
2.20546
2.13251
2.0628
1.99676
1.93355
1.87384
1.81663
1.76265
1.71089
1.66201
1.61513
1.57075
1.52816
1.48778
1.449
1.41217
1.37679
1.34313
1.31088
1.2801
1.25074
1.22264
1.19598
1.17041
1.14629
1.12314
1.1014
1.08052
1.06099
1.0422
1.02473
1.00784
0.992268
0.977136
0.963302
0.949768
0.937601
0.925506
0.914971
0.904178
0.89527
0.885602
0.878455
0.869426
0.86392
0.852375
1.00001
1.00004
1.00011
1.00028
1.00062
1.00155
1.00345
1.00833
1.01876
1.04405
1.1016
1.23136
1.52935
2.17336
3.48019
6.18933
8.21724
10.8499
11.3188
11.147
10.6499
9.75734
9.03613
8.43007
7.92581
7.49449
7.12753
6.79941
6.4932
6.19874
5.91225
5.63653
5.37604
5.13207
4.90238
4.6842
4.47652
4.27989
4.09505
3.92202
3.76007
3.60805
3.46478
3.32916
3.20034
3.0777
2.96089
2.8497
2.74399
2.64365
2.54842
2.45808
2.37222
2.2907
2.21299
2.13921
2.06874
2.00198
1.93814
1.87784
1.82011
1.76566
1.7135
1.66425
1.61705
1.57238
1.52955
1.48894
1.44996
1.41295
1.37742
1.34361
1.31122
1.2803
1.25083
1.22261
1.19586
1.1702
1.14598
1.12274
1.10091
1.07994
1.06033
1.04148
1.02393
1.007
0.991359
0.976179
0.962284
0.948698
0.936466
0.92431
0.913709
0.902833
0.893861
0.884092
0.876857
0.867724
0.862125
0.850415
)
;

boundaryField
{
    inlet
    {
        type            fixedValue;
        value           uniform 1;
    }
    outlet
    {
        type            waveTransmissive;
        gamma           1.4;
        fieldInf        1;
        lInf            3;
        value           nonuniform List<scalar> 
40
(
0.881333
0.879054
0.877691
0.877162
0.877339
0.878933
0.883697
0.899595
0.945063
1.06157
1.29896
1.4643
1.49326
1.49671
1.49244
1.4755
1.44371
1.40437
1.36535
1.33058
1.29906
1.2685
1.23751
1.20626
1.17549
1.14536
1.11519
1.08427
1.05226
1.0193
0.986289
0.955304
0.928137
0.905905
0.888783
0.876267
0.866604
0.860972
0.85646
0.854518
)
;
    }
    bottom
    {
        type            symmetryPlane;
    }
    top
    {
        type            symmetryPlane;
    }
    obstacle
    {
        type            zeroGradient;
    }
    defaultFaces
    {
        type            empty;
    }
}


// ************************************************************************* //
