/*--------------------------------*- C++ -*----------------------------------*\
| =========                 |                                                 |
| \\      /  F ield         | OpenFOAM: The Open Source CFD Toolbox           |
|  \\    /   O peration     | Version:  2112                                  |
|   \\  /    A nd           | Website:  www.openfoam.com                      |
|    \\/     M anipulation  |                                                 |
\*---------------------------------------------------------------------------*/
FoamFile
{
    version     2.0;
    format      ascii;
    arch        "LSB;label=32;scalar=64";
    class       volScalarField;
    location    "1.0005";
    object      T;
}
// * * * * * * * * * * * * * * * * * * * * * * * * * * * * * * * * * * * * * //

dimensions      [0 0 0 1 0 0 0];

internalField   nonuniform List<scalar> 
7000
(
1
1
1
1
1
1
1
1
1
1
1
1
1.00001
1.00008
1.00017
1.00074
1.00197
1.00214
1.01662
1.00504
1.09884
1.25059
1.76149
2.54134
2.77576
2.78535
2.78233
2.76725
2.75313
2.73369
2.71682
2.71587
2.72495
2.72896
2.73488
2.7577
2.7944
2.82491
2.83504
2.83069
2.81496
2.79791
2.81252
2.83643
2.83429
2.8564
2.86706
2.85746
3.01682
3.22178
1
1
1
1
1
1
1
1
1
1
1
1
1.00001
1.00007
1.00016
1.00071
1.00184
1.00203
1.01562
1.00793
1.09637
1.24911
1.74095
2.5303
2.77209
2.78763
2.78322
2.76757
2.75272
2.73204
2.71667
2.71724
2.72821
2.73418
2.7409
2.76264
2.79736
2.82632
2.83582
2.83144
2.8161
2.79976
2.8165
2.83829
2.83629
2.85975
2.86765
2.86268
3.03427
3.23708
1
1
1
1
1
1
1
1
1
1
1
1
1.00001
1.00008
1.00016
1.00072
1.00186
1.00209
1.01678
1.00294
1.09722
1.22837
1.7369
2.52357
2.77366
2.78866
2.78219
2.76225
2.74689
2.72716
2.7152
2.7176
2.72874
2.73527
2.74326
2.76566
2.79946
2.82642
2.8345
2.82971
2.81466
2.79849
2.81654
2.83672
2.83558
2.86049
2.86687
2.8655
3.04209
3.25068
1
1
1
1
1
1
1
1
1
1
1
1
1.00001
1.00008
1.00015
1.00069
1.00173
1.00232
1.01598
1.00687
1.09375
1.21793
1.72402
2.50629
2.77171
2.78884
2.78073
2.75691
2.74153
2.7228
2.71322
2.71739
2.72918
2.73658
2.74546
2.76792
2.80091
2.82684
2.83434
2.82943
2.81474
2.79882
2.81641
2.83531
2.83576
2.85967
2.86372
2.86664
3.04562
3.26317
1
1
1
1
1
1
1
1
1
1
1
1
1.00001
1.00007
1.00013
1.00069
1.00141
1.00276
1.01508
1.00555
1.09105
1.21933
1.70171
2.48326
2.76972
2.78887
2.7787
2.75018
2.73403
2.71706
2.71003
2.71608
2.72858
2.73706
2.74669
2.76881
2.80067
2.82572
2.83305
2.82831
2.81423
2.79843
2.81507
2.835
2.83654
2.86075
2.86408
2.86868
3.04278
3.27423
1
1
1
1
1
1
1
1
1
1
1
1
1.00001
1.00007
1.00012
1.00066
1.00113
1.00297
1.01357
1.00485
1.08785
1.19639
1.68954
2.45666
2.76758
2.78807
2.77506
2.74209
2.72569
2.71152
2.70679
2.71416
2.72722
2.73696
2.74738
2.76937
2.80042
2.82454
2.83146
2.82677
2.8133
2.79817
2.81332
2.83191
2.83419
2.85753
2.86068
2.86875
3.04334
3.2841
1
1
1
1
1
1
1
1
1
1
1
1
1.00001
1.00007
1.00012
1.00062
1.00104
1.00286
1.01296
1.00247
1.08738
1.18239
1.6708
2.41095
2.76564
2.78482
2.76767
2.72932
2.71485
2.70479
2.70366
2.71238
2.72623
2.73722
2.748
2.76918
2.79927
2.82317
2.83039
2.82603
2.81294
2.79771
2.81006
2.83034
2.83517
2.85692
2.85794
2.86913
3.03624
3.29118
1
1
1
1
1
1
1
1
1
1
1
1
1.00001
1.00007
1.00012
1.0006
1.00095
1.00285
1.01192
1.00233
1.08279
1.16675
1.6409
2.36667
2.75844
2.77926
2.75792
2.71558
2.70349
2.69806
2.70104
2.71105
2.72576
2.73792
2.74878
2.7687
2.7973
2.8205
2.82783
2.82389
2.81164
2.79697
2.8069
2.82677
2.83165
2.85375
2.85535
2.86723
3.03572
3.29632
1
1
1
1
1
1
1
1
1
1
1
1
1.00001
1.00007
1.00011
1.00056
1.0009
1.00267
1.01087
1.00197
1.07761
1.1486
1.60513
2.31648
2.74074
2.7685
2.74282
2.70028
2.69265
2.69227
2.69933
2.7099
2.72548
2.73896
2.74965
2.76764
2.79482
2.81828
2.82649
2.8231
2.81116
2.79492
2.802
2.82358
2.82691
2.85023
2.85438
2.86774
3.02295
3.29711
1
1
1
1
1
1
1
1
1
1
1
1
1.00001
1.00007
1.00011
1.00052
1.00093
1.00233
1.01001
1.00168
1.07121
1.13232
1.56256
2.24154
2.70856
2.75097
2.72261
2.6867
2.6842
2.68905
2.6973
2.70838
2.72512
2.73975
2.75024
2.76702
2.79221
2.81382
2.82144
2.81855
2.80776
2.79171
2.79705
2.82047
2.82529
2.84499
2.84878
2.86464
3.0237
3.30335
1
1
1
1
1
1
1
1
1
1
1
1
1.00001
1.00007
1.00011
1.00047
1.00104
1.0017
1.00984
1.00228
1.06232
1.12133
1.48973
2.15009
2.64237
2.72358
2.70222
2.67963
2.68002
2.68813
2.69558
2.70672
2.72454
2.74104
2.75088
2.76394
2.78762
2.81114
2.82108
2.819
2.80833
2.78937
2.79223
2.81585
2.8227
2.84155
2.84514
2.8605
3.00615
3.29247
1
1
1
1
1
1
1
1
1
1
1
1.00001
1.00001
1.00007
1.00011
1.00044
1.00097
1.00153
1.00922
1.00183
1.05354
1.12579
1.38252
2.07309
2.49244
2.70022
2.69668
2.68464
2.67934
2.68794
2.69391
2.70538
2.72448
2.74184
2.75168
2.76357
2.78425
2.80536
2.81488
2.81341
2.8035
2.78374
2.78487
2.80869
2.81549
2.83374
2.83799
2.85336
3.00133
3.29845
1
1
1
1
1
1
1
1
1
1
1
1.00001
1.00001
1.00006
1.0001
1.00041
1.00083
1.00152
1.00799
1.00391
1.04455
1.1089
1.3207
1.93016
2.35435
2.71031
2.70431
2.69377
2.6815
2.68693
2.69314
2.70406
2.72435
2.74402
2.75251
2.76122
2.77954
2.79935
2.80872
2.80776
2.79873
2.77863
2.77786
2.80207
2.8088
2.8255
2.8297
2.84447
2.98034
3.27552
1
1
1
1
1
1
1
1
1
1
1
1
1.00002
1.00006
1.00013
1.0004
1.00081
1.00166
1.00705
1.00229
1.03898
1.09114
1.26846
1.76674
2.24569
2.70074
2.71493
2.70074
2.68165
2.68261
2.69217
2.70487
2.72652
2.74638
2.75428
2.75759
2.77175
2.79299
2.80475
2.80481
2.79598
2.77316
2.76913
2.79164
2.8009
2.81662
2.82344
2.83698
2.9654
3.27648
1
1
1
1
1
1
1
1
1
1
1
1
1.00003
1.00005
1.00022
1.00031
1.00124
1.00166
1.00705
1.00516
1.03089
1.07145
1.22353
1.62352
2.12487
2.66214
2.71572
2.69539
2.67923
2.68104
2.6942
2.70878
2.73002
2.74647
2.75133
2.75251
2.76256
2.78428
2.79786
2.79923
2.79117
2.76662
2.75968
2.77941
2.79146
2.80412
2.80877
2.82397
2.94503
3.24667
1
1
1
1
1
1
1
1
1
1
1
1
1.00002
1.00003
1.00016
1.00023
1.0009
1.00125
1.00561
1.0052
1.02284
1.04432
1.18037
1.49389
1.95449
2.60384
2.72982
2.7117
2.68769
2.68817
2.69909
2.7137
2.7306
2.73927
2.74088
2.74298
2.75462
2.77465
2.78629
2.78725
2.77932
2.75392
2.74461
2.76229
2.77967
2.79297
2.79866
2.80408
2.90777
3.23167
1
1
1
1
1
1
1
1
1
1
1
1
1.00002
1.00003
1.00011
1.00015
1.00055
1.00119
1.00157
1.01013
1.0057
1.05813
1.12166
1.44901
2.1083
2.52786
2.72029
2.70673
2.7004
2.70199
2.71086
2.71953
2.72925
2.73213
2.73203
2.73432
2.74774
2.76782
2.77785
2.77807
2.76955
2.74286
2.73103
2.74271
2.76138
2.77272
2.77694
2.78935
2.87736
3.183
1
1
1
1
1
1
1
1
1
1
1
1
1.00001
1.00002
1.00008
1.00012
1.00037
1.00098
1.00117
1.00892
1.00228
1.04751
1.11149
1.34273
1.9591
2.40444
2.68607
2.67445
2.68547
2.69281
2.70943
2.7196
2.72805
2.72885
2.72842
2.73028
2.74329
2.76412
2.7738
2.77423
2.76551
2.73263
2.71426
2.71936
2.73751
2.74705
2.75221
2.75141
2.83514
3.1494
1
1
1
1
1
1
1
1
1
1
1
1
1.00001
1.00002
1.00004
1.0001
1.00016
1.00099
1.00135
1.00872
1.00583
1.03643
1.08602
1.27946
1.75026
2.287
2.64625
2.6668
2.66154
2.66258
2.67288
2.68911
2.70181
2.70856
2.71153
2.71793
2.7338
2.75286
2.76326
2.76454
2.75769
2.72723
2.70109
2.69961
2.7144
2.71841
2.71339
2.71613
2.75781
3.05253
1
1
1
1
1
1
1
1
1
1
1
1
1.00001
1.00001
1.00002
1.00012
1.00017
1.00097
1.00134
1.00735
1.00734
1.02792
1.0589
1.21329
1.57384
2.08332
2.57082
2.66664
2.6571
2.65236
2.6509
2.65735
2.66576
2.67328
2.67986
2.68837
2.70545
2.72006
2.72937
2.7317
2.72844
2.70485
2.67189
2.66413
2.67244
2.68416
2.67904
2.64889
2.67403
2.9085
1
1
1
1
1
1
1
1
1
1
1
1
1
1
1.00002
1.00002
1.00018
1.00021
1.00142
1.0015
1.01089
1.00114
1.06098
1.11828
1.45063
2.08597
2.49217
2.64174
2.62544
2.63216
2.63758
2.64857
2.65468
2.6573
2.65999
2.66792
2.68128
2.68809
2.69015
2.68843
2.6814
2.66196
2.6303
2.60866
2.6045
2.60349
2.59495
2.5649
2.45908
2.49588
1
1
1
1
1
1
1
1
1
1
1
1
1
1
1.00001
1.00001
1.00011
1.00014
1.00091
1.00103
1.00799
1.00154
1.04309
1.09195
1.31031
1.81911
2.33093
2.62066
2.61937
2.60695
2.60677
2.61321
2.6289
2.63933
2.64328
2.64939
2.66124
2.6681
2.66885
2.66678
2.65796
2.63557
2.60526
2.56623
2.54486
2.52377
2.49936
2.46282
2.35798
2.27695
1
1
1
1
1
1
1
1
1
1
1
1
1
1
1.00001
1.00001
1.00005
1.00005
1.00046
1.00053
1.00477
1.00075
1.02914
1.0533
1.20294
1.54468
2.06769
2.52398
2.60882
2.60476
2.59744
2.59122
2.59283
2.59831
2.60383
2.60609
2.6119
2.62316
2.62717
2.62623
2.62129
2.60672
2.57732
2.54372
2.49798
2.46863
2.42411
2.3843
2.31047
2.22374
1
1
1
1
1
1
1
1
1
1
1
1
1
1
1.00001
1.00001
1.00007
1.00005
1.00051
1.00055
1.00429
1.00125
1.02717
1.00093
1.11942
1.28972
1.77298
2.47745
2.60381
2.60526
2.59944
2.58836
2.58437
2.58383
2.58358
2.58109
2.57937
2.58093
2.58685
2.58863
2.58675
2.58
2.55866
2.52884
2.48395
2.44058
2.39238
2.34221
2.28126
2.21522
1
1
1
1
1
1
1
1
1
1
1
1
1
1
1
1.00001
1.00002
1.00008
1.00015
1.00051
1.0012
1.00379
1.00809
1.027
1.08178
1.1809
1.63209
2.3781
2.55231
2.60091
2.59357
2.58386
2.57461
2.57232
2.57131
2.56879
2.56549
2.56287
2.55979
2.55481
2.54827
2.53848
2.52585
2.49931
2.46363
2.42108
2.37349
2.32185
2.26644
2.20804
1
1
1
1
1
1
1
1
1
1
1
1
1
1
1
1.00001
1.00001
1.00007
1.00008
1.00054
1.00074
1.00448
1.00105
1.0297
0.999897
1.12423
1.30164
1.79486
2.44846
2.58465
2.57478
2.55754
2.54393
2.539
2.53653
2.53451
2.53304
2.5333
2.53439
2.53276
2.5279
2.51813
2.50404
2.4834
2.45043
2.4112
2.36802
2.31736
2.26552
2.21081
1
1
1
1
1
1
1
1
1
1
1
1
1
1
1
1
1
1.00003
1.00004
1.00019
1.00049
1.00131
1.00348
1.0083
1.02435
1.07923
1.15774
1.60271
2.27065
2.5151
2.56661
2.55068
2.5406
2.52708
2.52252
2.51802
2.50709
2.49495
2.48791
2.48655
2.48552
2.48273
2.47713
2.46668
2.4448
2.40939
2.37229
2.32325
2.27467
2.22196
1
1
1
1
1
1
1
1
1
1
1
1
1
1
1
1
1
1.00002
1.00002
1.00013
1.00016
1.00105
1.00111
1.00793
1.00565
1.04315
1.09858
1.31423
1.85606
2.24584
2.4974
2.51437
2.50931
2.49794
2.49105
2.48992
2.48609
2.47708
2.46702
2.45871
2.45197
2.44799
2.44074
2.43535
2.42536
2.40283
2.37186
2.33181
2.28646
2.24085
1
1
1
1
1
1
1
1
1
1
1
1
1
1
1
1
1
1.00002
1.00002
1.00012
1.0001
1.00031
1.00039
1.00241
1.00243
1.02202
1.02783
1.16989
1.45907
1.90573
2.33993
2.46953
2.47914
2.47448
2.46448
2.44912
2.44133
2.43708
2.42808
2.41706
2.4073
2.39551
2.38787
2.37571
2.37032
2.36254
2.34914
2.32246
2.2846
2.24621
1
1
1
1
1
1
1
1
1
1
1
1
1
1
1
1
1
1
1.00001
1.00003
1.00006
1.00022
1.00093
1.00089
1.00702
1.00766
1.03147
1.06376
1.2301
1.6548
2.04754
2.33841
2.41344
2.44075
2.44023
2.43434
2.42031
2.40532
2.39315
2.3782
2.36804
2.35385
2.34267
2.32944
2.31544
2.30357
2.29073
2.27922
2.25659
2.23152
1
1
1
1
1
1
1
1
1
1
1
1
1
1
1
1
1
1
1.00001
1.00001
1.00004
1.00004
1.00031
1.0008
1.00151
1.00611
1.01241
1.03287
1.10348
1.25119
1.66284
2.27594
2.35619
2.36031
2.37977
2.39283
2.39694
2.39269
2.3838
2.36721
2.35273
2.33705
2.32224
2.30748
2.29068
2.27541
2.25711
2.24006
2.22104
2.20011
1
1
1
1
1
1
1
1
1
1
1
1
1
1
1
1
1
1
1
1.00001
1.00003
1.00004
1.00021
1.00029
1.00117
1.00163
1.00685
1.01242
1.03234
1.11444
1.2847
1.72032
2.24847
2.3916
2.38248
2.37077
2.35701
2.35538
2.3572
2.35533
2.34922
2.33785
2.32269
2.30757
2.29029
2.2722
2.2531
2.23301
2.21135
2.19048
1
1
1
1
1
1
1
1
1
1
1
1
1
1
1
1
1
1
1
1.00001
1.00001
1.00004
1.00006
1.00021
1.00031
1.00108
1.00226
1.0016
1.01935
1.04681
1.12422
1.34878
1.7583
2.23385
2.38369
2.37864
2.3655
2.34698
2.32795
2.31978
2.31914
2.31798
2.31378
2.30444
2.29059
2.27402
2.25608
2.23624
2.21425
2.19247
1
1
1
1
1
1
1
1
1
1
1
1
1
1
1
1
1
1
1
1
1
1.00001
1.00005
1.00005
1.00021
1.00043
1.00133
1.0024
1.00699
1.01968
1.04741
1.1424
1.39798
1.76761
2.1915
2.34401
2.35917
2.35327
2.33695
2.31966
2.30684
2.29505
2.2884
2.2816
2.27402
2.26125
2.24861
2.23336
2.21413
2.19478
1
1
1
1
1
1
1
1
1
1
1
1
1
1
1
1
1
1
1
1
1
1
1
1.00003
1.00002
1.00021
1.00019
1.0015
1.00147
1.01312
0.999075
1.07089
1.11961
1.45347
1.9779
2.19714
2.29658
2.32764
2.32401
2.31702
2.30341
2.28857
2.27968
2.27086
2.25887
2.2497
2.23106
2.21742
2.20087
2.18484
1
1
1
1
1
1
1
1
1
1
1
1
1
1
1
1
1
1
1
1
1
1
1
1.00001
1.00003
1.00003
1.00015
1.00019
1.0012
1.00125
1.00943
0.999469
1.06829
1.10807
1.44635
1.98065
2.19091
2.25295
2.27686
2.27879
2.27844
2.27175
2.26133
2.25302
2.24292
2.2334
2.22123
2.20221
2.18345
2.15844
1
1
1
1
1
1
1
1
1
1
1
1
1
1
1
1
1
1
1
1
1
1
1
1.00001
1.00001
1.00004
1.00006
1.00018
1.00042
1.00125
1.00265
1.00727
1.0213
1.05484
1.14268
1.36863
1.76175
2.07901
2.20603
2.21018
2.21056
2.20806
2.20211
2.19537
2.19023
2.18528
2.18184
2.17327
2.16097
2.14361
1
1
1
1
1
1
1
1
1
1
1
1
1
1
1
1
1
1
1
1
1
1
1
1
1
1
1.00003
1.00004
1.00012
1.0004
1.00088
1.00202
1.00838
1.01272
1.03571
1.11648
1.2979
1.62583
1.98507
2.17521
2.20477
2.20401
2.19791
2.18356
2.17086
2.15848
2.149
2.14097
2.13451
2.12723
1
1
1
1
1
1
1
1
1
1
1
1
1
1
1
1
1
1
1
1
1
1
1
1
1
1
1.00002
1.00002
1.00008
1.00011
1.00016
1.00112
1.00106
1.00769
1.00694
1.04365
1.06337
1.29687
1.63408
1.92494
2.1254
2.1812
2.18241
2.17768
2.16738
2.15354
2.13584
2.12325
2.10454
2.09426
1
1
1
1
1
1
1
1
1
1
1
1
1
1
1
1
1
1
1
1
1
1
1
1
1
1
1
1.00001
1.00001
1.00007
1.00008
1.00038
1.00051
1.00234
1.00336
1.01196
1.02519
1.07163
1.19196
1.48568
1.75845
2.02457
2.12228
2.15058
2.14932
2.14615
2.13223
2.11564
2.10188
2.08028
1
1
1
1
1
1
1
1
1
1
1
1
1
1
1
1
1
1
1
1
1
1
1
1
1
1
1
1
1.00001
1
1.00004
1.00003
1.00022
1.00007
1.00125
1.001
1.00731
1.01744
1.05017
1.10387
1.31572
1.64636
1.87186
2.06503
2.10482
2.1133
2.11152
2.10511
2.09515
2.07788
1
1
1
1
1
1
1
1
1
1
1
1
1
1
1
1
1
1
1
1
1
1
1
1
1
1
1
1
1
1
1.00001
1.00002
1.00007
1.00009
1.00027
1.00096
1.00102
1.0075
1.00649
1.02913
1.04369
1.20242
1.45313
1.69431
1.93865
2.04986
2.07625
2.07876
2.07531
2.06832
1
1
1
1
1
1
1
1
1
1
1
1
1
1
1
1
1
1
1
1
1
1
1
1
1
1
1
1
1
1
1
1.00001
1
1.00003
1.00004
1.00019
1.00018
1.00122
1.00104
1.00728
0.990625
1.04899
1.08396
1.26299
1.52226
1.74662
1.94351
2.01744
2.0366
2.03954
1
1
1
1
1
1
1
1
1
1
1
1
1
1
1
1
1
1
1
1
1
1
1
1
1
1
1
1
1
1
1
1
1
1.00001
1.00002
1.00003
1.00012
1.00013
1.00062
1.00088
1.00385
1.00541
1.02046
1.05077
1.10435
1.28592
1.52438
1.71574
1.91227
1.96728
1
1
1
1
1
1
1
1
1
1
1
1
1
1
1
1
1
1
1
1
1
1
1
1
1
1
1
1
1
1
1
1
1
1
1
1.00001
1.00001
1.00008
1.00003
1.00032
1.0008
1.00136
1.00591
1.00559
1.03711
1.02169
1.13113
1.26474
1.45697
1.67453
1
1
1
1
1
1
1
1
1
1
1
1
1
1
1
1
1
1
1
1
1
1
1
1
1
1
1
1
1
1
1
1
1
1
1
1
1.00001
1.00001
1.00004
1.00004
1.00025
1.00025
1.00131
1.00128
1.00635
1.00475
1.0212
1.02723
1.13365
1.27023
1
1
1
1
1
1
1
1
1
1
1
1
1
1
1
1
1
1
1
1
1
1
1
1
1
1
1
1
1
1
1
1
1
1
1
1
1
1
1.00001
1.00001
1.00007
1.00006
1.00037
1.00041
1.00195
1.00242
1.01029
1.01004
1.04225
1.05679
1
1
1
1
1
1
1
1
1
1
1
1
1
1
1
1
1
1
1
1
1
1
1
1
1
1
1
1
1
1
1
1
1
1
1
1
1
1
1
1
1
1
0.99996
1.00001
0.999637
1.00162
0.992671
1.00643
1.01085
1.04875
1
1
1
1
1
1
1
1
1
1
1
1
1
1
1
1
1
1
1
1
1
1
1
1
1
1
1
1
1
1
1
1
1
1
1
1
1
1
1
1
0.999998
1
0.999956
0.999974
0.999707
1.00055
0.996494
1.00251
1.00408
1.02169
1
1
1
1
1
1
1
1
1
1
1
1
1
1
1
1
1
1
1
1
1
1
1
1
1
1
1
1
1
1
1
1
1
1
1
1
1
1
1
1
0.999999
1
0.999979
0.999986
0.999871
1.00024
0.998457
1.00113
1.00201
1.0094
1
1
1
1
1
1
1
1
1
1
1
1
1
1
1
1
1
1
1
1
1
1
1
1
1
1
1
1
1
1
1
1
1
1
1
1
1
1
1
1
0.999999
1
0.99999
0.999993
0.99994
1.0001
0.999328
1.00049
1.00083
1.0041
1
1
1
1
1
1
1
1
1
1
1
1
1
1
1
1
1
1
1
1
1
1
1
1
1
1
1
1
1
1
1
1
1
1
1
1
1
1
1
1
1
1
0.999996
0.999997
0.999975
1.00005
0.999703
1.00022
1.00038
1.0018
1
1
1
1
1
1
1
1
1
1
1
1
1
1
1
1
1
1
1
1
1
1
1
1
1
1
1
1
1
1
1
1
1
1
1
1
1
1
1
1
1
1
0.999998
0.999999
0.999989
1.00002
0.999871
1.00009
1.00016
1.00078
1
1
1
1
1
1
1
1
1
1
1
1
1
1
1
1
1
1
1
1
1
1
1
1
1
1
1
1
1
1
1
1
1
1
1
1
1
1
1
1
1
1
0.999999
1
0.999996
1.00001
0.999951
1.00004
1.00008
1.00034
1
1
1
1
1
1
1
1
1
1
1
1
1
1
1
1
1
1
1
1
1
1
1
1
1
1
1
1
1
1
1
1
1
1
1
1
1
1
1
1
1
1
1
1
0.999998
1
0.999975
1.00002
1.00002
1.00014
1
1
1
1
1
1
1
1
1
1
1
1
1
1
1
1
1
1
1
1
1
1
1
1
1
1
1
1
1
1
1
1
1
1
1
1
1
1
1
1
1
1
1
1
0.999999
1
0.99999
1.00001
1.00001
1.00006
1
1
1
1
1
1
1
1
1
1
1
1
1
1
1
1
1
1
1
1
1
1
1
1
1
1
1
1
1
1
1
1
1
1
1
1
1
1
1
1
1
1
1
1
1
1
1
1
1.00001
1.00001
1
1
1
1
1
1
1
1
1
1
1
1
1
1
1
1
1
1
1
1
1
1
1
1
1
1
1
1
1
1
1
1
1
1
1
1
1
1
1
1
1
1
1
1
1
1
1
1
1
1
1
1
1
1
1
1
1
1
1
1
1
1
1
1
1
1
1
1
1
1
1
1
1
1
1
1
1
1
1
1
1
1
1
1
1
1
1
1
1
1
1
1
1
1
1
1
0.999999
1
1
1
1
1
1
1
1
1
1
1
1
1
1
1
1
1
1
1
1
1
1
1
1
1
1
1
1
1
1
1
1
1
1
1
1
1
1
1
1
1
1
1
1
1
1
1
1
1
1
1
1
1
2.19329
2.10059
2.11058
2.17635
2.29041
2.40477
2.48531
2.57122
2.60197
2.61599
2.61934
2.62765
2.64135
2.65496
2.66676
2.68177
2.69175
2.69824
2.70177
2.70402
2.70427
2.70399
2.70289
2.70146
2.70057
2.70018
2.70015
2.70028
2.70044
2.70046
2.70039
2.70007
2.69916
2.69716
2.69424
2.69065
2.68645
2.68189
2.67724
2.67251
2.66789
2.66333
2.65884
2.65416
2.64933
2.6437
2.63771
2.63054
2.62337
2.61516
2.60804
2.60019
2.59411
2.58715
2.58183
2.57529
2.56986
2.56324
2.55746
2.55104
2.54485
2.53866
2.53222
2.52689
2.52083
2.51629
2.51055
2.50596
2.50111
2.49763
2.49335
2.49056
2.48726
2.48504
2.48229
2.48109
2.47937
2.47831
2.47616
2.47549
2.47348
2.47138
2.46546
2.45809
2.44652
2.42836
2.41816
2.39806
2.3883
2.37096
2.36276
2.34533
2.33546
2.31147
2.29472
2.25093
2.22188
2.14978
2.11297
1.99913
2.08407
2.0337
2.03148
2.03275
2.02665
2.00942
1.97335
1.96918
1.98136
2.0035
2.04791
2.0687
2.09648
2.09808
2.10224
2.105
2.10729
2.1101
2.11182
2.11291
2.11347
2.11339
2.11299
2.11286
2.1127
2.11298
2.11408
2.11621
2.1187
2.12129
2.12369
2.12577
2.12748
2.12884
2.12985
2.13056
2.13103
2.13131
2.13144
2.13146
2.13143
2.13124
2.13067
2.1294
2.12765
2.1257
2.12384
2.12217
2.12079
2.1194
2.11794
2.11621
2.11395
2.11104
2.10763
2.10394
2.10029
2.09662
2.09304
2.0897
2.08657
2.08354
2.08068
2.07797
2.07523
2.07249
2.06992
2.06764
2.06556
2.06339
2.0613
2.05981
2.05858
2.05751
2.05681
2.05677
2.05694
2.05714
2.05728
2.05781
2.05903
2.05987
2.06058
2.06036
2.05963
2.0565
2.05306
2.04424
2.03808
2.02465
2.01623
2.00067
1.99306
1.97871
1.97182
1.95754
1.95014
1.93271
1.92467
1.89342
2.0751
2.02419
1.98001
1.9313
1.86825
1.81019
1.77099
1.76428
1.76646
1.77674
1.80142
1.82336
1.84916
1.85867
1.87383
1.87446
1.87629
1.87743
1.87773
1.87766
1.87742
1.87692
1.87641
1.8762
1.87631
1.87708
1.87916
1.8821
1.88514
1.88796
1.89032
1.89218
1.89372
1.89521
1.89682
1.89861
1.90065
1.90294
1.9054
1.90789
1.91023
1.91232
1.91409
1.91556
1.91679
1.91784
1.91879
1.91965
1.92053
1.92147
1.92247
1.92357
1.92468
1.92556
1.92603
1.92609
1.9259
1.92515
1.92369
1.9221
1.92052
1.91907
1.91781
1.91667
1.91545
1.9143
1.91324
1.91221
1.91136
1.91058
1.9098
1.9095
1.90898
1.90883
1.90883
1.90919
1.90985
1.91052
1.91092
1.91175
1.91339
1.9146
1.9156
1.91577
1.9157
1.91455
1.91266
1.90734
1.90302
1.89351
1.88741
1.87593
1.86994
1.85923
1.85417
1.84401
1.83912
1.82721
1.82128
1.79444
2.08002
2.01908
1.96425
1.91037
1.86196
1.81322
1.77294
1.73219
1.70659
1.68981
1.69009
1.69095
1.7015
1.70962
1.72612
1.73162
1.74289
1.74333
1.74433
1.74559
1.74634
1.74682
1.74747
1.74827
1.74909
1.75008
1.75114
1.75208
1.75272
1.75293
1.75291
1.75283
1.75284
1.7531
1.75398
1.75572
1.75789
1.76041
1.76308
1.76571
1.76822
1.77061
1.77292
1.77523
1.77759
1.78004
1.78256
1.78518
1.78795
1.79084
1.79383
1.79683
1.79975
1.8025
1.8051
1.80758
1.80983
1.81182
1.81363
1.81523
1.81661
1.81778
1.81884
1.81978
1.82053
1.82113
1.82161
1.82192
1.82207
1.82213
1.82217
1.82232
1.82255
1.82274
1.82296
1.82362
1.82503
1.82584
1.82655
1.82722
1.82833
1.82899
1.82929
1.82898
1.82817
1.82531
1.82269
1.81662
1.8126
1.80424
1.79947
1.79083
1.78663
1.77862
1.77478
1.76661
1.76214
1.75079
1.74496
1.71903
2.09627
2.02956
1.97119
1.91502
1.86453
1.81633
1.77132
1.72877
1.69041
1.6567
1.6393
1.62736
1.62601
1.62628
1.63268
1.63791
1.64888
1.65352
1.66373
1.66648
1.66989
1.6729
1.67598
1.67774
1.67826
1.67843
1.67839
1.67806
1.67701
1.67486
1.67244
1.67014
1.66818
1.66679
1.66616
1.66611
1.66636
1.66724
1.66885
1.67068
1.67271
1.67501
1.67758
1.68036
1.68328
1.68616
1.68879
1.69108
1.69311
1.69494
1.69675
1.69874
1.70101
1.70385
1.7072
1.71088
1.71491
1.71902
1.72293
1.72657
1.72991
1.73292
1.73565
1.73814
1.74027
1.74222
1.74374
1.74492
1.74599
1.74687
1.74751
1.74831
1.74891
1.7501
1.75161
1.75268
1.75373
1.7552
1.75628
1.75682
1.75752
1.75776
1.75775
1.75708
1.75583
1.75247
1.74971
1.74379
1.74016
1.73373
1.73034
1.7244
1.72167
1.71614
1.71322
1.70632
1.70189
1.68965
1.68267
1.65333
2.10609
2.04646
1.99194
1.93611
1.88072
1.82947
1.78247
1.73835
1.70008
1.664
1.63227
1.60493
1.58918
1.57635
1.57367
1.57479
1.57738
1.58286
1.59414
1.59932
1.61038
1.61379
1.61738
1.62119
1.62351
1.62362
1.62323
1.62225
1.62028
1.61743
1.6142
1.61121
1.60877
1.60703
1.60601
1.6056
1.60557
1.60581
1.60674
1.60875
1.61115
1.61357
1.61569
1.61735
1.61858
1.61934
1.61969
1.61984
1.61997
1.62014
1.62041
1.62096
1.62216
1.62465
1.6282
1.63237
1.63679
1.64118
1.64531
1.64916
1.65259
1.65567
1.65848
1.66121
1.66376
1.66637
1.66881
1.67122
1.67366
1.67615
1.67843
1.68091
1.68317
1.68534
1.68776
1.69005
1.6917
1.69211
1.69295
1.6932
1.6933
1.69313
1.69274
1.69138
1.69013
1.6871
1.68503
1.68057
1.67809
1.67333
1.67107
1.66649
1.66417
1.65905
1.65591
1.64815
1.64289
1.62854
1.62044
1.58995
2.11943
2.05859
2.00815
1.95944
1.90979
1.85967
1.81027
1.76324
1.71899
1.67818
1.6412
1.6078
1.57958
1.55802
1.54559
1.53669
1.53644
1.53776
1.54221
1.54639
1.55601
1.56156
1.57254
1.57693
1.58158
1.58358
1.5836
1.58286
1.58071
1.57705
1.57317
1.56943
1.56616
1.56371
1.56239
1.56203
1.56212
1.56269
1.56434
1.56677
1.56895
1.57058
1.57154
1.57182
1.57175
1.57132
1.57017
1.56897
1.56842
1.56841
1.5687
1.5697
1.57203
1.57542
1.57917
1.58299
1.58655
1.58992
1.59312
1.59608
1.59892
1.60174
1.60459
1.60762
1.6108
1.61415
1.61751
1.62089
1.62445
1.62789
1.63106
1.63424
1.63704
1.63947
1.64176
1.64369
1.64525
1.6459
1.64599
1.64592
1.64606
1.64597
1.6459
1.64527
1.64456
1.64257
1.6411
1.63773
1.63578
1.63161
1.62942
1.6247
1.62194
1.61538
1.61098
1.60011
1.59269
1.57407
1.56436
1.53092
2.14221
2.07315
2.01773
1.96913
1.92369
1.87831
1.83198
1.78705
1.74246
1.70106
1.66197
1.62589
1.59344
1.56504
1.54038
1.52416
1.5133
1.50693
1.50749
1.50987
1.51569
1.52148
1.53012
1.53782
1.54534
1.54821
1.54834
1.54776
1.546
1.5424
1.53807
1.53344
1.52912
1.52587
1.52432
1.52412
1.52443
1.52556
1.52779
1.53002
1.5318
1.53282
1.53305
1.53289
1.53222
1.53069
1.52908
1.52816
1.52802
1.52819
1.52885
1.53048
1.53297
1.53569
1.53841
1.5411
1.5437
1.54621
1.54863
1.55117
1.55388
1.55674
1.55975
1.56302
1.56643
1.57015
1.57391
1.57764
1.58149
1.58523
1.58868
1.59204
1.59485
1.59753
1.59989
1.60184
1.60356
1.60492
1.60595
1.60642
1.60684
1.6076
1.60849
1.60888
1.60916
1.60866
1.60802
1.60595
1.60451
1.60095
1.59867
1.59315
1.58944
1.58054
1.57423
1.5597
1.55081
1.53003
1.5196
1.4848
2.15858
2.0856
2.02514
1.97336
1.92882
1.88666
1.84522
1.80364
1.76249
1.72144
1.6825
1.6452
1.61109
1.58112
1.55435
1.53064
1.51188
1.50092
1.4934
1.49337
1.49528
1.49977
1.5055
1.50901
1.51291
1.51602
1.51625
1.51553
1.5133
1.50988
1.5064
1.50296
1.49945
1.49717
1.49682
1.49733
1.4992
1.50193
1.50416
1.50586
1.50675
1.5068
1.50634
1.5048
1.50192
1.49917
1.49712
1.49614
1.49605
1.49631
1.49725
1.49934
1.50187
1.5044
1.50673
1.50882
1.51077
1.51273
1.51477
1.51688
1.51913
1.52166
1.52457
1.52781
1.53114
1.53472
1.53829
1.54182
1.54558
1.54923
1.55288
1.55647
1.55973
1.56266
1.56563
1.56862
1.57172
1.57458
1.57775
1.58053
1.58433
1.58752
1.59169
1.59504
1.59854
1.60045
1.60207
1.60196
1.60138
1.59835
1.59535
1.58768
1.58208
1.56907
1.56068
1.5417
1.53081
1.50631
1.49494
1.45393
2.15797
2.09098
2.03048
1.97791
1.93229
1.8916
1.85351
1.81594
1.77794
1.73979
1.70253
1.66747
1.6348
1.6049
1.57892
1.55522
1.53491
1.519
1.50686
1.49877
1.49387
1.49169
1.48966
1.48929
1.48902
1.48791
1.48415
1.48124
1.48037
1.47784
1.47621
1.4757
1.47586
1.47727
1.48052
1.48423
1.48711
1.48874
1.48939
1.4894
1.48889
1.4871
1.48329
1.47889
1.47484
1.47181
1.47016
1.46977
1.46993
1.4707
1.47263
1.47514
1.47749
1.47948
1.48106
1.48234
1.48351
1.4847
1.48597
1.48751
1.48942
1.49166
1.49413
1.49688
1.49973
1.50308
1.50661
1.51036
1.51432
1.51866
1.52304
1.5273
1.53212
1.53725
1.54359
1.55048
1.55862
1.56707
1.57669
1.58607
1.59702
1.60706
1.61794
1.62707
1.63583
1.64146
1.6453
1.6463
1.64603
1.6418
1.63679
1.62438
1.61561
1.5967
1.58515
1.56068
1.54592
1.51584
1.5041
1.45201
2.15273
2.09798
2.03933
1.98545
1.93853
1.89716
1.85928
1.82417
1.79066
1.75815
1.72625
1.69552
1.66628
1.63822
1.61273
1.58957
1.56829
1.5499
1.5332
1.51759
1.50479
1.49462
1.48475
1.47668
1.4702
1.46276
1.45647
1.452
1.45046
1.45063
1.45191
1.45549
1.46084
1.46716
1.47431
1.47918
1.48042
1.48029
1.47947
1.47717
1.47253
1.46672
1.46065
1.45525
1.45128
1.44923
1.44882
1.44907
1.4501
1.45245
1.45495
1.45701
1.45853
1.45955
1.46011
1.46037
1.46053
1.46078
1.46123
1.46208
1.4635
1.46541
1.4678
1.47068
1.47392
1.47765
1.48165
1.48648
1.49154
1.49742
1.50497
1.51407
1.52573
1.53897
1.5553
1.57237
1.59302
1.61351
1.63719
1.66047
1.68491
1.70476
1.72135
1.73125
1.73783
1.73778
1.73587
1.72995
1.72349
1.71012
1.70092
1.68236
1.67177
1.64912
1.63658
1.6103
1.59666
1.56369
1.55699
1.49201
2.14647
2.11292
2.06326
2.007
1.95446
1.90961
1.87092
1.83685
1.80688
1.77898
1.75199
1.72563
1.69919
1.67317
1.64832
1.62461
1.60259
1.58086
1.56103
1.5411
1.52148
1.50314
1.48575
1.46951
1.45612
1.44411
1.43437
1.43103
1.43119
1.4326
1.43675
1.44367
1.45171
1.45963
1.46584
1.46934
1.46984
1.46912
1.46623
1.45987
1.45276
1.44591
1.43989
1.43544
1.4332
1.43285
1.43316
1.43429
1.43659
1.43882
1.44049
1.44139
1.44164
1.44159
1.44127
1.44055
1.44018
1.44019
1.44039
1.44099
1.44239
1.44467
1.44753
1.45093
1.45561
1.46087
1.46706
1.47586
1.4872
1.50227
1.52217
1.54441
1.57331
1.60342
1.64343
1.68199
1.71641
1.74096
1.75715
1.7634
1.76419
1.76061
1.75502
1.74691
1.73912
1.72648
1.71899
1.70283
1.69401
1.67614
1.66667
1.647
1.63663
1.61474
1.60421
1.58154
1.57145
1.54567
1.53988
1.49307
2.14835
2.11953
2.08318
2.03782
1.98812
1.93982
1.8978
1.86156
1.83014
1.8022
1.77668
1.75206
1.72777
1.70337
1.67901
1.65454
1.63016
1.60585
1.58174
1.558
1.53448
1.51066
1.48803
1.46603
1.44844
1.43483
1.42478
1.42137
1.42192
1.42427
1.42962
1.4364
1.4432
1.44903
1.45246
1.45356
1.45327
1.45081
1.44509
1.43922
1.43361
1.4284
1.42421
1.42197
1.42158
1.42183
1.42274
1.42436
1.42589
1.42695
1.42729
1.42722
1.42678
1.42564
1.42428
1.4232
1.42277
1.42283
1.4232
1.4242
1.4263
1.43016
1.43514
1.44168
1.45048
1.46276
1.48052
1.50486
1.53384
1.57023
1.61687
1.66909
1.71334
1.74045
1.75524
1.75793
1.75701
1.75345
1.7484
1.74041
1.73369
1.72265
1.71567
1.70169
1.69438
1.67879
1.67046
1.65332
1.64456
1.62667
1.6177
1.59885
1.58906
1.56893
1.55907
1.53825
1.5285
1.50677
1.49747
1.46651
2.15397
2.1242
2.09274
2.0558
2.01397
1.97006
1.92734
1.88841
1.85408
1.82379
1.79687
1.77179
1.7479
1.72395
1.69986
1.6748
1.64908
1.62249
1.59553
1.56855
1.54162
1.516
1.49177
1.47037
1.45201
1.4379
1.42906
1.42376
1.42334
1.42426
1.42686
1.4311
1.43429
1.43573
1.43597
1.43521
1.43221
1.42736
1.42291
1.4196
1.41721
1.41505
1.41362
1.4134
1.41373
1.41452
1.41508
1.41542
1.41553
1.41545
1.415
1.41384
1.41237
1.411
1.40982
1.40931
1.40944
1.41006
1.41176
1.41535
1.42073
1.42848
1.44012
1.45902
1.48623
1.52014
1.56366
1.62219
1.6795
1.72043
1.73854
1.74278
1.74251
1.74026
1.73584
1.72948
1.72381
1.71381
1.70653
1.69305
1.68605
1.67155
1.66464
1.65045
1.64303
1.62771
1.61978
1.60339
1.59504
1.57799
1.56952
1.552
1.54297
1.52421
1.51468
1.49497
1.48536
1.46531
1.45666
1.43126
2.15035
2.12328
2.0929
2.05923
2.02184
1.9823
1.94239
1.90404
1.86836
1.83624
1.80753
1.78165
1.75774
1.7346
1.71128
1.68673
1.66111
1.63393
1.60639
1.57833
1.55126
1.52578
1.50274
1.48338
1.46706
1.4544
1.4442
1.43729
1.43271
1.42982
1.42807
1.42665
1.42481
1.42196
1.41884
1.41482
1.41029
1.40608
1.40339
1.40204
1.40162
1.40166
1.40231
1.40444
1.40628
1.40699
1.40698
1.40677
1.40614
1.40494
1.40351
1.40194
1.4005
1.39909
1.39869
1.39912
1.40131
1.40457
1.41029
1.41983
1.43605
1.46388
1.49965
1.54685
1.61322
1.67508
1.71635
1.7281
1.72934
1.728
1.72465
1.71923
1.7132
1.70373
1.69595
1.68431
1.67735
1.66457
1.65784
1.64422
1.63736
1.62428
1.61756
1.60403
1.59685
1.58218
1.57444
1.55848
1.55033
1.53379
1.52563
1.50872
1.50001
1.48199
1.47288
1.45417
1.44501
1.42588
1.41784
1.39563
2.12206
2.10499
2.08006
2.05045
2.01714
1.9808
1.94319
1.90653
1.87178
1.84025
1.81154
1.78633
1.76283
1.7408
1.71803
1.69468
1.66965
1.64389
1.61744
1.59122
1.56637
1.54293
1.5223
1.50393
1.48826
1.47499
1.4635
1.45391
1.44507
1.43753
1.43036
1.4238
1.4174
1.41077
1.40441
1.39914
1.39462
1.39041
1.3882
1.38794
1.38819
1.38916
1.3912
1.39365
1.3967
1.39856
1.39861
1.39827
1.39726
1.39567
1.39385
1.39235
1.39112
1.39135
1.39315
1.39672
1.40321
1.41466
1.43865
1.47374
1.52028
1.58946
1.65827
1.70608
1.71634
1.71695
1.71584
1.71118
1.70515
1.696
1.68799
1.67725
1.66881
1.65662
1.64848
1.63639
1.62906
1.61766
1.61018
1.59938
1.59189
1.58036
1.57318
1.56032
1.55263
1.53782
1.53006
1.51403
1.50593
1.48953
1.48153
1.46514
1.45682
1.43968
1.43105
1.41339
1.40484
1.38689
1.37936
1.36026
2.09702
2.06895
2.04672
2.02134
1.99465
1.96692
1.93563
1.9031
1.871
1.84119
1.81363
1.7893
1.76631
1.74469
1.72263
1.70071
1.67798
1.65498
1.63171
1.60848
1.58604
1.56454
1.54465
1.5262
1.50969
1.49435
1.48068
1.4679
1.45611
1.44486
1.43372
1.42333
1.4135
1.40499
1.39706
1.39014
1.38498
1.38078
1.3779
1.37709
1.3773
1.37807
1.37986
1.38225
1.3847
1.38685
1.38781
1.38775
1.38724
1.38585
1.38471
1.38503
1.38649
1.39022
1.39747
1.41202
1.44241
1.48649
1.54962
1.63047
1.6897
1.70921
1.70888
1.70746
1.70223
1.69514
1.68597
1.67552
1.66529
1.65405
1.64446
1.63254
1.62309
1.61137
1.60261
1.59224
1.58421
1.57431
1.56712
1.55628
1.54921
1.53741
1.52961
1.51591
1.50788
1.49277
1.48486
1.46867
1.46068
1.44461
1.43685
1.42113
1.41325
1.39709
1.38899
1.37245
1.36446
1.34771
1.34067
1.32444
2.09095
2.05421
2.02734
2.00291
1.97757
1.9517
1.92678
1.89972
1.87116
1.84318
1.81689
1.7931
1.77077
1.74983
1.7295
1.70978
1.68987
1.66965
1.64896
1.62803
1.60702
1.58636
1.5661
1.54677
1.52816
1.51078
1.49424
1.47892
1.46465
1.45129
1.4389
1.4271
1.41607
1.40573
1.3966
1.3886
1.38159
1.37602
1.37197
1.36903
1.36814
1.36827
1.36883
1.37004
1.37178
1.37326
1.37417
1.37487
1.37524
1.37603
1.37792
1.38243
1.39138
1.41057
1.44751
1.49642
1.58252
1.65881
1.70408
1.70265
1.70198
1.697
1.68857
1.67793
1.66748
1.65527
1.64417
1.6323
1.62137
1.61004
1.59957
1.58838
1.57865
1.56839
1.55985
1.5499
1.54225
1.53199
1.52435
1.51329
1.50536
1.49273
1.48476
1.47021
1.4626
1.44711
1.43945
1.42394
1.4163
1.4011
1.39377
1.379
1.37165
1.35659
1.34907
1.33368
1.32622
1.31069
1.30387
1.28996
2.07459
2.04726
2.01932
1.99682
1.97437
1.95044
1.92561
1.90107
1.87462
1.84887
1.82449
1.80166
1.78063
1.76112
1.74264
1.72434
1.70594
1.6868
1.66703
1.64643
1.62535
1.60404
1.58261
1.5616
1.54111
1.5218
1.50369
1.48715
1.47201
1.45832
1.44554
1.43367
1.42254
1.4116
1.40128
1.39135
1.38244
1.37488
1.36865
1.36412
1.36103
1.35936
1.35883
1.35898
1.35971
1.36058
1.36138
1.36276
1.36559
1.37083
1.38255
1.40662
1.44699
1.50072
1.59997
1.67458
1.70106
1.69667
1.69322
1.68405
1.67393
1.66176
1.64908
1.63632
1.62451
1.6124
1.60122
1.58962
1.57885
1.56808
1.55808
1.54767
1.53874
1.52845
1.51999
1.5096
1.50114
1.49046
1.482
1.47018
1.46204
1.44904
1.44116
1.42697
1.41945
1.40493
1.3977
1.38315
1.37589
1.36182
1.35493
1.34108
1.33418
1.32019
1.31316
1.29896
1.29185
1.27786
1.2709
1.25879
2.05833
2.04158
2.01804
1.99283
1.97127
1.95012
1.92766
1.90439
1.88284
1.86003
1.83739
1.81573
1.79535
1.77611
1.75751
1.73886
1.71996
1.70014
1.67976
1.65845
1.63671
1.61441
1.59211
1.57008
1.54892
1.52905
1.51082
1.49433
1.4794
1.46596
1.4533
1.44142
1.42961
1.41831
1.40676
1.39591
1.38562
1.37616
1.36822
1.36194
1.35712
1.35367
1.35131
1.34968
1.35055
1.35165
1.35392
1.35892
1.37022
1.396
1.43969
1.497
1.5958
1.67293
1.69352
1.68993
1.68178
1.67199
1.66016
1.64738
1.63447
1.62196
1.61024
1.59825
1.58691
1.57549
1.56475
1.55368
1.54346
1.5328
1.52288
1.5124
1.5028
1.49219
1.48277
1.47186
1.46287
1.45139
1.44282
1.43066
1.42268
1.40957
1.40201
1.38827
1.3809
1.36753
1.36011
1.347
1.33968
1.32689
1.31996
1.30733
1.30053
1.28802
1.28087
1.2688
1.26097
1.24934
1.24257
1.23224
2.0469
2.03546
2.01676
1.99276
1.97059
1.94994
1.92939
1.90868
1.88799
1.86877
1.84797
1.8271
1.80672
1.78694
1.76731
1.74733
1.72693
1.70607
1.6849
1.66303
1.64082
1.61829
1.59618
1.57469
1.55445
1.53561
1.51834
1.5026
1.48818
1.47467
1.46188
1.44931
1.43684
1.42449
1.41224
1.40052
1.3895
1.3797
1.3709
1.36316
1.35702
1.3518
1.34802
1.34795
1.34913
1.35307
1.36183
1.38464
1.42865
1.48721
1.58159
1.6593
1.68515
1.68237
1.67281
1.66352
1.65143
1.63981
1.62785
1.61609
1.6043
1.5928
1.58164
1.57057
1.55973
1.54901
1.53825
1.52708
1.51623
1.50497
1.49427
1.4831
1.47298
1.46162
1.45202
1.44036
1.43139
1.41937
1.41089
1.39826
1.39018
1.3773
1.36907
1.35628
1.34814
1.33594
1.32792
1.31614
1.30844
1.29673
1.28925
1.27803
1.27081
1.26002
1.25247
1.24223
1.23468
1.22454
1.21853
1.20973
2.0427
2.02558
2.01197
1.99127
1.9672
1.94571
1.92693
1.9085
1.88949
1.87076
1.8529
1.83355
1.81292
1.79188
1.77085
1.7498
1.72858
1.70708
1.68542
1.66382
1.64215
1.62046
1.59929
1.57911
1.56026
1.54286
1.5268
1.51179
1.49764
1.48391
1.47048
1.45698
1.44363
1.43028
1.41744
1.40522
1.39394
1.38366
1.3746
1.36659
1.35933
1.35433
1.35451
1.35665
1.36274
1.38084
1.42187
1.4784
1.56945
1.64848
1.68079
1.67796
1.6693
1.66062
1.64804
1.63589
1.62435
1.612
1.60008
1.58878
1.57786
1.56723
1.55665
1.54558
1.53481
1.52364
1.51234
1.50075
1.48946
1.47788
1.46705
1.45562
1.44553
1.43394
1.42445
1.41253
1.40356
1.39123
1.38239
1.36979
1.36131
1.34871
1.34016
1.32821
1.31987
1.30858
1.30085
1.28989
1.28213
1.27147
1.26394
1.25379
1.24671
1.23696
1.23
1.22053
1.21408
1.20484
1.19971
1.19198
2.03135
2.01743
2.00012
1.98121
1.95737
1.93319
1.91378
1.89985
1.88534
1.86848
1.85066
1.8319
1.81197
1.79102
1.76961
1.74824
1.72709
1.7059
1.68456
1.66317
1.64233
1.62249
1.60322
1.58475
1.56722
1.55079
1.53528
1.5205
1.506
1.49162
1.47717
1.46274
1.44844
1.43446
1.42117
1.40864
1.39736
1.38694
1.37805
1.37066
1.36492
1.36806
1.37433
1.38732
1.42012
1.47584
1.56594
1.64647
1.6879
1.68295
1.67302
1.66389
1.6501
1.63594
1.6222
1.60796
1.59484
1.58215
1.57087
1.55996
1.54949
1.53878
1.52791
1.51658
1.50534
1.49369
1.48191
1.46984
1.45829
1.44656
1.43567
1.42426
1.41406
1.40245
1.39276
1.38081
1.37169
1.35934
1.35054
1.33849
1.32984
1.31836
1.31007
1.29917
1.29162
1.2815
1.2743
1.26445
1.25707
1.24774
1.24064
1.23191
1.2257
1.21703
1.21165
1.20278
1.19794
1.18972
1.18552
1.17911
2.00326
2.00225
1.99498
1.97386
1.95035
1.92665
1.90459
1.88566
1.8713
1.85748
1.84101
1.82212
1.80113
1.7794
1.75804
1.73741
1.71756
1.69797
1.67876
1.65972
1.64074
1.62226
1.60495
1.58844
1.57241
1.55688
1.54159
1.52649
1.51131
1.49605
1.4806
1.46522
1.45023
1.43594
1.42261
1.41034
1.39955
1.38974
1.38288
1.38373
1.38734
1.39678
1.4246
1.48036
1.56467
1.65381
1.70769
1.69947
1.68755
1.67679
1.66166
1.64403
1.62748
1.61133
1.59586
1.58163
1.56823
1.55545
1.54376
1.53198
1.52063
1.50878
1.49713
1.48491
1.47286
1.4603
1.44792
1.43534
1.42343
1.41156
1.40061
1.3891
1.37886
1.36707
1.35737
1.34552
1.33607
1.32456
1.31554
1.3046
1.29605
1.28567
1.27771
1.268
1.26092
1.2518
1.24473
1.23609
1.22887
1.22109
1.21435
1.20744
1.20218
1.19499
1.19094
1.1837
1.17998
1.17392
1.1704
1.16621
1.94413
1.97765
1.98041
1.97229
1.95188
1.92556
1.90184
1.88078
1.86213
1.84527
1.82802
1.8094
1.78924
1.76766
1.74577
1.72419
1.70419
1.68577
1.66852
1.65203
1.63612
1.62035
1.60466
1.58944
1.5744
1.55938
1.544
1.52839
1.51244
1.49645
1.48046
1.46483
1.44979
1.43581
1.42305
1.41186
1.4039
1.39979
1.40401
1.4129
1.43574
1.48621
1.56322
1.66503
1.73491
1.7258
1.71249
1.6989
1.68088
1.66112
1.64318
1.62478
1.607
1.59025
1.5746
1.56001
1.54633
1.53314
1.51997
1.50686
1.49361
1.48013
1.46651
1.45282
1.43939
1.42585
1.41309
1.40025
1.38871
1.37678
1.3661
1.35459
1.34421
1.33298
1.32302
1.31205
1.30253
1.29206
1.28306
1.27315
1.26459
1.25506
1.2472
1.2383
1.23102
1.2226
1.21517
1.20739
1.20002
1.1935
1.18679
1.18148
1.17632
1.17091
1.16684
1.16181
1.15815
1.1543
1.15107
1.14874
1.80747
1.94291
1.95066
1.95592
1.94727
1.92634
1.90042
1.87748
1.85803
1.83993
1.82205
1.80364
1.78421
1.76385
1.74321
1.72281
1.70296
1.68406
1.66632
1.64962
1.63403
1.61921
1.60474
1.59005
1.57501
1.55965
1.54383
1.52771
1.51108
1.49443
1.47797
1.46247
1.44816
1.43582
1.42569
1.41848
1.42313
1.43042
1.44622
1.49107
1.56584
1.67691
1.76311
1.75745
1.74507
1.72857
1.70762
1.68627
1.66577
1.64595
1.62612
1.60708
1.58898
1.57218
1.55646
1.5414
1.52677
1.51202
1.49737
1.48195
1.46679
1.45119
1.43604
1.4207
1.40615
1.39184
1.3793
1.36682
1.35557
1.34395
1.33321
1.32196
1.31176
1.30121
1.29152
1.28148
1.27222
1.26268
1.25406
1.24491
1.23662
1.22793
1.22014
1.21192
1.20451
1.19659
1.18912
1.18185
1.17492
1.16913
1.16265
1.15861
1.1529
1.1492
1.14428
1.14091
1.13701
1.1342
1.13088
1.12915
1.4099
1.82587
1.91526
1.92121
1.92441
1.91635
1.89775
1.87392
1.85195
1.83451
1.81808
1.80107
1.7828
1.7636
1.74385
1.72394
1.70441
1.68566
1.66815
1.65156
1.63577
1.62054
1.60552
1.59061
1.57539
1.55973
1.54334
1.52659
1.50963
1.49311
1.47735
1.46299
1.45024
1.44071
1.44186
1.44693
1.46076
1.4955
1.56907
1.68124
1.78631
1.79489
1.78274
1.7631
1.74102
1.71674
1.69446
1.67254
1.65049
1.62977
1.60965
1.59037
1.57212
1.55438
1.53801
1.5216
1.50553
1.48931
1.47307
1.45649
1.44016
1.42355
1.40758
1.39147
1.37642
1.36162
1.34849
1.33528
1.3237
1.31172
1.3009
1.29007
1.28021
1.27053
1.2613
1.25212
1.24343
1.23479
1.22674
1.21854
1.21079
1.20305
1.1956
1.18813
1.18097
1.17368
1.16681
1.16009
1.1544
1.14881
1.14348
1.13971
1.13441
1.1312
1.12632
1.12369
1.11955
1.11709
1.11365
1.11173
1.25904
1.51323
1.82362
1.88499
1.88928
1.88972
1.88344
1.86842
1.84592
1.82533
1.80897
1.79518
1.78007
1.76292
1.74458
1.7261
1.70761
1.68944
1.67221
1.65598
1.64046
1.62507
1.60957
1.59362
1.57718
1.56051
1.5436
1.52669
1.50996
1.49401
1.47904
1.46793
1.46203
1.46645
1.47892
1.50646
1.567
1.67511
1.79965
1.8394
1.82006
1.80262
1.78013
1.75189
1.72719
1.70287
1.67915
1.65587
1.63386
1.61263
1.5922
1.57245
1.55384
1.53557
1.51809
1.5003
1.48321
1.46535
1.4485
1.43102
1.41421
1.39714
1.38133
1.36514
1.35093
1.33619
1.32325
1.30981
1.29798
1.28571
1.27473
1.26372
1.25362
1.24352
1.23411
1.22478
1.21632
1.20792
1.20026
1.19251
1.1853
1.17809
1.17122
1.16451
1.15783
1.15185
1.14568
1.1404
1.1354
1.13098
1.12621
1.1231
1.11848
1.11568
1.11147
1.10914
1.10531
1.10305
1.09983
1.09779
1.09756
1.2478
1.56204
1.79994
1.85785
1.86073
1.86015
1.85455
1.84013
1.8202
1.8016
1.78639
1.77324
1.75973
1.74366
1.72624
1.70899
1.69207
1.67567
1.65981
1.64448
1.62927
1.61378
1.59768
1.58107
1.56388
1.54647
1.5295
1.51337
1.50009
1.4892
1.4926
1.50049
1.52281
1.56906
1.66717
1.80545
1.88014
1.86225
1.847
1.82224
1.79078
1.76368
1.73612
1.71
1.68474
1.66053
1.637
1.61488
1.59313
1.57259
1.55274
1.53365
1.51472
1.4965
1.47764
1.45979
1.44124
1.42369
1.40547
1.38904
1.37217
1.35717
1.34201
1.32885
1.31458
1.30209
1.28873
1.27699
1.26485
1.25411
1.24311
1.2331
1.22278
1.21337
1.2039
1.19534
1.18659
1.17853
1.17027
1.16272
1.15521
1.14836
1.14188
1.13566
1.13024
1.12495
1.12018
1.11588
1.11206
1.10784
1.10515
1.10124
1.09892
1.0954
1.09349
1.0903
1.08864
1.08574
1.08426
1.04442
1.09832
1.29077
1.55
1.77547
1.83116
1.83258
1.83145
1.82631
1.81321
1.79636
1.77929
1.7654
1.75281
1.73972
1.7249
1.70874
1.693
1.67773
1.6628
1.64779
1.63253
1.617
1.60113
1.58492
1.56842
1.55271
1.5377
1.52493
1.52493
1.52829
1.54557
1.58557
1.665
1.80088
1.91201
1.90536
1.89069
1.86534
1.83184
1.80147
1.77143
1.74255
1.71517
1.68899
1.66375
1.63957
1.61621
1.59384
1.57216
1.55164
1.53149
1.51232
1.49281
1.47418
1.45496
1.43683
1.41793
1.40072
1.38285
1.36692
1.35061
1.3364
1.32149
1.3085
1.29503
1.28334
1.27077
1.25974
1.24797
1.23759
1.22659
1.21643
1.20596
1.1964
1.1868
1.17807
1.16902
1.16088
1.15251
1.14519
1.13783
1.13129
1.12491
1.11885
1.11322
1.10792
1.10282
1.09834
1.09435
1.09009
1.08729
1.08352
1.08116
1.07802
1.07626
1.07335
1.07204
1.06925
1.06865
1.01866
1.04196
1.10852
1.28434
1.55029
1.75278
1.80317
1.80397
1.80254
1.79735
1.78576
1.77257
1.75786
1.74531
1.73425
1.7217
1.70751
1.69275
1.67837
1.66422
1.65012
1.63526
1.61999
1.60439
1.5894
1.57506
1.56299
1.55837
1.56091
1.57546
1.60899
1.67018
1.79139
1.92021
1.95384
1.92765
1.90495
1.87356
1.83902
1.80624
1.7753
1.74587
1.71786
1.69137
1.66556
1.64112
1.61734
1.59443
1.57222
1.55073
1.5302
1.50997
1.49056
1.47087
1.45218
1.43291
1.41521
1.39692
1.3806
1.36361
1.34887
1.33326
1.31977
1.30555
1.29326
1.28015
1.26861
1.25639
1.24538
1.2336
1.22293
1.21175
1.20154
1.19126
1.18192
1.1724
1.1637
1.15472
1.14655
1.13836
1.13099
1.12367
1.11705
1.11061
1.10444
1.09886
1.09345
1.08866
1.08406
1.08026
1.07589
1.07298
1.06892
1.06632
1.0629
1.06096
1.05778
1.05639
1.05343
1.05294
1.00817
1.01805
1.04629
1.11346
1.30306
1.54117
1.72755
1.77426
1.7747
1.77346
1.76822
1.758
1.74782
1.73577
1.72396
1.71459
1.70363
1.69089
1.67762
1.66429
1.65086
1.63747
1.62347
1.61009
1.59846
1.59099
1.59415
1.60554
1.63156
1.68673
1.77995
1.91512
1.99666
1.96782
1.94437
1.91489
1.87594
1.8407
1.80709
1.7756
1.74626
1.71862
1.69234
1.66697
1.64254
1.61888
1.59574
1.57325
1.55141
1.53021
1.50977
1.48973
1.47041
1.45107
1.43271
1.41408
1.39708
1.37962
1.36423
1.34808
1.33401
1.31906
1.30612
1.29225
1.28006
1.26722
1.25564
1.24351
1.23258
1.22123
1.21083
1.19981
1.18994
1.17948
1.17008
1.16042
1.15141
1.14262
1.13444
1.12646
1.1192
1.11219
1.10525
1.09922
1.09279
1.08732
1.08172
1.07718
1.07202
1.06828
1.06367
1.06053
1.05637
1.05392
1.05018
1.04838
1.04518
1.04369
1.04068
1.03972
1.00351
1.00778
1.01971
1.04749
1.11755
1.29661
1.5326
1.70262
1.7463
1.74687
1.74631
1.74099
1.73297
1.72426
1.71395
1.70246
1.6935
1.68484
1.67383
1.66228
1.6504
1.63978
1.62988
1.62278
1.62491
1.6348
1.65772
1.70582
1.78209
1.91806
2.03343
2.00774
1.98155
1.95308
1.91089
1.87382
1.83811
1.80461
1.77288
1.74386
1.71695
1.69129
1.66694
1.643
1.61988
1.59701
1.57474
1.55292
1.53172
1.51101
1.49101
1.47143
1.45257
1.43385
1.41611
1.39831
1.38196
1.36524
1.35035
1.33474
1.32108
1.30658
1.29381
1.28034
1.26839
1.25576
1.24444
1.23245
1.22166
1.21015
1.19989
1.18908
1.17933
1.16919
1.16007
1.15071
1.14222
1.13368
1.12562
1.11796
1.11021
1.1033
1.09604
1.08975
1.0834
1.07791
1.07216
1.06775
1.06241
1.05855
1.05372
1.0503
1.04574
1.04296
1.03877
1.03662
1.03301
1.03132
1.02793
1.02697
1.0015
1.00334
1.00845
1.01993
1.04877
1.11762
1.30204
1.51661
1.68057
1.72137
1.7218
1.7217
1.71621
1.71021
1.70241
1.69303
1.68198
1.67169
1.66388
1.65566
1.64829
1.64545
1.64845
1.65997
1.6831
1.72724
1.79675
1.91455
2.03549
2.0434
2.01578
1.98955
1.94284
1.90399
1.86667
1.83178
1.79926
1.76872
1.74052
1.71442
1.68986
1.66638
1.64338
1.62082
1.59858
1.57672
1.55523
1.53415
1.51356
1.49358
1.47415
1.45522
1.43684
1.41881
1.4016
1.38448
1.36851
1.35237
1.33777
1.32279
1.30946
1.2955
1.28307
1.27004
1.25831
1.24601
1.23481
1.22307
1.2124
1.20128
1.19117
1.18066
1.17127
1.16152
1.15264
1.14343
1.13493
1.12642
1.11828
1.11074
1.10295
1.09622
1.08912
1.08288
1.07652
1.07109
1.06499
1.06039
1.05472
1.05055
1.04537
1.04192
1.03704
1.03427
1.0299
1.02765
1.02378
1.02173
1.01836
1.01688
1.00058
1.00148
1.0034
1.00882
1.01978
1.04866
1.11562
1.29798
1.49995
1.65855
1.69797
1.69859
1.69908
1.69433
1.69029
1.6831
1.67281
1.66409
1.65572
1.65657
1.66109
1.67419
1.70003
1.74362
1.8113
1.92156
2.0194
2.08212
2.05948
2.0207
1.9702
1.9346
1.89449
1.85724
1.82496
1.79463
1.76581
1.7388
1.71344
1.6896
1.6666
1.64441
1.62248
1.60094
1.57953
1.55834
1.53737
1.51678
1.49678
1.47727
1.45844
1.4401
1.42243
1.40504
1.38844
1.37196
1.35663
1.34119
1.3272
1.31279
1.29992
1.28641
1.27443
1.26173
1.25031
1.23827
1.22735
1.21597
1.20562
1.19478
1.185
1.17477
1.16557
1.15594
1.14717
1.13819
1.12966
1.12141
1.11316
1.10561
1.09778
1.09089
1.08372
1.0776
1.07101
1.06576
1.0595
1.05483
1.04903
1.04474
1.03926
1.03563
1.03052
1.02746
1.02278
1.02028
1.01612
1.01371
1.01013
1.00857
1.00027
1.0006
1.0015
1.00352
1.00843
1.01977
1.04709
1.1124
1.28429
1.48242
1.63917
1.67651
1.67753
1.67893
1.67677
1.67502
1.67083
1.666
1.67024
1.68346
1.71036
1.75106
1.82474
1.92122
2.00721
2.11403
2.08698
2.04141
2.00879
1.96539
1.91948
1.88233
1.85046
1.82101
1.79241
1.76515
1.73906
1.71419
1.69059
1.66794
1.64609
1.62455
1.6035
1.58251
1.56176
1.54121
1.521
1.50126
1.48204
1.46336
1.44533
1.42774
1.41078
1.39412
1.37829
1.3626
1.34799
1.3332
1.31973
1.30577
1.29331
1.28023
1.26855
1.25618
1.24501
1.23328
1.22264
1.21152
1.20139
1.19078
1.18117
1.17105
1.16181
1.15219
1.14324
1.13423
1.12553
1.11722
1.10883
1.10133
1.09346
1.08676
1.07967
1.07368
1.06708
1.06184
1.0554
1.05053
1.04444
1.03995
1.03421
1.03044
1.02516
1.02206
1.01721
1.01461
1.01042
1.00772
1.00411
1.00229
1.00008
1.00025
1.00059
1.00151
1.0034
1.00811
1.01893
1.04493
1.10676
1.2717
1.4558
1.62235
1.65501
1.66321
1.66785
1.67219
1.68183
1.69858
1.72373
1.7668
1.83761
1.92764
2.01359
2.1244
2.10767
2.07729
2.04842
1.99991
1.95363
1.91541
1.8822
1.85134
1.82314
1.79646
1.77068
1.74542
1.7209
1.6973
1.67449
1.65243
1.63088
1.60981
1.58907
1.56869
1.54863
1.52896
1.50968
1.49081
1.47239
1.45448
1.43712
1.42024
1.40396
1.38801
1.37273
1.35753
1.34321
1.32873
1.31545
1.30178
1.28953
1.27663
1.26509
1.25286
1.24182
1.23023
1.21965
1.20858
1.19843
1.18778
1.17798
1.16778
1.15829
1.14868
1.13955
1.13072
1.12196
1.11386
1.10548
1.09813
1.09031
1.08372
1.0766
1.07067
1.06392
1.05865
1.05207
1.04719
1.04106
1.03665
1.03089
1.02716
1.02181
1.01865
1.01365
1.01087
1.00654
1.00355
0.999802
0.997809
1.00003
1.0001
1.00025
1.00058
1.00142
1.00325
1.00776
1.01776
1.04255
1.09922
1.25691
1.42721
1.60258
1.6446
1.65915
1.69237
1.73076
1.78287
1.86479
1.92733
2.05681
2.14722
2.13843
2.10301
2.07754
2.03215
1.9889
1.94749
1.91117
1.88092
1.85415
1.82832
1.80318
1.77853
1.7543
1.73043
1.70703
1.68423
1.6621
1.64061
1.6197
1.59928
1.57929
1.55969
1.54048
1.52161
1.50307
1.48486
1.46703
1.44961
1.43267
1.41614
1.40013
1.38438
1.36925
1.35418
1.33995
1.32557
1.31236
1.29875
1.2865
1.27363
1.26209
1.24988
1.23884
1.22725
1.21666
1.20561
1.19545
1.18481
1.17502
1.16488
1.15544
1.14603
1.13695
1.12831
1.11958
1.11165
1.10334
1.09614
1.0884
1.08191
1.0748
1.06892
1.06216
1.05692
1.05034
1.04549
1.03936
1.03497
1.02921
1.02548
1.02007
1.01689
1.01181
1.00895
1.00453
1.0014
0.997521
0.9954
1.00002
1.00004
1.0001
1.00025
1.00056
1.00139
1.00304
1.00743
1.01659
1.03955
1.09253
1.23705
1.39606
1.60752
1.68543
1.76674
1.86933
1.99881
2.06916
2.15987
2.18291
2.15682
2.12279
2.07994
2.04308
2.00798
1.97178
1.93702
1.90681
1.88058
1.85556
1.83013
1.80466
1.77972
1.75551
1.73186
1.70858
1.68567
1.66322
1.64135
1.62012
1.59954
1.57951
1.55998
1.54085
1.52206
1.50358
1.48542
1.4676
1.45016
1.43315
1.4165
1.40032
1.38438
1.36903
1.35375
1.33932
1.32478
1.3114
1.29765
1.28525
1.27228
1.26062
1.24831
1.23716
1.2255
1.21481
1.2037
1.19346
1.1828
1.17297
1.16286
1.1534
1.14408
1.13499
1.12647
1.11774
1.10989
1.10163
1.09448
1.0868
1.08038
1.07329
1.06748
1.06074
1.05552
1.04897
1.04417
1.03808
1.03373
1.02802
1.0243
1.01892
1.01572
1.01063
1.00774
1.00325
1.0001
0.99612
0.993963
1.00001
1.00002
1.00005
1.00012
1.00031
1.00064
1.00167
1.00346
1.00874
1.01883
1.04583
1.1019
1.24185
1.49967
1.64804
1.98823
2.11648
2.16731
2.21504
2.20526
2.18517
2.12005
2.05324
2.01975
1.99589
1.96468
1.92936
1.89742
1.87101
1.8472
1.8223
1.79523
1.76744
1.74077
1.71591
1.69252
1.66993
1.6477
1.62581
1.60445
1.58377
1.5638
1.54445
1.52556
1.50702
1.4888
1.47091
1.45339
1.43626
1.41946
1.40302
1.38682
1.37101
1.35539
1.34033
1.3254
1.31132
1.29722
1.28426
1.27101
1.25906
1.24659
1.23535
1.22355
1.21281
1.20164
1.19135
1.18071
1.1709
1.16076
1.15142
1.14188
1.13298
1.1242
1.11567
1.10765
1.09951
1.09215
1.08448
1.07777
1.07064
1.0646
1.05803
1.0526
1.04639
1.04158
1.03564
1.03125
1.0258
1.02184
1.01675
1.01333
1.00856
1.00563
1.00108
0.998579
0.994415
0.991971
0.988024
0.986788
)
;

boundaryField
{
    inlet
    {
        type            fixedValue;
        value           uniform 1;
    }
    outlet
    {
        type            zeroGradient;
    }
    bottom
    {
        type            symmetryPlane;
    }
    top
    {
        type            symmetryPlane;
    }
    obstacle
    {
        type            zeroGradient;
    }
    defaultFaces
    {
        type            empty;
    }
}


// ************************************************************************* //
