0.0005	-0.0032959304
0.001	-0.0098877911
0.0015	-0.016479652
0.002	-0.023071513
0.0025	-0.029663373
0.003	-0.036255234
0.0035	-0.042847095
0.004	-0.04943895
0.0045	-0.056030641
0.005	-0.062619785
0.0055	-0.069188241
0.006	-0.075658536
0.0065	-0.081830436
0.007	-0.08736926
0.0075	-0.091895074
0.008	-0.095120951
0.0085	-0.096947098
0.009	-0.097462022
0.0095	-0.096875349
0.01	-0.09543586
0.0105	-0.093372615
0.011	-0.090867898
0.0115	-0.088053852
0.012	-0.085020736
0.0125	-0.081828247
0.013	-0.078515518
0.0135	-0.075108505
0.014	-0.071624912
0.0145	-0.068077275
0.015	-0.064474831
0.0155	-0.060824645
0.016	-0.057132289
0.0165	-0.053402286
0.017	-0.049638437
0.0175	-0.045844149
0.018	-0.042022911
0.0185	-0.038179049
0.019	-0.034318926
0.0195	-0.030452577
0.02	-0.026595594
0.0205	-0.022770841
0.021	-0.019009401
0.0215	-0.015350276
0.022	-0.011838596
0.0225	-0.0085225395
0.023	-0.0054494785
0.0235	-0.0026620733
0.024	-0.00019496731
0.0245	0.0019274514
0.025	0.0036920332
0.0255	0.0050966527
0.026	0.0061490292
0.0265	0.006864905
0.027	0.0072659123
0.0275	0.0073774219
0.028	0.0072265917
0.0285	0.0068407528
0.029	0.0062461921
0.0295	0.0054673323
0.03	0.0045262619
0.0305	0.0034425519
0.031	0.0022332849
0.0315	0.00091323134
0.032	-0.00050487982
0.0325	-0.0020100311
0.033	-0.0035925505
0.0335	-0.0052437192
0.034	-0.0069553612
0.0345	-0.0087194216
0.035	-0.010527547
0.0355	-0.012370691
0.036	-0.014238778
0.0365	-0.016120452
0.037	-0.018002953
0.0375	-0.019872147
0.038	-0.021712716
0.0385	-0.023508509
0.039	-0.025243023
0.0395	-0.026899986
0.04	-0.028463963
0.0405	-0.029920952
0.041	-0.031258901
0.0415	-0.032468095
0.042	-0.033541399
0.0425	-0.03447434
0.043	-0.035265028
0.0435	-0.035913955
0.044	-0.036423691
0.0445	-0.036798522
0.045	-0.037044063
0.0455	-0.03716688
0.046	-0.037174143
0.0465	-0.037073328
0.047	-0.036871985
0.0475	-0.036577557
0.048	-0.036197271
0.0485	-0.035738081
0.049	-0.035206655
0.0495	-0.034609413
0.05	-0.03395258
0.0505	-0.033242274
0.051	-0.032484596
0.0515	-0.031685715
0.052	-0.030851949
0.0525	-0.029989825
0.053	-0.02910611
0.0535	-0.028207809
0.054	-0.027302134
0.0545	-0.026396436
0.055	-0.025498113
0.0555	-0.024614491
0.056	-0.023752694
0.0565	-0.022919516
0.057	-0.022121283
0.0575	-0.021363746
0.058	-0.020651982
0.0585	-0.019990326
0.059	-0.019382328
0.0595	-0.018830744
0.06	-0.018337542
0.0605	-0.017903942
0.061	-0.01753047
0.0615	-0.017217022
0.062	-0.016962944
0.0625	-0.016767106
0.063	-0.01662798
0.0635	-0.016543716
0.064	-0.016512197
0.0645	-0.016531102
0.065	-0.016597942
0.0655	-0.016710095
0.066	-0.016864826
0.0665	-0.017059304
0.067	-0.017290599
0.0675	-0.017555695
0.068	-0.017851477
0.0685	-0.01817474
0.069	-0.018522181
0.0695	-0.018890411
0.07	-0.01927596
0.0705	-0.019675298
0.071	-0.02008485
0.0715	-0.020501033
0.072	-0.020920284
0.0725	-0.021339095
0.073	-0.021754059
0.0735	-0.022161903
0.074	-0.022559528
0.0745	-0.022944044
0.075	-0.023312798
0.0755	-0.0236634
0.076	-0.02399374
0.0765	-0.024301998
0.077	-0.02458665
0.0775	-0.024846463
0.078	-0.025080491
0.0785	-0.025288061
0.079	-0.025468758
0.0795	-0.025622407
0.08	-0.025749056
0.0805	-0.025848957
0.081	-0.025922542
0.0815	-0.025970414
0.082	-0.025993324
0.0825	-0.025992162
0.083	-0.025967942
0.0835	-0.025921789
0.084	-0.025854936
0.0845	-0.025768708
0.085	-0.025664516
0.0855	-0.025543849
0.086	-0.025408267
0.0865	-0.025259384
0.087	-0.025098864
0.0875	-0.024928408
0.088	-0.024749735
0.0885	-0.024564577
0.089	-0.024374654
0.0895	-0.02418167
0.09	-0.023987287
0.0905	-0.023793118
0.091	-0.02360071
0.0915	-0.02341153
0.092	-0.023226956
0.0925	-0.023048268
0.093	-0.022876636
0.0935	-0.022713119
0.094	-0.022558658
0.0945	-0.022414075
0.095	-0.022280072
0.0955	-0.022157234
0.096	-0.022046029
0.0965	-0.02194681
0.097	-0.021859824
0.0975	-0.021785213
0.098	-0.021723019
0.0985	-0.021673189
0.099	-0.021635585
0.0995	-0.021609981
0.1	-0.021596074
0.1005	-0.02159349
0.101	-0.021601784
0.1015	-0.021620451
0.102	-0.021648927
0.1025	-0.021686598
0.103	-0.021732801
0.1035	-0.021786836
0.104	-0.021847969
0.1045	-0.021915435
0.105	-0.021988454
0.1055	-0.022066226
0.106	-0.022147949
0.1065	-0.022232818
0.107	-0.022320034
0.1075	-0.022408815
0.108	-0.022498394
0.1085	-0.022588032
0.109	-0.022677021
0.1095	-0.022764685
0.11	-0.022850393
0.1105	-0.022933553
0.111	-0.023013622
0.1115	-0.023090103
0.112	-0.023162552
0.1125	-0.023230574
0.113	-0.023293828
0.1135	-0.023352024
0.114	-0.023404925
0.1145	-0.023452342
0.115	-0.023494139
0.1155	-0.023530229
0.116	-0.023560569
0.1165	-0.023585165
0.117	-0.023604064
0.1175	-0.023617356
0.118	-0.02362517
0.1185	-0.02362767
0.119	-0.023625055
0.1195	-0.023617556
0.12	-0.023605432
0.1205	-0.023588967
0.121	-0.023568468
0.1215	-0.023544261
0.122	-0.023516687
0.1225	-0.023486103
0.123	-0.02345287
0.1235	-0.02341736
0.124	-0.023379946
0.1245	-0.023340998
0.125	-0.023300888
0.1255	-0.023259977
0.126	-0.023218619
0.1265	-0.023177157
0.127	-0.023135919
0.1275	-0.023095217
0.128	-0.023055348
0.1285	-0.023016587
0.129	-0.022979189
0.1295	-0.022943388
0.13	-0.022909396
0.1305	-0.022877401
0.131	-0.022847568
0.1315	-0.022820038
0.132	-0.022794929
0.1325	-0.022772334
0.133	-0.022752324
0.1335	-0.022734946
0.134	-0.022720227
0.1345	-0.02270817
0.135	-0.022698758
0.1355	-0.022691954
0.136	-0.022687705
0.1365	-0.022685936
0.137	-0.022686559
0.1375	-0.022689471
0.138	-0.022694552
0.1385	-0.022701675
0.139	-0.022710699
0.1395	-0.022721474
0.14	-0.022733844
0.1405	-0.022747645
0.141	-0.022762711
0.1415	-0.022778871
0.142	-0.022795953
0.1425	-0.022813786
0.143	-0.022832199
0.1435	-0.022851025
0.144	-0.022870098
0.1445	-0.02288926
0.145	-0.022908359
0.1455	-0.022927247
0.146	-0.022945786
0.1465	-0.022963848
0.147	-0.02298131
0.1475	-0.022998063
0.148	-0.023014005
0.1485	-0.023029046
0.149	-0.023043107
0.1495	-0.023056119
0.15	-0.023068025
0.1505	-0.023078777
0.151	-0.023088342
0.1515	-0.023096692
0.152	-0.023103814
0.1525	-0.023109704
0.153	-0.023114366
0.1535	-0.023117815
0.154	-0.023120076
0.1545	-0.023121179
0.155	-0.023121164
0.1555	-0.023120079
0.156	-0.023117975
0.1565	-0.023114911
0.157	-0.023110952
0.1575	-0.023106166
0.158	-0.023100623
0.1585	-0.0230944
0.159	-0.023087573
0.1595	-0.023080221
0.16	-0.023072422
0.1605	-0.023064256
0.161	-0.023055802
0.1615	-0.023047138
0.162	-0.023038341
0.1625	-0.023029483
0.163	-0.023020638
0.1635	-0.023011872
0.164	-0.023003252
0.1645	-0.022994838
0.165	-0.022986687
0.1655	-0.022978851
0.166	-0.022971379
0.1665	-0.022964313
0.167	-0.022957691
0.1675	-0.022951547
0.168	-0.022945909
0.1685	-0.022940798
0.169	-0.022936234
0.1695	-0.022932229
0.17	-0.02292879
0.1705	-0.022925922
0.171	-0.022923622
0.1715	-0.022921885
0.172	-0.022920701
0.1725	-0.022920056
0.173	-0.022919933
0.1735	-0.022920311
0.174	-0.022921166
0.1745	-0.022922472
0.175	-0.022924199
0.1755	-0.022926318
0.176	-0.022928794
0.1765	-0.022931593
0.177	-0.022934682
0.1775	-0.022938022
0.178	-0.022941578
0.1785	-0.022945314
0.179	-0.022949191
0.1795	-0.022953176
0.18	-0.022957231
0.1805	-0.022961322
0.181	-0.022965416
0.1815	-0.022969482
0.182	-0.022973488
0.1825	-0.022977406
0.183	-0.022981208
0.1835	-0.022984872
0.184	-0.022988372
0.1845	-0.02299169
0.185	-0.022994806
0.1855	-0.022997706
0.186	-0.023000374
0.1865	-0.023002801
0.187	-0.023004977
0.1875	-0.023006896
0.188	-0.023008554
0.1885	-0.023009948
0.189	-0.023011079
0.1895	-0.023011948
0.19	-0.023012561
0.1905	-0.023012922
0.191	-0.02301304
0.1915	-0.023012924
0.192	-0.023012584
0.1925	-0.023012032
0.193	-0.023011282
0.1935	-0.023010347
0.194	-0.023009243
0.1945	-0.023007986
0.195	-0.02300659
0.1955	-0.023005074
0.196	-0.023003454
0.1965	-0.023001746
0.197	-0.022999968
0.1975	-0.022998137
0.198	-0.022996269
0.1985	-0.02299438
0.199	-0.022992486
0.1995	-0.022990601
0.2	-0.022988741
