0.0005	0
0.001	0.34674143
0.0015	0.45722124
0.002	0.50633684
0.0025	0.53478354
0.003	0.55249182
0.0035	0.56634911
0.004	0.57679743
0.0045	0.58393059
0.005	0.58868026
0.0055	0.59196696
0.006	0.59407585
0.0065	0.59552454
0.007	0.59643029
0.0075	0.59704696
0.008	0.59743465
0.0085	0.59770522
0.009	0.59788972
0.0095	0.59803207
0.01	0.5981467
0.0105	0.59824821
0.011	0.59834278
0.0115	0.59843751
0.012	0.59854441
0.0125	0.59868609
0.013	0.59889779
0.0135	0.59921823
0.014	0.59970011
0.0145	0.60037379
0.015	0.60114067
0.0155	0.60190346
0.016	0.607352
0.0165	0.61817646
0.017	0.628331
0.0175	0.63785233
0.018	0.64676318
0.0185	0.65506368
0.019	0.66271582
0.0195	0.66962224
0.02	0.67560768
0.0205	0.68041072
0.021	0.68369649
0.0215	0.68509495
0.022	0.68425699
0.0225	0.68091861
0.023	0.67495348
0.0235	0.66640166
0.024	0.65546893
0.0245	0.6425001
0.025	0.62793476
0.0255	0.61225652
0.026	0.59942582
0.0265	0.59942612
0.027	0.59941685
0.0275	0.5993934
0.028	0.59935121
0.0285	0.59928635
0.029	0.59919639
0.0295	0.59908115
0.03	0.59894427
0.0305	0.59880103
0.031	0.59867981
0.0315	0.59856285
0.032	0.59845901
0.0325	0.59837619
0.033	0.59832028
0.0335	0.59829456
0.034	0.59829943
0.0345	0.59833267
0.035	0.5983899
0.0355	0.59846535
0.036	0.59855269
0.0365	0.59864569
0.037	0.59873885
0.0375	0.59882772
0.038	0.5989091
0.0385	0.59898101
0.039	0.59904259
0.0395	0.59909387
0.04	0.5991356
0.0405	0.59916902
0.041	0.59919568
0.0415	0.59921731
0.042	0.59923569
0.0425	0.59925257
0.043	0.59926958
0.0435	0.59928815
0.044	0.59930947
0.0445	0.59933435
0.045	0.59936322
0.0455	0.59939608
0.046	0.59943246
0.0465	0.59947148
0.047	0.59951195
0.0475	0.59955281
0.048	0.59960102
0.0485	0.5996549
0.049	0.59970358
0.0495	0.59974545
0.05	0.59977932
0.0505	0.59980442
0.051	0.59982048
0.0515	0.59982767
0.052	0.59982658
0.0525	0.59981812
0.053	0.59980343
0.0535	0.59978375
0.054	0.59976036
0.0545	0.59973448
0.055	0.59970717
0.0555	0.59967936
0.056	0.59965172
0.0565	0.59962476
0.057	0.59959874
0.0575	0.59957375
0.058	0.59954974
0.0585	0.5995265
0.059	0.59950376
0.0595	0.5994812
0.06	0.59945849
0.0605	0.59943535
0.061	0.59941156
0.0615	0.59938698
0.062	0.5993616
0.0625	0.59933551
0.063	0.59930892
0.0635	0.59928214
0.064	0.59925555
0.0645	0.59922963
0.065	0.59920502
0.0655	0.59918195
0.066	0.59916763
0.0665	0.59915665
0.067	0.59914787
0.0675	0.59914136
0.068	0.59913713
0.0685	0.59913512
0.069	0.59913519
0.0695	0.59913715
0.07	0.59914078
0.0705	0.59914582
0.071	0.59915202
0.0715	0.59915913
0.072	0.59916692
0.0725	0.59917521
0.073	0.59918382
0.0735	0.59919263
0.074	0.59920155
0.0745	0.59921053
0.075	0.59921955
0.0755	0.5992286
0.076	0.59923769
0.0765	0.59924683
0.077	0.59925605
0.0775	0.59926535
0.078	0.59927472
0.0785	0.59928415
0.079	0.59929359
0.0795	0.59930299
0.08	0.59931227
0.0805	0.59932135
0.081	0.59933011
0.0815	0.59933847
0.082	0.59934633
0.0825	0.59935358
0.083	0.59936024
0.0835	0.59936615
0.084	0.59937427
0.0845	0.59938199
0.085	0.59938864
0.0855	0.59939423
0.086	0.59939874
0.0865	0.5994022
0.087	0.59940466
0.0875	0.59940617
0.088	0.59940679
0.0885	0.5994066
0.089	0.59940565
0.0895	0.59940402
0.09	0.59940178
0.0905	0.59939898
0.091	0.59939567
0.0915	0.59939191
0.092	0.59938773
0.0925	0.59938318
0.093	0.59937828
0.0935	0.59937308
0.094	0.59936759
0.0945	0.59936186
0.095	0.59935592
0.0955	0.59934981
0.096	0.59934358
0.0965	0.59933727
0.097	0.59933092
0.0975	0.5993246
0.098	0.59931836
0.0985	0.59931225
0.099	0.59930633
0.0995	0.59930065
0.1	0.59929524
0.1005	0.59929017
0.101	0.5992855
0.1015	0.59928122
0.102	0.59927838
0.1025	0.59927648
0.103	0.59927495
0.1035	0.59927376
0.104	0.5992729
0.1045	0.59927235
0.105	0.5992721
0.1055	0.59927214
0.106	0.59927245
0.1065	0.599273
0.107	0.59927378
0.1075	0.59927478
0.108	0.59927596
0.1085	0.59927732
0.109	0.59927885
0.1095	0.59928051
0.11	0.59928231
0.1105	0.59928421
0.111	0.59928622
0.1115	0.5992883
0.112	0.59929045
0.1125	0.59929264
0.113	0.59929487
0.1135	0.59929711
0.114	0.59929934
0.1145	0.59930155
0.115	0.59930372
0.1155	0.59930583
0.116	0.59930787
0.1165	0.59930982
0.117	0.59931167
0.1175	0.5993134
0.118	0.59931501
0.1185	0.59931649
0.119	0.59931783
0.1195	0.59931905
0.12	0.5993204
0.1205	0.59932204
0.121	0.59932349
0.1215	0.59932475
0.122	0.59932581
0.1225	0.59932669
0.123	0.59932738
0.1235	0.59932788
0.124	0.5993282
0.1245	0.59932835
0.125	0.59932833
0.1255	0.59932815
0.126	0.59932782
0.1265	0.59932735
0.127	0.59932674
0.1275	0.59932601
0.128	0.59932516
0.1285	0.5993242
0.129	0.59932316
0.1295	0.59932203
0.13	0.59932083
0.1305	0.59931957
0.131	0.59931827
0.1315	0.59931693
0.132	0.59931557
0.1325	0.5993142
0.133	0.59931283
0.1335	0.59931147
0.134	0.59931013
0.1345	0.59930883
0.135	0.59930757
0.1355	0.59930636
0.136	0.59930521
0.1365	0.59930412
0.137	0.59930311
0.1375	0.59930218
0.138	0.59930138
0.1385	0.59930094
0.139	0.59930057
0.1395	0.59930028
0.14	0.59930005
0.1405	0.59929988
0.141	0.59929978
0.1415	0.59929974
0.142	0.59929976
0.1425	0.59929983
0.143	0.59929996
0.1435	0.59930014
0.144	0.59930037
0.1445	0.59930064
0.145	0.59930095
0.1455	0.59930129
0.146	0.59930167
0.1465	0.59930208
0.147	0.5993025
0.1475	0.59930295
0.148	0.59930341
0.1485	0.59930389
0.149	0.59930437
0.1495	0.59930485
0.15	0.59930533
0.1505	0.59930581
0.151	0.59930627
0.1515	0.59930673
0.152	0.59930716
0.1525	0.59930759
0.153	0.59930799
0.1535	0.59930836
0.154	0.59930872
0.1545	0.59930904
0.155	0.59930934
0.1555	0.59930961
0.156	0.59930985
0.1565	0.5993102
0.157	0.59931053
0.1575	0.59931083
0.158	0.59931108
0.1585	0.59931129
0.159	0.59931146
0.1595	0.59931159
0.16	0.59931168
0.1605	0.59931174
0.161	0.59931175
0.1615	0.59931173
0.162	0.59931168
0.1625	0.59931159
0.163	0.59931147
0.1635	0.59931133
0.164	0.59931116
0.1645	0.59931096
0.165	0.59931075
0.1655	0.59931051
0.166	0.59931026
0.1665	0.59930999
0.167	0.59930972
0.1675	0.59930944
0.168	0.59930915
0.1685	0.59930886
0.169	0.59930856
0.1695	0.59930827
0.17	0.59930798
0.1705	0.5993077
0.171	0.59930743
0.1715	0.59930717
0.172	0.59930692
0.1725	0.59930668
0.173	0.59930645
0.1735	0.59930625
0.174	0.59930605
0.1745	0.59930592
0.175	0.59930584
0.1755	0.59930577
0.176	0.59930571
0.1765	0.59930566
0.177	0.59930564
0.1775	0.59930562
0.178	0.59930562
0.1785	0.59930563
0.179	0.59930565
0.1795	0.59930568
0.18	0.59930572
0.1805	0.59930578
0.181	0.59930584
0.1815	0.59930591
0.182	0.59930599
0.1825	0.59930607
0.183	0.59930616
0.1835	0.59930626
0.184	0.59930635
0.1845	0.59930645
0.185	0.59930655
0.1855	0.59930666
0.186	0.59930676
0.1865	0.59930686
0.187	0.59930696
0.1875	0.59930706
0.188	0.59930716
0.1885	0.59930725
0.189	0.59930734
0.1895	0.59930742
0.19	0.5993075
0.1905	0.59930757
0.191	0.59930764
0.1915	0.5993077
0.192	0.59930775
0.1925	0.59930781
0.193	0.59930789
0.1935	0.59930796
0.194	0.59930801
0.1945	0.59930806
0.195	0.59930811
0.1955	0.59930814
0.196	0.59930816
0.1965	0.59930818
0.197	0.59930818
0.1975	0.59930818
0.198	0.59930818
0.1985	0.59930816
0.199	0.59930814
0.1995	0.59930811
0.2	0.59930808
