0.0005	0
0.001	0.013944622
0.0015	0.029897691
0.002	0.044279702
0.0025	0.05897476
0.003	0.072831076
0.0035	0.086548568
0.004	0.099832706
0.0045	0.11298487
0.005	0.12587413
0.0055	0.13858948
0.006	0.15108354
0.0065	0.16336281
0.007	0.17539084
0.0075	0.18714004
0.008	0.19852605
0.0085	0.20949506
0.009	0.22002099
0.0095	0.23013763
0.01	0.23999042
0.0105	0.24964974
0.011	0.25910915
0.0115	0.26837374
0.012	0.27745644
0.0125	0.28636815
0.013	0.29510828
0.0135	0.30365127
0.014	0.31192726
0.0145	0.31980243
0.015	0.32709518
0.0155	0.33360503
0.016	0.3391373
0.0165	0.34353025
0.017	0.34667203
0.0175	0.34851235
0.018	0.34907073
0.0185	0.34841962
0.019	0.34667101
0.0195	0.34396
0.02	0.34043022
0.0205	0.33622285
0.021	0.33146948
0.0215	0.32628836
0.022	0.32078323
0.0225	0.31504345
0.023	0.3091448
0.0235	0.30315041
0.024	0.29711163
0.0245	0.29106892
0.025	0.28505304
0.0255	0.27908631
0.026	0.27318434
0.0265	0.26735796
0.027	0.26161535
0.0275	0.25596591
0.028	0.25042462
0.0285	0.24500782
0.029	0.23973439
0.0295	0.23462511
0.03	0.22970944
0.0305	0.22502224
0.031	0.2206042
0.0315	0.21649714
0.032	0.21274491
0.0325	0.20938561
0.033	0.20645406
0.0335	0.20397633
0.034	0.20196741
0.0345	0.20043519
0.035	0.19937591
0.0355	0.19877611
0.036	0.1986113
0.0365	0.19885388
0.037	0.19947139
0.0375	0.20042896
0.038	0.20169076
0.0385	0.20322115
0.039	0.20498559
0.0395	0.20695141
0.04	0.2090884
0.0405	0.21136899
0.041	0.21376843
0.0415	0.21626455
0.042	0.21883749
0.0425	0.22146957
0.043	0.22414463
0.0435	0.22684779
0.044	0.22956459
0.0445	0.23228107
0.045	0.23498321
0.0455	0.23765626
0.046	0.24028497
0.0465	0.24285461
0.047	0.24535026
0.0475	0.24775715
0.048	0.25006038
0.0485	0.25224143
0.049	0.25428185
0.0495	0.25616426
0.05	0.25787507
0.0505	0.25940171
0.051	0.26073578
0.0515	0.26187184
0.052	0.26280689
0.0525	0.26354175
0.053	0.26407964
0.0535	0.26442484
0.054	0.26458304
0.0545	0.26456329
0.055	0.26437558
0.0555	0.26403105
0.056	0.26354142
0.0565	0.26291866
0.057	0.26217482
0.0575	0.26132181
0.058	0.26037132
0.0585	0.25933474
0.059	0.25822316
0.0595	0.25704737
0.06	0.25581788
0.0605	0.254545
0.061	0.25323887
0.0615	0.25190954
0.062	0.25056698
0.0625	0.24922107
0.063	0.24788165
0.0635	0.24655841
0.064	0.2452609
0.0645	0.24399838
0.065	0.24278009
0.0655	0.24161523
0.066	0.24051301
0.0665	0.23948098
0.067	0.23852551
0.0675	0.23765203
0.068	0.23686399
0.0685	0.23616444
0.069	0.23555504
0.0695	0.2350363
0.07	0.23460836
0.0705	0.23426975
0.071	0.23401914
0.0715	0.23385404
0.072	0.23377069
0.0725	0.23376524
0.073	0.23383365
0.0735	0.23397172
0.074	0.23417499
0.0745	0.23443885
0.075	0.23475857
0.0755	0.23512932
0.076	0.2355462
0.0765	0.23600428
0.077	0.23649858
0.0775	0.23702407
0.078	0.23757578
0.0785	0.2381487
0.079	0.23873782
0.0795	0.23933817
0.08	0.23994486
0.0805	0.24055306
0.081	0.24115808
0.0815	0.24175531
0.082	0.2423405
0.0825	0.24290948
0.083	0.24345854
0.0835	0.24398469
0.084	0.24448531
0.0845	0.24495764
0.085	0.24539906
0.0855	0.24580703
0.086	0.24617933
0.0865	0.24651437
0.087	0.24681082
0.0875	0.24706776
0.088	0.24728485
0.0885	0.24746189
0.089	0.24759933
0.0895	0.24769769
0.09	0.24775752
0.0905	0.24777997
0.091	0.24776642
0.0915	0.24771853
0.092	0.24763813
0.0925	0.24752721
0.093	0.2473879
0.0935	0.24722243
0.094	0.24703313
0.0945	0.24682242
0.095	0.24659277
0.0955	0.24634669
0.096	0.24608674
0.0965	0.24581547
0.097	0.24553543
0.0975	0.24524914
0.098	0.24495908
0.0985	0.24466768
0.099	0.24437727
0.0995	0.2440901
0.1	0.2438083
0.1005	0.24353388
0.101	0.24326873
0.1015	0.24301462
0.102	0.24277337
0.1025	0.24254663
0.103	0.24233569
0.1035	0.24214156
0.104	0.24196506
0.1045	0.24180676
0.105	0.241667
0.1055	0.24154606
0.106	0.24144394
0.1065	0.24136058
0.107	0.24129574
0.1075	0.24124916
0.108	0.24122029
0.1085	0.24120845
0.109	0.24121298
0.1095	0.24123312
0.11	0.24126805
0.1105	0.24131686
0.111	0.24137861
0.1115	0.24145228
0.112	0.24153682
0.1125	0.24163112
0.113	0.24173408
0.1135	0.24184453
0.114	0.24196132
0.1145	0.24208328
0.115	0.24220928
0.1155	0.24233815
0.116	0.24246879
0.1165	0.24260011
0.117	0.24273107
0.1175	0.24286066
0.118	0.24298794
0.1185	0.24311204
0.119	0.24323214
0.1195	0.24334753
0.12	0.24345767
0.1205	0.243562
0.121	0.24365994
0.1215	0.24375096
0.122	0.24383461
0.1225	0.24391051
0.123	0.24397833
0.1235	0.24403786
0.124	0.24408895
0.1245	0.24413153
0.125	0.24416561
0.1255	0.24419126
0.126	0.24420859
0.1265	0.24421778
0.127	0.24421906
0.1275	0.24421277
0.128	0.24419926
0.1285	0.24417893
0.129	0.24415223
0.1295	0.24411963
0.13	0.24408162
0.1305	0.24403872
0.131	0.24399148
0.1315	0.24394044
0.132	0.24388614
0.1325	0.24382916
0.133	0.24377005
0.1335	0.24370936
0.134	0.24364762
0.1345	0.24358537
0.135	0.24352311
0.1355	0.24346133
0.136	0.2434005
0.1365	0.24334104
0.137	0.24328336
0.1375	0.24322786
0.138	0.24317489
0.1385	0.24312482
0.139	0.24307793
0.1395	0.24303449
0.14	0.24299467
0.1405	0.24295863
0.141	0.24292649
0.1415	0.24289831
0.142	0.24287414
0.1425	0.24285399
0.143	0.24283782
0.1435	0.2428256
0.144	0.24281726
0.1445	0.24281266
0.145	0.24281168
0.1455	0.24281416
0.146	0.24281994
0.1465	0.24282883
0.147	0.24284063
0.1475	0.24285512
0.148	0.24287209
0.1485	0.24289129
0.149	0.24291248
0.1495	0.24293542
0.15	0.24295986
0.1505	0.24298554
0.151	0.24301222
0.1515	0.24303964
0.152	0.24306756
0.1525	0.24309575
0.153	0.24312397
0.1535	0.24315202
0.154	0.24317967
0.1545	0.24320674
0.155	0.24323305
0.1555	0.24325842
0.156	0.24328273
0.1565	0.24330584
0.157	0.24332763
0.1575	0.24334798
0.158	0.24336679
0.1585	0.24338396
0.159	0.24339941
0.1595	0.24341311
0.16	0.24342501
0.1605	0.24343508
0.161	0.24344332
0.1615	0.24344974
0.162	0.24345436
0.1625	0.24345721
0.163	0.24345834
0.1635	0.24345781
0.164	0.24345569
0.1645	0.24345207
0.165	0.24344704
0.1655	0.2434407
0.166	0.24343314
0.1665	0.24342448
0.167	0.24341484
0.1675	0.24340432
0.168	0.24339305
0.1685	0.24338114
0.169	0.24336872
0.1695	0.2433559
0.17	0.24334281
0.1705	0.24332954
0.171	0.24331622
0.1715	0.24330295
0.172	0.24328983
0.1725	0.24327696
0.173	0.24326443
0.1735	0.24325231
0.174	0.2432407
0.1745	0.24322966
0.175	0.24321927
0.1755	0.24320958
0.176	0.24320063
0.1765	0.24319248
0.177	0.24318513
0.1775	0.24317863
0.178	0.24317297
0.1785	0.24316818
0.179	0.24316424
0.1795	0.24316115
0.18	0.2431589
0.1805	0.24315748
0.181	0.24315684
0.1815	0.24315697
0.182	0.24315783
0.1825	0.24315937
0.183	0.24316157
0.1835	0.24316437
0.184	0.24316774
0.1845	0.2431716
0.185	0.24317593
0.1855	0.24318066
0.186	0.24318575
0.1865	0.24319113
0.187	0.24319675
0.1875	0.24320257
0.188	0.24320851
0.1885	0.24321455
0.189	0.24322062
0.1895	0.24322667
0.19	0.24323267
0.1905	0.24323857
0.191	0.24324432
0.1915	0.24324989
0.192	0.24325524
0.1925	0.24326035
0.193	0.24326519
0.1935	0.24326973
0.194	0.24327394
0.1945	0.24327781
0.195	0.24328132
0.1955	0.24328445
0.196	0.2432872
0.1965	0.24328956
0.197	0.24329153
0.1975	0.2432931
0.198	0.24329428
0.1985	0.24329509
0.199	0.24329552
0.1995	0.24329558
0.2	0.2432953
