0.0005	0.43729347
0.001	0.41883248
0.0015	0.38799028
0.002	0.36649794
0.0025	0.32413394
0.003	0.28566689
0.0035	0.25858557
0.004	0.2340787
0.0045	0.21623063
0.005	0.1995826
0.0055	0.18502399
0.006	0.16968017
0.0065	0.15100883
0.007	0.12647131
0.0075	0.095893693
0.008	0.061861511
0.0085	0.03082221
0.009	0.043027634
0.0095	0.058857721
0.01	0.070958459
0.0105	0.079481715
0.011	0.085368596
0.0115	0.089519227
0.012	0.092606558
0.0125	0.095171958
0.013	0.098068728
0.0135	0.10390342
0.014	0.1102497
0.0145	0.11691407
0.015	0.12405987
0.0155	0.13178497
0.016	0.14015258
0.0165	0.14927925
0.017	0.15931806
0.0175	0.17038089
0.018	0.18260737
0.0185	0.19617831
0.019	0.21138375
0.0195	0.22844227
0.02	0.24755568
0.0205	0.26891141
0.021	0.29268571
0.0215	0.31910076
0.022	0.34849983
0.0225	0.38141823
0.023	0.41883938
0.0235	0.46272682
0.024	0.51721883
0.0245	0.42931558
0.025	0.3251892
0.0255	0.24136017
0.026	0.17260269
0.0265	0.13698826
0.027	0.12516066
0.0275	0.12474797
0.028	0.12988631
0.0285	0.13860263
0.029	0.15191086
0.0295	0.17612429
0.03	0.21689735
0.0305	0.26175834
0.031	0.31369041
0.0315	0.37762366
0.032	0.46127709
0.0325	0.41580382
0.033	0.37122676
0.0335	0.33487369
0.034	0.30446572
0.0345	0.27851581
0.035	0.25599219
0.0355	0.23611503
0.036	0.21829186
0.0365	0.20205678
0.037	0.18703983
0.0375	0.17294348
0.038	0.15954198
0.0385	0.1466652
0.039	0.13419637
0.0395	0.12206652
0.04	0.11023273
0.0405	0.098698097
0.041	0.087473824
0.0415	0.076578681
0.042	0.066037799
0.0425	0.055881576
0.043	0.046136777
0.0435	0.036823358
0.044	0.02795288
0.0445	0.020281472
0.045	0.015202354
0.0455	0.012111719
0.046	0.010727896
0.0465	0.011438883
0.047	0.015898998
0.0475	0.02162252
0.048	0.026979003
0.0485	0.032018511
0.049	0.036780497
0.0495	0.041295042
0.05	0.045582438
0.0505	0.0496532
0.051	0.053508223
0.0515	0.057137772
0.052	0.060523423
0.0525	0.063638657
0.053	0.066449644
0.0535	0.068913396
0.054	0.070983204
0.0545	0.072609995
0.055	0.073744518
0.0555	0.074338369
0.056	0.074347951
0.0565	0.073734392
0.057	0.07247008
0.0575	0.070540946
0.058	0.067942565
0.0585	0.064684231
0.059	0.060788776
0.0595	0.056293616
0.06	0.051250062
0.0605	0.045723053
0.061	0.039788822
0.0615	0.033533367
0.062	0.02704891
0.0625	0.0204304
0.063	0.01380855
0.0635	0.0082961808
0.064	0.0051353906
0.0645	0.005875973
0.065	0.011295365
0.0655	0.016647161
0.066	0.021520244
0.0665	0.025896397
0.067	0.029766652
0.0675	0.033129689
0.068	0.035989607
0.0685	0.038355613
0.069	0.040240566
0.0695	0.041660952
0.07	0.042636099
0.0705	0.043187892
0.071	0.043341534
0.0715	0.043122989
0.072	0.04255985
0.0725	0.041681323
0.073	0.040517627
0.0735	0.039099088
0.074	0.037455981
0.0745	0.035618274
0.075	0.033615621
0.0755	0.031476534
0.076	0.029227966
0.0765	0.026895106
0.077	0.02450124
0.0775	0.022067607
0.078	0.019613389
0.0785	0.01715567
0.079	0.014709599
0.0795	0.012288573
0.08	0.0099044758
0.0805	0.0075676483
0.081	0.0052872368
0.0815	0.003071452
0.082	0.0012626956
0.0825	0.0012497843
0.083	0.0031010883
0.0835	0.0049643493
0.084	0.0067202823
0.0845	0.0083644211
0.085	0.0098924026
0.0855	0.011299838
0.086	0.012582336
0.0865	0.013735683
0.087	0.01475587
0.0875	0.015639337
0.088	0.016383045
0.0885	0.016984627
0.089	0.017442647
0.0895	0.0177564
0.09	0.017926407
0.0905	0.017954314
0.091	0.017842948
0.0915	0.017596267
0.092	0.017219415
0.0925	0.016718688
0.093	0.016101541
0.0935	0.015376292
0.094	0.014552082
0.0945	0.013638716
0.095	0.012646584
0.0955	0.011586535
0.096	0.010469704
0.0965	0.0093073555
0.097	0.0081108266
0.0975	0.0068914259
0.098	0.0056603069
0.0985	0.0044283239
0.099	0.0032059801
0.0995	0.0020034044
0.1	0.00084821463
0.1005	0.00047968841
0.101	0.0013904934
0.1015	0.0024189453
0.102	0.0033832466
0.1025	0.0042777981
0.103	0.0050979817
0.1035	0.0058400646
0.104	0.00650124
0.1045	0.0070795513
0.105	0.0075739262
0.1055	0.0079841218
0.106	0.008310711
0.1065	0.0085550216
0.107	0.0087190831
0.1075	0.0088055753
0.108	0.0088177051
0.1085	0.0087591805
0.109	0.0086341437
0.1095	0.0084470512
0.11	0.0082026223
0.1105	0.0079057661
0.111	0.0075615189
0.1115	0.0071749665
0.112	0.0067512161
0.1125	0.0062953263
0.113	0.005812284
0.1135	0.005306968
0.114	0.0047841134
0.1145	0.0042483135
0.115	0.0037039978
0.1155	0.0031554022
0.116	0.0026066097
0.1165	0.0020615121
0.117	0.0015238049
0.1175	0.00099699167
0.118	0.00048444906
0.1185	0.00018337989
0.119	0.00048563149
0.1195	0.0009369959
0.12	0.0013626651
0.1205	0.001760582
0.121	0.0021289449
0.1215	0.002466209
0.122	0.0027710969
0.1225	0.0030425944
0.123	0.0032799587
0.1235	0.0034827166
0.124	0.0036506621
0.1245	0.0037838548
0.125	0.0038826033
0.1255	0.0039474841
0.126	0.0039792948
0.1265	0.0039790618
0.127	0.0039480194
0.1275	0.0038875908
0.128	0.0037993821
0.1285	0.0036851401
0.129	0.0035467652
0.1295	0.0033862654
0.13	0.0032057459
0.1305	0.0030073877
0.131	0.0027934301
0.1315	0.0025661506
0.132	0.0023278375
0.1325	0.0020808017
0.133	0.0018273235
0.1335	0.0015696535
0.134	0.0013099955
0.1345	0.0010504887
0.135	0.00079319058
0.1355	0.00054006637
0.136	0.00029297472
0.1365	0.00010002178
0.137	0.000176253
0.1375	0.00039520631
0.138	0.00060187721
0.1385	0.00079511357
0.139	0.0009739255
0.1395	0.0011374873
0.14	0.0012851292
0.1405	0.0014163627
0.141	0.0015308436
0.1415	0.0016283856
0.142	0.0017089498
0.1425	0.0017726394
0.143	0.0018196907
0.1435	0.0018504649
0.144	0.0018654373
0.1445	0.0018651812
0.145	0.0018503811
0.1455	0.001821791
0.146	0.0017802405
0.1465	0.0017266217
0.147	0.0016618783
0.1475	0.0015869962
0.148	0.0015029849
0.1485	0.0014108961
0.149	0.0013117829
0.1495	0.0012067075
0.15	0.0010967294
0.1505	0.00098289907
0.151	0.00086625097
0.1515	0.0007477964
0.152	0.00062851809
0.1525	0.00050936385
0.153	0.00039124187
0.1535	0.00027501516
0.154	0.0001614974
0.1545	5.9574139e-05
0.155	5.8925081e-05
0.1555	0.00015545464
0.156	0.00025107413
0.1565	0.0003407683
0.157	0.0004240923
0.1575	0.0005006681
0.158	0.00057018469
0.1585	0.00063239763
0.159	0.00068712834
0.1595	0.00073426289
0.16	0.00077375021
0.1605	0.00080559228
0.161	0.00082986862
0.1615	0.00084669942
0.162	0.00085626017
0.1625	0.00085877503
0.163	0.00085451323
0.1635	0.00084378274
0.164	0.00082693781
0.1645	0.0008043571
0.165	0.00077644221
0.1655	0.00074363551
0.166	0.00070638975
0.1665	0.0006651758
0.167	0.00062047638
0.1675	0.00057278198
0.168	0.00052258684
0.1685	0.00047038489
0.169	0.00041666599
0.1695	0.0003619122
0.17	0.00030659445
0.1705	0.00025116912
0.171	0.00019607504
0.1715	0.00014173061
0.172	8.853132e-05
0.1725	3.7644307e-05
0.173	2.1413555e-05
0.1735	6.0627514e-05
0.174	0.00010581672
0.1745	0.00014829297
0.175	0.00018783624
0.1755	0.00022425914
0.176	0.00025740698
0.1765	0.00028715753
0.177	0.00031342067
0.1775	0.00033613757
0.178	0.00035527987
0.1785	0.00037084858
0.179	0.00038287269
0.1795	0.00039140777
0.18	0.00039652728
0.1805	0.00039834628
0.181	0.00039698667
0.1815	0.00039259301
0.182	0.00038532717
0.1825	0.0003753665
0.183	0.00036290171
0.1835	0.00034813491
0.184	0.00033127744
0.1845	0.00031254795
0.185	0.00029216179
0.1855	0.00027035705
0.186	0.00024735974
0.1865	0.00022339843
0.187	0.00019869944
0.1875	0.00017348544
0.188	0.00014797378
0.1885	0.00012237509
0.189	9.6891885e-05
0.1895	7.1717362e-05
0.19	4.7034291e-05
0.1905	2.3022839e-05
0.191	9.0222939e-06
0.1915	2.2414274e-05
0.192	4.3543176e-05
0.1925	6.3452834e-05
0.193	8.2039416e-05
0.1935	9.9213671e-05
0.194	0.00011490101
0.1945	0.00012904146
0.195	0.00014158955
0.1955	0.00015250626
0.196	0.00016178569
0.1965	0.00016942081
0.197	0.00017542075
0.1975	0.00017980675
0.198	0.00018261173
0.1985	0.00018387949
0.199	0.00018365854
0.1995	0.00018202215
0.2	0.0001790389
