0.0005	0
0.001	3.2996396e-09
0.0015	7.047043e-09
0.002	4.1189871e-09
0.0025	3.5497897e-09
0.003	7.3194748e-09
0.0035	6.8169754e-09
0.004	5.1545664e-09
0.0045	4.5686517e-09
0.005	3.8830148e-09
0.0055	3.4884405e-09
0.006	3.1865934e-09
0.0065	2.9907495e-09
0.007	9.8852181e-09
0.0075	8.58103e-09
0.008	6.8565971e-09
0.0085	5.4600356e-09
0.009	6.6393177e-09
0.0095	7.7801573e-09
0.01	8.1914861e-09
0.0105	8.0669506e-09
0.011	7.6620361e-09
0.0115	7.1293631e-09
0.012	6.5616531e-09
0.0125	6.0340682e-09
0.013	5.5533894e-09
0.0135	5.1067046e-09
0.014	4.6966154e-09
0.0145	4.3392437e-09
0.015	4.0311426e-09
0.0155	3.7554206e-09
0.016	3.4913059e-09
0.0165	3.2224857e-09
0.017	2.9238779e-09
0.0175	9.5507871e-09
0.018	8.1961996e-09
0.0185	7.0389781e-09
0.019	6.2843949e-09
0.0195	5.9385737e-09
0.02	5.7443789e-09
0.0205	5.5539619e-09
0.021	5.293788e-09
0.0215	4.9711468e-09
0.022	4.8693726e-09
0.0225	4.7804031e-09
0.023	4.5814967e-09
0.0235	4.31914e-09
0.024	4.1185892e-09
0.0245	4.0732605e-09
0.025	4.5186988e-09
0.0255	5.3919362e-09
0.026	6.2467411e-09
0.0265	7.046158e-09
0.027	7.7622468e-09
0.0275	8.3761302e-09
0.028	8.8750222e-09
0.0285	9.2375255e-09
0.029	9.4763773e-09
0.0295	9.5999303e-09
0.03	9.6264136e-09
0.0305	9.5677106e-09
0.031	9.4343111e-09
0.0315	9.2351893e-09
0.032	8.980657e-09
0.0325	8.6776157e-09
0.033	8.3263263e-09
0.0335	7.9293411e-09
0.034	7.5058653e-09
0.0345	7.0738187e-09
0.035	6.6348598e-09
0.0355	6.1526377e-09
0.036	5.6766148e-09
0.0365	5.225606e-09
0.037	4.7961386e-09
0.0375	4.3933629e-09
0.038	3.9884901e-09
0.0385	3.5857646e-09
0.039	3.1747721e-09
0.0395	2.7556602e-09
0.04	8.6225201e-09
0.0405	7.2626024e-09
0.041	6.3186146e-09
0.0415	5.9229352e-09
0.042	6.3512655e-09
0.0425	8.0284199e-09
0.043	9.9033083e-09
0.0435	3.0705022e-09
0.044	3.4805038e-09
0.0445	3.8341194e-09
0.045	4.1285841e-09
0.0455	4.3644524e-09
0.046	4.5441751e-09
0.0465	4.6704745e-09
0.047	4.7425899e-09
0.0475	4.7645679e-09
0.048	4.7387113e-09
0.0485	4.6711668e-09
0.049	4.5701738e-09
0.0495	4.4455069e-09
0.05	4.2931043e-09
0.0505	4.1219002e-09
0.051	3.9333267e-09
0.0515	3.7225865e-09
0.052	3.4994831e-09
0.0525	3.2744627e-09
0.053	3.0433245e-09
0.0535	2.7901566e-09
0.054	9.3179713e-09
0.0545	8.3830246e-09
0.055	7.4368488e-09
0.0555	6.5151404e-09
0.056	5.6114743e-09
0.0565	4.75391e-09
0.057	3.9719286e-09
0.0575	3.3019513e-09
0.058	2.7418518e-09
0.0585	8.9019759e-09
0.059	7.7760954e-09
0.0595	8.2560316e-09
0.06	2.8122305e-09
0.0605	3.5971333e-09
0.061	4.3269568e-09
0.0615	4.9983578e-09
0.062	5.6068434e-09
0.0625	6.148884e-09
0.063	6.6226248e-09
0.0635	7.0278068e-09
0.064	7.3652315e-09
0.0645	7.6358078e-09
0.065	7.8419575e-09
0.0655	7.9862307e-09
0.066	8.0654187e-09
0.0665	8.0772662e-09
0.067	8.029949e-09
0.0675	7.9248676e-09
0.068	7.7696859e-09
0.0685	7.5613894e-09
0.069	7.3069961e-09
0.0695	7.0053466e-09
0.07	6.649752e-09
0.0705	6.2579415e-09
0.071	5.8449023e-09
0.0715	5.4079455e-09
0.072	4.9151983e-09
0.0725	4.4213127e-09
0.073	3.9199672e-09
0.0735	3.4126942e-09
0.074	2.9127272e-09
0.0745	8.8072126e-09
0.075	7.3261437e-09
0.0755	6.1561684e-09
0.076	5.1640419e-09
0.0765	4.3423523e-09
0.077	3.7192502e-09
0.0775	3.7058095e-09
0.078	4.9833401e-09
0.0785	6.4271831e-09
0.079	7.7675575e-09
0.0795	8.9871298e-09
0.08	2.638865e-09
0.0805	2.9047058e-09
0.081	3.136292e-09
0.0815	3.3337415e-09
0.082	3.4968582e-09
0.0825	3.6261392e-09
0.083	3.7219879e-09
0.0835	3.7866355e-09
0.084	3.820691e-09
0.0845	3.8176555e-09
0.085	3.7870963e-09
0.0855	3.7290131e-09
0.086	3.6460438e-09
0.0865	3.5393909e-09
0.087	3.4096556e-09
0.0875	3.257408e-09
0.088	3.0840409e-09
0.0885	2.8966536e-09
0.089	2.6997501e-09
0.0895	9.2111229e-09
0.09	8.3402105e-09
0.0905	7.4788223e-09
0.091	6.5972491e-09
0.0915	5.7127366e-09
0.092	4.8355246e-09
0.0925	4.006514e-09
0.093	3.3358521e-09
0.0935	2.8091729e-09
0.094	9.032592e-09
0.0945	7.8713838e-09
0.095	7.0291162e-09
0.0955	6.8705049e-09
0.096	8.5755736e-09
0.0965	2.7582702e-09
0.097	3.3738512e-09
0.0975	3.940408e-09
0.098	4.4569863e-09
0.0985	4.9211157e-09
0.099	5.330818e-09
0.0995	5.6847792e-09
0.1	5.9821551e-09
0.1005	6.2229936e-09
0.101	6.407419e-09
0.1015	6.5376541e-09
0.102	6.6177122e-09
0.1025	6.638734e-09
0.103	6.6054514e-09
0.1035	6.5227602e-09
0.104	6.3944731e-09
0.1045	6.2224289e-09
0.105	6.0090579e-09
0.1055	5.7594189e-09
0.106	5.4682144e-09
0.1065	5.1417045e-09
0.107	4.7954037e-09
0.1075	4.4332099e-09
0.108	4.0395075e-09
0.1085	3.6305262e-09
0.109	3.2189306e-09
0.1095	2.8026826e-09
0.11	8.7509709e-09
0.1105	7.2511218e-09
0.111	6.0320725e-09
0.1115	5.1493384e-09
0.112	4.4358586e-09
0.1125	3.8590577e-09
0.113	3.4159806e-09
0.1135	3.2011497e-09
0.114	3.7245919e-09
0.1145	4.8449509e-09
0.115	5.9546489e-09
0.1155	6.977888e-09
0.116	7.9069211e-09
0.1165	8.7400872e-09
0.117	9.4734194e-09
0.1175	2.6229786e-09
0.118	2.7675737e-09
0.1185	2.8846062e-09
0.119	2.9743618e-09
0.1195	3.0378138e-09
0.12	3.0773288e-09
0.1205	3.0875336e-09
0.121	3.0736098e-09
0.1215	3.0363355e-09
0.122	2.9784695e-09
0.1225	2.8997278e-09
0.123	2.801519e-09
0.1235	2.6857075e-09
0.124	9.6005625e-09
0.1245	9.0285262e-09
0.125	8.4189788e-09
0.1255	7.7752273e-09
0.126	7.0798126e-09
0.1265	6.3681591e-09
0.127	5.6478537e-09
0.1275	4.916941e-09
0.128	4.189164e-09
0.1285	3.4900058e-09
0.129	2.8868371e-09
0.1295	9.1742974e-09
0.13	8.0883735e-09
0.1305	7.2555783e-09
0.131	6.6441208e-09
0.1315	6.3667177e-09
0.132	6.89985e-09
0.1325	8.6307805e-09
0.133	2.6133399e-09
0.1335	3.0958698e-09
0.134	3.5360426e-09
0.1345	3.9328735e-09
0.135	4.2845344e-09
0.1355	4.589557e-09
0.136	4.8473075e-09
0.1365	5.0575272e-09
0.137	5.2200684e-09
0.1375	5.3357555e-09
0.138	5.4074836e-09
0.1385	5.4341657e-09
0.139	5.4137311e-09
0.1395	5.3525971e-09
0.14	5.2518187e-09
0.1405	5.1160803e-09
0.141	4.9460519e-09
0.1415	4.745248e-09
0.142	4.5164592e-09
0.1425	4.2585414e-09
0.143	3.9778056e-09
0.1435	3.6832445e-09
0.144	3.3740017e-09
0.1445	3.0431712e-09
0.145	2.7090533e-09
0.1455	8.8482759e-09
0.146	7.5450486e-09
0.1465	6.2822993e-09
0.147	5.1690495e-09
0.1475	4.4232286e-09
0.148	3.885176e-09
0.1485	3.4666608e-09
0.149	3.154634e-09
0.1495	2.981517e-09
0.15	3.0826292e-09
0.1505	3.770113e-09
0.151	4.6898912e-09
0.1515	5.5613626e-09
0.152	6.3552979e-09
0.1525	7.0692259e-09
0.153	7.7005271e-09
0.1535	8.2475087e-09
0.154	8.7086895e-09
0.1545	9.0839621e-09
0.155	9.3730885e-09
0.1555	9.5775968e-09
0.156	9.7029987e-09
0.1565	9.7450722e-09
0.157	9.7060765e-09
0.1575	9.5936739e-09
0.158	9.4146439e-09
0.1585	9.1678099e-09
0.159	8.8623556e-09
0.1595	8.5000323e-09
0.16	8.0853206e-09
0.1605	7.6237097e-09
0.161	7.1241929e-09
0.1615	6.5955601e-09
0.162	6.0349623e-09
0.1625	5.4466966e-09
0.163	4.8512511e-09
0.1635	4.243491e-09
0.164	3.6356521e-09
0.1645	3.0465372e-09
0.165	9.3132662e-09
0.1655	7.9633696e-09
0.166	7.1063867e-09
0.1665	6.5117815e-09
0.167	6.1200394e-09
0.1675	5.9527002e-09
0.168	6.0975565e-09
0.1685	7.03897e-09
0.169	8.6066764e-09
0.1695	2.4690327e-09
0.17	2.8450845e-09
0.1705	3.1844468e-09
0.171	3.4861233e-09
0.1715	3.7491467e-09
0.172	3.9725778e-09
0.1725	4.1562938e-09
0.173	4.3005421e-09
0.1735	4.405588e-09
0.174	4.4726497e-09
0.1745	4.5036923e-09
0.175	4.4967002e-09
0.1755	4.4540708e-09
0.176	4.378994e-09
0.1765	4.2726317e-09
0.177	4.1385094e-09
0.1775	3.9776404e-09
0.178	3.7929671e-09
0.1785	3.5867092e-09
0.179	3.3593743e-09
0.1795	3.1156569e-09
0.18	2.8614781e-09
0.1805	9.9770259e-09
0.181	8.871019e-09
0.1815	7.7555958e-09
0.182	6.6386236e-09
0.1825	5.5510718e-09
0.183	4.5377789e-09
0.1835	3.8215441e-09
0.184	3.3787321e-09
0.1845	3.0764202e-09
0.185	2.8755378e-09
0.1855	2.7658212e-09
0.186	2.7793964e-09
0.1865	3.112448e-09
0.187	3.7888857e-09
0.1875	4.5361739e-09
0.188	5.2274287e-09
0.1885	5.8501259e-09
0.189	6.4023459e-09
0.1895	6.8836289e-09
0.19	7.2919974e-09
0.1905	7.6268045e-09
0.191	7.8885511e-09
0.1915	8.0787061e-09
0.192	8.1988822e-09
0.1925	8.2518305e-09
0.193	8.2348928e-09
0.1935	8.1558767e-09
0.194	8.0174541e-09
0.1945	7.8221678e-09
0.195	7.5760557e-09
0.1955	7.2802927e-09
0.196	6.9381073e-09
0.1965	6.5593474e-09
0.197	6.1450681e-09
0.1975	5.7020728e-09
0.198	5.233069e-09
0.1985	4.7406742e-09
0.199	4.2359824e-09
0.1995	3.7188977e-09
0.2	3.2015794e-09
