0.0005	5.7493319e-09
0.001	7.2332811e-09
0.0015	3.3758057e-09
0.002	7.5779298e-09
0.0025	5.9457111e-09
0.003	5.0581927e-09
0.0035	4.4502314e-09
0.004	4.2282871e-09
0.0045	4.0069795e-09
0.005	3.9352815e-09
0.0055	3.86775e-09
0.006	3.8569081e-09
0.0065	3.8745362e-09
0.007	3.8859539e-09
0.0075	3.8395167e-09
0.008	3.6876883e-09
0.0085	3.3351582e-09
0.009	9.4987633e-09
0.0095	8.1947148e-09
0.01	7.2603004e-09
0.0105	6.5831525e-09
0.011	6.072432e-09
0.0115	5.6556591e-09
0.012	5.2923895e-09
0.0125	4.963341e-09
0.013	4.6587634e-09
0.0135	4.3610787e-09
0.014	4.0470919e-09
0.0145	3.6985094e-09
0.015	3.3028416e-09
0.0155	9.6327846e-09
0.016	8.0508323e-09
0.0165	6.4128019e-09
0.017	4.7829618e-09
0.0175	3.2550884e-09
0.018	7.136591e-09
0.0185	6.2815746e-09
0.019	7.2805225e-09
0.0195	8.7444302e-09
0.02	2.9918194e-09
0.0205	3.4957719e-09
0.021	4.0238252e-09
0.0215	4.4594572e-09
0.022	4.7819821e-09
0.0225	5.0162677e-09
0.023	5.1896998e-09
0.0235	5.3303773e-09
0.024	5.4638988e-09
0.0245	5.6103972e-09
0.025	5.7845107e-09
0.0255	5.9947878e-09
0.026	6.2436857e-09
0.0265	6.5259495e-09
0.027	6.8338088e-09
0.0275	7.1534325e-09
0.028	7.469534e-09
0.0285	7.764856e-09
0.029	8.0217901e-09
0.0295	8.2192887e-09
0.03	8.3391668e-09
0.0305	8.3649226e-09
0.031	8.2818529e-09
0.0315	8.0787969e-09
0.032	7.7495469e-09
0.0325	7.2936756e-09
0.033	6.7177613e-09
0.0335	6.0344479e-09
0.034	5.2619165e-09
0.0345	4.4226111e-09
0.035	3.5490943e-09
0.0355	8.9923543e-09
0.036	6.7227691e-09
0.0365	5.2660348e-09
0.037	4.5926546e-09
0.0375	4.5427693e-09
0.038	5.1997806e-09
0.0385	6.9639238e-09
0.039	8.8296948e-09
0.0395	3.1012569e-09
0.04	3.5201608e-09
0.0405	3.8738864e-09
0.041	4.1673769e-09
0.0415	4.4058781e-09
0.042	4.5948249e-09
0.0425	4.7395995e-09
0.043	4.8447768e-09
0.0435	4.9140773e-09
0.044	4.9495714e-09
0.0445	4.9532471e-09
0.045	4.9250858e-09
0.0455	4.8659207e-09
0.046	4.7754672e-09
0.0465	4.6532437e-09
0.047	4.4994689e-09
0.0475	4.3154433e-09
0.048	4.102553e-09
0.0485	3.8630287e-09
0.049	3.5998699e-09
0.0495	3.3167368e-09
0.05	3.0178227e-09
0.0505	9.0964028e-09
0.051	8.0299598e-09
0.0515	6.9555334e-09
0.052	5.8873626e-09
0.0525	4.8383677e-09
0.053	3.8346652e-09
0.0535	9.8556439e-09
0.054	7.1656292e-09
0.0545	4.8963324e-09
0.055	3.3211829e-09
0.0555	2.9617169e-09
0.056	4.6237259e-09
0.0565	6.8946067e-09
0.057	8.9938577e-09
0.0575	3.1530042e-09
0.058	3.6779496e-09
0.0585	4.1609489e-09
0.059	4.6039886e-09
0.0595	5.0083947e-09
0.06	5.3746579e-09
0.0605	5.7024262e-09
0.061	5.9905748e-09
0.0615	6.2373228e-09
0.062	6.4404427e-09
0.0625	6.59728e-09
0.063	6.7053566e-09
0.0635	6.762541e-09
0.064	6.7668907e-09
0.0645	6.7175285e-09
0.065	6.6141874e-09
0.0655	6.4574557e-09
0.066	6.2488909e-09
0.0665	5.9908794e-09
0.067	5.6870287e-09
0.0675	5.3416229e-09
0.068	4.9596776e-09
0.0685	4.5467019e-09
0.069	4.1085258e-09
0.0695	3.6510901e-09
0.07	3.1802771e-09
0.0705	9.018772e-09
0.071	7.3914562e-09
0.0715	5.863075e-09
0.072	4.4355471e-09
0.0725	3.1029091e-09
0.073	6.7740523e-09
0.0735	4.3221733e-09
0.074	6.3684441e-09
0.0745	3.0111047e-09
0.075	4.2325335e-09
0.0755	5.3682137e-09
0.076	6.4141137e-09
0.0765	7.3668589e-09
0.077	8.22363e-09
0.0775	8.9821068e-09
0.078	9.6404292e-09
0.0785	2.9943764e-09
0.079	3.1309157e-09
0.0795	3.2371236e-09
0.08	3.3131218e-09
0.0805	3.3593007e-09
0.081	3.3762855e-09
0.0815	3.364986e-09
0.082	3.3265744e-09
0.0825	3.2624937e-09
0.083	3.1743918e-09
0.0835	3.0641404e-09
0.084	9.9189641e-09
0.0845	9.4123978e-09
0.085	8.8531395e-09
0.0855	8.2489908e-09
0.086	7.6077575e-09
0.0865	6.937107e-09
0.087	6.2444481e-09
0.0875	5.5368292e-09
0.088	4.8208619e-09
0.0885	4.102681e-09
0.089	3.3886208e-09
0.0895	9.0811545e-09
0.09	6.9990856e-09
0.0905	5.0474697e-09
0.091	3.2685288e-09
0.0915	7.4177146e-09
0.092	8.795218e-09
0.0925	4.1714487e-09
0.093	6.0154632e-09
0.0935	7.7408011e-09
0.094	9.3407528e-09
0.0945	3.1074905e-09
0.095	3.5014038e-09
0.0955	3.854338e-09
0.096	4.1651484e-09
0.0965	4.4329353e-09
0.097	4.6570701e-09
0.0975	4.8372221e-09
0.098	4.9733799e-09
0.0985	5.0658679e-09
0.099	5.1153584e-09
0.0995	5.1228731e-09
0.1	5.0897788e-09
0.1005	5.0177527e-09
0.101	4.9088015e-09
0.1015	4.7652186e-09
0.102	4.5895228e-09
0.1025	4.3844608e-09
0.103	4.152925e-09
0.1035	3.8979267e-09
0.104	3.6225488e-09
0.1045	3.3299078e-09
0.105	3.0231174e-09
0.1055	9.1262828e-09
0.106	8.0085793e-09
0.1065	6.8745171e-09
0.107	5.7345548e-09
0.1075	4.6439611e-09
0.108	3.6371145e-09
0.1085	9.1801095e-09
0.109	6.343357e-09
0.1095	3.975695e-09
0.11	3.5190927e-09
0.1105	6.4699076e-09
0.111	9.5699226e-09
0.1115	3.4834039e-09
0.112	4.2693049e-09
0.1125	4.9895748e-09
0.113	5.6410974e-09
0.1135	6.221405e-09
0.114	6.7287051e-09
0.1145	7.1618473e-09
0.115	7.520361e-09
0.1155	7.8044004e-09
0.116	8.014745e-09
0.1165	8.1527753e-09
0.117	8.2204353e-09
0.1175	8.2202022e-09
0.118	8.1550322e-09
0.1185	8.0283099e-09
0.119	7.8437931e-09
0.1195	7.6055553e-09
0.12	7.3179283e-09
0.1205	6.9854411e-09
0.121	6.6127665e-09
0.1215	6.2046672e-09
0.122	5.7659467e-09
0.1225	5.3014038e-09
0.123	4.8157923e-09
0.1235	4.3137885e-09
0.124	3.7999579e-09
0.1245	3.2787337e-09
0.125	9.2530061e-09
0.1255	7.531481e-09
0.126	5.9790913e-09
0.1265	4.5374093e-09
0.127	3.2050619e-09
0.1275	7.7843173e-09
0.128	6.4274663e-09
0.1285	2.5964172e-09
0.129	4.0343852e-09
0.1295	5.3820457e-09
0.13	6.6326314e-09
0.1305	7.7804553e-09
0.131	8.8208156e-09
0.1315	9.7500003e-09
0.132	3.0211388e-09
0.1325	3.2285529e-09
0.133	3.402325e-09
0.1335	3.5424611e-09
0.134	3.6492323e-09
0.1345	3.7231634e-09
0.135	3.7650198e-09
0.1355	3.7757916e-09
0.136	3.7566763e-09
0.1365	3.7090602e-09
0.137	3.6344984e-09
0.1375	3.5346943e-09
0.138	3.4114787e-09
0.1385	3.2667893e-09
0.139	3.102649e-09
0.1395	2.9211471e-09
0.14	9.3137001e-09
0.1405	8.5819721e-09
0.141	7.8137254e-09
0.1415	7.0164427e-09
0.142	6.1975184e-09
0.1425	5.3642027e-09
0.143	4.5236356e-09
0.1435	3.7047236e-09
0.144	2.9651394e-09
0.1445	7.8139508e-09
0.145	5.7857252e-09
0.1455	4.0153385e-09
0.146	2.9668787e-09
0.1465	4.0953723e-09
0.147	6.4510844e-09
0.1475	8.6619449e-09
0.148	2.9442506e-09
0.1485	3.4905334e-09
0.149	3.9867918e-09
0.1495	4.4311976e-09
0.15	4.8224109e-09
0.1505	5.1595736e-09
0.151	5.4422948e-09
0.1515	5.6706359e-09
0.152	5.8450899e-09
0.1525	5.9665591e-09
0.153	6.036329e-09
0.1535	6.0560411e-09
0.154	6.0276625e-09
0.1545	5.9534551e-09
0.155	5.8359434e-09
0.1555	5.6778823e-09
0.156	5.4822244e-09
0.1565	5.2520873e-09
0.157	4.9907207e-09
0.1575	4.7014766e-09
0.158	4.387778e-09
0.1585	4.0530895e-09
0.159	3.7008898e-09
0.1595	3.3346437e-09
0.16	2.9577778e-09
0.1605	8.7628564e-09
0.161	7.4002888e-09
0.1615	6.0729671e-09
0.162	4.9033027e-09
0.1625	3.8549779e-09
0.163	2.8960715e-09
0.1635	7.6747016e-09
0.164	5.9537784e-09
0.1645	6.9277606e-09
0.165	2.7078005e-09
0.1655	3.7447411e-09
0.166	4.7094062e-09
0.1665	5.5972844e-09
0.167	6.4046497e-09
0.1675	7.1285626e-09
0.168	7.7668553e-09
0.1685	8.3181175e-09
0.169	8.7816762e-09
0.1695	9.1575716e-09
0.17	9.4465261e-09
0.1705	9.649911e-09
0.171	9.7697067e-09
0.1715	9.808462e-09
0.172	9.7692502e-09
0.1725	9.6556209e-09
0.173	9.4715554e-09
0.1735	9.2214158e-09
0.174	8.9098955e-09
0.1745	8.5419685e-09
0.175	8.1228403e-09
0.1755	7.6578958e-09
0.176	7.1526537e-09
0.1765	6.6127172e-09
0.177	6.0437262e-09
0.1775	5.4513132e-09
0.178	4.8410617e-09
0.1785	4.2184632e-09
0.179	3.5888779e-09
0.1795	2.963838e-09
0.18	8.1857126e-09
0.1805	6.5543544e-09
0.181	5.1078603e-09
0.1815	3.8381175e-09
0.182	2.8826662e-09
0.1825	2.9313618e-09
0.183	4.4584578e-09
0.1835	6.1765819e-09
0.184	7.7750883e-09
0.1845	9.2464541e-09
0.185	2.8727252e-09
0.1855	3.217749e-09
0.186	3.5233169e-09
0.1865	3.7886905e-09
0.187	4.0134729e-09
0.1875	4.1976065e-09
0.188	4.3413528e-09
0.1885	4.4452793e-09
0.189	4.5102402e-09
0.1895	4.5373578e-09
0.19	4.5280023e-09
0.1905	4.4837705e-09
0.191	4.4064633e-09
0.1915	4.2980639e-09
0.192	4.1607144e-09
0.1925	3.9966923e-09
0.193	3.8083873e-09
0.1935	3.5982779e-09
0.194	3.3689086e-09
0.1945	3.1228681e-09
0.195	2.862766e-09
0.1955	9.0214419e-09
0.196	8.0130708e-09
0.1965	6.9842311e-09
0.197	5.943805e-09
0.1975	4.9101036e-09
0.198	3.995653e-09
0.1985	3.2154586e-09
0.199	9.0018462e-09
0.1995	7.1580625e-09
0.2	5.7910649e-09
