0.0005	7.22
0.001	15.02
0.0015	20.79
0.002	27.14
0.0025	33.16
0.003	39.2
0.0035	45.24
0.004	50.73
0.0045	56.41
0.005	62.38
0.0055	68.22
0.006	74
0.0065	79.68
0.007	84.84
0.0075	90.11
0.008	95.17
0.0085	100.2
0.009	104.91
0.0095	110.11
0.01	114.19
0.0105	118.24
0.011	123.38
0.0115	128.24
0.012	133.07
0.0125	137.86
0.013	142.77
0.0135	147.24
0.014	151.52
0.0145	155.22
0.015	159.69
0.0155	163.85
0.016	168.62
0.0165	172.75
0.017	176.74
0.0175	180.53
0.018	184.47
0.0185	188.01
0.019	191.62
0.0195	195.27
0.02	199.05
0.0205	202.72
0.021	206.39
0.0215	210.03
0.022	213.37
0.0225	216.32
0.023	219.79
0.0235	222.85
0.024	226.24
0.0245	229.88
0.025	232.95
0.0255	235.75
0.026	238.56
0.0265	241.19
0.027	243.8
0.0275	245.88
0.028	248.07
0.0285	249.95
0.029	252.58
0.0295	255.4
0.03	258.01
0.0305	260.71
0.031	262.95
0.0315	265.2
0.032	267.1
0.0325	268.65
0.033	270.23
0.0335	271.35
0.034	272.63
0.0345	273.74
0.035	274.8
0.0355	275.62
0.036	276.82
0.0365	277.57
0.037	278.32
0.0375	279.15
0.038	279.71
0.0385	280.15
0.039	280.83
0.0395	281.16
0.04	281.98
0.0405	282.16
0.041	282.73
0.0415	282.89
0.042	283.38
0.0425	283.56
0.043	283.94
0.0435	284.25
0.044	284.78
0.0445	285.09
0.045	285.64
0.0455	286.01
0.046	286.47
0.0465	286.86
0.047	287.34
0.0475	287.6
0.048	287.95
0.0485	288.23
0.049	288.53
0.0495	288.86
0.05	289.36
0.0505	289.71
0.051	290.11
0.0515	290.46
0.052	290.8
0.0525	291.17
0.053	291.52
0.0535	291.84
0.054	292.16
0.0545	292.45
0.055	292.9
0.0555	293.3
0.056	293.68
0.0565	294
0.057	294.36
0.0575	294.68
0.058	295.05
0.0585	295.41
0.059	295.77
0.0595	296.17
0.06	296.66
0.0605	297.04
0.061	297.49
0.0615	297.98
0.062	298.41
0.0625	298.93
0.063	299.44
0.0635	299.82
0.064	300.19
0.0645	300.55
0.065	301.03
0.0655	301.44
0.066	301.87
0.0665	302.27
0.067	302.71
0.0675	303.11
0.068	303.63
0.0685	304.14
0.069	304.68
0.0695	305.21
0.07	305.79
0.0705	306.19
0.071	306.61
0.0715	307.06
0.072	307.54
0.0725	308
0.073	308.47
0.0735	308.84
0.074	309.31
0.0745	309.66
0.075	310.22
0.0755	310.73
0.076	311.29
0.0765	311.9
0.077	312.33
0.0775	312.7
0.078	313.06
0.0785	313.4
0.079	313.73
0.0795	314.21
0.08	314.79
0.0805	315.44
0.081	316.01
0.0815	316.58
0.082	316.97
0.0825	317.34
0.083	317.68
0.0835	318.1
0.084	318.76
0.0845	319.26
0.085	319.87
0.0855	320.36
0.086	320.9
0.0865	321.5
0.087	322.01
0.0875	322.35
0.088	322.76
0.0885	323.38
0.089	323.99
0.0895	324.44
0.09	324.95
0.0905	325.52
0.091	326.08
0.0915	326.55
0.092	327.05
0.0925	327.5
0.093	328
0.0935	328.57
0.094	329.16
0.0945	329.83
0.095	330.39
0.0955	330.98
0.096	331.41
0.0965	331.91
0.097	332.5
0.0975	332.92
0.098	333.36
0.0985	333.81
0.099	334.23
0.0995	334.63
0.1	335.13
0.1005	335.56
0.101	335.98
0.1015	336.46
0.102	337.16
0.1025	337.73
0.103	338.24
0.1035	338.86
0.104	339.51
0.1045	340.2
0.105	340.97
0.1055	341.37
0.106	341.77
0.1065	342.21
0.107	342.67
0.1075	343.34
0.108	344.04
0.1085	344.65
0.109	345.21
0.1095	345.81
0.11	346.54
0.1105	347.2
0.111	347.92
0.1115	348.45
0.112	348.98
0.1125	349.44
0.113	349.83
0.1135	350.24
0.114	350.73
0.1145	351.27
0.115	351.83
0.1155	352.28
0.116	352.72
0.1165	353.16
0.117	353.61
0.1175	354.14
0.118	354.68
0.1185	355.18
0.119	355.62
0.1195	356.04
0.12	356.63
0.1205	357.03
0.121	357.57
0.1215	358.33
0.122	358.94
0.1225	359.45
0.123	359.99
0.1235	360.49
0.124	361.16
0.1245	361.87
0.125	362.68
0.1255	363.14
0.126	363.68
0.1265	364.33
0.127	364.83
0.1275	365.27
0.128	365.79
0.1285	366.3
0.129	366.9
0.1295	367.54
0.13	368
0.1305	368.34
0.131	368.69
0.1315	369.03
0.132	369.35
0.1325	369.69
0.133	370.1
0.1335	370.57
0.134	371.11
0.1345	371.66
0.135	372.27
0.1355	372.67
0.136	373.15
0.1365	373.63
0.137	374.09
0.1375	374.56
0.138	375.02
0.1385	375.48
0.139	375.99
0.1395	376.49
0.14	377.16
0.1405	377.73
0.141	378.27
0.1415	378.81
0.142	379.29
0.1425	379.79
0.143	380.31
0.1435	380.97
0.144	381.47
0.1445	382.01
0.145	382.63
0.1455	383.25
0.146	383.85
0.1465	384.35
0.147	384.82
0.1475	385.35
0.148	385.91
0.1485	386.43
0.149	386.92
0.1495	387.36
0.15	387.91
0.1505	388.31
0.151	388.75
0.1515	389.26
0.152	389.82
0.1525	390.42
0.153	390.92
0.1535	391.36
0.154	391.87
0.1545	392.37
0.155	393.01
0.1555	393.52
0.156	394
0.1565	394.44
0.157	394.87
0.1575	395.37
0.158	396.03
0.1585	396.82
0.159	397.59
0.1595	398.24
0.16	399.02
0.1605	399.72
0.161	400.42
0.1615	401.09
0.162	401.5
0.1625	401.91
0.163	402.32
0.1635	402.75
0.164	403.2
0.1645	403.66
0.165	404.23
0.1655	404.67
0.166	405.08
0.1665	405.48
0.167	405.91
0.1675	406.36
0.168	406.79
0.1685	407.36
0.169	407.98
0.1695	408.4
0.17	408.88
0.1705	409.27
0.171	409.83
0.1715	410.46
0.172	411.18
0.1725	411.75
0.173	412.15
0.1735	412.55
0.174	413
0.1745	413.42
0.175	413.95
0.1755	414.41
0.176	414.83
0.1765	415.26
0.177	415.67
0.1775	416.09
0.178	416.59
0.1785	417.12
0.179	417.75
0.1795	418.19
0.18	419.03
0.1805	419.41
0.181	419.79
0.1815	420.16
0.182	420.55
0.1825	420.95
0.183	421.35
0.1835	421.79
0.184	422.21
0.1845	422.59
0.185	423.09
0.1855	423.51
0.186	423.91
0.1865	424.3
0.187	424.72
0.1875	425.17
0.188	425.61
0.1885	426.1
0.189	426.53
0.1895	426.9
0.19	427.37
0.1905	427.75
0.191	428.3
0.1915	428.74
0.192	429.19
0.1925	429.61
0.193	430.09
0.1935	430.52
0.194	431.15
0.1945	431.81
0.195	432.37
0.1955	432.83
0.196	433.26
0.1965	433.7
0.197	434.14
0.1975	434.6
0.198	435.07
0.1985	435.54
0.199	436.1
0.1995	436.6
0.2	437.17
