0.0005	0.00029357596
0.001	0.0096428119
0.0015	0.0027581158
0.002	0.00045466196
0.0025	0.0003118118
0.003	0.00017188138
0.0035	0.00014070544
0.004	0.00011188877
0.0045	9.079875e-05
0.005	7.5316296e-05
0.0055	6.2862601e-05
0.006	5.2886878e-05
0.0065	4.5037495e-05
0.007	3.9734099e-05
0.0075	3.5064635e-05
0.008	3.0679206e-05
0.0085	2.6588066e-05
0.009	2.2861886e-05
0.0095	1.9561768e-05
0.01	1.6689662e-05
0.0105	1.4446869e-05
0.011	1.3267321e-05
0.0115	1.2492781e-05
0.012	1.1683441e-05
0.0125	1.0867511e-05
0.013	1.0083005e-05
0.0135	9.2769689e-06
0.014	8.5542613e-06
0.0145	7.7898519e-06
0.015	7.0548195e-06
0.0155	6.4526956e-06
0.016	5.8989164e-06
0.0165	5.4243534e-06
0.017	4.9643682e-06
0.0175	4.5657479e-06
0.018	4.1880596e-06
0.0185	3.8733093e-06
0.019	3.5739947e-06
0.0195	3.3388107e-06
0.02	3.1157647e-06
0.0205	2.9346768e-06
0.021	2.7831686e-06
0.0215	2.6207725e-06
0.022	2.4980697e-06
0.0225	2.393376e-06
0.023	2.2668869e-06
0.0235	2.1833391e-06
0.024	2.1079592e-06
0.0245	2.0127521e-06
0.025	1.9526518e-06
0.0255	1.8968486e-06
0.026	1.8447691e-06
0.0265	1.7720898e-06
0.027	1.7291471e-06
0.0275	1.6663784e-06
0.028	1.6286218e-06
0.0285	1.572717e-06
0.029	1.5405931e-06
0.0295	1.5127494e-06
0.03	1.4836706e-06
0.0305	1.455925e-06
0.031	1.4280469e-06
0.0315	1.3997524e-06
0.032	1.3958182e-06
0.0325	1.386292e-06
0.033	1.3716393e-06
0.0335	1.3534758e-06
0.034	1.333184e-06
0.0345	1.332742e-06
0.035	1.3469503e-06
0.0355	1.3170895e-06
0.036	1.3326066e-06
0.0365	1.3305312e-06
0.037	1.2972514e-06
0.0375	1.2773305e-06
0.038	1.2930813e-06
0.0385	1.2009218e-06
0.039	1.0654661e-06
0.0395	1.1011914e-06
0.04	1.1261979e-06
0.0405	1.0011497e-06
0.041	1.0557912e-06
0.0415	9.3851577e-07
0.042	1.068823e-06
0.0425	8.6308788e-07
0.043	1.0462539e-06
0.0435	9.0476097e-07
0.044	1.0698653e-06
0.0445	1.0181816e-06
0.045	1.0955685e-06
0.0455	9.6830018e-07
0.046	1.1084862e-06
0.0465	9.3270117e-07
0.047	1.0416782e-06
0.0475	1.0521898e-06
0.048	1.0397706e-06
0.0485	1.010477e-06
0.049	1.0686403e-06
0.0495	1.0467242e-06
0.05	1.0420175e-06
0.0505	1.0632594e-06
0.051	1.0273596e-06
0.0515	1.0703493e-06
0.052	1.0549274e-06
0.0525	1.0540306e-06
0.053	1.0756469e-06
0.0535	1.0706778e-06
0.054	1.078116e-06
0.0545	1.0707569e-06
0.055	1.0719358e-06
0.0555	1.0675709e-06
0.056	1.0679757e-06
0.0565	1.0643371e-06
0.057	1.0447135e-06
0.0575	1.0683067e-06
0.058	1.0398522e-06
0.0585	1.0521511e-06
0.059	1.0582585e-06
0.0595	1.0417952e-06
0.06	1.0369939e-06
0.0605	1.0239329e-06
0.061	1.050639e-06
0.0615	1.0693886e-06
0.062	1.0654957e-06
0.0625	1.0644284e-06
0.063	1.06529e-06
0.0635	1.0434603e-06
0.064	1.0601582e-06
0.0645	1.0515857e-06
0.065	1.0614723e-06
0.0655	1.0591527e-06
0.066	1.0590492e-06
0.0665	1.0596071e-06
0.067	1.0633019e-06
0.0675	1.0545043e-06
0.068	1.0493183e-06
0.0685	1.0507306e-06
0.069	1.0587e-06
0.0695	1.0717036e-06
0.07	1.0632424e-06
0.0705	1.0392332e-06
0.071	1.0439156e-06
0.0715	1.0619886e-06
0.072	1.0583337e-06
0.0725	1.0642468e-06
0.073	1.0613187e-06
0.0735	1.055616e-06
0.074	1.0484808e-06
0.0745	1.0430221e-06
0.075	1.0350485e-06
0.0755	1.028935e-06
0.076	1.051601e-06
0.0765	1.0439701e-06
0.077	1.0394012e-06
0.0775	1.0641823e-06
0.078	1.0360424e-06
0.0785	1.0634547e-06
0.079	1.0251693e-06
0.0795	1.0062433e-06
0.08	1.0086097e-06
0.0805	1.0055972e-06
0.081	1.0593888e-06
0.0815	1.0170566e-06
0.082	1.0619504e-06
0.0825	1.0186249e-06
0.083	1.0337419e-06
0.0835	1.0569552e-06
0.084	1.030946e-06
0.0845	1.0541789e-06
0.085	1.0703184e-06
0.0855	1.0591974e-06
0.086	1.0411658e-06
0.0865	1.0523762e-06
0.087	1.0171395e-06
0.0875	1.0280747e-06
0.088	1.0507259e-06
0.0885	1.0177906e-06
0.089	1.0633217e-06
0.0895	1.066985e-06
0.09	1.062482e-06
0.0905	1.0471672e-06
0.091	1.0682019e-06
0.0915	1.0562831e-06
0.092	1.0674472e-06
0.0925	1.0221487e-06
0.093	1.0644918e-06
0.0935	1.0326967e-06
0.094	1.0376842e-06
0.0945	1.0403424e-06
0.095	1.0443021e-06
0.0955	1.0475059e-06
0.096	1.0483713e-06
0.0965	1.0471743e-06
0.097	1.0466391e-06
0.0975	1.0711939e-06
0.098	1.0539521e-06
0.0985	1.047954e-06
0.099	1.0570659e-06
0.0995	1.028724e-06
0.1	1.0621035e-06
0.1005	1.0466959e-06
0.101	1.058841e-06
0.1015	1.043438e-06
0.102	1.0716096e-06
0.1025	1.032704e-06
0.103	1.0210192e-06
0.1035	1.0684837e-06
0.104	1.0636826e-06
0.1045	1.0448801e-06
0.105	1.0308168e-06
0.1055	1.0185971e-06
0.106	1.058779e-06
0.1065	1.0500676e-06
0.107	1.0600286e-06
0.1075	1.0300648e-06
0.108	1.0579616e-06
0.1085	1.018879e-06
0.109	1.0234955e-06
0.1095	1.0467682e-06
0.11	1.0189008e-06
0.1105	1.0558727e-06
0.111	1.0675415e-06
0.1115	1.0437154e-06
0.112	1.0180601e-06
0.1125	1.0570456e-06
0.113	1.039824e-06
0.1135	1.0324445e-06
0.114	1.0436659e-06
0.1145	1.0572883e-06
0.115	1.0569066e-06
0.1155	1.0563587e-06
0.116	1.0683142e-06
0.1165	1.0384289e-06
0.117	1.0438456e-06
0.1175	1.0418562e-06
0.118	1.0649021e-06
0.1185	1.0444547e-06
0.119	1.0132416e-06
0.1195	1.0561347e-06
0.12	1.0495666e-06
0.1205	1.0203301e-06
0.121	1.0692868e-06
0.1215	1.0464005e-06
0.122	1.0305562e-06
0.1225	1.0721073e-06
0.123	1.0208631e-06
0.1235	1.0482074e-06
0.124	1.0452767e-06
0.1245	1.0569231e-06
0.125	1.0632375e-06
0.1255	1.0283406e-06
0.126	1.0523184e-06
0.1265	1.0386253e-06
0.127	1.0432938e-06
0.1275	1.0421257e-06
0.128	1.0418229e-06
0.1285	1.0533291e-06
0.129	1.0245922e-06
0.1295	1.0319459e-06
0.13	1.0521623e-06
0.1305	1.0234112e-06
0.131	1.0716786e-06
0.1315	1.0532599e-06
0.132	1.0342557e-06
0.1325	1.0336299e-06
0.133	1.0446667e-06
0.1335	1.0359906e-06
0.134	1.0431742e-06
0.1345	1.0433841e-06
0.135	1.0580989e-06
0.1355	1.0473979e-06
0.136	1.0418889e-06
0.1365	1.0190337e-06
0.137	1.0386901e-06
0.1375	1.0315299e-06
0.138	1.0556776e-06
0.1385	1.0559701e-06
0.139	1.0309437e-06
0.1395	1.0703773e-06
0.14	1.0564329e-06
0.1405	1.0406106e-06
0.141	1.0543866e-06
0.1415	1.0700738e-06
0.142	1.0730762e-06
0.1425	1.0741209e-06
0.143	1.0227886e-06
0.1435	1.0640022e-06
0.144	1.0250464e-06
0.1445	1.0191653e-06
0.145	1.0160014e-06
0.1455	1.0238437e-06
0.146	1.0156091e-06
0.1465	1.0530448e-06
0.147	1.0427455e-06
0.1475	1.066612e-06
0.148	1.0614744e-06
0.1485	1.034564e-06
0.149	1.0621246e-06
0.1495	1.0576259e-06
0.15	1.0268879e-06
0.1505	1.0564539e-06
0.151	1.076833e-06
0.1515	1.0484946e-06
0.152	1.0681959e-06
0.1525	1.0512223e-06
0.153	1.0293299e-06
0.1535	1.0446333e-06
0.154	1.0250935e-06
0.1545	1.0180924e-06
0.155	1.0292869e-06
0.1555	1.0431783e-06
0.156	1.0232632e-06
0.1565	1.0157616e-06
0.157	1.0550765e-06
0.1575	1.0175446e-06
0.158	1.053029e-06
0.1585	1.0630034e-06
0.159	1.0638281e-06
0.1595	1.0732393e-06
0.16	1.0475742e-06
0.1605	1.034379e-06
0.161	1.0727457e-06
0.1615	1.0375884e-06
0.162	1.0757783e-06
0.1625	1.0760737e-06
0.163	1.0259594e-06
0.1635	1.0510939e-06
0.164	1.0354101e-06
0.1645	1.0337471e-06
0.165	1.0322406e-06
0.1655	1.0556732e-06
0.166	1.0285722e-06
0.1665	1.0307044e-06
0.167	1.0706069e-06
0.1675	1.0486086e-06
0.168	1.025309e-06
0.1685	1.0422021e-06
0.169	1.0540069e-06
0.1695	1.0508085e-06
0.17	1.0447028e-06
0.1705	1.0350177e-06
0.171	1.0216436e-06
0.1715	1.0555557e-06
0.172	1.0601134e-06
0.1725	1.0636278e-06
0.173	1.0446663e-06
0.1735	1.0618655e-06
0.174	1.0196685e-06
0.1745	1.0196592e-06
0.175	1.042345e-06
0.1755	1.0599683e-06
0.176	1.0421403e-06
0.1765	1.0336334e-06
0.177	1.0461004e-06
0.1775	1.0555646e-06
0.178	1.0649483e-06
0.1785	1.062196e-06
0.179	1.0290386e-06
0.1795	1.0506456e-06
0.18	1.0694275e-06
0.1805	1.0652479e-06
0.181	1.0508655e-06
0.1815	1.0609863e-06
0.182	1.0206509e-06
0.1825	1.0212542e-06
0.183	1.0297014e-06
0.1835	1.0336551e-06
0.184	1.0497681e-06
0.1845	1.068041e-06
0.185	1.0383749e-06
0.1855	1.0507999e-06
0.186	1.0618929e-06
0.1865	1.0511892e-06
0.187	1.0690131e-06
0.1875	1.0481648e-06
0.188	1.072897e-06
0.1885	1.0721032e-06
0.189	1.0463047e-06
0.1895	1.052283e-06
0.19	1.0452491e-06
0.1905	1.0492282e-06
0.191	1.0123553e-06
0.1915	1.0610652e-06
0.192	1.0113334e-06
0.1925	1.0344327e-06
0.193	1.0590213e-06
0.1935	1.0217056e-06
0.194	1.0334408e-06
0.1945	1.0678138e-06
0.195	1.058241e-06
0.1955	1.0486931e-06
0.196	1.0500151e-06
0.1965	1.0340497e-06
0.197	1.0493812e-06
0.1975	1.0547627e-06
0.198	1.064512e-06
0.1985	1.065668e-06
0.199	1.0230799e-06
0.1995	1.0412087e-06
0.2	1.0117506e-06
