0.0005	0
0.001	0.35141516
0.0015	0.17411107
0.002	0.070608795
0.0025	0.050590944
0.003	0.037469671
0.0035	0.030030453
0.004	0.024733204
0.0045	0.020825904
0.005	0.017777133
0.0055	0.015315067
0.006	0.013295959
0.0065	0.011628741
0.007	0.010238804
0.0075	0.0090665366
0.008	0.0080854037
0.0085	0.0072345345
0.009	0.0064837001
0.0095	0.0058190014
0.01	0.0052529317
0.0105	0.0048887312
0.011	0.0045595733
0.0115	0.0042136723
0.012	0.0038620458
0.0125	0.0035156029
0.013	0.0031838442
0.0135	0.0028782205
0.014	0.0026260577
0.0145	0.0023939474
0.015	0.0021685195
0.0155	0.0019567967
0.016	0.001783794
0.0165	0.0016244054
0.017	0.0014714297
0.0175	0.0013283096
0.018	0.0012091543
0.0185	0.0011045294
0.019	0.0010049626
0.0195	0.0009156473
0.02	0.00084013238
0.0205	0.00076982363
0.021	0.00070172469
0.0215	0.00063803553
0.022	0.00058615369
0.0225	0.0005377829
0.023	0.00049105278
0.0235	0.00044850137
0.024	0.00041226871
0.0245	0.00037759834
0.025	0.00034444599
0.0255	0.00031560306
0.026	0.00028909324
0.0265	0.00026441174
0.027	0.00024162504
0.0275	0.00022172471
0.028	0.00020294133
0.0285	0.00018568244
0.029	0.00017048888
0.0295	0.00015627608
0.03	0.00014311427
0.0305	0.00013123182
0.031	0.00012064203
0.0315	0.00011059392
0.032	0.00010139047
0.0325	9.3427774e-05
0.033	8.5820472e-05
0.0335	7.8777761e-05
0.034	7.254025e-05
0.0345	6.6778286e-05
0.035	6.1419247e-05
0.0355	5.6573632e-05
0.036	5.2120477e-05
0.0365	4.8125271e-05
0.037	4.4164571e-05
0.0375	4.0779241e-05
0.038	3.7439298e-05
0.0385	3.4489788e-05
0.039	3.1060283e-05
0.0395	2.8881411e-05
0.04	2.5016016e-05
0.0405	2.7622989e-05
0.041	2.3588046e-05
0.0415	2.377507e-05
0.042	2.1121573e-05
0.0425	2.0908661e-05
0.043	1.8282407e-05
0.0435	1.7323406e-05
0.044	1.5273551e-05
0.0445	1.5007482e-05
0.045	1.3737363e-05
0.0455	1.3002362e-05
0.046	1.2625566e-05
0.0465	1.1848407e-05
0.047	1.1363127e-05
0.0475	1.041137e-05
0.048	9.6624687e-06
0.0485	8.98655e-06
0.049	8.8305583e-06
0.0495	8.0333918e-06
0.05	7.7979533e-06
0.0505	7.1460102e-06
0.051	7.1043402e-06
0.0515	6.6755783e-06
0.052	6.5464712e-06
0.0525	6.2206829e-06
0.053	6.3109107e-06
0.0535	6.1328108e-06
0.054	6.1695451e-06
0.0545	6.141978e-06
0.055	6.1676273e-06
0.0555	6.2345077e-06
0.056	6.092118e-06
0.0565	6.0380927e-06
0.057	5.9554276e-06
0.0575	5.7094676e-06
0.058	5.75203e-06
0.0585	5.4027151e-06
0.059	5.4938332e-06
0.0595	5.1528587e-06
0.06	5.2710793e-06
0.0605	4.9236232e-06
0.061	5.2171703e-06
0.0615	5.0994194e-06
0.062	5.4665264e-06
0.0625	5.3962186e-06
0.063	5.7465499e-06
0.0635	5.6898237e-06
0.064	5.7691086e-06
0.0645	5.6989267e-06
0.065	5.7918694e-06
0.0655	5.6669744e-06
0.066	5.6253825e-06
0.0665	5.3935783e-06
0.067	5.4290182e-06
0.0675	5.3933719e-06
0.068	5.4225016e-06
0.0685	5.3374624e-06
0.069	5.3300599e-06
0.0695	5.3858891e-06
0.07	5.4369896e-06
0.0705	5.483491e-06
0.071	5.470986e-06
0.0715	5.6242865e-06
0.072	5.6795303e-06
0.0725	5.8080769e-06
0.073	5.6709281e-06
0.0735	5.7438572e-06
0.074	5.5768644e-06
0.0745	5.6923427e-06
0.075	5.6770084e-06
0.0755	5.7562823e-06
0.076	5.6911163e-06
0.0765	5.7477423e-06
0.077	5.6345519e-06
0.0775	5.5313269e-06
0.078	5.5371763e-06
0.0785	5.5253777e-06
0.079	5.4484348e-06
0.0795	5.5785083e-06
0.08	5.5285799e-06
0.0805	5.4861911e-06
0.081	5.455118e-06
0.0815	5.4392787e-06
0.082	5.506893e-06
0.0825	5.5933876e-06
0.083	5.7480603e-06
0.0835	5.875284e-06
0.084	5.8449514e-06
0.0845	5.7879814e-06
0.085	5.8045052e-06
0.0855	5.7386415e-06
0.086	5.7754001e-06
0.0865	5.8018478e-06
0.087	5.7546937e-06
0.0875	5.6447769e-06
0.088	5.5874089e-06
0.0885	5.6297768e-06
0.089	5.5443797e-06
0.0895	5.5404602e-06
0.09	5.5389167e-06
0.0905	5.5686563e-06
0.091	5.6888885e-06
0.0915	5.73493e-06
0.092	5.8194868e-06
0.0925	5.8954196e-06
0.093	5.8931806e-06
0.0935	5.9619374e-06
0.094	6.0045709e-06
0.0945	5.9735737e-06
0.095	5.994542e-06
0.0955	5.9607571e-06
0.096	5.9256487e-06
0.0965	5.8555237e-06
0.097	5.8256146e-06
0.0975	5.7014472e-06
0.098	5.6861594e-06
0.0985	5.6152311e-06
0.099	5.5658547e-06
0.0995	5.5951218e-06
0.1	5.6052554e-06
0.1005	5.5853851e-06
0.101	5.862862e-06
0.1015	5.9573412e-06
0.102	6.044619e-06
0.1025	6.0526491e-06
0.103	6.0701077e-06
0.1035	5.9985066e-06
0.104	5.8377949e-06
0.1045	5.8575273e-06
0.105	5.9990277e-06
0.1055	5.8772135e-06
0.106	5.765965e-06
0.1065	5.6441316e-06
0.107	5.7430089e-06
0.1075	5.6607105e-06
0.108	5.5695964e-06
0.1085	5.670807e-06
0.109	5.6644056e-06
0.1095	5.8659237e-06
0.11	5.9176697e-06
0.1105	6.0600171e-06
0.111	6.0270808e-06
0.1115	6.0529499e-06
0.112	5.9161063e-06
0.1125	5.8945505e-06
0.113	5.7960439e-06
0.1135	5.9626523e-06
0.114	5.8710088e-06
0.1145	5.8931919e-06
0.115	5.7868173e-06
0.1155	5.6716181e-06
0.116	5.58755e-06
0.1165	5.6135916e-06
0.117	5.6957753e-06
0.1175	5.7500292e-06
0.118	5.903981e-06
0.1185	6.0315706e-06
0.119	6.0562949e-06
0.1195	6.2110408e-06
0.12	6.1764583e-06
0.1205	6.0482337e-06
0.121	6.1022325e-06
0.1215	5.9709148e-06
0.122	5.9407202e-06
0.1225	5.8331523e-06
0.123	5.7937675e-06
0.1235	5.7510275e-06
0.124	5.7842585e-06
0.1245	5.6205103e-06
0.125	5.5162058e-06
0.1255	5.5014907e-06
0.126	5.5853763e-06
0.1265	5.6968206e-06
0.127	5.7679271e-06
0.1275	5.9445043e-06
0.128	6.0532803e-06
0.1285	6.0930873e-06
0.129	6.1502175e-06
0.1295	6.2993194e-06
0.13	6.3288609e-06
0.1305	6.0498805e-06
0.131	6.0209225e-06
0.1315	5.9222077e-06
0.132	5.9368984e-06
0.1325	5.8089926e-06
0.133	5.730202e-06
0.1335	5.6011211e-06
0.134	5.5245613e-06
0.1345	5.4696374e-06
0.135	5.4870341e-06
0.1355	5.5397716e-06
0.136	5.6571564e-06
0.1365	5.7731487e-06
0.137	6.0452284e-06
0.1375	6.0901356e-06
0.138	6.1209484e-06
0.1385	6.1865585e-06
0.139	6.2185805e-06
0.1395	6.3124194e-06
0.14	6.2242381e-06
0.1405	6.0055106e-06
0.141	6.007989e-06
0.1415	5.9506865e-06
0.142	5.9118273e-06
0.1425	5.7446048e-06
0.143	5.6360931e-06
0.1435	5.5769715e-06
0.144	5.5089507e-06
0.1445	5.5878556e-06
0.145	5.545097e-06
0.1455	5.6701412e-06
0.146	5.8038361e-06
0.1465	5.9225655e-06
0.147	5.9639699e-06
0.1475	6.0553169e-06
0.148	6.1853448e-06
0.1485	6.2407904e-06
0.149	6.3494186e-06
0.1495	6.2158716e-06
0.15	6.1038542e-06
0.1505	5.9914019e-06
0.151	5.9698779e-06
0.1515	5.9581638e-06
0.152	5.7998629e-06
0.1525	5.690233e-06
0.153	5.5835464e-06
0.1535	5.4860447e-06
0.154	5.5879122e-06
0.1545	5.5553007e-06
0.155	5.5249207e-06
0.1555	5.4664191e-06
0.156	5.5921491e-06
0.1565	5.7419338e-06
0.157	5.8186543e-06
0.1575	5.9840709e-06
0.158	6.2160527e-06
0.1585	6.1745061e-06
0.159	6.1775274e-06
0.1595	6.1868002e-06
0.16	6.1401474e-06
0.1605	5.9854844e-06
0.161	6.003644e-06
0.1615	5.9576985e-06
0.162	5.9942346e-06
0.1625	6.0711942e-06
0.163	5.8654449e-06
0.1635	5.7735829e-06
0.164	5.5164448e-06
0.1645	5.4193647e-06
0.165	5.4369486e-06
0.1655	5.5777109e-06
0.166	5.7216752e-06
0.1665	5.9147671e-06
0.167	6.1284526e-06
0.1675	6.0252662e-06
0.168	5.9643851e-06
0.1685	6.0822788e-06
0.169	6.1013842e-06
0.1695	6.0869695e-06
0.17	6.0486279e-06
0.1705	5.9787329e-06
0.171	5.8807421e-06
0.1715	5.7256293e-06
0.172	5.6781731e-06
0.1725	5.5695007e-06
0.173	5.5478073e-06
0.1735	5.6071552e-06
0.174	5.7099149e-06
0.1745	5.6494025e-06
0.175	5.775246e-06
0.1755	5.8886772e-06
0.176	5.866664e-06
0.1765	6.0369237e-06
0.177	5.9673225e-06
0.1775	5.9875168e-06
0.178	6.0089114e-06
0.1785	5.8387117e-06
0.179	5.7575999e-06
0.1795	5.8090266e-06
0.18	5.7372274e-06
0.1805	5.7005771e-06
0.181	5.6511593e-06
0.1815	5.5291415e-06
0.182	5.5626876e-06
0.1825	5.5621463e-06
0.183	5.6597945e-06
0.1835	5.7697415e-06
0.184	5.9044958e-06
0.1845	6.0017907e-06
0.185	5.9509465e-06
0.1855	5.9715397e-06
0.186	5.9169789e-06
0.1865	5.897961e-06
0.187	5.8922997e-06
0.1875	5.8870481e-06
0.188	5.8207896e-06
0.1885	5.7342445e-06
0.189	5.6167686e-06
0.1895	5.5532079e-06
0.19	5.6223252e-06
0.1905	5.6421005e-06
0.191	5.7246224e-06
0.1915	5.7695501e-06
0.192	5.8011672e-06
0.1925	6.0049847e-06
0.193	6.041482e-06
0.1935	6.0127524e-06
0.194	6.072474e-06
0.1945	5.96117e-06
0.195	5.8332282e-06
0.1955	5.7336157e-06
0.196	5.8721309e-06
0.1965	5.8663337e-06
0.197	5.7233435e-06
0.1975	5.6012149e-06
0.198	5.6503069e-06
0.1985	5.6396274e-06
0.199	5.7227129e-06
0.1995	5.6484845e-06
0.2	5.777446e-06
