0.0005	15
0.001	14
0.0015	12
0.002	12
0.0025	12
0.003	12
0.0035	12
0.004	12
0.0045	11
0.005	11
0.0055	11
0.006	11
0.0065	11
0.007	11
0.0075	11
0.008	11
0.0085	11
0.009	11
0.0095	11
0.01	10
0.0105	10
0.011	10
0.0115	10
0.012	10
0.0125	10
0.013	10
0.0135	10
0.014	10
0.0145	10
0.015	10
0.0155	10
0.016	9
0.0165	9
0.017	9
0.0175	9
0.018	9
0.0185	9
0.019	9
0.0195	9
0.02	9
0.0205	9
0.021	9
0.0215	9
0.022	9
0.0225	8
0.023	8
0.0235	8
0.024	8
0.0245	8
0.025	8
0.0255	8
0.026	8
0.0265	8
0.027	8
0.0275	8
0.028	8
0.0285	8
0.029	7
0.0295	7
0.03	7
0.0305	7
0.031	7
0.0315	7
0.032	7
0.0325	7
0.033	7
0.0335	7
0.034	7
0.0345	7
0.035	6
0.0355	6
0.036	6
0.0365	6
0.037	6
0.0375	6
0.038	6
0.0385	6
0.039	6
0.0395	6
0.04	6
0.0405	6
0.041	6
0.0415	5
0.042	5
0.0425	5
0.043	5
0.0435	5
0.044	5
0.0445	5
0.045	5
0.0455	5
0.046	5
0.0465	5
0.047	5
0.0475	5
0.048	4
0.0485	4
0.049	4
0.0495	4
0.05	4
0.0505	4
0.051	4
0.0515	4
0.052	4
0.0525	4
0.053	4
0.0535	4
0.054	4
0.0545	4
0.055	4
0.0555	3
0.056	3
0.0565	3
0.057	3
0.0575	3
0.058	3
0.0585	3
0.059	3
0.0595	3
0.06	3
0.0605	3
0.061	3
0.0615	3
0.062	3
0.0625	3
0.063	3
0.0635	3
0.064	3
0.0645	3
0.065	3
0.0655	3
0.066	2
0.0665	2
0.067	2
0.0675	2
0.068	2
0.0685	2
0.069	2
0.0695	2
0.07	2
0.0705	2
0.071	2
0.0715	2
0.072	2
0.0725	2
0.073	2
0.0735	2
0.074	2
0.0745	2
0.075	2
0.0755	2
0.076	2
0.0765	2
0.077	2
0.0775	2
0.078	2
0.0785	2
0.079	2
0.0795	2
0.08	2
0.0805	2
0.081	2
0.0815	2
0.082	2
0.0825	2
0.083	2
0.0835	2
0.084	2
0.0845	2
0.085	2
0.0855	2
0.086	2
0.0865	2
0.087	2
0.0875	2
0.088	2
0.0885	2
0.089	2
0.0895	2
0.09	2
0.0905	2
0.091	2
0.0915	2
0.092	2
0.0925	2
0.093	2
0.0935	2
0.094	2
0.0945	2
0.095	2
0.0955	2
0.096	2
0.0965	2
0.097	2
0.0975	2
0.098	2
0.0985	2
0.099	2
0.0995	2
0.1	2
0.1005	2
0.101	2
0.1015	2
0.102	2
0.1025	2
0.103	2
0.1035	2
0.104	2
0.1045	2
0.105	2
0.1055	2
0.106	2
0.1065	2
0.107	2
0.1075	2
0.108	2
0.1085	2
0.109	2
0.1095	2
0.11	2
0.1105	2
0.111	2
0.1115	2
0.112	2
0.1125	2
0.113	2
0.1135	2
0.114	2
0.1145	2
0.115	2
0.1155	2
0.116	2
0.1165	2
0.117	2
0.1175	2
0.118	2
0.1185	2
0.119	2
0.1195	2
0.12	2
0.1205	2
0.121	2
0.1215	2
0.122	2
0.1225	2
0.123	2
0.1235	2
0.124	2
0.1245	2
0.125	2
0.1255	2
0.126	2
0.1265	2
0.127	2
0.1275	2
0.128	2
0.1285	2
0.129	2
0.1295	2
0.13	2
0.1305	2
0.131	2
0.1315	2
0.132	2
0.1325	2
0.133	2
0.1335	2
0.134	2
0.1345	2
0.135	2
0.1355	2
0.136	2
0.1365	2
0.137	2
0.1375	2
0.138	2
0.1385	2
0.139	2
0.1395	2
0.14	2
0.1405	2
0.141	2
0.1415	2
0.142	2
0.1425	2
0.143	2
0.1435	2
0.144	2
0.1445	2
0.145	2
0.1455	2
0.146	2
0.1465	2
0.147	2
0.1475	2
0.148	2
0.1485	2
0.149	2
0.1495	2
0.15	2
0.1505	2
0.151	2
0.1515	2
0.152	2
0.1525	2
0.153	2
0.1535	2
0.154	2
0.1545	2
0.155	2
0.1555	2
0.156	2
0.1565	2
0.157	2
0.1575	2
0.158	2
0.1585	2
0.159	2
0.1595	2
0.16	2
0.1605	2
0.161	2
0.1615	2
0.162	2
0.1625	2
0.163	2
0.1635	2
0.164	2
0.1645	2
0.165	2
0.1655	2
0.166	2
0.1665	2
0.167	2
0.1675	2
0.168	2
0.1685	2
0.169	2
0.1695	2
0.17	2
0.1705	2
0.171	2
0.1715	2
0.172	2
0.1725	2
0.173	2
0.1735	2
0.174	2
0.1745	2
0.175	2
0.1755	2
0.176	2
0.1765	2
0.177	2
0.1775	2
0.178	2
0.1785	2
0.179	2
0.1795	2
0.18	2
0.1805	2
0.181	2
0.1815	2
0.182	2
0.1825	2
0.183	2
0.1835	2
0.184	2
0.1845	2
0.185	2
0.1855	2
0.186	2
0.1865	2
0.187	2
0.1875	2
0.188	2
0.1885	2
0.189	2
0.1895	2
0.19	2
0.1905	2
0.191	2
0.1915	2
0.192	2
0.1925	2
0.193	2
0.1935	2
0.194	2
0.1945	2
0.195	2
0.1955	2
0.196	2
0.1965	2
0.197	2
0.1975	2
0.198	2
0.1985	2
0.199	2
0.1995	2
0.2	2
