/*--------------------------------*- C++ -*----------------------------------*\
| =========                 |                                                 |
| \\      /  F ield         | OpenFOAM: The Open Source CFD Toolbox           |
|  \\    /   O peration     | Version:  2112                                  |
|   \\  /    A nd           | Website:  www.openfoam.com                      |
|    \\/     M anipulation  |                                                 |
\*---------------------------------------------------------------------------*/
FoamFile
{
    version     2.0;
    format      ascii;
    arch        "LSB;label=32;scalar=64";
    class       volScalarField;
    location    "7";
    object      p;
}
// * * * * * * * * * * * * * * * * * * * * * * * * * * * * * * * * * * * * * //

dimensions      [1 -1 -2 0 0 0 0];

internalField   nonuniform List<scalar> 
5250
(
1.00001
1.00004
1.0001
1.0003
1.00063
1.0018
1.00352
1.01097
1.01924
1.07141
1.11721
1.46902
1.98926
4.26051
9.54617
11.164
11.0273
10.976
11.0637
11.2828
11.4886
11.616
11.7153
11.7917
11.8499
1.00001
1.00004
1.0001
1.0003
1.00062
1.00177
1.00346
1.0108
1.01893
1.07033
1.11529
1.46186
1.97097
4.21403
9.43896
11.1692
11.0285
10.9698
11.0574
11.2762
11.4815
11.6091
11.7097
11.7875
11.8471
1.00001
1.00004
1.0001
1.00029
1.0006
1.00171
1.00335
1.01047
1.01831
1.0681
1.11141
1.44671
1.93235
4.11139
9.19577
11.1807
11.0264
10.9462
11.031
11.2457
11.4484
11.5743
11.6744
11.7514
11.8115
1.00001
1.00004
1.00009
1.00028
1.00057
1.00164
1.0032
1.00999
1.01749
1.06497
1.10615
1.42468
1.88404
3.94477
8.81204
11.2067
11.0252
10.9054
10.9847
11.1913
11.3897
11.5117
11.6091
11.6845
11.7458
1.00001
1.00004
1.00009
1.00026
1.00054
1.00154
1.00301
1.00936
1.01643
1.06084
1.09926
1.39545
1.81966
3.72296
8.28105
11.2544
11.027
10.8497
10.9214
11.1165
11.3089
11.425
11.517
11.5889
11.652
1.00001
1.00003
1.00008
1.00024
1.0005
1.00142
1.00281
1.00861
1.01533
1.05553
1.09127
1.35928
1.74004
3.451
7.59432
11.3229
11.0331
10.7782
10.8397
11.0173
11.201
11.3073
11.39
11.4554
11.52
1
1.00003
1.00007
1.00022
1.00046
1.0013
1.0026
1.00774
1.01426
1.04916
1.08262
1.31767
1.64856
3.14082
6.76726
11.3951
11.0446
10.6966
10.7424
10.8923
11.0635
11.1539
11.2184
11.2672
11.3268
1
1.00003
1.00007
1.0002
1.00041
1.00116
1.00235
1.00682
1.01307
1.0425
1.07343
1.27389
1.55298
2.81561
5.84026
11.3748
11.0322
10.6094
10.6302
10.7364
10.8888
10.9545
10.9893
11.0042
11.0394
1
1.00002
1.00006
1.00018
1.00036
1.00103
1.00209
1.00599
1.01171
1.03668
1.0651
1.23533
1.46503
2.54802
5.09819
11.1267
10.9238
10.516
10.4877
10.5485
10.6687
10.6961
10.6822
10.6248
10.5726
1
1.00002
1.00005
1.00015
1.00032
1.00091
1.00184
1.00528
1.0104
1.03212
1.05812
1.20731
1.39476
2.41115
4.51371
10.456
10.6438
10.4328
10.3089
10.3355
10.3937
10.3755
10.2873
10.0744
9.74492
1
1.00001
1.00005
1.0001
1.0003
1.00059
1.00181
1.00319
1.01141
1.01854
1.072
1.11897
1.47444
2.01288
4.25143
9.42547
10.4219
10.2975
10.1143
10.0994
10.0833
10.0023
9.76458
9.20207
7.77377
1
1.00002
1.00004
1.00012
1.00024
1.00068
1.00138
1.004
1.00771
1.02469
1.04302
1.15948
1.2822
2.08877
3.54878
8.33678
10.2942
10.1821
9.94101
9.85442
9.77938
9.60892
9.23517
8.47949
7.02732
1
1.00001
1.00003
1.0001
1.00021
1.00059
1.0012
1.00344
1.00677
1.02077
1.03728
1.13444
1.23653
1.89599
3.07319
7.09894
10.2089
10.0817
9.78306
9.61184
9.48301
9.23792
8.77721
8.01323
6.87195
1
1.00001
1.00003
1.00009
1.00018
1.00051
1.00104
1.00295
1.00595
1.01721
1.03375
1.10635
1.20188
1.70159
2.63356
5.78787
10.0657
9.96117
9.65449
9.38704
9.19745
8.91342
8.44178
7.74488
6.84388
1
1.00001
1.00002
1.00007
1.00015
1.00042
1.00086
1.00242
1.00489
1.01402
1.02778
1.08429
1.16644
1.53993
2.25744
4.65907
9.63438
9.73365
9.53358
9.18774
8.94361
8.64159
8.19574
7.57597
6.81849
1
1.00001
1.00002
1.00006
1.00012
1.00034
1.00068
1.00192
1.00386
1.01119
1.02125
1.06957
1.12302
1.44568
1.9719
4.00601
8.61204
9.45718
9.3248
9.01958
8.73016
8.41717
7.99993
7.44537
6.78815
1
1.00001
1.00002
1.00005
1.00009
1.00026
1.00054
1.00151
1.003
1.00889
1.01633
1.05592
1.09388
1.35873
1.72833
3.38228
7.10031
9.19726
9.12661
8.89616
8.56424
8.235
7.83714
7.33671
6.75584
1
1.00001
1.00001
1.00004
1.00007
1.00021
1.00042
1.00119
1.0024
1.00688
1.01327
1.04247
1.07379
1.27144
1.54426
2.76737
5.51977
8.96095
8.97385
8.81264
8.45833
8.08783
7.70101
7.24585
6.72704
1
1
1.00001
1.00003
1.00006
1.00016
1.00032
1.00091
1.00184
1.0052
1.01035
1.03091
1.05753
1.19338
1.37831
2.2579
4.00675
8.41932
8.865
8.71957
8.37713
7.96867
7.58652
7.16798
6.70054
1
1
1.00001
1.00002
1.00005
1.0001
1.00028
1.00056
1.00158
1.00306
1.00946
1.01649
1.05979
1.09853
1.37841
1.77112
3.44972
7.07737
8.62596
8.54705
8.29329
7.87542
7.49072
7.09804
6.67326
1
1
1.00001
1.00001
1.00004
1.00008
1.00021
1.00044
1.00122
1.00246
1.00703
1.01371
1.04277
1.07654
1.27007
1.54886
2.73504
5.37401
8.31435
8.35781
8.20589
7.84675
7.42661
7.04434
6.64797
1
1
1
1.00001
1.00002
1.00007
1.00013
1.00037
1.00076
1.00213
1.00429
1.01235
1.02453
1.07331
1.14887
1.45618
2.0544
3.9051
7.63561
8.21666
8.10577
7.8121
7.38232
6.99961
6.62947
1
1
1
1.00001
1.00002
1.00004
1.00011
1.00022
1.00061
1.00122
1.00356
1.00662
1.02171
1.0369
1.13549
1.23569
1.88553
2.96182
6.30842
7.99729
7.95643
7.76996
7.37729
6.97355
6.61015
1
1
1
1.00001
1.00001
1.00003
1.00007
1.00019
1.00038
1.00105
1.0021
1.00614
1.01136
1.03774
1.06403
1.23356
1.45512
2.45013
4.52863
7.55546
7.82416
7.70344
7.38817
6.97374
6.6032
1
1
1
1
1.00001
1.00002
1.00005
1.00013
1.00028
1.00076
1.00154
1.0043
1.00863
1.02502
1.04748
1.15429
1.29058
1.97587
3.23263
6.60651
7.64837
7.5863
7.37721
6.9835
6.60623
1
1
1
1
1.00001
1.00002
1.00003
1.00009
1.00019
1.00053
1.00108
1.00299
1.00602
1.01718
1.03352
1.10431
1.19637
1.66149
2.47954
5.00043
7.29746
7.42501
7.32085
7.02954
6.62058
1
1
1
1
1
1.00001
1.00003
1.00005
1.00015
1.0003
1.00084
1.00169
1.00471
1.00938
1.02743
1.05138
1.16615
1.32478
2.01791
3.34532
6.57374
7.29287
7.23236
7.03534
6.65714
1
1
1
1
1
1.00001
1.00002
1.00004
1.0001
1.00021
1.00056
1.00115
1.00317
1.00631
1.01831
1.03395
1.11262
1.20024
1.69928
2.52817
5.03801
6.99884
7.10102
7.00598
6.74566
1
1
1
1
1
1
1.00001
1.00002
1.00007
1.00014
1.00037
1.00076
1.00209
1.00422
1.0118
1.02365
1.06796
1.14
1.40905
1.9239
3.41537
6.33361
6.97856
6.93585
6.77052
1
1
1
1
1
1
1.00001
1.00002
1.00004
1.0001
1.00021
1.00056
1.00114
1.00316
1.00619
1.01845
1.03314
1.11336
1.19895
1.69963
2.51518
4.97574
6.70176
6.82552
6.7467
1
1
1
1
1
1
1
1.00001
1.00002
1.00007
1.00014
1.00037
1.00076
1.00207
1.00418
1.01164
1.02329
1.06664
1.13655
1.3963
1.89289
3.29298
6.04859
6.7029
6.67935
1
1
1
1
1
1
1
1.00001
1.00002
1.00004
1.00009
1.00024
1.00048
1.00132
1.00266
1.00737
1.0146
1.04269
1.08102
1.25549
1.53227
2.53652
4.64814
6.39439
6.59959
1
1
1
1
1
1
1
1
1.00001
1.00002
1.00006
1.00013
1.00035
1.0007
1.00194
1.0039
1.01086
1.02186
1.06175
1.12887
1.36443
1.82479
3.11435
5.66916
6.44834
1
1
1
1
1
1
1
1
1.00001
1.00002
1.00003
1.00009
1.00019
1.00051
1.00103
1.00283
1.00562
1.01616
1.03001
1.09731
1.17442
1.58142
2.25001
4.20946
6.07762
1
1
1
1
1
1
1
1
1
1.00001
1.00002
1.00006
1.00012
1.00032
1.00065
1.00176
1.00355
1.00979
1.01973
1.05523
1.11452
1.32257
1.72408
2.85854
5.21298
1
1
1
1
1
1
1
1
1
1.00001
1.00001
1.00003
1.00007
1.00019
1.00039
1.00106
1.00214
1.00585
1.01171
1.03316
1.06356
1.19486
1.39204
2.12828
3.57681
1
1
1
1
1
1
1
1
1
1
1.00001
1.00002
1.00005
1.0001
1.00028
1.00056
1.00152
1.00308
1.0085
1.01688
1.04846
1.09571
1.28244
1.6223
2.64566
1
1
1
1
1
1
1
1
1
1
1.00001
1.00001
1.00003
1.00006
1.00017
1.00035
1.00096
1.00195
1.00534
1.01071
1.02988
1.06043
1.17121
1.36758
2.02268
1
1
1
1
1
1
1
1
1
1
1
1.00001
1.00002
1.00005
1.0001
1.00029
1.00058
1.00159
1.00323
1.00893
1.01772
1.05196
1.09851
1.31524
1.6689
1
1
1
1
1
1
1
1
1
1
1
1.00001
1.00001
1.00004
1.00008
1.00023
1.00047
1.00129
1.00262
1.00737
1.01454
1.04404
1.08016
1.27712
1.56537
1
1
1
1
1
1
1
1
1
1
1
1.00001
1.00001
1.00003
1.00007
1.0002
1.0004
1.00113
1.00225
1.00661
1.01225
1.04141
1.06976
1.26438
1.5274
1
1
1
1
1
1
1
1
1
1
1
1.00001
1.00001
1.00003
1.00008
1.00017
1.00047
1.00096
1.00272
1.00547
1.01606
1.03096
1.10079
1.18896
1.66907
1
1
1
1
1
1
1
1
1
1
1
1
1.00001
1.00003
1.00008
1.00016
1.00046
1.00093
1.00264
1.00534
1.01557
1.03062
1.09673
1.18574
1.64564
1
1
1
1
1
1
1
1
1
1
1
1
1.00001
1.00003
1.00008
1.00016
1.00044
1.0009
1.00256
1.00515
1.01517
1.02922
1.09559
1.17813
1.63606
1
1
1
1
1
1
1
1
1
1
1
1.00001
1.00001
1.00003
1.00006
1.00017
1.00036
1.00101
1.00203
1.00592
1.0113
1.03701
1.06381
1.24046
1.46918
1
1
1
1
1
1
1
1
1
1
1
1.00001
1.00001
1.00003
1.00006
1.00017
1.00035
1.001
1.00203
1.00584
1.01148
1.03577
1.06435
1.23209
1.45594
1
1
1
1
1
1
1
1
1
1
1
1.00001
1.00001
1.00003
1.00006
1.00017
1.00034
1.00097
1.00195
1.00566
1.011
1.03516
1.06178
1.22957
1.44243
1
1
1
1
1
1
1
1
1
1
1
1
1.00001
1.00002
1.00007
1.00014
1.00039
1.00079
1.0023
1.00447
1.01415
1.02492
1.09137
1.15993
1.59569
1
1
1
1
1
1
1
1
1
1
1
1
1.00001
1.00003
1.00006
1.00017
1.00034
1.00096
1.00194
1.00561
1.01094
1.03465
1.06141
1.22547
1.43431
1
1
1
1
1
1
1
1
1
1
1
1.00001
1.00001
1.00003
1.00006
1.00017
1.00034
1.00097
1.00197
1.00566
1.01121
1.03435
1.06289
1.22177
1.43298
3.75519
2.89008
3.75443
4.233
3.92649
3.80796
3.73728
3.68178
3.58991
3.49
3.39898
3.31643
3.23211
3.14598
3.06422
2.98963
2.9184
2.84909
2.81416
2.80016
2.79698
2.81443
2.87115
2.96616
3.09106
3.23307
3.38126
3.52914
3.67291
3.81071
3.93988
4.05898
4.16845
4.26895
4.36158
4.44681
4.52533
4.59627
4.65808
4.71207
4.75856
4.79818
4.83229
4.86282
4.88629
4.90186
4.91131
4.9159
4.91557
4.91264
4.90492
4.89169
4.87543
4.85669
4.83524
4.81144
4.78534
4.75729
4.72735
4.69575
4.66258
4.628
4.59208
4.55497
4.51673
4.47749
4.43729
4.39625
4.35438
4.31181
4.26853
4.22465
4.18017
4.13518
4.08969
4.04379
3.9975
3.95089
3.90402
3.85695
3.80974
3.76247
3.71518
3.66796
3.62085
3.57392
3.52723
3.48087
3.43488
3.38938
3.34446
3.30024
3.25691
3.21469
3.17391
3.13509
3.09891
3.06655
3.0396
3.02126
4.56795
3.86968
4.1289
4.12076
3.92576
3.80202
3.77393
3.71907
3.59765
3.48136
3.38397
3.30763
3.22797
3.14278
3.05998
2.98442
2.91721
2.85634
2.81489
2.79629
2.79146
2.80668
2.86087
2.95428
3.07965
3.22326
3.37277
3.52148
3.66509
3.80261
3.93129
4.04971
4.15795
4.25766
4.3498
4.4339
4.51391
4.58615
4.64877
4.70337
4.75023
4.7905
4.82496
4.85487
4.87845
4.89485
4.90483
4.9096
4.90951
4.90741
4.90092
4.88755
4.87072
4.85204
4.83105
4.80759
4.78174
4.75384
4.72404
4.69258
4.65952
4.62505
4.58922
4.55221
4.51406
4.47491
4.43479
4.39382
4.35203
4.30953
4.26632
4.2225
4.17808
4.13315
4.08772
4.04187
3.99564
3.94909
3.90227
3.85526
3.80811
3.7609
3.71367
3.6665
3.61944
3.57257
3.52594
3.47962
3.43368
3.3882
3.34328
3.29907
3.25568
3.21339
3.17246
3.13343
3.09705
3.06435
3.0368
3.01771
5.34573
4.48209
4.27733
4.14073
3.94751
3.81444
3.74855
3.67639
3.57716
3.47356
3.38437
3.31286
3.23011
3.13917
3.05114
2.97071
2.9029
2.84996
2.81301
2.7916
2.78469
2.79728
2.84474
2.93407
3.05881
3.2037
3.35258
3.50091
3.64304
3.78384
3.91427
4.03482
4.14503
4.24637
4.33979
4.42566
4.50509
4.57676
4.63957
4.69448
4.74187
4.78265
4.81735
4.84679
4.87011
4.88689
4.89728
4.90224
4.90215
4.90055
4.89525
4.8834
4.86547
4.84634
4.82551
4.80244
4.77686
4.74918
4.71951
4.68818
4.65521
4.62084
4.5851
4.54818
4.5101
4.47103
4.43099
4.39007
4.34836
4.30591
4.26278
4.21901
4.17467
4.12979
4.08443
4.03865
3.99247
3.946
3.89924
3.85232
3.80523
3.75811
3.71095
3.66388
3.6169
3.57013
3.52356
3.47732
3.43142
3.386
3.34111
3.2969
3.25342
3.21113
3.17021
3.13099
3.09417
3.06083
3.03239
3.01225
5.71826
4.86013
4.42367
4.1951
4.00189
3.85165
3.75862
3.67472
3.57121
3.4671
3.37455
3.29757
3.21543
3.12826
3.04287
2.96483
2.89917
2.84843
2.81376
2.78669
2.76879
2.77995
2.82867
2.91586
3.03818
3.18083
3.33017
3.47944
3.62404
3.76334
3.89372
4.01422
4.12473
4.22657
4.32031
4.40646
4.48559
4.55736
4.62087
4.67649
4.72453
4.76586
4.8009
4.8303
4.85373
4.87106
4.8822
4.8878
4.88798
4.88688
4.88292
4.87347
4.85562
4.83597
4.81508
4.79235
4.76733
4.74011
4.71085
4.67982
4.64714
4.61301
4.57752
4.54081
4.50295
4.46406
4.4242
4.38349
4.34193
4.29965
4.25664
4.21302
4.16879
4.12404
4.0788
4.03312
3.98707
3.94069
3.89407
3.84724
3.80031
3.75328
3.70629
3.65933
3.61253
3.56588
3.51947
3.47335
3.42762
3.3822
3.33744
3.2933
3.25005
3.2076
3.16643
3.12683
3.08947
3.05528
3.02568
3.00407
5.91353
5.12842
4.61331
4.30607
4.09176
3.92386
3.79339
3.69013
3.58243
3.47645
3.38189
3.29813
3.21118
3.1244
3.04045
2.96479
2.90079
2.85069
2.81358
2.79022
2.7842
2.79551
2.83661
2.92051
3.033
3.16513
3.30576
3.451
3.59385
3.73174
3.8621
3.98368
4.09597
4.19939
4.29445
4.38167
4.46135
4.53348
4.59763
4.65394
4.70269
4.74456
4.78003
4.80963
4.83341
4.85133
4.86332
4.86972
4.87052
4.86971
4.86668
4.85921
4.84379
4.82374
4.80245
4.77983
4.75529
4.72863
4.69991
4.66931
4.63702
4.60322
4.56804
4.5316
4.49401
4.45535
4.41573
4.3752
4.33386
4.29174
4.24893
4.20547
4.16141
4.11681
4.07172
4.02619
3.98027
3.93405
3.88757
3.8409
3.79411
3.74727
3.70044
3.65368
3.60704
3.5606
3.51427
3.46834
3.42276
3.37774
3.3331
3.28909
3.24577
3.20331
3.16193
3.12203
3.08408
3.04906
3.01823
2.9948
6.03373
5.33459
4.8044
4.44398
4.19563
4.00587
3.85555
3.72933
3.61371
3.50366
3.40181
3.30841
3.21889
3.13224
3.05144
2.97968
2.92101
2.87734
2.84793
2.8343
2.83608
2.8489
2.88589
2.96088
3.05365
3.16118
3.27839
3.40804
3.54501
3.68318
3.81628
3.94145
4.05668
4.162
4.25817
4.34612
4.42638
4.49921
4.56439
4.6219
4.67186
4.71476
4.7511
4.78141
4.80595
4.8248
4.83793
4.84552
4.84747
4.84691
4.84469
4.83901
4.8269
4.8076
4.78627
4.76366
4.73947
4.71338
4.6853
4.65532
4.62357
4.59026
4.5555
4.51946
4.48221
4.4439
4.40457
4.36435
4.32325
4.28141
4.2388
4.19558
4.1517
4.10731
4.06236
4.01702
3.97125
3.92521
3.87888
3.83241
3.7858
3.73916
3.69256
3.64601
3.59958
3.55338
3.50752
3.46191
3.41661
3.37173
3.32726
3.28331
3.24
3.19747
3.15593
3.11569
3.07722
3.04136
3.00942
2.9843
6.11031
5.48916
4.97409
4.58793
4.30522
4.09453
3.92485
3.78548
3.66197
3.5468
3.43849
3.33581
3.2422
3.15631
3.07916
3.01424
2.96513
2.93514
2.92208
2.92443
2.93658
2.96764
3.01587
3.06383
3.11858
3.18422
3.26571
3.35097
3.46439
3.5983
3.73841
3.87501
3.99996
4.11159
4.21111
4.30057
4.38161
4.45528
4.52164
4.58083
4.6326
4.67722
4.71513
4.74683
4.77268
4.79283
4.8074
4.81649
4.82007
4.81976
4.81829
4.81425
4.80535
4.78818
4.7675
4.74502
4.72107
4.69546
4.66804
4.63876
4.60769
4.57498
4.54076
4.5052
4.4684
4.43048
4.39152
4.35163
4.31085
4.26929
4.22697
4.18398
4.14035
4.09616
4.05144
4.00627
3.96071
3.91484
3.86873
3.82245
3.77606
3.72961
3.68331
3.63722
3.59125
3.54546
3.49988
3.45452
3.40942
3.36469
3.32034
3.2765
3.23323
3.19069
3.14903
3.10855
3.06963
3.03303
3.00012
2.97336
6.16194
5.60648
5.11896
4.72523
4.42124
4.1865
4.00057
3.84756
3.71465
3.59367
3.48091
3.37678
3.28169
3.19757
3.12518
3.07103
3.03984
3.03362
3.03902
3.06038
3.11182
3.17728
3.21092
3.22724
3.23918
3.24997
3.27324
3.32346
3.38543
3.47776
3.61241
3.76225
3.90674
4.03537
4.14702
4.24377
4.32845
4.40355
4.47099
4.53143
4.58501
4.63158
4.67164
4.70548
4.73326
4.75521
4.77154
4.78241
4.788
4.78804
4.78726
4.78458
4.77813
4.76475
4.74521
4.72323
4.69963
4.67447
4.64765
4.61908
4.58876
4.55675
4.5232
4.48821
4.45194
4.41449
4.37596
4.33646
4.29605
4.25483
4.21282
4.17012
4.12676
4.08281
4.03832
3.99337
3.94802
3.90238
3.85651
3.81049
3.76448
3.71861
3.67272
3.62694
3.58129
3.53578
3.49043
3.4453
3.40043
3.35589
3.31174
3.26806
3.22492
3.18243
3.14075
3.1001
3.06087
3.02368
2.98999
2.96189
6.19872
5.69762
5.23958
4.85036
4.5347
4.28329
4.0811
3.91386
3.77274
3.64587
3.52901
3.42416
3.3283
3.24855
3.18557
3.15116
3.15152
3.16083
3.19287
3.26905
3.39083
3.45488
3.45669
3.44791
3.42026
3.36193
3.32483
3.32977
3.35366
3.40714
3.49027
3.61222
3.76421
3.91235
4.04676
4.16257
4.26019
4.34241
4.41318
4.47511
4.53001
4.57787
4.61995
4.65623
4.68635
4.71071
4.72931
4.7424
4.75012
4.75209
4.75162
4.74981
4.74529
4.73566
4.71866
4.69806
4.67524
4.65068
4.62448
4.59662
4.56706
4.53584
4.50303
4.46875
4.43309
4.39621
4.35819
4.31915
4.27916
4.23832
4.19666
4.15429
4.11121
4.06752
4.02327
3.97852
3.93342
3.88802
3.84251
3.79701
3.75152
3.70608
3.66061
3.61518
3.56981
3.52458
3.47949
3.43465
3.39004
3.34576
3.30184
3.25837
3.21538
3.17301
3.13135
3.09065
3.05119
3.01357
2.97928
2.95001
6.22142
5.76623
5.33834
4.96065
4.64146
4.37917
4.16385
3.98549
3.83417
3.7012
3.58282
3.47762
3.38483
3.31282
3.26994
3.2706
3.28227
3.32094
3.41219
3.59625
3.73965
3.76901
3.75719
3.71715
3.62629
3.50061
3.40855
3.36718
3.37046
3.38919
3.43531
3.50415
3.60659
3.74305
3.89031
4.03067
4.15312
4.25531
4.33939
4.409
4.46765
4.51791
4.56158
4.59976
4.63187
4.65891
4.68027
4.69618
4.70656
4.71152
4.71146
4.71056
4.70777
4.70133
4.68815
4.66953
4.64801
4.62438
4.59892
4.57179
4.54299
4.51258
4.48056
4.44704
4.41208
4.37583
4.33838
4.29986
4.26033
4.21992
4.17865
4.13662
4.09383
4.05041
4.00639
3.96188
3.91712
3.87226
3.82731
3.78233
3.73727
3.69218
3.64705
3.60196
3.5569
3.51199
3.4672
3.42266
3.37833
3.33434
3.29067
3.24744
3.20465
3.16246
3.1209
3.08023
3.04069
3.00279
2.96811
2.93791
6.23466
5.81839
5.41919
5.05663
4.7399
4.47189
4.24713
4.05909
3.8995
3.7617
3.64098
3.53749
3.45403
3.39807
3.39512
3.40654
3.44704
3.54642
3.75567
4.00824
4.11607
4.10942
4.07596
3.99172
3.82265
3.66044
3.53605
3.45483
3.41631
3.4176
3.42922
3.46244
3.51933
3.59844
3.70803
3.84838
3.98898
4.11848
4.2292
4.31948
4.39168
4.44979
4.49758
4.53789
4.57204
4.60108
4.62472
4.64342
4.65682
4.66498
4.66752
4.66713
4.66554
4.66143
4.65264
4.63693
4.61734
4.59505
4.5706
4.5443
4.51631
4.4867
4.45549
4.42276
4.38856
4.35301
4.31619
4.27825
4.23925
4.1993
4.15843
4.11675
4.07426
4.03111
3.9874
3.94343
3.89921
3.85487
3.81039
3.76581
3.72112
3.67638
3.6316
3.58686
3.54216
3.4976
3.45317
3.40896
3.36498
3.3213
3.27796
3.23501
3.19251
3.15055
3.10921
3.06865
3.02917
2.99112
2.95625
2.92541
6.24703
5.85874
5.48439
5.13848
4.82879
4.55963
4.32941
4.13419
3.96827
3.82673
3.70643
3.60818
3.54087
3.52612
3.53651
3.5753
3.67334
3.8848
4.22834
4.45457
4.47729
4.45468
4.38271
4.22582
4.0173
3.83657
3.69332
3.58728
3.51489
3.47386
3.46429
3.46926
3.48895
3.53077
3.58636
3.67038
3.79016
3.92698
4.0611
4.18037
4.27944
4.3582
4.41964
4.46778
4.50619
4.53759
4.56351
4.58452
4.60062
4.61204
4.61835
4.6193
4.61867
4.61648
4.61119
4.60019
4.58309
4.56254
4.53943
4.51423
4.4872
4.45847
4.42811
4.39621
4.3628
4.32801
4.29189
4.25459
4.21617
4.17672
4.13628
4.09495
4.05274
4.00999
3.96686
3.92349
3.87984
3.83598
3.79193
3.74774
3.70343
3.65908
3.61468
3.57033
3.52601
3.48183
3.43777
3.39393
3.3503
3.30699
3.26397
3.22137
3.17917
3.13751
3.09642
3.05608
3.01675
2.97872
2.9438
2.91251
6.25145
5.89275
5.54094
5.2097
4.9083
4.6417
4.40957
4.21061
4.04091
3.89852
3.78231
3.69839
3.66926
3.6778
3.713
3.80524
4.00667
4.40414
4.74239
4.85
4.835
4.77792
4.64501
4.41973
4.20413
4.0202
3.86905
3.7471
3.65163
3.58019
3.53268
3.50459
3.50525
3.51349
3.53583
3.57486
3.63511
3.73048
3.85412
3.98586
4.11091
4.21984
4.30833
4.37661
4.4281
4.46706
4.4972
4.52098
4.53975
4.55366
4.56309
4.56772
4.56767
4.56681
4.56408
4.55773
4.54477
4.52648
4.50513
4.48135
4.45547
4.42772
4.39825
4.36719
4.3346
4.30061
4.26525
4.22865
4.19084
4.15194
4.11193
4.07098
4.02934
3.98721
3.94469
3.90185
3.85871
3.81531
3.77169
3.72792
3.68402
3.64007
3.59608
3.55213
3.50822
3.46444
3.42079
3.37735
3.33413
3.29121
3.2486
3.20638
3.16457
3.12328
3.08256
3.04253
3.0035
2.96565
2.93088
2.89936
6.25544
5.91703
5.58591
5.27157
4.98053
4.719
4.48817
4.28868
4.11897
3.98054
3.87549
3.82881
3.83515
3.86662
3.95398
4.14934
4.54562
4.98049
5.19411
5.18961
5.15239
5.0506
4.84049
4.6019
4.39017
4.2094
4.05553
3.92381
3.81159
3.71743
3.64188
3.58398
3.54577
3.52664
3.52879
3.53892
3.56138
3.60454
3.67064
3.77696
3.89825
4.02479
4.14184
4.24077
4.3187
4.37703
4.41961
4.45063
4.47353
4.49055
4.50247
4.51014
4.51313
4.51289
4.51165
4.50825
4.50074
4.48597
4.46707
4.44512
4.42068
4.3941
4.36565
4.33552
4.30382
4.27068
4.23615
4.20031
4.16319
4.12482
4.08533
4.045
4.00406
3.96261
3.9207
3.8784
3.83576
3.79284
3.74968
3.70635
3.6629
3.61938
3.57583
3.5323
3.48884
3.44548
3.40228
3.35927
3.3165
3.27402
3.23186
3.19009
3.14873
3.10788
3.06758
3.02798
2.98934
2.95182
2.91736
2.88585
6.26231
5.93884
5.62614
5.32752
5.0479
4.79356
4.56721
4.37067
4.20645
4.07981
4.0072
4.01086
4.03779
4.11902
4.307
4.69494
5.19003
5.49058
5.52957
5.50234
5.41688
5.23364
4.99498
4.77198
4.57518
4.40197
4.2474
4.10858
3.98379
3.87295
3.77624
3.6943
3.6275
3.57818
3.54539
3.53509
3.53805
3.54836
3.57282
3.62106
3.69557
3.80546
3.92636
4.04727
4.15606
4.24543
4.31365
4.36286
4.39718
4.42079
4.43707
4.44754
4.45369
4.45531
4.45487
4.45322
4.44907
4.4402
4.42462
4.40506
4.38247
4.35738
4.33016
4.30111
4.27042
4.23821
4.20456
4.16952
4.13308
4.09534
4.05658
4.01706
3.97687
3.9361
3.89481
3.85308
3.81097
3.76856
3.7259
3.68306
3.64008
3.59703
3.55394
3.51088
3.46789
3.42502
3.38229
3.33978
3.2975
3.25552
3.21386
3.1726
3.13175
3.09143
3.05166
3.0126
2.97451
2.9375
2.90355
2.87231
6.27536
5.9629
5.66597
5.38211
5.11471
4.86926
4.64963
4.46122
4.31173
4.21014
4.20672
4.22825
4.30309
4.48416
4.8636
5.40089
5.76028
5.84805
5.82656
5.75354
5.59166
5.35863
5.13726
4.93887
4.75889
4.59304
4.43824
4.294
4.15974
4.03651
3.92444
3.82471
3.73765
3.66399
3.60473
3.56192
3.5349
3.53207
3.5339
3.54404
3.57056
3.62498
3.71004
3.82086
3.94046
4.05583
4.15636
4.23627
4.29497
4.33543
4.36209
4.37917
4.38891
4.39399
4.3941
4.3935
4.39146
4.38661
4.37649
4.36018
4.34009
4.31702
4.29143
4.26373
4.23419
4.203
4.17028
4.13605
4.10034
4.06345
4.0256
3.98695
3.94753
3.90749
3.86685
3.82575
3.78421
3.74237
3.70024
3.65793
3.61545
3.57292
3.53033
3.4878
3.44532
3.40298
3.36078
3.31882
3.27708
3.23567
3.19457
3.1539
3.11364
3.07394
3.0348
2.99642
2.95904
2.92278
2.88957
2.85898
6.30281
5.99288
5.70799
5.43765
5.18195
4.9473
4.73917
4.56844
4.44623
4.41882
4.43845
4.50993
4.68724
5.06183
5.62593
6.02654
6.14773
6.13039
6.06558
5.91876
5.69344
5.47704
5.28267
5.10554
4.93827
4.77794
4.62317
4.4751
4.33415
4.20187
4.07867
3.96574
3.86328
3.77225
3.69262
3.62607
3.57333
3.53581
3.51948
3.51343
3.51572
3.52764
3.55863
3.62169
3.71466
3.82632
3.94328
4.0526
4.14461
4.21499
4.26456
4.29684
4.31634
4.32659
4.33031
4.33013
4.32914
4.32651
4.32076
4.30918
4.29253
4.27226
4.24893
4.22303
4.19491
4.16491
4.13315
4.09976
4.06495
4.02908
3.99219
3.95445
3.91586
3.8766
3.83668
3.79628
3.75538
3.71416
3.67261
3.63088
3.58897
3.547
3.50498
3.46303
3.42112
3.37938
3.33777
3.29643
3.2553
3.21453
3.17407
3.13408
3.09451
3.05555
3.0172
2.97968
2.94322
2.90802
2.87586
2.84649
6.35897
6.03948
5.75781
5.49543
5.2517
5.03083
4.84286
4.70394
4.65694
4.67406
4.74248
4.91754
5.29062
5.8744
6.30049
6.44122
6.42549
6.36305
6.22108
6.0001
5.79044
5.60345
5.4324
5.26991
5.11093
4.95412
4.79965
4.64905
4.50367
4.36491
4.23379
4.11105
3.99731
3.89298
3.79863
3.71461
3.64209
3.58168
3.53484
3.50561
3.49221
3.48385
3.4869
3.50202
3.53839
3.61131
3.70966
3.8232
3.93695
4.03929
4.12241
4.1832
4.2235
4.24759
4.25945
4.26335
4.26301
4.26166
4.25837
4.25142
4.23882
4.22205
4.20169
4.17822
4.15201
4.12349
4.09284
4.06048
4.02677
3.99196
3.95609
3.9193
3.88162
3.84322
3.8041
3.76446
3.72427
3.68374
3.64285
3.60177
3.56049
3.51917
3.47779
3.43648
3.39522
3.35414
3.31321
3.27255
3.23213
3.19207
3.15237
3.11315
3.07442
3.03635
2.99898
2.96257
2.92736
2.89367
2.86299
2.83571
6.43101
6.09656
5.81205
5.55935
5.32998
5.13032
4.97812
4.91721
4.9329
5.00088
5.17869
5.55931
6.15623
6.59329
6.73842
6.72151
6.65419
6.5033
6.28441
6.08207
5.90374
5.74145
5.58605
5.43218
5.27751
5.12228
4.96763
4.8153
4.6669
4.52362
4.38678
4.25679
4.13462
4.02026
3.91458
3.81748
3.72982
3.65231
3.58568
3.53124
3.4902
3.46834
3.45083
3.44583
3.45071
3.47042
3.51474
3.59868
3.69943
3.8122
3.92175
4.01639
4.08975
4.14066
4.17174
4.18801
4.19288
4.19251
4.19091
4.18705
4.17901
4.16582
4.14873
4.12819
4.10449
4.07796
4.04892
4.01801
3.98559
3.95192
3.91711
3.88133
3.84463
3.80716
3.76894
3.73013
3.69076
3.65099
3.61085
3.5705
3.52995
3.48934
3.44869
3.4081
3.36758
3.32724
3.28707
3.24718
3.20757
3.16835
3.12953
3.09124
3.05352
3.01657
2.98046
2.94552
2.912
2.88051
2.85198
2.82813
6.53313
6.17746
5.87833
5.63017
5.42256
5.26351
5.1941
5.20994
5.28137
5.46929
5.87155
6.48063
6.91488
7.04925
7.02819
6.94934
6.77791
6.55745
6.35714
6.18562
6.03181
5.88509
5.73852
5.58906
5.43666
5.28211
5.12734
4.97374
4.82322
4.67673
4.53564
4.40031
4.27166
4.14979
4.0354
3.9284
3.82957
3.73884
3.65738
3.58536
3.52431
3.47534
3.44178
3.42034
3.40243
3.40276
3.41037
3.43448
3.48704
3.57672
3.68169
3.79279
3.89683
3.98327
4.04688
4.08807
4.11048
4.11876
4.11846
4.11677
4.11251
4.1037
4.08994
4.07233
4.05143
4.02743
4.00069
3.97177
3.941
3.9087
3.87508
3.8404
3.80474
3.76827
3.73102
3.69315
3.65467
3.61578
3.57649
3.53697
3.49725
3.45745
3.41762
3.37784
3.33816
3.29865
3.25936
3.22035
3.18168
3.14343
3.10566
3.0685
3.03205
2.99652
2.96208
2.92916
2.89805
2.86981
2.84451
2.82606
6.55528
6.28169
5.96646
5.72144
5.54713
5.48025
5.49869
5.57894
5.78689
6.22868
6.85325
7.27396
7.38254
7.35419
7.25662
7.05194
6.82228
6.62122
6.4527
6.30562
6.1671
6.02882
5.88658
5.7392
5.58782
5.43374
5.27901
5.12488
4.97302
4.8243
4.6799
4.54039
4.40667
4.27894
4.15769
4.04309
3.93548
3.83502
3.74224
3.65743
3.58134
3.51477
3.45913
3.41609
3.38759
3.3643
3.3498
3.35192
3.36399
3.39486
3.45865
3.55054
3.65784
3.76642
3.86381
3.94106
3.99453
4.02559
4.03967
4.04
4.03866
4.03462
4.02587
4.01107
3.99263
3.97133
3.94743
3.92107
3.89246
3.86193
3.82979
3.79638
3.76187
3.72647
3.69025
3.65338
3.61591
3.57799
3.53968
3.5011
3.46233
3.42345
3.38456
3.3457
3.30698
3.26842
3.23014
3.19215
3.15459
3.1175
3.08102
3.04526
3.01042
2.9768
2.94463
2.91462
2.88707
2.8636
2.84366
2.82988
6.53876
6.3742
6.07949
5.8563
5.77418
5.79641
5.89011
6.12804
6.62832
7.27732
7.67752
7.7464
7.7071
7.58399
7.33413
7.08853
6.88224
6.71383
6.57013
6.43745
6.30596
6.17063
6.02952
5.88271
5.73168
5.57785
5.42297
5.26834
5.11539
4.96505
4.81839
4.67593
4.53838
4.40605
4.27944
4.15879
4.04424
3.93624
3.83475
3.74025
3.65291
3.57348
3.50241
3.44127
3.38987
3.35362
3.32438
3.30222
3.29218
3.2963
3.31271
3.35054
3.42634
3.52074
3.62798
3.73254
3.82194
3.88877
3.93152
3.95312
3.95801
3.9569
3.9531
3.94459
3.929
3.91028
3.88895
3.86517
3.83905
3.81075
3.78057
3.7488
3.71571
3.68154
3.64648
3.61072
3.57437
3.53754
3.50033
3.46284
3.42514
3.38732
3.3495
3.3117
3.27407
3.23662
3.1995
3.16273
3.12649
3.09082
3.05593
3.02201
2.98932
2.95833
2.92943
2.90372
2.88165
2.86483
2.84911
2.84217
6.4753
6.41205
6.25051
6.09526
6.11642
6.22063
6.49194
7.06096
7.74543
8.12782
8.14382
8.08804
7.93001
7.63304
7.36494
7.14854
6.97638
6.83255
6.70223
6.57479
6.44461
6.30838
6.16631
6.01907
5.86793
5.71428
5.55946
5.40475
5.2512
5.0998
4.9513
4.8065
4.66583
4.52998
4.39902
4.2736
4.15357
4.03947
3.93113
3.82906
3.73313
3.64398
3.56172
3.48723
3.42101
3.36445
3.319
3.28577
3.25607
3.23405
3.23393
3.2401
3.2604
3.30518
3.38763
3.48564
3.59105
3.68973
3.77019
3.82642
3.8586
3.87098
3.87042
3.86744
3.86018
3.84533
3.82637
3.80458
3.78062
3.75461
3.72673
3.69704
3.66578
3.63319
3.59955
3.5651
3.53001
3.49442
3.45845
3.42218
3.38572
3.34912
3.31252
3.27597
3.23959
3.20346
3.16769
3.13241
3.09775
3.06389
3.03104
2.99959
2.96988
2.94272
2.91863
2.89975
2.88431
2.87349
2.86673
2.86796
6.42264
6.43942
6.42645
6.45019
6.57169
6.8887
7.54649
8.2576
8.60873
8.59616
8.50437
8.28314
7.95632
7.66139
7.4278
7.24744
7.1002
6.96899
6.84237
6.71379
6.58048
6.44151
6.2974
6.14911
5.99747
5.84384
5.68906
5.53434
5.38039
5.22819
5.07828
4.9316
4.78848
4.64965
4.51527
4.38585
4.26143
4.14238
4.02862
3.92047
3.81794
3.72133
3.63069
3.54648
3.46897
3.39894
3.33743
3.28463
3.24506
3.20947
3.18278
3.16517
3.1671
3.17741
3.204
3.25937
3.34453
3.44481
3.54758
3.63908
3.70953
3.75452
3.77742
3.77955
3.77766
3.77195
3.75968
3.74041
3.71799
3.69381
3.66807
3.64065
3.61156
3.581
3.54919
3.5164
3.48282
3.44867
3.41409
3.3792
3.34411
3.30892
3.27371
3.2386
3.20369
3.16912
3.13501
3.10153
3.0689
3.03738
3.00733
2.97933
2.95401
2.9325
2.91632
2.90436
2.89659
2.89753
2.90208
2.91522
6.2683
6.51311
6.65467
6.92157
7.43962
8.19249
8.83975
9.11632
9.08538
8.94653
8.64532
8.2918
7.98044
7.72747
7.53483
7.38012
7.24459
7.11547
6.98556
6.85179
6.71336
6.57033
6.4236
6.27369
6.1213
5.9673
5.81247
5.65754
5.50331
5.35042
5.19971
5.05155
4.90667
4.76539
4.62824
4.49544
4.36731
4.24395
4.12565
4.01246
3.90459
3.80193
3.70475
3.61303
3.52725
3.44747
3.37444
3.30851
3.25089
3.20332
3.16428
3.12969
3.10383
3.09474
3.09827
3.11212
3.14468
3.21068
3.29836
3.39915
3.49763
3.5806
3.64009
3.67434
3.6862
3.68518
3.68087
3.67098
3.65159
3.62968
3.60551
3.57987
3.55285
3.52459
3.49503
3.46435
3.43268
3.4003
3.36733
3.33404
3.30048
3.26688
3.23327
3.19983
3.16669
3.13398
3.10195
3.07075
3.04082
3.01248
2.9864
2.9636
2.9447
2.93301
2.92257
2.92217
2.92513
2.93535
2.95904
3.01019
5.8551
6.63202
7.12702
7.88812
8.90482
9.5702
9.71477
9.64927
9.43953
9.02043
8.64159
8.31427
8.04627
7.84288
7.67849
7.53514
7.39994
7.26536
7.12801
6.98704
6.84266
6.69553
6.54558
6.39369
6.24027
6.08565
5.93051
5.7752
5.6206
5.46701
5.31534
5.16585
5.01931
4.87602
4.73647
4.60091
4.46963
4.34269
4.22062
4.1033
3.991
3.88342
3.78089
3.68327
3.59079
3.50353
3.42183
3.34608
3.27674
3.21488
3.16122
3.11826
3.07722
3.04538
3.02159
3.02197
3.02768
3.04512
3.08335
3.15842
3.24974
3.34909
3.44133
3.5143
3.56215
3.58614
3.58716
3.58486
3.57776
3.56259
3.54055
3.51599
3.49048
3.46421
3.43696
3.40867
3.37932
3.34911
3.31813
3.28672
3.25496
3.22318
3.19143
3.15996
3.12892
3.09854
3.06914
3.04102
3.0148
2.99108
2.97095
2.95622
2.94677
2.94248
2.94413
2.95144
2.96985
3.00896
3.06416
3.17518
4.86332
6.61244
8.09569
9.60383
10.4062
10.4307
10.3059
9.96837
9.44972
9.01349
8.66129
8.38164
8.17062
7.99821
7.8457
7.70142
7.55871
7.41452
7.26801
7.11943
6.96913
6.81762
6.66451
6.5106
6.35568
6.19991
6.04384
5.88774
5.73229
5.57784
5.42507
5.27437
5.12631
4.98134
4.83974
4.70191
4.56791
4.43827
4.31297
4.19218
4.07586
3.9643
3.85733
3.755
3.65725
3.56423
3.476
3.39281
3.3149
3.24276
3.1771
3.11826
3.0692
3.02513
2.9856
2.95705
2.94172
2.9436
2.95265
2.976
3.02499
3.10432
3.19832
3.29443
3.37855
3.44061
3.47565
3.48779
3.48672
3.48201
3.47108
3.4499
3.42668
3.40176
3.37609
3.3498
3.32279
3.295
3.26641
3.23727
3.20773
3.17813
3.14863
3.11956
3.09115
3.06378
3.03793
3.01408
2.99335
2.97636
2.96637
2.96033
2.96099
2.9656
2.97902
3.00821
3.06243
3.15086
3.23623
3.38766
3.34614
6.45637
10.0541
11.3328
11.2991
11.0594
10.5172
9.9263
9.42378
9.03342
8.73274
8.51489
8.33793
8.17792
8.02354
7.86993
7.71562
7.56049
7.40483
7.24899
7.0931
6.93716
6.78111
6.62425
6.46723
6.30987
6.15249
5.99527
5.83876
5.68329
5.52935
5.37739
5.22772
5.08092
4.93721
4.79722
4.66115
4.5292
4.40124
4.27745
4.15798
4.04279
3.93199
3.82553
3.72342
3.62566
3.53225
3.44334
3.35897
3.27948
3.20512
3.13653
3.0741
3.01993
2.97157
2.9277
2.8919
2.86615
2.8618
2.86533
2.87777
2.9073
2.96721
3.05049
3.14579
3.2379
3.31115
3.35915
3.38408
3.3863
3.38405
3.37698
3.36167
3.33899
3.31438
3.28925
3.26395
3.23831
3.21222
3.18571
3.15888
3.13198
3.10533
3.07928
3.05437
3.03107
3.0103
2.99266
2.98051
2.97409
2.97427
2.97723
2.9874
3.01028
3.05599
3.1271
3.22209
3.34803
3.4581
3.60869
2.96775
5.84784
11.9468
12.2166
11.8879
11.136
10.4214
9.84718
9.43704
9.1134
8.88184
8.69828
8.53057
8.36581
8.19991
8.03349
7.86741
7.70244
7.53888
7.37668
7.21554
7.0551
6.89522
6.73517
6.57561
6.41616
6.25704
6.09824
5.94031
5.78342
5.62812
5.47469
5.32359
5.17518
5.0298
4.88779
4.7494
4.61488
4.4844
4.35795
4.23567
4.11744
4.00342
3.89348
3.78769
3.68598
3.58832
3.49481
3.40535
3.32024
3.23945
3.16349
3.09252
3.02744
2.96888
2.91738
2.86948
2.82758
2.79679
2.77887
2.77984
2.78607
2.80364
2.84147
2.91417
3.00203
3.09694
3.17924
3.23962
3.27431
3.2877
3.28673
3.28247
3.27233
3.25201
3.22918
3.20509
3.18094
3.15697
3.13311
3.10935
3.08574
3.06274
3.04071
3.02075
3.00308
2.98995
2.98159
2.98186
2.98415
2.99219
3.01127
3.04885
3.10865
3.19783
3.31159
3.43809
3.57338
3.67675
3.78772
2.81729
5.78715
12.5173
12.3452
11.7606
10.9331
10.2833
9.85288
9.51894
9.28078
9.08531
8.90426
8.72585
8.54632
8.36671
8.18841
8.01263
7.83975
7.66958
7.50162
7.33535
7.17021
7.00605
6.84245
6.67929
6.51718
6.35597
6.19539
6.0358
5.87732
5.72044
5.56542
5.41272
5.26263
5.11552
4.97166
4.83128
4.69466
4.56186
4.43306
4.30822
4.18739
4.07051
3.95763
3.84862
3.74359
3.6423
3.545
3.4514
3.36184
3.27613
3.19464
3.11746
3.04497
2.97774
2.91612
2.86181
2.81021
2.76489
2.7286
2.70333
2.69664
2.69922
2.70927
2.73416
2.7857
2.86622
2.95915
3.04739
3.11759
3.16331
3.18726
3.19051
3.18858
3.18224
3.16841
3.14716
3.12464
3.10236
3.08079
3.06012
3.04035
3.0222
3.00576
2.99345
2.9834
2.98352
2.98551
2.99222
3.00806
3.03993
3.09088
3.17147
3.27671
3.40267
3.53767
3.66326
3.77061
3.83828
3.89779
2.75304
5.74229
12.5322
12.1242
11.2957
10.6574
10.2362
9.91967
9.6859
9.48131
9.28477
9.09011
8.89639
8.70453
8.51538
8.32959
8.14746
7.96885
7.7933
7.6202
7.44908
7.27941
7.11097
6.94347
6.77672
6.61108
6.44711
6.28452
6.12304
5.96298
5.8044
5.64788
5.49353
5.34195
5.19315
5.04774
4.90554
4.76716
4.63229
4.50147
4.37433
4.25122
4.13187
4.01641
3.90469
3.79679
3.69251
3.59201
3.49505
3.40189
3.31232
3.22658
3.14475
3.06691
2.99348
2.9247
2.86123
2.80433
2.75058
2.7025
2.66208
2.63318
2.61583
2.61669
2.62226
2.63822
2.67284
2.74232
2.82969
2.92002
2.99807
3.05419
3.0873
3.09989
3.0992
3.09582
3.0874
3.07041
3.05132
3.03202
3.01431
2.99856
2.98687
2.97757
2.97716
2.97895
2.98538
2.99968
3.02683
3.07024
3.14116
3.23929
3.3609
3.49636
3.63093
3.74925
3.83875
3.90035
3.92758
3.95237
2.57552
5.81146
12.3667
11.793
10.9943
10.562
10.2807
10.0542
9.84342
9.6372
9.43267
9.22982
9.02959
8.83296
8.64018
8.45121
8.2658
8.08357
7.90411
7.72694
7.55169
7.37805
7.20576
7.03475
6.86463
6.69557
6.52824
6.36316
6.19964
6.03794
5.87784
5.71995
5.56423
5.41133
5.2612
5.1144
4.9708
4.83087
4.69442
4.5618
4.43286
4.3077
4.18635
4.06861
3.95474
3.84433
3.73763
3.6344
3.53476
3.43867
3.34605
3.25708
3.17194
3.09027
3.01248
2.93856
2.86915
2.80447
2.7458
2.69048
2.64021
2.59768
2.56468
2.54147
2.53822
2.54104
2.55132
2.57655
2.62863
2.70968
2.80064
2.88402
2.94814
2.99002
3.01067
3.01575
3.01463
3.01064
3.0017
2.98735
2.97468
2.96455
2.96242
2.96387
2.96957
2.98276
3.00661
3.04512
3.10586
3.19557
3.31094
3.44548
3.58566
3.7153
3.82067
3.89608
3.9415
3.96572
3.97007
3.97901
2.53045
5.71266
12.2016
11.6298
10.8998
10.5482
10.3275
10.1269
9.92523
9.72413
9.52375
9.32426
9.1265
8.93138
8.73927
8.55006
8.36356
8.17948
7.99759
7.8176
7.63937
7.46265
7.28738
7.11344
6.94071
6.76893
6.5986
6.43055
6.26485
6.1013
5.93992
5.78073
5.62406
5.47003
5.319
5.17108
5.02648
4.88534
4.7477
4.61371
4.48334
4.35663
4.23361
4.11417
3.99857
3.88641
3.77778
3.67248
3.57065
3.47216
3.37702
3.2853
3.19693
3.11212
3.03095
2.95358
2.88
2.81064
2.74574
2.68591
2.62958
2.57846
2.53449
2.49834
2.47333
2.46251
2.46401
2.47114
2.48981
2.52979
2.60278
2.69073
2.77677
2.84791
2.89768
2.92762
2.94092
2.94616
2.94582
2.94454
2.94251
2.94349
2.94781
2.95863
2.98038
3.01247
3.06451
3.14338
3.25108
3.38169
3.5243
3.66386
3.78423
3.87622
3.93751
3.973
3.98885
3.99331
3.9938
3.99608
2.49727
5.60876
12.0891
11.5776
10.8612
10.5189
10.3176
10.1361
9.95292
9.76622
9.57635
9.38468
9.19268
9.00165
8.81224
8.62458
8.43865
8.25437
8.07162
7.89034
7.7104
7.53179
7.35444
7.17842
7.00365
6.83016
6.6577
6.48736
6.31949
6.15421
5.99151
5.83125
5.67372
5.5189
5.36713
5.21846
5.07306
4.93107
4.79248
4.65747
4.52593
4.39803
4.27361
4.15277
4.03529
3.92135
3.8109
3.70393
3.60038
3.50005
3.40334
3.30958
3.2193
3.13218
3.04864
2.96842
2.89184
2.81888
2.7499
2.68519
2.62512
2.56858
2.51722
2.47208
2.43445
2.40769
2.39112
2.39176
2.39676
2.41121
2.44332
2.50786
2.59158
2.67967
2.75643
2.81518
2.85469
2.87783
2.89205
2.90276
2.91321
2.92707
2.95049
2.9766
3.02004
3.08454
3.18069
3.30295
3.44376
3.5901
3.72445
3.83446
3.91384
3.96518
3.99318
4.00731
4.01071
4.0108
4.01096
4.01264
2.61499
5.30601
11.9776
11.5979
10.868
10.4919
10.2864
10.1255
9.9619
9.79013
9.60965
9.42445
9.23745
9.05019
8.86353
8.6777
8.49289
8.30913
8.12638
7.94465
7.76391
7.58421
7.40561
7.22821
7.05207
6.87729
6.70381
6.5318
6.36236
6.19567
6.03179
5.87072
5.71251
5.55724
5.40499
5.2559
5.11
4.96745
4.82822
4.69246
4.56009
4.43123
4.3058
4.18384
4.06534
3.95024
3.83867
3.73034
3.62549
3.52375
3.42548
3.33024
3.23836
3.14965
3.06419
2.98211
2.90326
2.82806
2.75624
2.68823
2.62431
2.56416
2.50812
2.45706
2.41163
2.37343
2.34457
2.32549
2.32567
2.32932
2.34113
2.36868
2.42515
2.50732
2.5974
2.68115
2.74937
2.80003
2.83699
2.86662
2.89451
2.93016
2.97079
3.02511
3.10529
3.21346
3.34573
3.49239
3.63719
3.76488
3.86457
3.93465
3.97825
4.00438
4.01659
4.02281
4.02425
4.02431
4.02454
4.02633
2.57998
5.16369
11.8623
11.57
10.9127
10.4807
10.255
10.1066
9.9624
9.80104
9.63028
9.44977
9.26699
9.08338
8.89955
8.71582
8.53242
8.34953
8.16718
7.98546
7.80441
7.62413
7.44476
7.26644
7.08936
6.91364
6.73944
6.56677
6.39623
6.22836
6.0635
5.90172
5.743
5.58736
5.43481
5.28542
5.1392
4.99627
4.85665
4.72038
4.58747
4.45796
4.33183
4.20911
4.08979
3.97384
3.8613
3.75204
3.64614
3.54345
3.44401
3.34776
3.25461
3.16472
3.07782
2.99426
2.91367
2.83646
2.76245
2.69202
2.62515
2.56235
2.50302
2.44794
2.39754
2.35271
2.31475
2.28527
2.26657
2.26562
2.26878
2.27984
2.30571
2.35905
2.44104
2.53425
2.62595
2.70643
2.77387
2.83142
2.88778
2.94809
3.02085
3.11805
3.23873
3.37921
3.52798
3.66897
3.7884
3.8792
3.94171
3.98203
4.00659
4.02158
4.02918
4.03361
4.03526
4.0353
4.03549
4.03698
2.55692
5.06373
11.7156
11.5016
10.9439
10.4897
10.2475
10.0998
9.9641
9.81096
9.64573
9.46829
9.28764
9.10613
8.92402
8.7416
8.55915
8.37691
8.19498
8.01343
7.83236
7.65188
7.47216
7.29339
7.11581
6.93959
6.76495
6.592
6.42106
6.25272
6.08732
5.92513
5.76609
5.61027
5.45758
5.30808
5.16177
5.01862
4.87872
4.74208
4.60876
4.47873
4.3521
4.22879
4.10886
3.99226
3.87896
3.769
3.66222
3.55876
3.45836
3.36125
3.26713
3.17624
3.08835
3.00362
2.92199
2.84346
2.76816
2.69608
2.62735
2.56221
2.5006
2.44276
2.38904
2.33986
2.29619
2.25898
2.23042
2.21224
2.21235
2.21565
2.22675
2.25288
2.30689
2.39274
2.49407
2.5995
2.70035
2.79509
2.89109
2.99078
3.10923
3.24674
3.39808
3.54992
3.68762
3.79981
3.88319
3.94006
3.97786
4.00268
4.01874
4.02957
4.03671
4.04038
4.04209
4.04215
4.04232
4.04343
2.38127
5.23741
11.6044
11.4216
10.9169
10.491
10.2435
10.0934
9.96276
9.81683
9.65447
9.48155
9.30287
9.12329
8.94279
8.76151
8.5798
8.39796
8.21618
8.03459
7.85332
7.67253
7.4924
7.3132
7.13515
6.9585
6.78346
6.61027
6.43918
6.27065
6.10497
5.94248
5.78314
5.62713
5.47427
5.32465
5.17818
5.03487
4.89477
4.75782
4.6242
4.49378
4.36678
4.24301
4.12266
4.00554
3.89178
3.78126
3.67399
3.56992
3.469
3.37123
3.27654
3.18494
3.09639
3.01091
2.92843
2.84905
2.77268
2.69953
2.62947
2.5628
2.4995
2.43976
2.38374
2.33181
2.2845
2.24244
2.20708
2.18015
2.16569
2.1666
2.17153
2.18528
2.2157
2.27726
2.37268
2.4891
2.62004
2.75805
2.9027
3.05677
3.22186
3.39076
3.55185
3.69092
3.80063
3.88026
3.93498
3.97115
3.99625
4.01366
4.02635
4.03559
4.04201
4.04557
4.04704
4.04705
4.04712
4.04798
2.53097
4.9575
11.5351
11.418
10.9972
10.5147
10.2433
10.0902
9.96253
9.82028
9.66075
9.48883
9.31099
9.13231
8.95269
8.77216
8.59109
8.40972
8.22833
8.047
7.86589
7.68515
7.50498
7.32569
7.14749
6.97072
6.79556
6.6223
6.45118
6.28254
6.11668
5.95398
5.79445
5.63831
5.48531
5.33567
5.18907
5.04574
4.90549
4.76844
4.63463
4.50401
4.37678
4.25269
4.13209
4.01458
3.90055
3.78958
3.682
3.57743
3.47618
3.37787
3.28285
3.19064
3.10177
3.01559
2.93278
2.85263
2.77583
2.70181
2.6311
2.56343
2.49915
2.43819
2.3808
2.32716
2.27768
2.23289
2.19358
2.1616
2.13823
2.13219
2.13441
2.14257
2.16219
2.20328
2.2838
2.39872
2.54798
2.72501
2.92291
3.1298
3.33295
3.51544
3.66641
3.78092
3.86264
3.9186
3.95677
3.98326
4.00286
4.0174
4.02857
4.03728
4.04352
4.04721
4.04896
4.04931
4.04934
4.04999
2.5208
4.92183
11.5249
11.4207
11.0158
10.5162
10.237
10.0852
9.96125
9.82111
9.6639
9.49368
9.31651
9.13861
8.95962
8.7795
8.59868
8.41741
8.23601
8.05459
7.87333
7.69239
7.51201
7.3325
7.15408
6.97711
6.80176
6.62837
6.45714
6.28841
6.12247
5.95965
5.80001
5.64377
5.49068
5.34096
5.19426
5.05085
4.91046
4.77331
4.63933
4.50857
4.38116
4.2569
4.13613
4.01843
3.90425
3.79305
3.68532
3.58052
3.47911
3.38055
3.28535
3.19288
3.10383
3.01734
2.93438
2.85384
2.77688
2.70237
2.63145
2.56317
2.49851
2.43687
2.37892
2.32447
2.27408
2.22805
2.18706
2.15254
2.12592
2.11343
2.11489
2.12102
2.13652
2.16961
2.23638
2.3469
2.50549
2.70821
2.94424
3.18679
3.40974
3.59187
3.72864
3.82481
3.89039
3.93503
3.96637
3.98931
4.00675
4.02057
4.03099
4.03902
4.0447
4.04836
4.05002
4.05059
4.0506
4.05119
)
;

boundaryField
{
    inlet
    {
        type            fixedValue;
        value           uniform 1;
    }
    outlet
    {
        type            waveTransmissive;
        gamma           1.4;
        fieldInf        1;
        lInf            3;
        value           nonuniform List<scalar> 
40
(
3.01376
3.01021
3.00474
2.99658
2.98732
2.97683
2.96592
2.95447
2.9426
2.93053
2.91805
2.90517
2.89205
2.87855
2.86504
2.85171
2.8392
2.82838
2.8207
2.81846
2.82212
2.83413
2.85951
2.90585
2.99926
3.16257
3.37379
3.59449
3.77412
3.88513
3.94024
3.967
3.98407
4.00059
4.01438
4.02515
4.03171
4.03634
4.0384
4.03963
)
;
    }
    bottom
    {
        type            symmetryPlane;
    }
    top
    {
        type            symmetryPlane;
    }
    obstacle
    {
        type            zeroGradient;
    }
    defaultFaces
    {
        type            empty;
    }
}


// ************************************************************************* //
