0.0005	-3.0392604e-09
0.001	8.8921417e-09
0.0015	3.1161031e-09
0.002	-7.9426328e-11
0.0025	7.7646718e-11
0.003	-1.9440316e-10
0.0035	6.8581031e-11
0.004	5.6200169e-11
0.0045	-1.60014e-10
0.005	-6.9405592e-11
0.0055	-9.2683316e-11
0.006	-7.7084129e-11
0.0065	2.9893191e-11
0.007	-5.6522054e-11
0.0075	6.3810772e-11
0.008	1.1545038e-10
0.0085	6.4363374e-11
0.009	-5.3363228e-11
0.0095	2.19374e-11
0.01	4.3049018e-11
0.0105	1.5906224e-10
0.011	7.8892944e-11
0.0115	6.203334e-11
0.012	3.4051961e-11
0.0125	9.0999319e-11
0.013	5.7150566e-11
0.0135	-5.9127561e-11
0.014	1.8183441e-11
0.0145	1.1219771e-10
0.015	9.419391e-11
0.0155	-9.5766078e-11
0.016	1.4558213e-11
0.0165	-6.497138e-11
0.017	5.8107784e-11
0.0175	4.6009581e-11
0.018	-8.5792612e-11
0.0185	-6.2085837e-11
0.019	7.4143191e-11
0.0195	-6.7562823e-11
0.02	-7.1809727e-11
0.0205	8.6789342e-11
0.021	-5.8954472e-11
0.0215	-5.0189117e-11
0.022	6.4734837e-11
0.0225	-5.0530991e-11
0.023	-6.5700721e-11
0.0235	7.2650809e-11
0.024	5.7080179e-11
0.0245	7.1571817e-11
0.025	3.961633e-11
0.0255	-4.07837e-11
0.026	-7.5556357e-11
0.0265	-1.8427853e-12
0.027	5.4919502e-11
0.0275	6.5130287e-11
0.028	-1.2497044e-11
0.0285	7.7202007e-12
0.029	1.0559138e-11
0.0295	-3.8421581e-12
0.03	3.9281917e-12
0.0305	2.1274303e-11
0.031	7.8009702e-11
0.0315	2.6993039e-11
0.032	2.0842141e-11
0.0325	-2.0108585e-11
0.033	2.6244624e-11
0.0335	-1.1107262e-10
0.034	1.2921416e-10
0.0345	5.0441875e-11
0.035	-1.0308664e-10
0.0355	-1.7428877e-11
0.036	-2.3705894e-11
0.0365	-1.4431666e-11
0.037	-2.3824898e-12
0.0375	-1.089684e-10
0.038	-4.5643218e-11
0.0385	2.1843814e-11
0.039	4.9957656e-11
0.0395	-3.0606945e-11
0.04	4.8544658e-11
0.0405	5.1550357e-11
0.041	-1.079207e-10
0.0415	-2.107752e-11
0.042	-1.4480235e-10
0.0425	-4.1754976e-12
0.043	-2.4998852e-11
0.0435	-3.9843753e-12
0.044	3.0561817e-11
0.0445	8.1857136e-11
0.045	2.1489631e-12
0.0455	-7.0248882e-12
0.046	-4.9022791e-11
0.0465	-3.3527637e-11
0.047	1.3732735e-11
0.0475	-2.0274087e-12
0.048	6.6305239e-11
0.0485	1.3435432e-10
0.049	-1.5007061e-11
0.0495	6.6787432e-12
0.05	1.5267973e-10
0.0505	2.8585406e-11
0.051	-7.7283223e-11
0.0515	-7.6320914e-11
0.052	-4.1896656e-12
0.0525	-6.3211167e-12
0.053	2.261934e-11
0.0535	6.4626866e-11
0.054	2.2324938e-11
0.0545	6.1086469e-11
0.055	4.8160366e-11
0.0555	2.7418039e-11
0.056	1.7635015e-10
0.0565	2.194487e-11
0.057	6.9205019e-11
0.0575	4.0572045e-11
0.058	5.4331019e-11
0.0585	-4.083233e-12
0.059	-1.4565467e-11
0.0595	-3.7974508e-11
0.06	2.6752678e-11
0.0605	-4.6976162e-11
0.061	1.9350812e-11
0.0615	8.8174392e-12
0.062	1.7140205e-11
0.0625	2.480825e-11
0.063	4.0670195e-11
0.0635	4.3408041e-11
0.064	7.4201004e-11
0.0645	-2.3379398e-11
0.065	-1.9058657e-12
0.0655	-3.8582009e-11
0.066	-6.7234568e-11
0.0665	-5.1220313e-11
0.067	-1.897471e-10
0.0675	-2.8541085e-10
0.068	-1.4823113e-11
0.0685	-4.42599e-11
0.069	2.6527954e-11
0.0695	3.0083723e-11
0.07	-7.8710694e-12
0.0705	-2.7271823e-11
0.071	-3.1675242e-11
0.0715	-5.0678276e-11
0.072	1.4629936e-11
0.0725	-2.6845637e-11
0.073	-8.0759876e-11
0.0735	3.4690527e-11
0.074	-3.1216369e-11
0.0745	3.575609e-11
0.075	-2.4246437e-11
0.0755	2.9565712e-11
0.076	8.1421684e-12
0.0765	-3.4984568e-11
0.077	2.6829968e-11
0.0775	3.1828313e-11
0.078	-2.6759868e-12
0.0785	-2.0159155e-11
0.079	2.4816962e-11
0.0795	1.7405621e-10
0.08	-8.3665277e-12
0.0805	-3.9276403e-11
0.081	1.995359e-11
0.0815	4.093903e-11
0.082	2.5169562e-11
0.0825	1.3361521e-11
0.083	3.5487002e-11
0.0835	3.4408383e-11
0.084	1.7750245e-11
0.0845	1.4280857e-11
0.085	3.0186551e-11
0.0855	1.9532145e-11
0.086	4.9459738e-11
0.0865	3.6043982e-11
0.087	1.8317716e-11
0.0875	2.1683075e-11
0.088	3.3163031e-11
0.0885	-3.0176494e-11
0.089	-2.0067934e-11
0.0895	9.1020498e-12
0.09	2.7588397e-11
0.0905	2.3268786e-11
0.091	1.4207894e-12
0.0915	-7.1771104e-11
0.092	-1.9048926e-11
0.0925	1.321154e-11
0.093	-1.5836487e-11
0.0935	1.7019436e-11
0.094	2.9269724e-11
0.0945	1.9636651e-11
0.095	1.6014574e-11
0.0955	6.8694219e-12
0.096	-2.1454115e-11
0.0965	-4.5249225e-11
0.097	-2.4004423e-11
0.0975	-2.1624957e-11
0.098	1.3114502e-12
0.0985	3.0951877e-11
0.099	2.8571607e-11
0.0995	1.7800039e-11
0.1	-1.8351086e-12
0.1005	-2.3261643e-11
0.101	-2.7710906e-11
0.1015	-2.1554138e-12
0.102	5.5376835e-11
0.1025	2.4395828e-11
0.103	3.8090788e-11
0.1035	1.6507152e-11
0.104	-6.4643705e-12
0.1045	-3.2587532e-11
0.105	-3.2239941e-11
0.1055	-1.8753985e-11
0.106	-9.5368934e-13
0.1065	2.0149439e-11
0.107	3.1281152e-11
0.1075	1.7217747e-11
0.108	-2.9182764e-12
0.1085	-2.7797406e-11
0.109	-2.928286e-11
0.1095	-1.6169356e-11
0.11	2.3904154e-12
0.1105	2.4172075e-11
0.111	2.8690181e-11
0.1115	1.6058453e-12
0.112	-5.1744131e-11
0.1125	-2.8891827e-11
0.113	-4.8384509e-11
0.1135	-1.6782027e-11
0.114	1.2744433e-11
0.1145	1.8260124e-11
0.115	1.7596829e-11
0.1155	-2.1580672e-11
0.116	-1.7118575e-11
0.1165	-3.1460785e-11
0.117	-2.2802378e-13
0.1175	3.4896096e-11
0.118	4.5877125e-11
0.1185	-2.1340766e-11
0.119	-2.7002061e-11
0.1195	1.5188534e-11
0.12	4.9210498e-11
0.1205	2.0533602e-11
0.121	2.3569116e-11
0.1215	-5.9970564e-12
0.122	-3.0456752e-11
0.1225	-2.5512934e-11
0.123	-2.5604552e-11
0.1235	3.2648421e-12
0.124	2.8871989e-11
0.1245	3.183257e-11
0.125	1.5706643e-11
0.1255	-2.4902183e-12
0.126	-2.6620111e-11
0.1265	-3.2127562e-11
0.127	-1.9279666e-11
0.1275	1.4603844e-12
0.128	2.6939675e-11
0.1285	3.2411188e-11
0.129	1.6387207e-11
0.1295	-2.0300584e-12
0.13	-2.4104394e-11
0.1305	-3.1213794e-11
0.131	-1.8910426e-11
0.1315	3.3005995e-12
0.132	3.0463824e-11
0.1325	3.2837842e-11
0.133	1.909043e-11
0.1335	-3.2510874e-12
0.134	-2.7504027e-11
0.1345	-3.1200373e-11
0.135	-2.0103391e-11
0.1355	4.5080867e-12
0.136	3.2809791e-11
0.1365	3.5168383e-11
0.137	2.0934236e-11
0.1375	-4.1022663e-12
0.138	-3.0976501e-11
0.1385	-3.1018213e-11
0.139	-2.1079964e-11
0.1395	5.3872981e-12
0.14	3.4379912e-11
0.1405	3.7362398e-11
0.141	2.3969065e-11
0.1415	-5.5509453e-12
0.142	-3.3641918e-11
0.1425	-2.9324271e-11
0.143	-2.0729947e-11
0.1435	4.8803642e-12
0.144	3.6100265e-11
0.1445	3.9407313e-11
0.145	2.821537e-11
0.1455	-5.1459755e-12
0.146	-3.6181541e-11
0.1465	-3.1939248e-11
0.147	-2.1117995e-11
0.1475	1.4224514e-11
0.148	3.9786866e-11
0.1485	-4.8590353e-12
0.149	-2.078197e-11
0.1495	-1.1409537e-11
0.15	1.6980483e-11
0.1505	8.4042156e-12
0.151	1.1150738e-11
0.1515	3.2477851e-11
0.152	3.924319e-11
0.1525	2.8858678e-11
0.153	-5.2848405e-12
0.1535	-3.3126527e-11
0.154	-3.3057246e-11
0.1545	-1.4787298e-11
0.155	3.6198271e-12
0.1555	3.3682477e-11
0.156	3.7534945e-11
0.1565	2.8685357e-11
0.157	-3.4330646e-12
0.1575	-3.3273619e-11
0.158	-3.4999396e-11
0.1585	-1.5452284e-11
0.159	-9.0839312e-14
0.1595	2.5769095e-11
0.16	4.0228426e-11
0.1605	2.6831687e-11
0.161	-8.6581702e-12
0.1615	-3.5382587e-11
0.162	-1.2252174e-11
0.1625	-2.0005032e-11
0.163	3.7885147e-12
0.1635	2.9267071e-11
0.164	3.5034319e-11
0.1645	2.2670169e-11
0.165	-2.2079925e-13
0.1655	-2.5891644e-11
0.166	-3.8094869e-11
0.1665	-1.5517318e-11
0.167	3.687833e-12
0.1675	2.0251845e-11
0.168	2.296447e-11
0.1685	2.4871843e-11
0.169	-5.0276872e-13
0.1695	-2.8740168e-11
0.17	-3.5029114e-11
0.1705	-1.8850132e-11
0.171	6.5317656e-13
0.1715	1.7047973e-11
0.172	3.6505344e-11
0.1725	2.1062397e-11
0.173	1.4047831e-12
0.1735	-1.8146244e-11
0.174	-3.8356754e-11
0.1745	-1.6480138e-11
0.175	-7.0119652e-13
0.1755	4.5835546e-12
0.176	6.1015487e-12
0.1765	2.0091112e-11
0.177	3.3287906e-11
0.1775	-6.7626166e-12
0.178	-1.4172998e-12
0.1785	1.2618095e-11
0.179	4.6900191e-11
0.1795	4.7098186e-11
0.18	2.5433613e-11
0.1805	-2.0427985e-12
0.181	-1.8766955e-11
0.1815	-3.4228894e-11
0.182	1.7886792e-11
0.1825	1.9750846e-11
0.183	-7.2321624e-12
0.1835	-2.8899785e-11
0.184	-3.3334865e-11
0.1845	-2.0692063e-11
0.185	1.5308832e-12
0.1855	2.8200224e-11
0.186	3.8166397e-11
0.1865	1.6028438e-11
0.187	-1.2473429e-13
0.1875	-2.5009903e-11
0.188	-3.9658762e-11
0.1885	-2.7774141e-11
0.189	-4.1190397e-12
0.1895	1.0903625e-11
0.19	1.8553143e-11
0.1905	2.4955176e-11
0.191	1.4431345e-11
0.1915	-2.7066213e-11
0.192	-1.7190851e-11
0.1925	-3.8642653e-11
0.193	-3.2995582e-11
0.1935	-4.2414478e-13
0.194	6.0370359e-11
0.1945	3.1211127e-11
0.195	5.0434066e-11
0.1955	1.6675455e-11
0.196	-2.1632854e-11
0.1965	-2.3420393e-11
0.197	-1.3218482e-11
0.1975	2.5843557e-11
0.198	1.4268322e-11
0.1985	3.2473316e-11
0.199	2.8356024e-11
0.1995	6.6149471e-13
0.2	-6.3353246e-11
