0.0005	0.00013789387
0.001	0.00039341427
0.0015	0.0039507385
0.002	0.0010992608
0.0025	0.00068196585
0.003	0.00035802155
0.0035	0.00029589813
0.004	0.0002304936
0.0045	0.00018594738
0.005	0.00015072519
0.0055	0.00012503562
0.006	0.00010350531
0.0065	8.4046436e-05
0.007	7.0866047e-05
0.0075	6.2835631e-05
0.008	5.5596922e-05
0.0085	4.6874716e-05
0.009	3.9749769e-05
0.0095	3.371977e-05
0.01	2.8926667e-05
0.0105	2.5051711e-05
0.011	2.3474652e-05
0.0115	2.1449764e-05
0.012	1.9778825e-05
0.0125	1.8736855e-05
0.013	1.6960992e-05
0.0135	1.5790847e-05
0.014	1.4021518e-05
0.0145	1.2697772e-05
0.015	1.122016e-05
0.0155	1.0109057e-05
0.016	9.1713201e-06
0.0165	8.4151784e-06
0.017	7.5090229e-06
0.0175	6.7781398e-06
0.018	6.0450547e-06
0.0185	5.5193403e-06
0.019	5.0353954e-06
0.0195	4.661245e-06
0.02	4.2532239e-06
0.0205	4.0054413e-06
0.021	3.6122254e-06
0.0215	3.4586041e-06
0.022	3.2487019e-06
0.0225	2.9436616e-06
0.023	2.8072789e-06
0.0235	2.6946233e-06
0.024	2.4610986e-06
0.0245	2.2555804e-06
0.025	2.1995358e-06
0.0255	2.1400666e-06
0.026	2.0014004e-06
0.0265	1.8595953e-06
0.027	1.7934928e-06
0.0275	1.8302127e-06
0.028	1.7070278e-06
0.0285	1.4135302e-06
0.029	1.5749562e-06
0.0295	1.4433672e-06
0.03	1.4650392e-06
0.0305	1.2172899e-06
0.031	1.382296e-06
0.0315	1.1663165e-06
0.032	1.3928951e-06
0.0325	1.3642188e-06
0.033	1.1238496e-06
0.0335	1.5154141e-06
0.034	1.3046996e-06
0.0345	1.2452025e-06
0.035	1.0847328e-06
0.0355	1.0635206e-06
0.036	1.13793e-06
0.0365	1.0586065e-06
0.037	1.1150707e-06
0.0375	1.1124263e-06
0.038	1.0983731e-06
0.0385	1.0121937e-06
0.039	1.2478313e-06
0.0395	1.1561312e-06
0.04	1.302721e-06
0.0405	1.171277e-06
0.041	9.9400469e-07
0.0415	8.5671059e-07
0.042	1.1753443e-06
0.0425	9.6947092e-07
0.043	1.0404673e-06
0.0435	1.095255e-06
0.044	1.0767093e-06
0.0445	9.7419486e-07
0.045	1.1450695e-06
0.0455	9.9996959e-07
0.046	1.2278684e-06
0.0465	1.1262129e-06
0.047	7.9296688e-07
0.0475	9.5256283e-07
0.048	9.5801019e-07
0.0485	1.0373283e-06
0.049	1.1330083e-06
0.0495	1.0569032e-06
0.05	1.0720795e-06
0.0505	1.0549167e-06
0.051	8.7663437e-07
0.0515	8.5624888e-07
0.052	9.4700098e-07
0.0525	1.0660668e-06
0.053	1.0421231e-06
0.0535	9.0870435e-07
0.054	9.8705765e-07
0.0545	9.317253e-07
0.055	7.8427752e-07
0.0555	9.5877088e-07
0.056	9.9960883e-07
0.0565	1.0095201e-06
0.057	1.0238333e-06
0.0575	1.0224592e-06
0.058	7.1556482e-07
0.0585	7.3406205e-07
0.059	1.0491404e-06
0.0595	1.0602127e-06
0.06	8.5077007e-07
0.0605	7.3449446e-07
0.061	1.1831653e-06
0.0615	6.8135575e-07
0.062	6.5250862e-07
0.0625	1.0046703e-06
0.063	8.6232849e-07
0.0635	8.5025569e-07
0.064	7.7852721e-07
0.0645	9.1757498e-07
0.065	1.001551e-06
0.0655	9.196625e-07
0.066	9.2401943e-07
0.0665	7.582306e-07
0.067	8.1420824e-07
0.0675	9.4178215e-07
0.068	1.1229393e-06
0.0685	7.3839208e-07
0.069	9.2992763e-07
0.0695	7.7201993e-07
0.07	6.4986531e-07
0.0705	6.8290018e-07
0.071	1.1115279e-06
0.0715	7.1948405e-07
0.072	9.715105e-07
0.0725	6.080586e-07
0.073	4.8546463e-07
0.0735	7.8064047e-07
0.074	8.5333597e-07
0.0745	8.39677e-07
0.075	4.4692278e-07
0.0755	1.0258843e-06
0.076	8.7801971e-07
0.0765	8.8916637e-07
0.077	1.0347794e-06
0.0775	8.9562606e-07
0.078	1.1765891e-06
0.0785	7.7594177e-07
0.079	3.6469141e-07
0.0795	9.8463343e-07
0.08	3.7195125e-07
0.0805	1.1999052e-06
0.081	4.0201239e-07
0.0815	9.3615333e-07
0.082	6.9059396e-07
0.0825	4.1227184e-07
0.083	8.2940909e-07
0.0835	5.9044967e-07
0.084	3.9886276e-07
0.0845	9.5745708e-07
0.085	5.1028443e-07
0.0855	3.5035655e-07
0.086	9.2100479e-07
0.0865	6.4375579e-07
0.087	4.7367974e-07
0.0875	3.5987601e-07
0.088	8.0163893e-07
0.0885	4.9208108e-07
0.089	4.2441624e-07
0.0895	7.8130326e-07
0.09	4.9151058e-07
0.0905	3.7964885e-07
0.091	1.0059302e-06
0.0915	8.5281582e-07
0.092	5.6157741e-07
0.0925	6.5522313e-07
0.093	5.4575071e-07
0.0935	9.4100653e-07
0.094	6.1386163e-07
0.0945	3.9345354e-07
0.095	3.9225332e-07
0.0955	7.4064206e-07
0.096	3.6536029e-07
0.0965	8.696788e-07
0.097	5.0637432e-07
0.0975	4.3054043e-07
0.098	8.6032636e-07
0.0985	4.8980101e-07
0.099	4.2167214e-07
0.0995	3.9080903e-07
0.1	7.6096074e-07
0.1005	4.1353291e-07
0.101	3.8351532e-07
0.1015	1.0521953e-06
0.102	7.4896557e-07
0.1025	5.5452951e-07
0.103	5.3266739e-07
0.1035	5.0553696e-07
0.104	8.8222082e-07
0.1045	5.1854385e-07
0.105	4.7580485e-07
0.1055	4.3555857e-07
0.106	8.9291886e-07
0.1065	4.6239387e-07
0.107	4.3121182e-07
0.1075	4.1370741e-07
0.108	8.0851015e-07
0.1085	4.6300261e-07
0.109	4.1844264e-07
0.1095	4.0645689e-07
0.11	8.0764605e-07
0.1105	4.5403881e-07
0.111	3.9833355e-07
0.1115	1.0967839e-06
0.112	7.7430779e-07
0.1125	5.906352e-07
0.113	7.02273e-07
0.1135	6.3691719e-07
0.114	4.5256735e-07
0.1145	4.0257689e-07
0.115	8.2358398e-07
0.1155	4.3984892e-07
0.116	8.8824801e-07
0.1165	5.2380448e-07
0.117	3.7707395e-07
0.1175	9.740707e-07
0.118	9.5539894e-07
0.1185	6.6294563e-07
0.119	6.0923719e-07
0.1195	3.8237128e-07
0.12	9.9872126e-07
0.1205	6.1295192e-07
0.121	5.0939051e-07
0.1215	3.60888e-07
0.122	8.605636e-07
0.1225	5.3757839e-07
0.123	4.6183694e-07
0.1235	9.2822395e-07
0.124	5.2947418e-07
0.1245	4.4876987e-07
0.125	4.4630932e-07
0.1255	8.7980808e-07
0.126	4.987465e-07
0.1265	4.5219864e-07
0.127	4.253253e-07
0.1275	8.5491484e-07
0.128	4.8539677e-07
0.1285	4.3691194e-07
0.129	4.2544806e-07
0.1295	8.7415933e-07
0.13	5.0413048e-07
0.1305	4.420922e-07
0.131	4.3558277e-07
0.1315	8.4804876e-07
0.132	4.9396352e-07
0.1325	4.5085417e-07
0.133	4.4398727e-07
0.1335	8.9667952e-07
0.134	5.4104672e-07
0.1345	4.6730754e-07
0.135	4.5278859e-07
0.1355	8.7678196e-07
0.136	5.1462152e-07
0.1365	4.5571575e-07
0.137	4.4362184e-07
0.1375	8.9153964e-07
0.138	5.4413554e-07
0.1385	4.8002048e-07
0.139	4.6297468e-07
0.1395	9.0521233e-07
0.14	5.3582045e-07
0.1405	4.6816076e-07
0.141	4.5196608e-07
0.1415	9.0880967e-07
0.142	5.558849e-07
0.1425	4.9614557e-07
0.143	4.8054033e-07
0.1435	9.5687523e-07
0.144	5.6776165e-07
0.1445	4.9006899e-07
0.145	4.7665139e-07
0.1455	9.5839733e-07
0.146	5.701435e-07
0.1465	5.0957753e-07
0.147	5.1133567e-07
0.1475	3.758608e-07
0.148	8.7472502e-07
0.1485	4.9663512e-07
0.149	4.2677067e-07
0.1495	7.7520903e-07
0.15	3.9593146e-07
0.1505	6.1299404e-07
0.151	9.2710507e-07
0.1515	4.3050329e-07
0.152	4.4443775e-07
0.1525	4.351342e-07
0.153	8.5507951e-07
0.1535	5.2577711e-07
0.154	4.5238626e-07
0.1545	4.4156236e-07
0.155	8.4819726e-07
0.1555	5.0536767e-07
0.156	4.7060325e-07
0.1565	4.5552677e-07
0.157	9.0905385e-07
0.1575	5.3059957e-07
0.158	4.7779728e-07
0.1585	4.7945039e-07
0.159	9.6685669e-07
0.1595	5.6091765e-07
0.16	5.3789556e-07
0.1605	5.3734603e-07
0.161	3.7157913e-07
0.1615	8.8048206e-07
0.162	5.6016016e-07
0.1625	4.5460082e-07
0.163	9.0123112e-07
0.1635	5.4800055e-07
0.164	4.9670829e-07
0.1645	4.7665948e-07
0.165	9.6075686e-07
0.1655	5.4736431e-07
0.166	5.1098478e-07
0.1665	5.059524e-07
0.167	3.6680628e-07
0.1675	8.4587506e-07
0.168	4.9517299e-07
0.1685	4.4334969e-07
0.169	8.6916876e-07
0.1695	5.0871804e-07
0.17	4.7036246e-07
0.1705	4.6637238e-07
0.171	9.3543997e-07
0.1715	5.2975154e-07
0.172	5.0024245e-07
0.1725	4.8180347e-07
0.173	9.8007472e-07
0.1735	5.4693387e-07
0.174	5.1490485e-07
0.1745	4.9985149e-07
0.175	3.6704761e-07
0.1755	8.101941e-07
0.176	4.5974946e-07
0.1765	8.8087154e-07
0.177	5.1225988e-07
0.1775	3.7686163e-07
0.178	1.0116574e-06
0.1785	7.5056173e-07
0.179	4.4976249e-07
0.1795	5.9456215e-07
0.18	6.0025192e-07
0.1805	4.137636e-07
0.181	8.7598889e-07
0.1815	5.6486162e-07
0.182	4.1539283e-07
0.1825	4.5716806e-07
0.183	7.9587724e-07
0.1835	5.1908133e-07
0.184	4.3675464e-07
0.1845	4.38724e-07
0.185	8.4427468e-07
0.1855	4.920857e-07
0.186	4.7736048e-07
0.1865	4.6337922e-07
0.187	9.2091552e-07
0.1875	5.4129528e-07
0.188	5.1796869e-07
0.1885	5.0703323e-07
0.189	3.5755164e-07
0.1895	8.0841062e-07
0.19	4.8385204e-07
0.1905	4.4147684e-07
0.191	8.4971645e-07
0.1915	4.5811007e-07
0.192	8.6673274e-07
0.1925	4.9485261e-07
0.193	4.0765155e-07
0.1935	1.1766275e-06
0.194	8.1532709e-07
0.1945	5.8956905e-07
0.195	6.5163612e-07
0.1955	6.3142672e-07
0.196	4.3723135e-07
0.1965	3.9879361e-07
0.197	7.6960011e-07
0.1975	4.0900056e-07
0.198	7.8893875e-07
0.1985	4.5133752e-07
0.199	3.7504735e-07
0.1995	1.0799158e-06
0.2	7.6381801e-07
