0.0005	0.0099758808
0.001	0.00017049313
0.0015	0.0005872293
0.002	9.3190714e-05
0.0025	7.8853613e-05
0.003	4.5613074e-05
0.0035	3.4727236e-05
0.004	2.619536e-05
0.0045	2.2071595e-05
0.005	1.8428495e-05
0.0055	1.6173546e-05
0.006	1.3569713e-05
0.0065	1.1540217e-05
0.007	7.8721649e-06
0.0075	8.2415444e-06
0.008	7.8421479e-06
0.0085	6.5387425e-06
0.009	5.2799566e-06
0.0095	5.6312018e-06
0.01	5.2103371e-06
0.0105	4.3744429e-06
0.011	4.1500091e-06
0.0115	3.1541179e-06
0.012	2.5617847e-06
0.0125	2.8278476e-06
0.013	2.31103e-06
0.0135	2.3116249e-06
0.014	1.8022936e-06
0.0145	1.740912e-06
0.015	1.2659593e-06
0.0155	1.2209382e-06
0.016	1.1208002e-06
0.0165	1.2572637e-06
0.017	1.0607163e-06
0.0175	1.090691e-06
0.018	9.2317573e-07
0.0185	9.2609675e-07
0.019	9.0430437e-07
0.0195	9.8797352e-07
0.02	9.5741673e-07
0.0205	9.6023159e-07
0.021	8.2260087e-07
0.0215	9.9773953e-07
0.022	9.7837422e-07
0.0225	9.2959282e-07
0.023	9.4281456e-07
0.0235	9.4934577e-07
0.024	8.6200424e-07
0.0245	8.9472308e-07
0.025	9.6850282e-07
0.0255	9.7372911e-07
0.026	9.2511558e-07
0.0265	9.1064902e-07
0.027	8.3827515e-07
0.0275	9.5728695e-07
0.028	8.9238797e-07
0.0285	7.378428e-07
0.029	9.7053195e-07
0.0295	7.9023884e-07
0.03	9.2915645e-07
0.0305	7.7449656e-07
0.031	7.1568843e-07
0.0315	7.2794421e-07
0.032	9.9253314e-07
0.0325	9.669508e-07
0.033	7.656021e-07
0.0335	9.8624703e-07
0.034	9.7308951e-07
0.0345	8.3781636e-07
0.035	7.0458455e-07
0.0355	8.2646264e-07
0.036	9.3058083e-07
0.0365	8.6765286e-07
0.037	9.2101451e-07
0.0375	8.8330694e-07
0.038	9.3093198e-07
0.0385	7.2080363e-07
0.039	9.6779814e-07
0.0395	9.6909643e-07
0.04	9.8883469e-07
0.0405	9.934845e-07
0.041	9.022434e-07
0.0415	6.5891828e-07
0.042	9.455702e-07
0.0425	8.2588827e-07
0.043	8.2701043e-07
0.0435	8.9991195e-07
0.044	9.2708897e-07
0.0445	8.6916415e-07
0.045	9.0779299e-07
0.0455	8.7162111e-07
0.046	9.8662145e-07
0.0465	9.1525414e-07
0.047	5.7961742e-07
0.0475	8.4912152e-07
0.048	7.8488613e-07
0.0485	8.9498867e-07
0.049	9.7439141e-07
0.0495	8.4475262e-07
0.05	9.8352835e-07
0.0505	9.0171939e-07
0.051	8.0972858e-07
0.0515	7.4308102e-07
0.052	8.4830176e-07
0.0525	9.4403826e-07
0.053	8.4784508e-07
0.0535	9.522768e-07
0.054	9.3937348e-07
0.0545	8.3591516e-07
0.055	6.6930577e-07
0.0555	9.2031847e-07
0.056	9.6201186e-07
0.0565	7.6856653e-07
0.057	9.0306434e-07
0.0575	9.3234059e-07
0.058	5.2633961e-07
0.0585	5.9207631e-07
0.059	9.9815274e-07
0.0595	9.1901329e-07
0.06	7.4307985e-07
0.0605	6.4192661e-07
0.061	9.6105316e-07
0.0615	5.1680182e-07
0.062	5.5527244e-07
0.0625	8.5341956e-07
0.063	7.1603888e-07
0.0635	8.236888e-07
0.064	6.8078417e-07
0.0645	6.4629924e-07
0.065	9.8664879e-07
0.0655	9.4919343e-07
0.066	8.6173808e-07
0.0665	6.7914369e-07
0.067	5.2474377e-07
0.0675	8.3405308e-07
0.068	9.0899607e-07
0.0685	7.7100942e-07
0.069	9.8993682e-07
0.0695	6.036358e-07
0.07	4.6276854e-07
0.0705	7.0902537e-07
0.071	8.0179643e-07
0.0715	5.405549e-07
0.072	9.4172111e-07
0.0725	3.5997079e-07
0.073	5.3426099e-07
0.0735	6.3114185e-07
0.074	9.4348746e-07
0.0745	4.979013e-07
0.075	2.6014976e-07
0.0755	9.8327365e-07
0.076	8.7801971e-07
0.0765	7.8838636e-07
0.077	8.4921823e-07
0.0775	8.8029037e-07
0.078	9.9646236e-07
0.0785	7.2123565e-07
0.079	1.5312e-07
0.0795	7.645958e-07
0.08	3.5880356e-07
0.0805	9.8538858e-07
0.081	3.1162273e-07
0.0815	9.3615333e-07
0.082	5.7606564e-07
0.0825	2.7617131e-07
0.083	4.1386829e-07
0.0835	4.123274e-07
0.084	2.1801623e-07
0.0845	9.5745708e-07
0.085	3.294819e-07
0.0855	2.1421255e-07
0.086	5.1206113e-07
0.0865	3.8727292e-07
0.087	2.483108e-07
0.0875	2.136225e-07
0.088	4.0727248e-07
0.0885	2.8811502e-07
0.089	2.5141109e-07
0.0895	7.8130326e-07
0.09	2.9749292e-07
0.0905	2.3016716e-07
0.091	5.4792702e-07
0.0915	8.5281582e-07
0.092	5.0287043e-07
0.0925	5.1807109e-07
0.093	3.2329311e-07
0.0935	9.4100653e-07
0.094	3.8491684e-07
0.0945	2.1917578e-07
0.095	2.2237606e-07
0.0955	3.1329398e-07
0.096	2.3752385e-07
0.0965	5.5354198e-07
0.097	2.6530165e-07
0.0975	2.398519e-07
0.098	8.6032636e-07
0.0985	2.7837724e-07
0.099	2.5426334e-07
0.0995	2.0281411e-07
0.1	7.6096074e-07
0.1005	2.3294048e-07
0.101	2.3867564e-07
0.1015	5.8023349e-07
0.102	7.4896557e-07
0.1025	4.659697e-07
0.103	3.1748872e-07
0.1035	2.5618591e-07
0.104	8.8222082e-07
0.1045	3.0313678e-07
0.105	2.8766361e-07
0.1055	2.2468991e-07
0.106	8.9291886e-07
0.1065	2.5472187e-07
0.107	2.7789663e-07
0.1075	2.1049717e-07
0.108	8.0851015e-07
0.1085	2.7039372e-07
0.109	2.5097535e-07
0.1095	2.1419655e-07
0.11	8.0764605e-07
0.1105	2.5949509e-07
0.111	2.4299777e-07
0.1115	6.0827341e-07
0.112	7.7430779e-07
0.1125	5.0301455e-07
0.113	4.5449458e-07
0.1135	3.3392077e-07
0.114	2.5337521e-07
0.1145	2.2820142e-07
0.115	3.7678745e-07
0.1155	2.7495693e-07
0.116	8.8824801e-07
0.1165	3.2243509e-07
0.117	2.1536809e-07
0.1175	5.3113089e-07
0.118	6.0635895e-07
0.1185	3.4514073e-07
0.119	3.5491408e-07
0.1195	2.0147922e-07
0.12	5.3621958e-07
0.1205	3.4948619e-07
0.121	2.8146745e-07
0.1215	1.9817631e-07
0.122	4.318127e-07
0.1225	3.0447064e-07
0.123	2.6045842e-07
0.1235	9.2822395e-07
0.124	2.9994507e-07
0.1245	2.7539575e-07
0.125	2.3689115e-07
0.1255	8.7980808e-07
0.126	2.8846516e-07
0.1265	2.8265429e-07
0.127	2.2344591e-07
0.1275	8.5491484e-07
0.128	2.7892503e-07
0.1285	2.7469839e-07
0.129	2.329924e-07
0.1295	8.7415933e-07
0.13	2.9215493e-07
0.1305	2.7935571e-07
0.131	2.3406432e-07
0.1315	8.4804876e-07
0.132	2.9156071e-07
0.1325	2.8026927e-07
0.133	2.4733936e-07
0.1335	8.9667952e-07
0.134	3.2401505e-07
0.1345	2.9464644e-07
0.135	2.5467532e-07
0.1355	8.7678196e-07
0.136	3.0554841e-07
0.1365	2.8593174e-07
0.137	2.5008215e-07
0.1375	8.9153964e-07
0.138	3.3637427e-07
0.1385	3.0851588e-07
0.139	2.7245346e-07
0.1395	9.0521233e-07
0.14	3.2211002e-07
0.1405	2.9646672e-07
0.141	2.5672939e-07
0.1415	9.0880967e-07
0.142	3.4761301e-07
0.1425	3.1855977e-07
0.143	2.8974669e-07
0.1435	9.5687523e-07
0.144	3.4269847e-07
0.1445	3.106606e-07
0.145	2.6659483e-07
0.1455	9.5839733e-07
0.146	3.5200978e-07
0.1465	3.249281e-07
0.147	3.0720149e-07
0.1475	2.2026052e-07
0.148	4.7252077e-07
0.1485	2.9024724e-07
0.149	2.721217e-07
0.1495	3.5790746e-07
0.15	2.7244082e-07
0.1505	6.1299404e-07
0.151	9.2710507e-07
0.1515	2.7484345e-07
0.152	3.1913902e-07
0.1525	2.5287907e-07
0.153	8.5507951e-07
0.1535	3.1856314e-07
0.154	2.8457815e-07
0.1545	2.4826796e-07
0.155	8.4819726e-07
0.1555	3.117564e-07
0.156	3.0004458e-07
0.1565	2.5341187e-07
0.157	9.0905385e-07
0.1575	3.1275657e-07
0.158	2.9754115e-07
0.1585	2.7142933e-07
0.159	9.6685669e-07
0.1595	3.304076e-07
0.16	3.5287873e-07
0.1605	2.9253574e-07
0.161	2.0877345e-07
0.1615	4.5525419e-07
0.162	3.2756869e-07
0.1625	2.6248157e-07
0.163	9.0123112e-07
0.1635	3.3004548e-07
0.164	3.1583165e-07
0.1645	2.5594286e-07
0.165	9.6075686e-07
0.1655	3.1499979e-07
0.166	3.3388118e-07
0.1665	2.7650146e-07
0.167	2.1114105e-07
0.1675	4.3095348e-07
0.168	2.897674e-07
0.1685	2.6728576e-07
0.169	8.6916876e-07
0.1695	2.9086608e-07
0.17	3.1178025e-07
0.1705	2.5730552e-07
0.171	9.3543997e-07
0.1715	3.1197183e-07
0.172	3.3167028e-07
0.1725	2.5774586e-07
0.173	9.8007472e-07
0.1735	3.1074718e-07
0.174	3.5553337e-07
0.1745	2.6813686e-07
0.175	2.1370357e-07
0.1755	4.0413215e-07
0.176	2.7037676e-07
0.1765	8.8087154e-07
0.177	3.1968943e-07
0.1775	2.2384598e-07
0.178	5.8825398e-07
0.1785	7.5056173e-07
0.179	3.4734551e-07
0.1795	4.2749674e-07
0.18	3.3657522e-07
0.1805	2.3867854e-07
0.181	8.7598889e-07
0.1815	3.3771629e-07
0.182	2.5934316e-07
0.1825	2.8603635e-07
0.183	7.9587724e-07
0.1835	3.2331531e-07
0.184	2.7714938e-07
0.1845	2.4135519e-07
0.185	8.4427468e-07
0.1855	2.8633358e-07
0.186	3.1234961e-07
0.1865	2.5575609e-07
0.187	9.2091552e-07
0.1875	3.2169011e-07
0.188	3.4367309e-07
0.1885	2.8408918e-07
0.189	2.0292969e-07
0.1895	4.0082667e-07
0.19	2.8329652e-07
0.1905	2.7316451e-07
0.191	3.9908154e-07
0.1915	3.0107836e-07
0.192	8.6673274e-07
0.1925	3.1245937e-07
0.193	2.5058902e-07
0.1935	6.9417695e-07
0.194	8.1532709e-07
0.1945	5.2596231e-07
0.195	4.5424382e-07
0.1955	3.4962144e-07
0.196	2.5730557e-07
0.1965	2.3800913e-07
0.197	3.5543433e-07
0.1975	2.6396449e-07
0.198	7.8893875e-07
0.1985	2.8718015e-07
0.199	2.2951465e-07
0.1995	6.4128819e-07
0.2	7.6381801e-07
