0.0005	-8.4765931e-09
0.001	3.1623817e-09
0.0015	1.0560101e-10
0.002	5.7351617e-10
0.0025	-6.6217307e-10
0.003	-4.3252339e-10
0.0035	-6.9374878e-10
0.004	-8.7058001e-10
0.0045	-9.3223939e-10
0.005	-9.6942554e-10
0.0055	-9.4556112e-10
0.006	-9.1471503e-10
0.0065	-9.1028428e-10
0.007	-9.4046348e-10
0.0075	-9.6920311e-10
0.008	-9.6643821e-10
0.0085	-9.7165856e-10
0.009	-9.7100939e-10
0.0095	-9.7315627e-10
0.01	-1.0378897e-09
0.0105	-1.0407711e-09
0.011	-1.010364e-09
0.0115	-9.8726583e-10
0.012	-9.6144198e-10
0.0125	-9.7401974e-10
0.013	-9.7140151e-10
0.0135	-1.131814e-09
0.014	-1.1105636e-09
0.0145	-1.1176899e-09
0.015	-1.0450862e-09
0.0155	-1.0624186e-09
0.016	-1.063643e-09
0.0165	-1.067044e-09
0.017	-1.0562991e-09
0.0175	-1.0474427e-09
0.018	-9.934909e-10
0.0185	-9.6732181e-10
0.019	-9.4680871e-10
0.0195	-9.3164001e-10
0.02	-9.2255802e-10
0.0205	-9.3684263e-10
0.021	-9.1610409e-10
0.0215	-9.1776236e-10
0.022	-8.6974526e-10
0.0225	-8.5298599e-10
0.023	-8.8976875e-10
0.0235	-8.4052194e-10
0.024	-8.3150331e-10
0.0245	-8.1223829e-10
0.025	-8.0979199e-10
0.0255	-8.0787875e-10
0.026	-8.4619245e-10
0.0265	-8.7129029e-10
0.027	-8.9471582e-10
0.0275	-8.8874955e-10
0.028	-8.8160278e-10
0.0285	-8.8671729e-10
0.029	-8.8299205e-10
0.0295	-1.2243201e-09
0.03	-1.1937091e-09
0.0305	-1.2279113e-09
0.031	-1.19362e-09
0.0315	-1.1979861e-09
0.032	-1.2431129e-09
0.0325	-1.204103e-09
0.033	-1.2453577e-09
0.0335	-1.2356193e-09
0.034	-1.3790486e-09
0.0345	-1.3910965e-09
0.035	-1.4050876e-09
0.0355	-1.42524e-09
0.036	-1.3888556e-09
0.0365	-1.3927159e-09
0.037	-1.4238499e-09
0.0375	-1.4355526e-09
0.038	-1.4246912e-09
0.0385	-1.4907774e-09
0.039	-1.5718508e-09
0.0395	-1.5532032e-09
0.04	-1.5215113e-09
0.0405	-1.5275917e-09
0.041	-1.4694227e-09
0.0415	-1.4557704e-09
0.042	-1.5104384e-09
0.0425	-1.5434388e-09
0.043	-1.5253377e-09
0.0435	-1.5076213e-09
0.044	-1.4907511e-09
0.0445	-1.5153429e-09
0.045	-1.5509349e-09
0.0455	-1.5287577e-09
0.046	-1.6002399e-09
0.0465	-1.6322702e-09
0.047	-1.638143e-09
0.0475	-1.6727622e-09
0.048	-2.4444602e-09
0.0485	-2.4791351e-09
0.049	-2.1822629e-09
0.0495	-2.015188e-09
0.05	-1.7844282e-09
0.0505	-2.0045174e-09
0.051	-1.7492218e-09
0.0515	-2.5963347e-09
0.052	-2.541952e-09
0.0525	-2.8294368e-09
0.053	-2.8640926e-09
0.0535	-3.258157e-09
0.054	-2.7352062e-09
0.0545	-2.3133589e-09
0.055	-2.4808914e-09
0.0555	-3.2703919e-09
0.056	-4.1120943e-09
0.0565	-4.388534e-09
0.057	-4.2458774e-09
0.0575	-3.3332614e-09
0.058	-2.7683956e-09
0.0585	-3.524243e-09
0.059	-3.5703889e-09
0.0595	-3.6906902e-09
0.06	-3.3554798e-09
0.0605	-3.0126441e-09
0.061	-3.3433421e-09
0.0615	-2.9724919e-09
0.062	-2.3358339e-09
0.0625	-2.5312179e-09
0.063	-2.2102659e-09
0.0635	-1.8712265e-09
0.064	-2.3887816e-09
0.0645	-1.9550622e-09
0.065	-1.5418433e-09
0.0655	-1.9774208e-09
0.066	-1.7841438e-09
0.0665	-1.5815727e-09
0.067	-1.927235e-09
0.0675	-1.3705403e-09
0.068	-9.5889687e-10
0.0685	-1.2691511e-09
0.069	-6.6382308e-10
0.0695	-1.893728e-10
0.07	-4.8519656e-10
0.0705	-2.5142247e-10
0.071	4.0392004e-11
0.0715	-3.0497897e-10
0.072	9.8627612e-12
0.0725	3.6777678e-10
0.073	-7.1284908e-11
0.0735	4.9512732e-10
0.074	9.9827112e-10
0.0745	1.7034026e-09
0.075	2.3699044e-09
0.0755	2.6065462e-09
0.076	2.8859496e-09
0.0765	2.784012e-09
0.077	2.6808795e-09
0.0775	2.3939692e-09
0.078	2.1080494e-09
0.0785	1.8335219e-09
0.079	1.5361746e-09
0.0795	1.1665515e-09
0.08	1.0342211e-09
0.0805	8.5692037e-10
0.081	8.6117828e-10
0.0815	7.9690692e-10
0.082	8.9442749e-10
0.0825	1.1949113e-09
0.083	1.6044259e-09
0.0835	2.0555834e-09
0.084	2.6256448e-09
0.0845	3.2749847e-09
0.085	3.9849907e-09
0.0855	4.7374954e-09
0.086	5.4225611e-09
0.0865	6.2183261e-09
0.087	6.9745952e-09
0.0875	7.8509974e-09
0.088	8.7264618e-09
0.0885	9.6620325e-09
0.089	1.0609378e-08
0.0895	1.1647926e-08
0.09	1.2702103e-08
0.0905	1.3774018e-08
0.091	1.4871287e-08
0.0915	1.5997619e-08
0.092	1.7155629e-08
0.0925	1.8343309e-08
0.093	1.9556631e-08
0.0935	2.0790978e-08
0.094	2.2045508e-08
0.0945	2.3321746e-08
0.095	2.4622903e-08
0.0955	2.595341e-08
0.096	2.730747e-08
0.0965	2.8683963e-08
0.097	3.0084726e-08
0.0975	3.1511446e-08
0.098	3.2965685e-08
0.0985	3.4454181e-08
0.099	3.5998751e-08
0.0995	3.759841e-08
0.1	3.9249727e-08
0.1005	4.0937304e-08
0.101	4.2655973e-08
0.1015	4.440588e-08
0.102	4.6187363e-08
0.1025	4.800041e-08
0.103	4.9844664e-08
0.1035	5.1719886e-08
0.104	5.3625419e-08
0.1045	5.5560515e-08
0.105	5.7524194e-08
0.1055	5.9515402e-08
0.106	6.1532743e-08
0.1065	6.3574912e-08
0.107	6.5640624e-08
0.1075	6.7728801e-08
0.108	6.9838408e-08
0.1085	7.1968646e-08
0.109	7.4119016e-08
0.1095	7.6289104e-08
0.11	7.8478583e-08
0.1105	8.0687043e-08
0.111	8.2913929e-08
0.1115	8.5158525e-08
0.112	8.7420275e-08
0.1125	8.969819e-08
0.113	9.1990939e-08
0.1135	9.4297564e-08
0.114	9.6616689e-08
0.1145	9.8947145e-08
0.115	1.0128839e-07
0.1155	1.0363954e-07
0.116	1.0599984e-07
0.1165	1.0836941e-07
0.117	1.1074789e-07
0.1175	1.1313443e-07
0.118	1.1552921e-07
0.1185	1.1793214e-07
0.119	1.2034272e-07
0.1195	1.2276085e-07
0.12	1.25186e-07
0.1205	1.2761705e-07
0.121	1.3005191e-07
0.1215	1.3248886e-07
0.122	1.3492684e-07
0.1225	1.3736431e-07
0.123	1.3979999e-07
0.1235	1.422328e-07
0.124	1.4466126e-07
0.1245	1.4708526e-07
0.125	1.495046e-07
0.1255	1.5191903e-07
0.126	1.5432833e-07
0.1265	1.567323e-07
0.127	1.5913074e-07
0.1275	1.6152348e-07
0.128	1.639104e-07
0.1285	1.6629149e-07
0.129	1.6866685e-07
0.1295	1.7103678e-07
0.13	1.7340181e-07
0.1305	1.7576272e-07
0.131	1.7812058e-07
0.1315	1.8047637e-07
0.132	1.8283059e-07
0.1325	1.8518481e-07
0.133	1.8754106e-07
0.1335	1.8990073e-07
0.134	1.9226522e-07
0.1345	1.9463505e-07
0.135	1.9701085e-07
0.1355	1.99393e-07
0.136	2.0178128e-07
0.1365	2.0417516e-07
0.137	2.0657366e-07
0.1375	2.0897563e-07
0.138	2.1138012e-07
0.1385	2.1378597e-07
0.139	2.161935e-07
0.1395	2.1860304e-07
0.14	2.2101504e-07
0.1405	2.2343015e-07
0.141	2.2584904e-07
0.1415	2.2827226e-07
0.142	2.3070018e-07
0.1425	2.3313295e-07
0.143	2.3557037e-07
0.1435	2.3801122e-07
0.144	2.4045405e-07
0.1445	2.4289711e-07
0.145	2.453386e-07
0.1455	2.4777682e-07
0.146	2.5021014e-07
0.1465	2.526372e-07
0.147	2.5505706e-07
0.1475	2.5746911e-07
0.148	2.5987378e-07
0.1485	2.6227179e-07
0.149	2.6466413e-07
0.1495	2.6705198e-07
0.15	2.6943676e-07
0.1505	2.7182017e-07
0.151	2.7420386e-07
0.1515	2.7658936e-07
0.152	2.7897801e-07
0.1525	2.813709e-07
0.153	2.8376891e-07
0.1535	2.8617291e-07
0.154	2.8858328e-07
0.1545	2.9100044e-07
0.155	2.934248e-07
0.1555	2.958567e-07
0.156	2.9829645e-07
0.1565	3.0074425e-07
0.157	3.0320019e-07
0.1575	3.0566418e-07
0.158	3.0813595e-07
0.1585	3.1061502e-07
0.159	3.1310071e-07
0.1595	3.1559223e-07
0.16	3.1808867e-07
0.1605	3.2058912e-07
0.161	3.2309275e-07
0.1615	3.2559887e-07
0.162	3.2810695e-07
0.1625	3.306167e-07
0.163	3.3312801e-07
0.1635	3.3564089e-07
0.164	3.3815542e-07
0.1645	3.4067166e-07
0.165	3.4318951e-07
0.1655	3.4570871e-07
0.166	3.4822876e-07
0.1665	3.5074892e-07
0.167	3.5326834e-07
0.1675	3.5578611e-07
0.168	3.5830139e-07
0.1685	3.6081362e-07
0.169	3.6332258e-07
0.1695	3.6582366e-07
0.17	3.6570714e-07
0.1705	3.6560306e-07
0.171	3.6579412e-07
0.1715	3.6597765e-07
0.172	3.6623012e-07
0.1725	3.665084e-07
0.173	3.6681709e-07
0.1735	3.6711978e-07
0.174	3.6743636e-07
0.1745	3.6772369e-07
0.175	3.6803982e-07
0.1755	3.684314e-07
0.176	3.687505e-07
0.1765	3.6906695e-07
0.177	3.6937057e-07
0.1775	3.6965794e-07
0.178	3.6992782e-07
0.1785	3.7017965e-07
0.179	3.7041338e-07
0.1795	3.7062909e-07
0.18	3.7082686e-07
0.1805	3.7100693e-07
0.181	3.7116909e-07
0.1815	3.7131382e-07
0.182	3.7144143e-07
0.1825	3.7155226e-07
0.183	3.7164692e-07
0.1835	3.7172624e-07
0.184	3.717912e-07
0.1845	3.7184321e-07
0.185	3.7188297e-07
0.1855	3.719113e-07
0.186	3.7192917e-07
0.1865	3.7193766e-07
0.187	3.7193816e-07
0.1875	3.7193166e-07
0.188	3.719193e-07
0.1885	3.7190158e-07
0.189	3.7187926e-07
0.1895	3.7185268e-07
0.19	3.7182235e-07
0.1905	3.7178819e-07
0.191	3.7175046e-07
0.1915	3.7170902e-07
0.192	3.7166399e-07
0.1925	3.7161516e-07
0.193	3.7156275e-07
0.1935	3.7150682e-07
0.194	3.7144781e-07
0.1945	3.7138619e-07
0.195	3.7132292e-07
0.1955	3.7125885e-07
0.196	3.7119534e-07
0.1965	3.7113364e-07
0.197	3.7107538e-07
0.1975	3.7102173e-07
0.198	3.7097391e-07
0.1985	3.7093256e-07
0.199	3.7089831e-07
0.1995	3.7087158e-07
0.2	3.70852e-07
