0.0005	1.5450783e-07
0.001	8.8540143e-09
0.0015	9.4482911e-09
0.002	8.3396737e-09
0.0025	7.7552796e-09
0.003	7.2009774e-09
0.0035	6.9528874e-09
0.004	5.4830612e-09
0.0045	4.6860001e-09
0.005	6.3430633e-09
0.0055	5.8055778e-09
0.006	5.8240554e-09
0.0065	4.6919599e-09
0.007	5.5035593e-09
0.0075	4.9205684e-09
0.008	5.3309519e-09
0.0085	5.0751064e-09
0.009	4.5141177e-09
0.0095	4.545161e-09
0.01	4.8025474e-09
0.0105	4.4631417e-09
0.011	3.7441779e-09
0.0115	3.5900726e-09
0.012	4.4427389e-09
0.0125	5.2470394e-09
0.013	4.4468797e-09
0.0135	4.725532e-09
0.014	3.7162376e-09
0.0145	4.1372562e-09
0.015	2.9389669e-09
0.0155	3.1927076e-09
0.016	5.0720573e-09
0.0165	4.681965e-09
0.017	4.0998938e-09
0.0175	5.0060907e-09
0.018	4.0438465e-09
0.0185	3.5094428e-09
0.019	3.3620785e-09
0.0195	3.6687327e-09
0.02	3.3259453e-09
0.0205	2.7772993e-09
0.021	2.7394045e-09
0.0215	3.1788812e-09
0.022	4.7184821e-09
0.0225	4.6114804e-09
0.023	3.8398084e-09
0.0235	3.9939953e-09
0.024	3.9876627e-09
0.0245	3.7336205e-09
0.025	4.1156559e-09
0.0255	3.6288506e-09
0.026	3.5791376e-09
0.0265	3.9306852e-09
0.027	3.8143134e-09
0.0275	4.8592782e-09
0.028	3.0598628e-09
0.0285	3.1411827e-09
0.029	3.8081181e-09
0.0295	3.9077903e-09
0.03	3.2920219e-09
0.0305	4.7869455e-09
0.031	3.8144334e-09
0.0315	4.8344686e-09
0.032	5.1325419e-09
0.0325	3.7712397e-09
0.033	4.3912962e-09
0.0335	3.4292893e-09
0.034	4.4429048e-09
0.0345	4.7269813e-09
0.035	4.3374587e-09
0.0355	5.14757e-09
0.036	3.7760293e-09
0.0365	4.57855e-09
0.037	4.6024192e-09
0.0375	4.2485694e-09
0.038	3.4862189e-09
0.0385	3.8232545e-09
0.039	4.3502853e-09
0.0395	3.7244426e-09
0.04	3.0113125e-09
0.0405	4.9014308e-09
0.041	3.4064399e-09
0.0415	4.063003e-09
0.042	4.7924735e-09
0.0425	3.1879086e-09
0.043	5.0290947e-09
0.0435	4.6960625e-09
0.044	4.4483555e-09
0.0445	4.6165316e-09
0.045	4.4483849e-09
0.0455	3.6919926e-09
0.046	3.1958946e-09
0.0465	3.9301993e-09
0.047	4.086964e-09
0.0475	4.8144825e-09
0.048	5.1553672e-09
0.0485	4.8487914e-09
0.049	4.9460436e-09
0.0495	5.0882959e-09
0.05	4.9342286e-09
0.0505	3.6352474e-09
0.051	5.0734832e-09
0.0515	3.4501883e-09
0.052	3.624713e-09
0.0525	4.7546606e-09
0.053	3.8138283e-09
0.0535	2.7169494e-09
0.054	4.3740975e-09
0.0545	3.8716142e-09
0.055	3.9466613e-09
0.0555	5.1113096e-09
0.056	4.9945882e-09
0.0565	4.5871101e-09
0.057	4.4205316e-09
0.0575	4.1003718e-09
0.058	5.1269461e-09
0.0585	3.2061263e-09
0.059	4.4004051e-09
0.0595	3.6649899e-09
0.06	4.121492e-09
0.0605	4.8115423e-09
0.061	5.0789812e-09
0.0615	4.0253895e-09
0.062	4.8774409e-09
0.0625	5.095802e-09
0.063	4.3876256e-09
0.0635	5.0172084e-09
0.064	4.9727734e-09
0.0645	5.135577e-09
0.065	3.8307838e-09
0.0655	5.1490292e-09
0.066	4.3782658e-09
0.0665	5.1531073e-09
0.067	5.0597623e-09
0.0675	4.995398e-09
0.068	3.6481662e-09
0.0685	5.0931328e-09
0.069	3.3393651e-09
0.0695	5.1494899e-09
0.07	3.1154308e-09
0.0705	4.4540871e-09
0.071	4.1852934e-09
0.0715	4.3856748e-09
0.072	3.3077579e-09
0.0725	4.3903148e-09
0.073	4.3898987e-09
0.0735	4.8254751e-09
0.074	5.1260717e-09
0.0745	3.7162663e-09
0.075	2.8583238e-09
0.0755	4.2412776e-09
0.076	4.8818785e-09
0.0765	4.9355689e-09
0.077	4.0971822e-09
0.0775	4.9248081e-09
0.078	5.0018619e-09
0.0785	4.8869978e-09
0.079	4.9462033e-09
0.0795	5.1230197e-09
0.08	4.5526835e-09
0.0805	4.9172842e-09
0.081	4.4196087e-09
0.0815	2.4842089e-09
0.082	3.5566154e-09
0.0825	4.6286659e-09
0.083	4.4309374e-09
0.0835	5.1254335e-09
0.084	4.4478625e-09
0.0845	4.5117194e-09
0.085	4.3559213e-09
0.0855	5.0990162e-09
0.086	3.9342566e-09
0.0865	4.9498093e-09
0.087	5.0534027e-09
0.0875	4.5064622e-09
0.088	4.7404108e-09
0.0885	4.7777611e-09
0.089	4.916821e-09
0.0895	5.1197993e-09
0.09	3.0270172e-09
0.0905	4.6472271e-09
0.091	3.8638828e-09
0.0915	3.7656816e-09
0.092	4.4880182e-09
0.0925	5.06666e-09
0.093	4.3765735e-09
0.0935	3.6707494e-09
0.094	4.4663096e-09
0.0945	4.4167392e-09
0.095	4.8917506e-09
0.0955	3.6586443e-09
0.096	4.0899075e-09
0.0965	4.6404185e-09
0.097	5.0961437e-09
0.0975	4.6926835e-09
0.098	5.0314627e-09
0.0985	4.9812545e-09
0.099	3.9062808e-09
0.0995	4.7900038e-09
0.1	4.9939485e-09
0.1005	4.0703447e-09
0.101	2.6155547e-09
0.1015	4.2421828e-09
0.102	2.6504391e-09
0.1025	2.9933227e-09
0.103	2.1172586e-09
0.1035	2.6749731e-09
0.104	4.8245478e-09
0.1045	4.7774536e-09
0.105	4.2947233e-09
0.1055	4.3631939e-09
0.106	4.4352625e-09
0.1065	4.5765218e-09
0.107	4.8324641e-09
0.1075	5.1151543e-09
0.108	2.3517474e-09
0.1085	2.8918893e-09
0.109	3.8698654e-09
0.1095	4.5936113e-09
0.11	5.0836591e-09
0.1105	4.5548525e-09
0.111	2.6842865e-09
0.1115	4.6999863e-09
0.112	5.0334883e-09
0.1125	3.1065926e-09
0.113	5.0417536e-09
0.1135	3.2073728e-09
0.114	3.0949869e-09
0.1145	4.9416005e-09
0.115	5.0605653e-09
0.1155	2.9042926e-09
0.116	3.401027e-09
0.1165	4.346911e-09
0.117	3.6587434e-09
0.1175	4.707893e-09
0.118	4.7016119e-09
0.1185	3.0186019e-09
0.119	3.6011481e-09
0.1195	4.4293595e-09
0.12	5.1262221e-09
0.1205	3.1781115e-09
0.121	3.146803e-09
0.1215	4.6736084e-09
0.122	4.9953139e-09
0.1225	5.1356944e-09
0.123	5.0945488e-09
0.1235	3.2875528e-09
0.124	3.2969141e-09
0.1245	3.560419e-09
0.125	3.808792e-09
0.1255	4.0097224e-09
0.126	4.1679549e-09
0.1265	4.2920036e-09
0.127	4.3980061e-09
0.1275	4.4996147e-09
0.128	4.6037266e-09
0.1285	4.7091103e-09
0.129	4.8128355e-09
0.1295	4.910776e-09
0.13	5.0030445e-09
0.1305	5.0829501e-09
0.131	5.1483907e-09
0.1315	3.8130557e-09
0.132	3.3434271e-09
0.1325	5.0498766e-09
0.133	3.148564e-09
0.1335	4.9251695e-09
0.134	4.6774108e-09
0.1345	3.1591615e-09
0.135	4.3643622e-09
0.1355	2.8262392e-09
0.136	5.0756403e-09
0.1365	4.0138218e-09
0.137	2.9621001e-09
0.1375	5.0555144e-09
0.138	4.7266522e-09
0.1385	2.9732939e-09
0.139	3.9828878e-09
0.1395	4.8064272e-09
0.14	2.6242214e-09
0.1405	4.3910269e-09
0.141	3.0700723e-09
0.1415	2.7520531e-09
0.142	4.8286381e-09
0.1425	2.6314438e-09
0.143	3.296789e-09
0.1435	4.8939546e-09
0.144	4.7802729e-09
0.1445	4.3427781e-09
0.145	4.312679e-09
0.1455	4.4675351e-09
0.146	4.6815141e-09
0.1465	4.99547e-09
0.147	2.8356133e-09
0.1475	3.2845117e-09
0.148	4.154171e-09
0.1485	4.8562602e-09
0.149	5.0045922e-09
0.1495	3.2420572e-09
0.15	4.9688636e-09
0.1505	3.1187399e-09
0.151	3.3238713e-09
0.1515	4.5792208e-09
0.152	4.6664345e-09
0.1525	5.0822465e-09
0.153	3.1533969e-09
0.1535	3.0831583e-09
0.154	3.2794721e-09
0.1545	3.4952059e-09
0.155	3.6657183e-09
0.1555	3.798638e-09
0.156	3.9198267e-09
0.1565	4.0340755e-09
0.157	4.1388148e-09
0.1575	4.2450186e-09
0.158	4.3619105e-09
0.1585	4.4925687e-09
0.159	4.6013131e-09
0.1595	4.6725692e-09
0.16	4.7394817e-09
0.1605	4.7886445e-09
0.161	4.8018217e-09
0.1615	4.7790164e-09
0.162	4.7458671e-09
0.1625	4.6930527e-09
0.163	4.611773e-09
0.1635	4.5035628e-09
0.164	4.4233219e-09
0.1645	4.3885442e-09
0.165	4.3784084e-09
0.1655	4.3676204e-09
0.166	4.4347733e-09
0.1665	4.5551532e-09
0.167	4.6938924e-09
0.1675	4.7881649e-09
0.168	4.9044537e-09
0.1685	5.029873e-09
0.169	5.1318117e-09
0.1695	4.6268371e-09
0.17	4.842079e-09
0.1705	4.6553861e-09
0.171	4.7346462e-09
0.1715	4.0389821e-09
0.172	5.050467e-09
0.1725	3.4226764e-09
0.173	4.9235252e-09
0.1735	3.5548205e-09
0.174	4.7626538e-09
0.1745	3.5337853e-09
0.175	3.3191207e-09
0.1755	5.0030591e-09
0.176	4.1390672e-09
0.1765	3.4344087e-09
0.177	4.3500296e-09
0.1775	4.4505469e-09
0.178	4.1164775e-09
0.1785	4.859813e-09
0.179	4.5094176e-09
0.1795	3.4512945e-09
0.18	3.6084263e-09
0.1805	3.6586442e-09
0.181	4.6622376e-09
0.1815	4.2539516e-09
0.182	4.3824426e-09
0.1825	4.4395579e-09
0.183	4.8596684e-09
0.1835	4.9952309e-09
0.184	4.130699e-09
0.1845	2.774197e-09
0.185	3.7639135e-09
0.1855	4.937634e-09
0.186	5.1033819e-09
0.1865	2.294289e-09
0.187	4.3808939e-09
0.1875	2.4911309e-09
0.188	4.2169546e-09
0.1885	2.1540956e-09
0.189	4.1725076e-09
0.1895	2.3811246e-09
0.19	4.188159e-09
0.1905	2.3605949e-09
0.191	4.2960082e-09
0.1915	2.4975197e-09
0.192	4.3649647e-09
0.1925	2.5698223e-09
0.193	4.5355299e-09
0.1935	2.5676423e-09
0.194	4.4842839e-09
0.1945	2.61231e-09
0.195	4.5353043e-09
0.1955	2.470764e-09
0.196	4.2787293e-09
0.1965	2.4176744e-09
0.197	4.1612789e-09
0.1975	2.2013686e-09
0.198	4.988723e-09
0.1985	5.1439462e-09
0.199	2.8730595e-09
0.1995	2.2761493e-09
0.2	4.4651769e-09
