0.0005	4.6238431e-07
0.001	8.3116385e-07
0.0015	4.2100529e-07
0.002	5.1659468e-08
0.0025	3.2851099e-08
0.003	1.4217274e-08
0.0035	1.714635e-08
0.004	1.269916e-08
0.0045	1.0474561e-08
0.005	8.6823588e-09
0.0055	7.0391023e-09
0.006	5.4118748e-09
0.0065	4.0329192e-09
0.007	5.5634448e-09
0.0075	5.2041821e-09
0.008	5.3986009e-09
0.0085	3.9726559e-09
0.009	4.571255e-09
0.0095	3.8920285e-09
0.01	3.0336452e-09
0.0105	4.1548326e-09
0.011	4.5098158e-09
0.0115	3.7452021e-09
0.012	4.5651684e-09
0.0125	4.5540302e-09
0.013	4.4935994e-09
0.0135	5.0024175e-09
0.014	4.2966337e-09
0.0145	3.8171644e-09
0.015	4.1189199e-09
0.0155	4.4668612e-09
0.016	3.8524156e-09
0.0165	3.2757385e-09
0.017	2.8855126e-09
0.0175	4.0277735e-09
0.018	3.3450125e-09
0.0185	4.9261309e-09
0.019	4.7712485e-09
0.0195	4.2813193e-09
0.02	4.2956959e-09
0.0205	4.4751011e-09
0.021	4.1638087e-09
0.0215	3.8178563e-09
0.022	3.5196505e-09
0.0225	3.029871e-09
0.023	2.5356675e-09
0.0235	3.4154209e-09
0.024	2.8030548e-09
0.0245	4.6725194e-09
0.025	4.7439928e-09
0.0255	4.462692e-09
0.026	3.6729014e-09
0.0265	3.7607833e-09
0.027	3.3458492e-09
0.0275	4.4745434e-09
0.028	3.5576059e-09
0.0285	3.4077448e-09
0.029	2.9710354e-09
0.0295	2.9746133e-09
0.03	3.6121165e-09
0.0305	3.4643796e-09
0.031	3.6129606e-09
0.0315	3.2900996e-09
0.032	3.1590026e-09
0.0325	2.9038467e-09
0.033	3.9674135e-09
0.0335	4.11173e-09
0.034	3.6591659e-09
0.0345	4.8287068e-09
0.035	3.1893569e-09
0.0355	4.4476571e-09
0.036	3.9921036e-09
0.0365	3.3742315e-09
0.037	2.7238621e-09
0.0375	3.6450946e-09
0.038	3.7923586e-09
0.0385	4.4508432e-09
0.039	5.0072995e-09
0.0395	2.8845541e-09
0.04	4.6561762e-09
0.0405	4.131432e-09
0.041	4.7316561e-09
0.0415	3.3790627e-09
0.042	4.8133879e-09
0.0425	4.3404658e-09
0.043	4.8652654e-09
0.0435	2.8878249e-09
0.044	4.2952922e-09
0.0445	2.9318897e-09
0.045	4.0215812e-09
0.0455	3.9834544e-09
0.046	2.7374783e-09
0.0465	4.3490314e-09
0.047	2.9528748e-09
0.0475	4.4593962e-09
0.048	5.0304707e-09
0.0485	5.0891979e-09
0.049	4.1772878e-09
0.0495	3.9421632e-09
0.05	4.5419408e-09
0.0505	4.9105584e-09
0.051	2.9946856e-09
0.0515	3.0465481e-09
0.052	5.1067368e-09
0.0525	4.3411508e-09
0.053	4.2684451e-09
0.0535	4.9598164e-09
0.054	4.3876162e-09
0.0545	4.6637555e-09
0.055	5.0981949e-09
0.0555	4.2272227e-09
0.056	3.6640959e-09
0.0565	3.9357429e-09
0.057	4.0891774e-09
0.0575	4.7707851e-09
0.058	4.7580768e-09
0.0585	3.3197296e-09
0.059	5.1313155e-09
0.0595	4.7797076e-09
0.06	4.6837161e-09
0.0605	4.9108034e-09
0.061	4.315434e-09
0.0615	4.2458411e-09
0.062	3.7352611e-09
0.0625	3.8715355e-09
0.063	4.9276691e-09
0.0635	4.9279018e-09
0.064	4.9335505e-09
0.0645	5.0923143e-09
0.065	5.1536947e-09
0.0655	4.1604294e-09
0.066	3.7653668e-09
0.0665	2.6175385e-09
0.067	5.0096995e-09
0.0675	5.0642833e-09
0.068	3.3896684e-09
0.0685	5.001262e-09
0.069	4.8879889e-09
0.0695	3.9615623e-09
0.07	4.464055e-09
0.0705	3.9425878e-09
0.071	3.4708722e-09
0.0715	5.0328956e-09
0.072	5.1274564e-09
0.0725	3.6621951e-09
0.073	5.0469889e-09
0.0735	5.1562453e-09
0.074	4.9168729e-09
0.0745	3.8856184e-09
0.075	4.754773e-09
0.0755	3.9120997e-09
0.076	3.789707e-09
0.0765	3.7154343e-09
0.077	4.533067e-09
0.0775	3.8933608e-09
0.078	3.4764575e-09
0.0785	4.8503472e-09
0.079	4.5810826e-09
0.0795	4.7286942e-09
0.08	2.8636644e-09
0.0805	4.2596338e-09
0.081	4.6883896e-09
0.0815	4.3106155e-09
0.082	4.9260187e-09
0.0825	3.7320696e-09
0.083	3.6461141e-09
0.0835	4.6700617e-09
0.084	4.099829e-09
0.0845	4.6971802e-09
0.085	3.9818689e-09
0.0855	5.0549509e-09
0.086	3.4754423e-09
0.0865	4.0829067e-09
0.087	4.1931296e-09
0.0875	2.3219201e-09
0.088	3.6413111e-09
0.0885	2.1043593e-09
0.089	4.6658393e-09
0.0895	3.7855312e-09
0.09	4.917818e-09
0.0905	4.3892497e-09
0.091	3.679144e-09
0.0915	4.7435656e-09
0.092	4.2109071e-09
0.0925	4.947578e-09
0.093	5.0116062e-09
0.0935	4.7539863e-09
0.094	3.821892e-09
0.0945	3.5087564e-09
0.095	3.5998172e-09
0.0955	3.7051119e-09
0.096	4.0793569e-09
0.0965	4.6293953e-09
0.097	5.0819263e-09
0.0975	4.3760735e-09
0.098	4.2659317e-09
0.0985	4.4335493e-09
0.099	5.1570372e-09
0.0995	5.0446626e-09
0.1	4.3670404e-09
0.1005	4.3500286e-09
0.101	4.852822e-09
0.1015	4.2133581e-09
0.102	4.5807911e-09
0.1025	4.3995736e-09
0.103	4.7357636e-09
0.1035	3.5945465e-09
0.104	3.803365e-09
0.1045	3.4565908e-09
0.105	2.6036869e-09
0.1055	2.4765927e-09
0.106	2.4294993e-09
0.1065	2.4728474e-09
0.107	2.5817419e-09
0.1075	2.7119613e-09
0.108	2.8454107e-09
0.1085	2.8690552e-09
0.109	3.8457943e-09
0.1095	4.5808112e-09
0.11	5.083532e-09
0.1105	2.8276469e-09
0.111	3.8303744e-09
0.1115	4.7030635e-09
0.112	3.0330472e-09
0.1125	4.4776337e-09
0.113	3.2054502e-09
0.1135	4.2554079e-09
0.114	3.6205598e-09
0.1145	4.9320928e-09
0.115	3.5444724e-09
0.1155	3.5228979e-09
0.116	3.3919458e-09
0.1165	4.3388463e-09
0.117	3.5178614e-09
0.1175	3.6295317e-09
0.118	3.2331045e-09
0.1185	3.3673233e-09
0.119	3.6002239e-09
0.1195	4.4200183e-09
0.12	5.1196042e-09
0.1205	3.4034506e-09
0.121	4.0566685e-09
0.1215	4.666074e-09
0.122	3.7826479e-09
0.1225	3.4007485e-09
0.123	3.0949842e-09
0.1235	3.0887739e-09
0.124	3.2857657e-09
0.1245	3.5534359e-09
0.125	3.8063361e-09
0.1255	4.0096355e-09
0.126	4.1700898e-09
0.1265	4.2935651e-09
0.127	4.3956581e-09
0.1275	4.4893981e-09
0.128	4.5821694e-09
0.1285	4.6836967e-09
0.129	4.784897e-09
0.1295	4.8818518e-09
0.13	4.9743554e-09
0.1305	5.0570098e-09
0.131	5.1277776e-09
0.1315	4.6483317e-09
0.132	4.8980187e-09
0.1325	5.0706615e-09
0.133	4.6539981e-09
0.1335	4.8893688e-09
0.134	3.9918495e-09
0.1345	4.5620115e-09
0.135	4.3545946e-09
0.1355	4.2114113e-09
0.136	5.0769581e-09
0.1365	3.0540825e-09
0.137	3.8612887e-09
0.1375	5.0658585e-09
0.138	3.1821655e-09
0.1385	4.5731399e-09
0.139	3.9997076e-09
0.1395	4.0586343e-09
0.14	4.3000861e-09
0.1405	4.3963349e-09
0.141	3.7907124e-09
0.1415	4.1158495e-09
0.142	4.8537434e-09
0.1425	4.6661617e-09
0.143	4.1399527e-09
0.1435	4.1534506e-09
0.144	3.6632052e-09
0.1445	3.0148907e-09
0.145	2.8871162e-09
0.1455	2.8396941e-09
0.146	3.0073574e-09
0.1465	3.0784697e-09
0.147	3.3065066e-09
0.1475	3.270062e-09
0.148	4.1291495e-09
0.1485	4.8367833e-09
0.149	3.2048969e-09
0.1495	4.5861707e-09
0.15	3.3119297e-09
0.1505	3.8596983e-09
0.151	3.6740408e-09
0.1515	3.1810305e-09
0.152	2.6718804e-09
0.1525	2.7271917e-09
0.153	2.8719119e-09
0.1535	3.0453202e-09
0.154	3.239655e-09
0.1545	3.4523021e-09
0.155	3.6326868e-09
0.1555	3.7660519e-09
0.156	3.8816334e-09
0.1565	3.9948146e-09
0.157	4.1001247e-09
0.1575	4.2025852e-09
0.158	4.3151612e-09
0.1585	4.4416936e-09
0.159	4.5601175e-09
0.1595	4.645698e-09
0.16	4.7078432e-09
0.1605	4.7700664e-09
0.161	4.798102e-09
0.1615	4.7846607e-09
0.162	4.7550937e-09
0.1625	4.709957e-09
0.163	4.6417107e-09
0.1635	4.5397292e-09
0.164	4.4447109e-09
0.1645	4.3898761e-09
0.165	4.3758764e-09
0.1655	4.364179e-09
0.166	4.3990836e-09
0.1665	4.4954718e-09
0.167	4.6399807e-09
0.1675	4.7553959e-09
0.168	4.8595496e-09
0.1685	4.9759376e-09
0.169	5.0947043e-09
0.1695	4.1564452e-09
0.17	3.8445982e-09
0.1705	3.7254927e-09
0.171	3.15399e-09
0.1715	3.5639508e-09
0.172	4.5117439e-09
0.1725	4.7963339e-09
0.173	2.7569345e-09
0.1735	3.5108185e-09
0.174	4.7988231e-09
0.1745	4.8623831e-09
0.175	3.9742284e-09
0.1755	4.6363383e-09
0.176	4.405018e-09
0.1765	4.7645713e-09
0.177	5.0042282e-09
0.1775	4.4755181e-09
0.178	5.0822709e-09
0.1785	4.1803335e-09
0.179	5.0827475e-09
0.1795	4.1244567e-09
0.18	3.4478237e-09
0.1805	2.960086e-09
0.181	3.9934399e-09
0.1815	3.4045869e-09
0.182	4.2170717e-09
0.1825	3.5839299e-09
0.183	4.2756348e-09
0.1835	3.9505571e-09
0.184	4.5285868e-09
0.1845	3.7753906e-09
0.185	3.7714491e-09
0.1855	4.9418651e-09
0.186	3.9353245e-09
0.1865	4.9901831e-09
0.187	2.682797e-09
0.1875	3.9281536e-09
0.188	2.7824924e-09
0.1885	3.7286038e-09
0.189	2.596243e-09
0.1895	3.788281e-09
0.19	2.6925328e-09
0.1905	3.6147306e-09
0.191	2.7862288e-09
0.1915	3.8104793e-09
0.192	2.845555e-09
0.1925	3.7258509e-09
0.193	3.002497e-09
0.1935	3.927772e-09
0.194	2.9168951e-09
0.1945	3.8101099e-09
0.195	2.9885734e-09
0.1955	3.8912977e-09
0.196	2.7476737e-09
0.1965	3.6078824e-09
0.197	2.6885611e-09
0.1975	3.5605517e-09
0.198	4.9838515e-09
0.1985	2.8805391e-09
0.199	4.9813536e-09
0.1995	3.1034834e-09
0.2	4.4617786e-09
