0.0005	0.0042632699
0.001	0.0077751835
0.0015	0.017348789
0.002	0.0077242982
0.0025	0.0029189863
0.003	0.0015684002
0.0035	0.0011348289
0.004	0.00088257354
0.0045	0.00074320081
0.005	0.00065609291
0.0055	0.00058901495
0.006	0.00052832408
0.0065	0.00046993233
0.007	0.00041570171
0.0075	0.00037680063
0.008	0.00034667816
0.0085	0.00031436602
0.009	0.00028619785
0.0095	0.00026573577
0.01	0.00024317432
0.0105	0.00022080823
0.011	0.00020275234
0.0115	0.00018705117
0.012	0.00017054276
0.0125	0.00015537273
0.013	0.00014233964
0.0135	0.00012953173
0.014	0.00011806562
0.0145	0.0001074734
0.015	9.7395067e-05
0.0155	8.7889479e-05
0.016	8.0162115e-05
0.0165	7.256705e-05
0.017	6.5677773e-05
0.0175	5.9511391e-05
0.018	5.4292005e-05
0.0185	4.9322191e-05
0.019	4.4795737e-05
0.0195	4.0653621e-05
0.02	3.7191083e-05
0.0205	3.407612e-05
0.021	3.0936013e-05
0.0215	2.8165891e-05
0.022	2.5886254e-05
0.0225	2.3513006e-05
0.023	2.1387531e-05
0.0235	1.9513558e-05
0.024	1.7849953e-05
0.0245	1.6366448e-05
0.025	1.4970727e-05
0.0255	1.3812725e-05
0.026	1.2461095e-05
0.0265	1.1460798e-05
0.027	1.0548988e-05
0.0275	9.7755135e-06
0.028	8.833765e-06
0.0285	8.0480519e-06
0.029	7.2945626e-06
0.0295	6.7813142e-06
0.03	6.2611909e-06
0.0305	5.7388653e-06
0.031	5.4028092e-06
0.0315	4.8649255e-06
0.032	4.5810808e-06
0.0325	4.2299889e-06
0.033	3.9806527e-06
0.0335	3.7098845e-06
0.034	3.4352448e-06
0.0345	3.4244613e-06
0.035	2.9987825e-06
0.0355	2.8940333e-06
0.036	2.7787943e-06
0.0365	2.4509168e-06
0.037	2.4317507e-06
0.0375	2.2454183e-06
0.038	2.159617e-06
0.0385	2.1093381e-06
0.039	2.0085747e-06
0.0395	1.704636e-06
0.04	1.8140359e-06
0.0405	1.6420926e-06
0.041	1.796684e-06
0.0415	1.5075607e-06
0.042	1.690351e-06
0.0425	1.6462848e-06
0.043	1.6046371e-06
0.0435	1.458298e-06
0.044	1.4832883e-06
0.0445	1.2924911e-06
0.045	1.3476853e-06
0.0455	1.3477614e-06
0.046	1.0603558e-06
0.0465	1.266942e-06
0.047	1.1347577e-06
0.0475	1.3166798e-06
0.048	1.4939768e-06
0.0485	1.5416036e-06
0.049	1.4333485e-06
0.0495	1.3048727e-06
0.05	1.4964912e-06
0.0505	1.5044821e-06
0.051	9.83528e-07
0.0515	1.8010795e-06
0.052	1.4136457e-06
0.0525	1.2077073e-06
0.053	1.3496125e-06
0.0535	1.3984142e-06
0.054	1.2132857e-06
0.0545	1.3505134e-06
0.055	1.4373528e-06
0.0555	1.2498959e-06
0.056	1.1865527e-06
0.0565	1.2251801e-06
0.057	1.2649217e-06
0.0575	1.3307012e-06
0.058	1.3727139e-06
0.0585	1.3238021e-06
0.059	1.3646176e-06
0.0595	1.4364662e-06
0.06	1.2648039e-06
0.0605	1.4124396e-06
0.061	1.4273584e-06
0.0615	1.3563298e-06
0.062	1.2053867e-06
0.0625	1.2502766e-06
0.063	1.4412419e-06
0.0635	1.3958149e-06
0.064	1.466159e-06
0.0645	1.5251894e-06
0.065	1.5514719e-06
0.0655	1.2528437e-06
0.066	1.3104513e-06
0.0665	1.0202626e-06
0.067	1.4538668e-06
0.0675	1.5469416e-06
0.068	1.2033167e-06
0.0685	1.3307927e-06
0.069	1.5256541e-06
0.0695	1.1532022e-06
0.07	1.3363281e-06
0.0705	1.1338926e-06
0.071	1.1145472e-06
0.0715	1.4396711e-06
0.072	1.3905336e-06
0.0725	1.1848615e-06
0.073	1.4384099e-06
0.0735	1.4685784e-06
0.074	1.4679915e-06
0.0745	1.2998796e-06
0.075	1.2365762e-06
0.0755	1.1309123e-06
0.076	1.0787724e-06
0.0765	1.2117874e-06
0.077	1.3902078e-06
0.0775	1.3095141e-06
0.078	1.2529829e-06
0.0785	1.4941314e-06
0.079	1.4013823e-06
0.0795	1.3773836e-06
0.08	1.2133536e-06
0.0805	1.2792165e-06
0.081	1.4051767e-06
0.0815	1.2663608e-06
0.082	1.2899615e-06
0.0825	1.1347941e-06
0.083	1.0731265e-06
0.0835	1.3936855e-06
0.084	1.6367354e-06
0.0845	1.5357226e-06
0.085	1.1915677e-06
0.0855	1.3463251e-06
0.086	1.3346891e-06
0.0865	1.095634e-06
0.087	1.2777176e-06
0.0875	1.1281224e-06
0.088	1.2851272e-06
0.0885	1.2902924e-06
0.089	1.4333598e-06
0.0895	1.5745803e-06
0.09	1.9968683e-06
0.0905	1.4713243e-06
0.091	1.3847782e-06
0.0915	1.6714863e-06
0.092	1.4528435e-06
0.0925	1.7085424e-06
0.093	1.845801e-06
0.0935	1.3799114e-06
0.094	8.6584464e-07
0.0945	8.5623481e-07
0.095	9.4832117e-07
0.0955	1.0903363e-06
0.096	7.9287504e-07
0.0965	8.9959776e-07
0.097	9.8794526e-07
0.0975	9.0972986e-07
0.098	9.7540605e-07
0.0985	1.4853215e-06
0.099	1.6438958e-06
0.0995	1.6538207e-06
0.1	1.7221283e-06
0.1005	1.5383632e-06
0.101	1.1737873e-06
0.1015	8.2239527e-07
0.102	1.1769933e-06
0.1025	1.2042283e-06
0.103	1.1578796e-06
0.1035	1.0209768e-06
0.104	9.3529327e-07
0.1045	9.2616341e-07
0.105	8.3258065e-07
0.1055	8.4585452e-07
0.106	8.5982588e-07
0.1065	8.8721057e-07
0.107	9.3682782e-07
0.1075	9.9163052e-07
0.108	1.0574342e-06
0.1085	5.6062572e-07
0.109	7.5021749e-07
0.1095	8.9052379e-07
0.11	9.8552519e-07
0.1105	8.8300982e-07
0.111	1.357711e-06
0.1115	9.1114584e-07
0.112	9.7579879e-07
0.1125	1.5700535e-06
0.113	9.774012e-07
0.1135	1.4038793e-06
0.114	1.0368148e-06
0.1145	9.579855e-07
0.115	9.8104798e-07
0.1155	1.1131549e-06
0.116	6.5932791e-07
0.1165	8.4269825e-07
0.117	1.0494278e-06
0.1175	9.1267857e-07
0.118	9.1146085e-07
0.1185	1.0230658e-06
0.119	6.9812361e-07
0.1195	8.5868184e-07
0.12	9.9377654e-07
0.1205	1.0011806e-06
0.121	1.0421871e-06
0.1215	9.0603232e-07
0.122	9.6839833e-07
0.1225	9.9561267e-07
0.123	9.8763612e-07
0.1235	1.0115124e-06
0.124	6.391444e-07
0.1245	6.9022785e-07
0.125	7.3837781e-07
0.1255	7.7733044e-07
0.126	8.0800556e-07
0.1265	8.3205389e-07
0.127	8.5260361e-07
0.1275	8.7230165e-07
0.128	8.9248489e-07
0.1285	9.1291469e-07
0.129	9.3302301e-07
0.1295	9.5200987e-07
0.13	9.6989722e-07
0.1305	9.8538782e-07
0.131	9.9807423e-07
0.1315	1.2774318e-06
0.132	1.2478655e-06
0.1325	9.7897618e-07
0.133	1.1685373e-06
0.1335	9.548002e-07
0.134	1.404772e-06
0.1345	1.0830219e-06
0.135	8.4608142e-07
0.1355	1.07077e-06
0.136	9.8397076e-07
0.1365	7.7812493e-07
0.137	1.7284049e-06
0.1375	9.8006906e-07
0.138	1.2252061e-06
0.1385	1.034625e-06
0.139	7.7212827e-07
0.1395	9.3178053e-07
0.14	1.03738e-06
0.1405	8.5125065e-07
0.141	1.121023e-06
0.1415	1.0477287e-06
0.142	9.3608653e-07
0.1425	1.1322348e-06
0.143	1.1615975e-06
0.1435	9.4874879e-07
0.144	9.2671021e-07
0.1445	8.4189694e-07
0.145	8.3606187e-07
0.1455	8.6608249e-07
0.146	9.0756472e-07
0.1465	9.6842866e-07
0.147	1.0364794e-06
0.1475	6.3674012e-07
0.148	8.0533346e-07
0.1485	9.4144143e-07
0.149	9.7019709e-07
0.1495	1.5854811e-06
0.15	9.6327077e-07
0.1505	1.3140704e-06
0.151	1.0542564e-06
0.1515	8.8773407e-07
0.152	9.0464137e-07
0.1525	9.8525118e-07
0.153	1.0855064e-06
0.1535	5.977055e-07
0.154	6.3576318e-07
0.1545	6.7758554e-07
0.155	7.1064134e-07
0.1555	7.3640936e-07
0.156	7.5990317e-07
0.1565	7.820516e-07
0.157	8.0235652e-07
0.1575	8.2294528e-07
0.158	8.4560612e-07
0.1585	8.7093564e-07
0.159	8.92017e-07
0.1595	9.0583085e-07
0.16	9.1880253e-07
0.1605	9.2833338e-07
0.161	9.3088782e-07
0.1615	9.2646676e-07
0.162	9.2004048e-07
0.1625	9.0980181e-07
0.163	8.9404477e-07
0.1635	8.73067e-07
0.164	8.575114e-07
0.1645	8.5076937e-07
0.165	8.4880444e-07
0.1655	8.4671299e-07
0.166	8.5973135e-07
0.1665	8.8306845e-07
0.167	9.0996456e-07
0.1675	9.2824035e-07
0.168	9.5078428e-07
0.1685	9.7509824e-07
0.169	9.9486018e-07
0.1695	1.0864445e-06
0.17	1.3862248e-06
0.1705	1.2612194e-06
0.171	1.2175397e-06
0.1715	1.2856798e-06
0.172	1.3772954e-06
0.1725	1.5416206e-06
0.173	1.0164175e-06
0.1735	1.3217348e-06
0.174	1.3632567e-06
0.1745	1.4854612e-06
0.175	1.1451775e-06
0.1755	1.3084868e-06
0.176	1.6177474e-06
0.1765	1.4879156e-06
0.177	1.6948356e-06
0.1775	1.5460712e-06
0.178	1.7327426e-06
0.1785	1.5157577e-06
0.179	1.78697e-06
0.1795	1.5581815e-06
0.18	1.1563087e-06
0.1805	7.0927034e-07
0.181	1.5322549e-06
0.1815	1.251177e-06
0.182	1.4570994e-06
0.1825	1.3111446e-06
0.183	1.5268854e-06
0.1835	1.5067515e-06
0.184	1.6992761e-06
0.1845	1.0530138e-06
0.185	7.2967803e-07
0.1855	9.5721726e-07
0.186	9.8934923e-07
0.1865	1.2830798e-06
0.187	8.4928675e-07
0.1875	1.2525394e-06
0.188	8.1750529e-07
0.1885	1.0818069e-06
0.189	8.0888869e-07
0.1895	1.1811797e-06
0.19	8.1192292e-07
0.1905	1.1121616e-06
0.191	8.328307e-07
0.1915	1.1625749e-06
0.192	8.4619876e-07
0.1925	1.1510522e-06
0.193	8.7926473e-07
0.1935	1.1782726e-06
0.194	8.6933013e-07
0.1945	1.1827904e-06
0.195	8.7922104e-07
0.1955	1.1713936e-06
0.196	8.2948099e-07
0.1965	1.1431941e-06
0.197	8.0671197e-07
0.1975	1.0953573e-06
0.198	9.6712155e-07
0.1985	9.9721319e-07
0.199	1.7755849e-06
0.1995	1.0131161e-06
0.2	8.6562609e-07
