/*--------------------------------*- C++ -*----------------------------------*\
  =========                 |
| \\      /  F ield         | OpenFOAM: The Open Source CFD Toolbox           |
|  \\    /   O peration     | Version:  6.x                                   |
|   \\  /    A nd           | Website:  https://openfoam.org                  |
|    \\/     M anipulation  |                                                 |
\*---------------------------------------------------------------------------*/
FoamFile
{
    version     2.0;
    format      ascii;
    class       volScalarField;
    object      T;
}
// * * * * * * * * * * * * * * * * * * * * * * * * * * * * * * * * * * * * * //

dimensions      [0 0 0 1 0 0 0];

internalField   nonuniform List<scalar> 
1000
(
0.00348
0.00348
0.00348
0.00348
0.00348
0.00348
0.00348
0.00348
0.00348
0.00348
0.00348
0.00348
0.00348
0.00348
0.00348
0.00348
0.00348
0.00348
0.00348
0.00348
0.00348
0.00348
0.00348
0.00348
0.00348
0.00348
0.00348
0.00348
0.00348
0.00348
0.00348
0.00348
0.00348
0.00348
0.00348
0.00348
0.00348
0.00348
0.00348
0.00348
0.00348
0.00348
0.00348
0.00348
0.00348
0.00348
0.00348
0.00348
0.00348
0.00348
0.00348
0.00348
0.00348
0.00348
0.00348
0.00348
0.00348
0.00348
0.00348
0.00348
0.00348
0.00348
0.00348
0.00348
0.00348
0.00348
0.00348
0.00348
0.00348
0.00348
0.00348
0.00348
0.00348
0.00348
0.00348
0.00348
0.00348
0.00348
0.00348
0.00348
0.00348
0.00348
0.00348
0.00348
0.00348
0.00348
0.00348
0.00348
0.00348
0.00348
0.00348
0.00348
0.00348
0.00348
0.00348
0.00348
0.00348
0.00348
0.00348
0.00348
0.00348
0.00348
0.00348
0.00348
0.00348
0.00348
0.00348
0.00348
0.00348
0.00348
0.00348
0.00348
0.00348
0.00348
0.00348
0.00348
0.00348
0.00348
0.00348
0.00348
0.00348
0.00348
0.00348
0.00348
0.00348
0.00348
0.00348
0.00348
0.00348
0.00348
0.00348
0.00348
0.00348
0.00348
0.00348
0.00348
0.00348
0.00348
0.00348
0.00348
0.00348
0.00348
0.00348
0.00348
0.00348
0.00348
0.00348
0.00348
0.00348
0.00348
0.00348
0.00348
0.00348
0.00348
0.00348
0.00348
0.00348
0.00348
0.00348
0.00348
0.00348
0.00348
0.00348
0.00348
0.00348
0.00348
0.00348
0.00348
0.00348
0.00348
0.00348
0.00348
0.00348
0.00348
0.00348
0.00348
0.00348
0.00348
0.00348
0.00348
0.00348
0.00348
0.00348
0.00348
0.00348
0.00348
0.00348
0.00348
0.00348
0.00348
0.00348
0.00348
0.00348
0.00348
0.00348
0.00348
0.00348
0.00348
0.00348
0.00348
0.00348
0.00348
0.00348
0.00348
0.00348
0.00348
0.00348
0.00348
0.00348
0.00348
0.00348
0.00348
0.00348
0.00348
0.00348
0.00348
0.00348
0.00348
0.00348
0.00348
0.00348
0.00348
0.00348
0.00348
0.00348
0.00348
0.00348
0.00348
0.00348
0.00348
0.00348
0.00348
0.00348
0.00348
0.00348
0.00348
0.00348
0.00348
0.00348
0.00348
0.00348
0.00348
0.00348
0.00348
0.00348
0.00348
0.00348
0.00348
0.00348
0.00348
0.00348
0.00348
0.00348
0.00348
0.00348
0.00348
0.00348
0.00348
0.00348
0.00348
0.00348
0.00348
0.00348
0.00348
0.00348
0.00348
0.00348
0.00348
0.00348
0.00348
0.00348
0.00348
0.00348
0.00348
0.00348
0.00348
0.00348
0.00348
0.00348
0.00348
0.00348
0.00348
0.00348
0.00348
0.00348
0.00348
0.00348
0.00348
0.00348
0.00348
0.00348
0.00348
0.00348
0.00348
0.00348
0.00348
0.00348
0.00348
0.00348
0.00348
0.00348
0.00348
0.00348
0.00348
0.00348
0.00348
0.00348
0.00348
0.00348
0.00348
0.00348
0.00348
0.00348
0.00348
0.00348
0.00348
0.00348
0.00348
0.00348
0.00348
0.00348
0.00348
0.00348
0.00348
0.00348
0.00348
0.00348
0.00348
0.00348
0.00348
0.00348
0.00348
0.00348
0.00348
0.00348
0.00348
0.00348
0.00348
0.00348
0.00348
0.00348
0.00348
0.00348
0.00348
0.00348
0.00348
0.00348
0.00348
0.00348
0.00348
0.00348
0.00348
0.00348
0.00348
0.00348
0.00348
0.00348
0.00348
0.00348
0.00348
0.00348
0.00348
0.00348
0.00348
0.00348
0.00348
0.00348
0.00348
0.00348
0.00348
0.00348
0.00348
0.00348
0.00348
0.00348
0.00348
0.00348
0.00348
0.00348
0.00348
0.00348
0.00348
0.00348
0.00348
0.00348
0.00348
0.00348
0.00348
0.00348
0.00348
0.00348
0.00348
0.00348
0.00348
0.00348
0.00348
0.00348
0.00348
0.00348
0.00348
0.00348
0.00348
0.00348
0.00348
0.00348
0.00348
0.00348
0.00348
0.00348
0.00348
0.00348
0.00348
0.00348
0.00348
0.00348
0.00348
0.00348
0.00348
0.00348
0.00348
0.00348
0.00348
0.00348
0.00348
0.00348
0.00348
0.00348
0.00348
0.00348
0.00348
0.00348
0.00348
0.00348
0.00348
0.00348
0.00348
0.00348
0.00348
0.00348
0.00348
0.00348
0.00348
0.00348
0.00348
0.00348
0.00348
0.00348
0.00348
0.00348
0.00348
0.00348
0.00348
0.00348
0.00348
0.00348
0.00348
0.00348
0.00348
0.00348
0.00348
0.00348
0.00348
0.00348
0.00348
0.00348
0.00348
0.00348
0.00348
0.00348
0.00348
0.00348
0.00348
0.00348
0.00348
0.00348
0.00348
0.00348
0.00348
0.00348
0.00348
0.00348
0.00348
0.00348
0.00348
0.00348
0.00348
0.00348
0.00348
0.00348
0.00348
0.00348
0.00348
0.00348
0.00348
0.00348
0.00348
0.00348
0.00348
0.00348
0.00348
0.00278
0.00278
0.00278
0.00278
0.00278
0.00278
0.00278
0.00278
0.00278
0.00278
0.00278
0.00278
0.00278
0.00278
0.00278
0.00278
0.00278
0.00278
0.00278
0.00278
0.00278
0.00278
0.00278
0.00278
0.00278
0.00278
0.00278
0.00278
0.00278
0.00278
0.00278
0.00278
0.00278
0.00278
0.00278
0.00278
0.00278
0.00278
0.00278
0.00278
0.00278
0.00278
0.00278
0.00278
0.00278
0.00278
0.00278
0.00278
0.00278
0.00278
0.00278
0.00278
0.00278
0.00278
0.00278
0.00278
0.00278
0.00278
0.00278
0.00278
0.00278
0.00278
0.00278
0.00278
0.00278
0.00278
0.00278
0.00278
0.00278
0.00278
0.00278
0.00278
0.00278
0.00278
0.00278
0.00278
0.00278
0.00278
0.00278
0.00278
0.00278
0.00278
0.00278
0.00278
0.00278
0.00278
0.00278
0.00278
0.00278
0.00278
0.00278
0.00278
0.00278
0.00278
0.00278
0.00278
0.00278
0.00278
0.00278
0.00278
0.00278
0.00278
0.00278
0.00278
0.00278
0.00278
0.00278
0.00278
0.00278
0.00278
0.00278
0.00278
0.00278
0.00278
0.00278
0.00278
0.00278
0.00278
0.00278
0.00278
0.00278
0.00278
0.00278
0.00278
0.00278
0.00278
0.00278
0.00278
0.00278
0.00278
0.00278
0.00278
0.00278
0.00278
0.00278
0.00278
0.00278
0.00278
0.00278
0.00278
0.00278
0.00278
0.00278
0.00278
0.00278
0.00278
0.00278
0.00278
0.00278
0.00278
0.00278
0.00278
0.00278
0.00278
0.00278
0.00278
0.00278
0.00278
0.00278
0.00278
0.00278
0.00278
0.00278
0.00278
0.00278
0.00278
0.00278
0.00278
0.00278
0.00278
0.00278
0.00278
0.00278
0.00278
0.00278
0.00278
0.00278
0.00278
0.00278
0.00278
0.00278
0.00278
0.00278
0.00278
0.00278
0.00278
0.00278
0.00278
0.00278
0.00278
0.00278
0.00278
0.00278
0.00278
0.00278
0.00278
0.00278
0.00278
0.00278
0.00278
0.00278
0.00278
0.00278
0.00278
0.00278
0.00278
0.00278
0.00278
0.00278
0.00278
0.00278
0.00278
0.00278
0.00278
0.00278
0.00278
0.00278
0.00278
0.00278
0.00278
0.00278
0.00278
0.00278
0.00278
0.00278
0.00278
0.00278
0.00278
0.00278
0.00278
0.00278
0.00278
0.00278
0.00278
0.00278
0.00278
0.00278
0.00278
0.00278
0.00278
0.00278
0.00278
0.00278
0.00278
0.00278
0.00278
0.00278
0.00278
0.00278
0.00278
0.00278
0.00278
0.00278
0.00278
0.00278
0.00278
0.00278
0.00278
0.00278
0.00278
0.00278
0.00278
0.00278
0.00278
0.00278
0.00278
0.00278
0.00278
0.00278
0.00278
0.00278
0.00278
0.00278
0.00278
0.00278
0.00278
0.00278
0.00278
0.00278
0.00278
0.00278
0.00278
0.00278
0.00278
0.00278
0.00278
0.00278
0.00278
0.00278
0.00278
0.00278
0.00278
0.00278
0.00278
0.00278
0.00278
0.00278
0.00278
0.00278
0.00278
0.00278
0.00278
0.00278
0.00278
0.00278
0.00278
0.00278
0.00278
0.00278
0.00278
0.00278
0.00278
0.00278
0.00278
0.00278
0.00278
0.00278
0.00278
0.00278
0.00278
0.00278
0.00278
0.00278
0.00278
0.00278
0.00278
0.00278
0.00278
0.00278
0.00278
0.00278
0.00278
0.00278
0.00278
0.00278
0.00278
0.00278
0.00278
0.00278
0.00278
0.00278
0.00278
0.00278
0.00278
0.00278
0.00278
0.00278
0.00278
0.00278
0.00278
0.00278
0.00278
0.00278
0.00278
0.00278
0.00278
0.00278
0.00278
0.00278
0.00278
0.00278
0.00278
0.00278
0.00278
0.00278
0.00278
0.00278
0.00278
0.00278
0.00278
0.00278
0.00278
0.00278
0.00278
0.00278
0.00278
0.00278
0.00278
0.00278
0.00278
0.00278
0.00278
0.00278
0.00278
0.00278
0.00278
0.00278
0.00278
0.00278
0.00278
0.00278
0.00278
0.00278
0.00278
0.00278
0.00278
0.00278
0.00278
0.00278
0.00278
0.00278
0.00278
0.00278
0.00278
0.00278
0.00278
0.00278
0.00278
0.00278
0.00278
0.00278
0.00278
0.00278
0.00278
0.00278
0.00278
0.00278
0.00278
0.00278
0.00278
0.00278
0.00278
0.00278
0.00278
0.00278
0.00278
0.00278
0.00278
0.00278
0.00278
0.00278
0.00278
0.00278
0.00278
0.00278
0.00278
0.00278
0.00278
0.00278
0.00278
0.00278
0.00278
0.00278
0.00278
0.00278
0.00278
0.00278
0.00278
0.00278
0.00278
0.00278
0.00278
0.00278
0.00278
0.00278
0.00278
0.00278
0.00278
0.00278
0.00278
0.00278
0.00278
0.00278
0.00278
0.00278
0.00278
0.00278
0.00278
0.00278
0.00278
0.00278
0.00278
0.00278
0.00278
0.00278
0.00278
0.00278
0.00278
0.00278
0.00278
0.00278
0.00278
0.00278
0.00278
0.00278
0.00278
0.00278
0.00278
0.00278
0.00278
0.00278
0.00278
0.00278
0.00278
0.00278
0.00278
0.00278
0.00278
0.00278
0.00278
)
;

boundaryField
{
    sides
    {
        type            zeroGradient;
    }
    emptywalls
    {
        type            empty;
    }
}

// ************************************************************************* //
