/*--------------------------------*- C++ -*----------------------------------*\
| =========                 |                                                 |
| \\      /  F ield         | OpenFOAM: The Open Source CFD Toolbox           |
|  \\    /   O peration     | Version:  2112                                  |
|   \\  /    A nd           | Website:  www.openfoam.com                      |
|    \\/     M anipulation  |                                                 |
\*---------------------------------------------------------------------------*/
FoamFile
{
    version     2.0;
    format      ascii;
    arch        "LSB;label=32;scalar=64";
    class       surfaceScalarField;
    location    "50";
    object      phi_0;
}
// * * * * * * * * * * * * * * * * * * * * * * * * * * * * * * * * * * * * * //

dimensions      [0 3 -1 0 0 0 0];

oriented        oriented;

internalField   nonuniform List<scalar> 
3120
(
-2.6627854e-05
0.00067288199
-0.00064625447
-0.00010104617
0.0019059172
-0.0018314989
-0.00021215762
0.0030554257
-0.0029443141
-0.00034055799
0.0040909794
-0.0039625789
-0.0004647317
0.0049766884
-0.0048525146
-0.00056082112
0.005673401
-0.0055773116
-0.00060622364
0.0061352235
-0.0060898209
-0.00057850747
0.0063080076
-0.0063357238
-0.00047965449
0.006226152
-0.0063250049
-0.00029961342
0.005645124
-0.005825165
-0.0003512521
0.0042336067
-0.004181968
-0.00054345042
0.0035338849
-0.0033416866
-0.0007828616
0.0031533719
-0.0029139607
-0.0010726912
0.0027540597
-0.0024642302
-0.0014133394
0.0022571897
-0.0019165415
-0.0018057777
0.0016699179
-0.0012774796
-0.0022469992
0.00099101682
-0.00054979534
-0.0027289901
0.0002305644
0.00025142658
-0.0032245879
-0.0005835748
0.0010791725
-0.0037237538
-0.0014384422
0.0019376082
-0.0042001533
-0.0023098464
0.0027862458
-0.0046259055
-0.0031627043
0.0035884565
-0.0049715048
-0.0039611907
0.0043067899
-0.0052082883
-0.0046678729
0.0049046565
-0.0053106055
-0.0052432486
0.0053455658
-0.005258158
-0.0056473428
0.0055948953
-0.005018896
-0.0059016969
0.0056624349
-0.0046920256
-0.0032214884
0.0028946179
-0.0045079515
-0.00043391615
0.00024984204
-0.0042727171
-0.0010549273
0.00081969288
-0.0039726527
-0.0016543024
0.001354238
-0.0035998167
-0.0022348227
0.0018619868
-0.0031549162
-0.002767423
0.0023225225
-0.0026456998
-0.0032105932
0.0027013769
-0.0020888537
-0.0035081495
0.0029513034
-0.0015124948
-0.0035929765
0.0030166176
-0.00095764577
-0.0033968504
0.0028420013
-0.00047784391
-0.0028645756
0.0023847738
-0.00013574429
-0.0019600204
0.0016179208
-0.00069744695
0.00056170267
-3.3837866e-05
0.00070671982
-0.00011664007
0.0019887195
-0.00023536789
0.0031741534
-0.0003694505
0.0042250618
-0.00049556125
0.005102799
-0.0005881421
0.0057659817
-0.00062261198
0.0061696932
-0.00058250225
0.0062678977
-0.00045773309
0.0061013827
-0.0002618443
0.0054492351
-0.00029518402
0.0042669464
-0.00047516233
0.0037138631
-0.00069952712
0.0033777366
-0.00097023785
0.0030247704
-0.001293535
0.0025804869
-0.0016715768
0.0020479597
-0.0021037406
0.0014231806
-0.0025859419
0.00071276568
-0.0030954184
-7.409828e-05
-0.0036242545
-0.0009096061
-0.0041466097
-0.0017874912
-0.0046352173
-0.0026740967
-0.0050577654
-0.0035386426
-0.005379926
-0.0043457123
-0.0055679982
-0.0050551764
-0.0055915257
-0.0056238152
-0.0054273168
-0.0060659058
-0.0051885877
-0.0034602175
-0.0050342482
-0.00058825563
-0.0048145638
-0.0012746118
-0.0045124654
-0.0019564008
-0.0041206066
-0.0026266815
-0.0036383454
-0.0032496843
-0.0030730499
-0.0037758888
-0.0024429628
-0.0041382366
-0.0017804884
-0.0042554509
-0.0011344008
-0.0040429379
-0.00056969613
-0.0034292803
-0.00016435466
-0.0023653618
-0.00086180161
-3.7955119e-05
0.00074467506
-0.0001289796
0.002079744
-0.00025600562
0.0033011795
-0.00039665645
0.0043657127
-0.00052498209
0.0052311246
-0.00061343823
0.0058544379
-0.00063662537
0.0061928803
-0.00057897855
0.0062102509
-0.00043304863
0.0059554527
-0.00021034339
0.0052265298
-0.00023113314
0.0042877362
-0.00040263566
0.0038853657
-0.00061267367
0.0035877746
-0.00086724973
0.0032793465
-0.0011743847
0.0028876218
-0.0015382374
0.0024118124
-0.0019605822
0.0018455253
-0.0024373945
0.001189578
-0.0029617217
0.00045022893
-0.0035099872
-0.00036134058
-0.004069647
-0.0012278314
-0.0046122466
-0.0021314971
-0.0051055861
-0.0030453031
-0.0055137635
-0.0039375349
-0.0058002046
-0.0047687354
-0.0059305286
-0.0054934912
-0.0058783401
-0.0061180942
-0.0057214666
-0.0036170911
-0.0055972087
-0.00071251353
-0.0053857155
-0.001486105
-0.0050767417
-0.0022653746
-0.0046624536
-0.0030409696
-0.004140619
-0.0037715189
-0.0035176961
-0.0043988117
-0.0028127391
-0.0048431936
-0.0020616981
-0.0050064918
-0.0013207255
-0.0047839105
-0.0006666341
-0.0040833718
-0.00019301376
-0.0028389822
-0.0010548154
-4.0802455e-05
0.00078547756
-0.00014037162
0.0021793132
-0.00027776376
0.0034385717
-0.00042708505
0.004515034
-0.00055879465
0.0053628343
-0.00064280549
0.0059384487
-0.00065292519
0.0062030001
-0.00057446013
0.0061317858
-0.00040227638
0.005783269
-0.00014783805
0.0049720915
-0.00015419601
0.0042940942
-0.00031754816
0.0040487178
-0.00051394012
0.0037841666
-0.00075178685
0.0035171933
-0.0010407762
0.0031766112
-0.0013868939
0.0027579301
-0.0017939986
0.00225263
-0.0022613444
0.0016569237
-0.0027842485
0.00097313307
-0.003346775
0.00020118589
-0.0039317557
-0.00064285073
-0.0045201782
-0.0015430745
-0.005080227
-0.0024852542
-0.0055772374
-0.0034405246
-0.0059739416
-0.0043720312
-0.006232059
-0.0052353737
-0.0063175586
-0.0060325946
-0.0062524636
-0.0036821861
-0.0061547735
-0.00081020367
-0.0059514789
-0.0016893996
-0.0056355673
-0.0025812861
-0.0052001259
-0.003476411
-0.0046416285
-0.0043300162
-0.0039650649
-0.0050753753
-0.0031890684
-0.00561919
-0.0023516813
-0.005843879
-0.0015154227
-0.0056201691
-0.00076910834
-0.0048296861
-0.00022363448
-0.003384456
-0.0012784499
-4.3941139e-05
0.00082941868
-0.00015358241
0.0022889545
-0.00030381377
0.0035888031
-0.00046387039
0.0046750907
-0.00059956965
0.0054985335
-0.00067779937
0.0060166785
-0.00067169558
0.0061968963
-0.0005677933
0.0060278836
-0.00036362187
0.0055790976
-7.2116092e-05
0.0046805857
-6.1224387e-05
0.0042832025
-0.00021572204
0.0042032155
-0.0003982246
0.0039666692
-0.00061816151
0.0037371302
-0.0008865619
0.0034450116
-0.0012110381
0.0030824063
-0.0015974104
0.0026390024
-0.00204779
0.0021073033
-0.0025589275
0.0014842706
-0.0031277233
0.00076998176
-0.0037246761
-4.5898023e-05
-0.0043497714
-0.00091797917
-0.004968373
-0.0018666526
-0.0055501922
-0.0028587054
-0.0060590001
-0.0038632233
-0.0064540086
-0.0048403652
-0.0066956049
-0.0057909983
-0.0067320488
-0.0036457422
-0.00665232
-0.00088993253
-0.0064564563
-0.0018852632
-0.0061374063
-0.0029003361
-0.0056884775
-0.0039253398
-0.0051043588
-0.004914135
-0.0043872941
-0.00579244
-0.0035533816
-0.0064531026
-0.0026402229
-0.0067570377
-0.0017146345
-0.0065457575
-0.00087688873
-0.0056674319
-0.00025691936
-0.0040044254
-0.0015353692
-4.8243815e-05
0.00087766244
-0.00017098769
0.0024116984
-0.00033756366
0.003755379
-0.00051067395
0.004848201
-0.00065032005
0.0056381796
-0.00072002235
0.0060863808
-0.0006926433
0.0061695172
-0.00055672923
0.0058919695
-0.00031335476
0.0053357231
1.8631409e-05
0.0043485996
5.1756615e-05
0.0042500773
-9.2250971e-05
0.0043472231
-0.00026032721
0.0041347454
-0.00046112105
0.003937924
-0.00070662358
0.0036905141
-0.0010057752
0.003381558
-0.0013660424
0.0029992695
-0.0017918529
0.0025331138
-0.0022834445
0.0019758621
-0.0028358753
0.0013224126
-0.0034502491
0.0005684758
-0.0040907151
-0.00027751322
-0.0047531489
-0.0012042189
-0.0054071141
-0.0022047401
-0.0060195456
-0.0032507919
-0.0065497641
-0.0043101467
-0.0069563858
-0.0053843765
-0.0070996136
-0.0035025145
-0.0070277059
-0.00096184026
-0.0068385124
-0.0020744567
-0.0065233104
-0.0032155381
-0.00607455
-0.0043741002
-0.0054840474
-0.0055046375
-0.0047493533
-0.0065271341
-0.0038810306
-0.0073214253
-0.0029125099
-0.0077255584
-0.0019114487
-0.0075468187
-0.00098799135
-0.0065908893
-0.00029274337
-0.0046996734
-0.0018281126
-5.4544302e-05
0.00093220669
-0.00019479088
0.0025519449
-0.00038213247
0.0039427206
-0.00057052315
0.0050365916
-0.00071291393
0.0057805704
-0.00076941552
0.0061428823
-0.00071349631
0.006113598
-0.00053705275
0.005715526
-0.00024576242
0.0050444328
0.00013762737
0.0039652098
0.00019033433
0.0041973703
5.8484904e-05
0.0044790725
-9.4008185e-05
0.0042872385
-0.0002741777
0.0041180935
-0.00049442078
0.0039107572
-0.00076457936
0.0036517166
-0.0010934359
0.0033281261
-0.0014875445
0.0029272224
-0.0019501774
0.002438495
-0.0024809949
0.0018532301
-0.0030781387
0.0011656197
-0.0037289303
0.00037327836
-0.0044150514
-0.00051809775
-0.0051215351
-0.0014982564
-0.005819318
-0.002553009
-0.006471201
-0.0036582637
-0.0070387074
-0.0048168701
-0.0072862163
-0.0032550056
-0.0072121256
-0.001035931
-0.0070302761
-0.0022563061
-0.006729406
-0.0035164082
-0.0063001769
-0.0048033293
-0.0057303452
-0.0060744693
-0.0050105393
-0.00724694
-0.0041421738
-0.0081897907
-0.0031496259
-0.0087181063
-0.0020963045
-0.0086001401
-0.0010991586
-0.0075880352
-0.00033063582
-0.0054681961
-0.0021587484
-6.3921329e-05
0.00099612799
-0.00022770713
0.0027157307
-0.00044107012
0.0041560836
-0.0006463449
0.0052418664
-0.00078830565
0.0059225312
-0.00082419997
0.0061787767
-0.00072971086
0.0060191089
-0.00050186581
0.0054876809
-0.00015322217
0.0046957891
0.00028336448
0.0035286231
0.00036090297
0.0041198318
0.00024333617
0.0045966393
0.00010893382
0.0044216408
-4.8514832e-05
0.0042755422
-0.00024096018
0.0041032026
-0.00047837934
0.0038891357
-0.00077045033
0.0036201971
-0.0011253908
0.0032821628
-0.0015490398
0.002862144
-0.0020445013
0.0023486916
-0.0026114751
0.0017325935
-0.003247352
0.0010091552
-0.0039372276
0.00017177786
-0.0046697005
-0.00076578361
-0.0054258283
-0.0017968811
-0.0061738026
-0.0029102895
-0.0068824218
-0.0041082509
-0.0072215169
-0.0029159104
-0.0071369989
-0.001120449
-0.0069649561
-0.0024283489
-0.0066919621
-0.0037894023
-0.0063062378
-0.0051890536
-0.0057905981
-0.006590109
-0.0051267202
-0.0079108179
-0.0043031217
-0.0090133892
-0.0033292827
-0.0096919453
-0.0022575362
-0.0096718866
-0.0012063874
-0.0086391841
-0.00037033151
-0.006304252
-0.0025290799
-7.7804428e-05
0.0010739324
-0.0002731515
0.0029110778
-0.00051842167
0.0044013538
-0.00074073875
0.0054641835
-0.00087598853
0.006057781
-0.00088012031
0.0061829084
-0.00073377639
0.005872765
-0.00044140802
0.0051953126
-1.6552987e-05
0.0042709341
0.00046732284
0.0030447473
0.00057231105
0.0040148436
0.00047326917
0.0046956812
0.00035960626
0.0045353037
0.00022733169
0.0044078168
6.5853896e-05
0.0042646803
-0.00013482345
0.0040898131
-0.00038487484
0.0038702485
-0.00069338772
0.0035906757
-0.0010681299
0.0032368862
-0.0015149525
0.0027955142
-0.0020369819
0.0022546229
-0.00263411
0.0016062833
-0.003307373
0.00084504095
-0.0040325783
-4.0578401e-05
-0.0048143416
-0.0010151177
-0.00562241
-0.0021022211
-0.0064369052
-0.0032937557
-0.0068443765
-0.0025084391
-0.0067432195
-0.001221606
-0.0065851841
-0.0025863844
-0.0063552849
-0.0040193015
-0.0060393584
-0.0055049801
-0.0056151542
-0.0070143132
-0.0050541
-0.008471872
-0.0043286063
-0.0097388829
-0.0034270385
-0.010593513
-0.0023820068
-0.010716918
-0.0013053225
-0.0097158683
-0.0004114625
-0.007198112
-0.0029405424
-9.818132e-05
0.0011721137
-0.00033544015
0.0031483367
-0.00061852834
0.004684442
-0.00085516835
0.0057008235
-0.00097265579
0.0061752684
-0.00092881771
0.0061390704
-0.00071334231
0.0056572896
-0.00034327548
0.0048252457
0.00014820894
0.0037794497
0.00069964889
0.0024933073
0.00083616133
0.0038783312
0.00076095531
0.0047708872
0.0006725014
0.0046237577
0.00056936474
0.0045109534
0.00044238232
0.0043916628
0.00028246679
0.0042497286
8.0149192e-05
0.0040725661
-0.00017482038
0.0038456453
-0.00049177628
0.0035538421
-0.00087836481
0.0031821028
-0.0013397439
0.002716002
-0.0018802718
0.0021468111
-0.0024998196
0.0014645887
-0.0032049929
0.00066459498
-0.0039700014
-0.00025010927
-0.0047949738
-0.0012772487
-0.0056678651
-0.0024208644
-0.006111784
-0.0020645202
-0.0059902167
-0.0013431733
-0.0058510809
-0.0027255202
-0.0056789375
-0.004191445
-0.0054581628
-0.0057257548
-0.00516247
-0.007310006
-0.0047530181
-0.0088813239
-0.0041841289
-0.010307772
-0.0034174763
-0.011360166
-0.0024556868
-0.011678708
-0.0013917423
-0.010779813
-0.00045390484
-0.0081359494
-0.0033944473
-0.00012796709
0.0013000808
-0.0004200913
0.0034404609
-0.00074557986
0.0050099306
-0.0009884919
0.0059437355
-0.00106992
0.0062566966
-0.0009551767
0.006024327
-0.00064904358
0.0053511564
-0.0001854038
0.0043616059
0.00038589266
0.0032081533
0.00099604157
0.0018831584
0.0011672322
0.0037071406
0.0011234261
0.0048146933
0.0010668703
0.0046803134
0.000998564
0.0045792597
0.00091130898
0.0044789178
0.00079723955
0.004363798
0.00064734403
0.0042224616
0.00045217773
0.0040408116
0.00020242827
0.0038035915
-0.0001111624
0.0034956934
-0.00049940519
0.0031042448
-0.00096691951
0.0026143254
-0.00151733
0.0020149992
-0.0021548725
0.0013021375
-0.0028772945
0.00047231267
-0.0036765746
-0.00047796853
-0.0045562948
-0.0015411442
-0.0050015363
-0.0016192787
-0.0048589579
-0.0014857516
-0.0047433267
-0.0028411514
-0.0046408106
-0.0042939611
-0.0045362374
-0.0058303279
-0.0044016328
-0.0074446106
-0.0041896364
-0.0090933203
-0.003836927
-0.010660482
-0.0032744261
-0.011922666
-0.0024636356
-0.012489498
-0.0014620247
-0.011781424
-0.00049946207
-0.0090985121
-0.0038939093
-0.00017165342
0.0014717342
-0.00053413587
0.0038029433
-0.0009024799
0.0053782746
-0.0011341999
0.0061754555
-0.0011504963
0.006272993
-0.00093338185
0.0058072126
-0.00051092346
0.004928698
6.1027605e-05
0.0037896549
0.0007167296
0.0025524513
0.0013749134
0.0012249747
0.0015839981
0.0034980558
0.0015824826
0.0048162089
0.0015677767
0.0046950193
0.001542942
0.0046040945
0.00150299
0.0045188697
0.0014417115
0.0044250765
0.0013514425
0.0043127307
0.0012232405
0.0041690135
0.0010472769
0.0039795551
0.00081344611
0.0037295243
0.00051334821
0.0034043427
0.00013801239
0.0029896613
-0.00032292425
0.0024759358
-0.00087405506
0.0018532683
-0.0015183632
0.0011166208
-0.0022555669
0.00025923514
-0.0030922169
-0.00070449418
-0.003506591
-0.0012049047
-0.0033459488
-0.0016463938
-0.0032580361
-0.002929064
-0.0032331904
-0.0043188068
-0.0032597306
-0.0058037878
-0.0033107999
-0.0073935413
-0.0033344888
-0.0090696314
-0.0032543615
-0.010740609
-0.0029691105
-0.012207917
-0.002388447
-0.013070162
-0.0015127273
-0.012657143
-0.00055176053
-0.010059479
-0.0044456699
-0.00023644917
0.0017081834
-0.00068615931
0.0042526535
-0.0010880439
0.0057801592
-0.0012750316
0.0063624432
-0.0011817448
0.0061797062
-0.0008211838
0.0054466516
-0.00025444115
0.0043619554
0.00043700188
0.0030982118
0.0011705183
0.0018189348
0.0018575091
0.00053798387
0.0021084444
0.0032471205
0.0021650285
0.0047596247
0.0022069177
0.0046531301
0.0022387345
0.0045722777
0.0022577798
0.0044998244
0.0022597156
0.0044231407
0.0022385431
0.0043339031
0.0021865063
0.0042210504
0.0020943986
0.0040716628
0.0019520638
0.003871859
0.0017489777
0.0036074288
0.0014743003
0.0032643387
0.0011196345
0.0028306016
0.00067650673
0.0022963961
0.00013799604
0.0016551315
-0.00050755159
0.00090478278
-0.0012563047
4.4258959e-05
-0.0016178396
-0.00084336983
-0.0014479411
-0.0018162924
-0.0013917137
-0.0029852914
-0.0014494114
-0.0042611091
-0.0016148093
-0.0056383899
-0.0018720422
-0.0071363084
-0.002155825
-0.0087858486
-0.0023987205
-0.010497713
-0.002465373
-0.012141265
-0.002205925
-0.01332961
-0.0015385684
-0.0133245
-0.0006170475
-0.010981
-0.0050627174
-0.00033418638
0.0020423698
-0.00088510366
0.0048035707
-0.0012902631
0.0061853187
-0.0013723398
0.0064445199
-0.0011047807
0.005912147
-0.00055158272
0.0048934536
0.00018377251
0.0036266002
0.00099281759
0.0022891667
0.001784301
0.0010274514
0.0024678561
-0.00014557123
0.0027653808
0.0029495959
0.0029025346
0.0046224709
0.0030224247
0.0045332401
0.0031307181
0.0044639843
0.0032268903
0.0044036522
0.0033084443
0.0043415868
0.0033711912
0.0042711562
0.0034089062
0.0041833354
0.0034134526
0.0040671164
0.0033750834
0.0039102282
0.0032829256
0.0036995866
0.0031254648
0.0034217995
0.0028915256
0.0030645408
0.0025705355
0.0026173862
0.0021532742
0.0020723928
0.0016330408
0.0014250162
0.00098317813
0.00069412165
0.00069935562
-0.00055954732
0.00086544702
-0.0019823838
0.00088061074
-0.0030004551
0.00073785281
-0.0041183512
0.00043715976
-0.0053376969
-3.7968606e-06
-0.0066953518
-0.00059576763
-0.0081938779
-0.0012149879
-0.009878493
-0.0017102156
-0.011646037
-0.0018764759
-0.01316335
-0.0015266626
-0.013674313
-0.00070392255
-0.01180374
-0.0057666399
-0.00048375763
0.0025261274
-0.001134377
0.0054541901
-0.0014697444
0.0065206861
-0.0013452323
0.0063200078
-0.00081653029
0.005383445
-2.0918937e-05
0.0040978423
0.0008903295
0.0027153517
0.001793238
0.0013862582
0.002599846
0.00022084345
0.0032307874
-0.0007765127
0.0035804113
0.002599972
0.0038287381
0.004374144
0.0040565185
0.0043054596
0.0042700721
0.0042504308
0.0044707264
0.0042029978
0.0046575096
0.0041548035
0.0048278707
0.0041007951
0.0049771559
0.0040340502
0.0050985277
0.0039457446
0.0051830706
0.0038256853
0.0052200552
0.0036626021
0.005197317
0.0034445377
0.0051020992
0.0031597586
0.0049218166
0.0027976687
0.004644882
0.0023493274
0.004259363
0.0018105352
0.0037495287
0.0012039559
0.0035315867
-0.00034160535
0.0036693542
-0.0021201512
0.0036183338
-0.0029494348
0.0033675924
-0.0038676097
0.0029063714
-0.0048764759
0.0022274533
-0.0060164337
0.001370772
-0.0073371966
0.0003865141
-0.0088942351
-0.00060083629
-0.010658687
-0.0013268159
-0.01243737
-0.0014417809
-0.013559348
-0.00081849255
-0.012427028
-0.0065851325
-0.00071012432
0.0032362517
-0.0014086945
0.0061527603
-0.0015184751
0.0066304667
-0.0010301169
0.0058316496
-0.00014226822
0.0044955963
0.00092173502
0.003033839
0.0019799851
0.0016571017
0.002911958
0.00045428537
0.0036602335
-0.00052743206
0.0041684032
-0.0012846824
0.0045759139
0.0021924613
0.0049745096
0.0039755484
0.0053495138
0.0039304554
0.0057077526
0.0038921919
0.0060518575
0.0038588929
0.006381793
0.0038248681
0.0066961409
0.0037864471
0.0069915091
0.003738682
0.0072622608
0.0036749929
0.0075004265
0.0035875197
0.0076957244
0.0034673041
0.007835755
0.0033045071
0.0079065804
0.0030889332
0.0078935316
0.0028107175
0.0077822243
0.0024606347
0.0075591636
0.0020335959
0.0072113405
0.001551779
0.0070502049
-0.00018046981
0.0071050804
-0.0021750267
0.0069481571
-0.0027925115
0.0065621417
-0.0034815943
0.0059298671
-0.0042442013
0.0050351315
-0.0051216982
0.0038750679
-0.0061771329
0.0024771121
-0.0074962793
0.00097130313
-0.0091528779
-0.0003815225
-0.011084544
-0.0011875123
-0.012753358
-0.00094573184
-0.012668809
-0.0075308643
-0.0010217608
0.0042580126
-0.0015727227
0.0067037221
-0.0011614141
0.0062191581
-0.00010820429
0.0047784398
0.0012012314
0.0031861606
0.0024888062
0.0017462642
0.0035890536
0.00055685433
0.0044285224
-0.00038518346
0.0050004526
-0.0010993623
0.0052951087
-0.0015793385
0.0057647458
0.0017228243
0.0063591234
0.0033811707
0.0069289687
0.0033606101
0.0074815127
0.003339648
0.0080198452
0.0033205604
0.0085441247
0.0033005886
0.009053362
0.0032772098
0.0095448487
0.0032471953
0.010013733
0.0032061088
0.01045278
0.0031484729
0.010852196
0.0030678878
0.011199583
0.0029571203
0.011480179
0.0028083366
0.011677427
0.0026134701
0.011773921
0.0023641404
0.011753732
0.0020537848
0.011605723
0.0016997878
0.011479432
-5.4178012e-05
0.011375709
-0.0020713046
0.011049992
-0.002466794
0.010484835
-0.002916437
0.0096591541
-0.0034185207
0.0085446945
-0.0040072386
0.0071107329
-0.0047431713
0.0053394634
-0.0057250098
0.0032799852
-0.0070933996
0.0011549991
-0.0089595583
-0.00051325033
-0.011085109
-0.00099504555
-0.012187013
-0.0085259098
-0.0013073777
0.0055653903
-0.0011355267
0.0065318711
0.00025105613
0.0048325753
0.0020050684
0.0030244276
0.0036342846
0.0015569444
0.0049415721
0.00043897671
0.0058602581
-0.00036183172
0.0064067154
-0.00093164073
0.0066412341
-0.001333881
0.00661091
-0.0015490144
0.0071417617
0.0011919726
0.007978272
0.0025446604
0.0087943757
0.0025445064
0.009596565
0.0025374587
0.010387162
0.0025299638
0.011165907
0.0025218433
0.011931652
0.0025114643
0.012681826
0.0024970219
0.013411907
0.0024760279
0.014115085
0.002445295
0.014781957
0.0024010155
0.015400289
0.0023387881
0.015954959
0.002253667
0.016428148
0.0021402812
0.016799723
0.001992565
0.017049873
0.0018036353
0.017167834
0.0015818265
0.01706452
4.9135927e-05
0.016701469
-0.0017082536
0.016134263
-0.0018995881
0.015346539
-0.0021287132
0.014315835
-0.0023878167
0.013006097
-0.0026975003
0.011364332
-0.0031014064
0.0093205558
-0.0036812335
0.0068155974
-0.0045884413
0.003912146
-0.0060561069
0.0010686273
-0.0082415903
-0.00058058003
-0.010537806
-0.0091064899
-0.00064170973
0.0062071
0.0014551355
0.0044350258
0.0041063548
0.002181356
0.0062451324
0.00088564994
0.0076893758
0.00011270105
0.008543564
-0.00041521158
0.0088989254
-0.00071719302
0.0088741299
-0.00090684527
0.0085731234
-0.0010328745
0.0080937168
-0.0010696078
0.0086736984
0.00061199102
0.0097913194
0.0014270393
0.010901097
0.0014347284
0.012003911
0.001434645
0.013100408
0.0014334667
0.01418998
0.0014322716
0.015271244
0.0014302004
0.016341708
0.0014265574
0.017397261
0.0014204756
0.01843177
0.0014107852
0.019436734
0.0013960515
0.02040094
0.0013745828
0.021310197
0.0013444101
0.022147225
0.0013032524
0.022891481
0.0012483094
0.023520002
0.0011751139
0.024018297
0.0010835322
0.023963835
0.00010359768
0.023259617
-0.0010040359
0.022411386
-0.001051357
0.021401261
-0.0011185879
0.020208576
-0.0011951317
0.018798495
-0.0012874194
0.01711074
-0.0014136513
0.015040807
-0.0016113009
0.012420083
-0.0019677175
0.009052412
-0.0026884355
0.0049832876
-0.0041724659
0.0011850725
-0.006739591
-0.0079214174
0.0062071
0.010642126
0.012823482
0.013709132
0.013821833
0.013406621
0.012689428
0.011782583
0.010749708
0.0096801007
0.010292092
0.011719131
0.013153859
0.014588504
0.016021971
0.017454243
0.018884443
0.020311001
0.021731476
0.023142261
0.024538313
0.025912896
0.027257306
0.028560558
0.029808868
0.030983981
0.032067514
0.032171111
0.031167075
0.030115718
0.028997131
0.027801999
0.026514579
0.025100928
0.023489627
0.02152191
0.018833474
0.014661008
0.0079214174
5.2248289e-07
-5.2248291e-07
5.6214859e-07
-3.9666154e-08
-2.1543558e-07
7.775836e-07
-1.8643848e-06
1.6489484e-06
-4.3621495e-06
2.4977638e-06
-7.6720335e-06
3.3098829e-06
-1.1765953e-05
4.093918e-06
-1.6628685e-05
4.8627313e-06
-2.2331021e-05
5.7023348e-06
-2.8904956e-05
6.5739341e-06
-3.1813589e-05
2.9086328e-06
-3.2878785e-05
1.0651957e-06
-3.4115271e-05
1.2364855e-06
-3.5215923e-05
1.1006534e-06
-3.5957831e-05
7.4190928e-07
-3.619611e-05
2.3827974e-07
-3.5870685e-05
-3.2542374e-07
-3.4913674e-05
-9.5701024e-07
-3.3320314e-05
-1.5933583e-06
-3.110433e-05
-2.2159831e-06
-2.831281e-05
-2.7915197e-06
-2.5024386e-05
-3.2884239e-06
-2.1349544e-05
-3.674842e-06
-1.7430739e-05
-3.9188048e-06
-1.3449906e-05
-3.980833e-06
-9.6259005e-06
-3.8240052e-06
-6.2381184e-06
-3.3877821e-06
-5.0076626e-06
-1.2304558e-06
-4.7540841e-06
-2.5357845e-07
-3.8981631e-06
-8.5592108e-07
-2.9263914e-06
-9.7177169e-07
-1.8888422e-06
-1.0375492e-06
-9.1733772e-07
-9.7150448e-07
-1.0028852e-07
-8.1704918e-07
4.873026e-07
-5.8759109e-07
7.9657753e-07
-3.0927489e-07
8.1105266e-07
-1.4475085e-08
5.685383e-07
2.425144e-07
1.9045181e-07
3.7808652e-07
1.9045182e-07
1.0996317e-06
-1.6221151e-06
6.2129523e-07
4.3866916e-07
-2.408009e-06
3.8068865e-06
-8.2233373e-06
7.4642751e-06
-1.67967e-05
1.1071125e-05
-2.8030385e-05
1.4543565e-05
-4.182768e-05
1.7891211e-05
-5.8126278e-05
2.1161327e-05
-7.6929894e-05
2.450595e-05
-9.7785042e-05
2.7429081e-05
-0.00010812023
1.3243816e-05
-0.00011241521
5.3601833e-06
-0.00011647014
5.2914164e-06
-0.0001198535
4.4840174e-06
-0.0001220089
2.8973127e-06
-0.00012249854
7.2791564e-07
-0.00012114039
-1.6835703e-06
-0.00011775718
-4.3402194e-06
-0.00011228503
-7.0655069e-06
-0.00010478461
-9.7163997e-06
-9.5413745e-05
-1.2162381e-05
-8.4429048e-05
-1.4273121e-05
-7.2193078e-05
-1.5910811e-05
-5.9166498e-05
-1.6945384e-05
-4.5966143e-05
-1.7181189e-05
-3.3234815e-05
-1.6555333e-05
-2.2112043e-05
-1.4510554e-05
-1.7545583e-05
-5.7969164e-06
-1.6445778e-05
-1.3533829e-06
-1.3736285e-05
-3.5654147e-06
-1.0462445e-05
-4.2456116e-06
-7.021297e-06
-4.4786971e-06
-3.7667701e-06
-4.2260314e-06
-1.0164933e-06
-3.5673259e-06
9.9389413e-07
-2.5979785e-06
2.1086344e-06
-1.4240151e-06
2.2909742e-06
-1.9681477e-07
1.669416e-06
8.6407268e-07
6.4639472e-07
1.4011078e-06
8.3684656e-07
1.1789906e-06
-2.8011064e-06
-6.5901815e-07
2.2766765e-06
-7.1307936e-06
1.027866e-05
-1.868836e-05
1.902184e-05
-3.5329329e-05
2.7712091e-05
-5.6896024e-05
3.6110258e-05
-8.3198258e-05
4.4193442e-05
-0.00011406888
5.2031943e-05
-0.00014930218
5.9739255e-05
-0.00018798001
6.6106913e-05
-0.00020788378
3.3147577e-05
-0.00021662625
1.4102653e-05
-0.0002242494
1.2914572e-05
-0.00023026631
1.0500926e-05
-0.00023386503
6.4960398e-06
-0.00023434597
1.2088589e-06
-0.00023137037
-4.6591656e-06
-0.00022462765
-1.1082936e-05
-0.00021403201
-1.7661152e-05
-0.00019969322
-2.4055179e-05
-0.00018190474
-2.9950862e-05
-0.00016114339
-3.5034469e-05
-0.00013808034
-3.8973862e-05
-0.00011356828
-4.1457444e-05
-8.8749668e-05
-4.1999803e-05
-6.4784275e-05
-4.0520726e-05
-4.3851112e-05
-3.5443717e-05
-3.4666458e-05
-1.4981571e-05
-3.2262064e-05
-3.7577766e-06
-2.7241567e-05
-8.585912e-06
-2.1033969e-05
-1.0453209e-05
-1.4526587e-05
-1.0986079e-05
-8.3418765e-06
-1.0410742e-05
-3.082725e-06
-8.8264774e-06
8.1819929e-07
-6.4989026e-06
3.0810617e-06
-3.6868774e-06
3.6508858e-06
-7.6663875e-07
2.7743187e-06
1.7406399e-06
1.1551891e-06
3.0202374e-06
1.9920357e-06
6.3034852e-07
-3.4314556e-06
-3.7139642e-06
6.6209878e-06
-1.5231916e-05
2.1796611e-05
-3.4581464e-05
3.8371386e-05
-6.1794174e-05
5.4924799e-05
-9.6643611e-05
7.0959693e-05
-0.00013881554
8.636537e-05
-0.00018797676
0.00010119316
-0.00024364847
0.00011541096
-0.00030468397
0.00012714241
-0.00033643547
6.4899073e-05
-0.00035070115
2.8368336e-05
-0.000362717
2.4930425e-05
-0.00037175537
1.95393e-05
-0.00037678523
1.1525898e-05
-0.00037685168
1.2753115e-06
-0.00037148913
-1.0021707e-05
-0.00036024498
-2.2327092e-05
-0.00034302384
-3.4882285e-05
-0.00032000822
-4.70708e-05
-0.00029165873
-5.8300353e-05
-0.00025871805
-6.7975147e-05
-0.00022222349
-7.5468417e-05
-0.00018350026
-8.0180676e-05
-0.00014428615
-8.1213918e-05
-0.00010639581
-7.8411059e-05
-7.3059569e-05
-6.8779961e-05
-5.7755786e-05
-3.0285353e-05
-5.3507871e-05
-8.0056923e-06
-4.5556187e-05
-1.6537596e-05
-3.5667782e-05
-2.0341615e-05
-2.5275621e-05
-2.137824e-05
-1.536572e-05
-2.0320643e-05
-6.874117e-06
-1.7318081e-05
-4.7686867e-07
-1.2896151e-05
3.4024709e-06
-7.5662169e-06
4.6897773e-06
-2.053945e-06
3.770676e-06
2.6597412e-06
1.6503304e-06
5.1405832e-06
3.6423661e-06
-6.8139889e-07
-2.7500574e-06
-9.0384909e-06
1.4978078e-05
-2.7684423e-05
4.0442542e-05
-5.7432034e-05
6.8118995e-05
-9.8320333e-05
9.5813096e-05
-0.00015002922
0.00012266858
-0.0002120849
0.00014842105
-0.00028394381
0.00017305207
-0.0003648664
0.00019633355
-0.00045362783
0.00021590384
-0.00049978381
0.00011105505
-0.00052060924
4.9193772e-05
-0.00053783911
4.216029e-05
-0.00055028538
3.1985574e-05
-0.00055668897
1.7929493e-05
-0.00055576024
3.4658031e-07
-0.00054705081
-1.8731139e-05
-0.00052991081
-3.9467087e-05
-0.00050427641
-6.0516689e-05
-0.00047043231
-8.0914894e-05
-0.00042904515
-9.9687521e-05
-0.00038117308
-0.00011584721
-0.00032827925
-0.00012836225
-0.0002722404
-0.00013621953
-0.00021545437
-0.00013799995
-0.00016052162
-0.00013334381
-0.00011171378
-0.00011758781
-8.8499851e-05
-5.3499282e-05
-8.1754948e-05
-1.4750595e-05
-7.0106883e-05
-2.8185661e-05
-5.5636225e-05
-3.4812273e-05
-4.0375275e-05
-3.6639189e-05
-2.5772567e-05
-3.4923351e-05
-1.3151739e-05
-2.9938908e-05
-3.4827694e-06
-2.2565121e-05
2.6421696e-06
-1.3691156e-05
5.1245873e-06
-4.5363626e-06
4.4983262e-06
3.2860024e-06
2.0679792e-06
7.5709303e-06
5.7103454e-06
-2.8749069e-06
1.2484862e-07
-1.7137294e-05
2.9240465e-05
-4.5529124e-05
6.883437e-05
-8.8910355e-05
0.00011150023
-0.0001472576
0.00015416034
-0.00022010879
0.00019551976
-0.00030678899
0.00023510125
-0.00040651536
0.00027277843
-0.00051832832
0.00030814651
-0.00064097997
0.00033855548
-0.00070439779
0.00017447287
-0.00073283044
7.7626426e-05
-0.0007560768
6.5406643e-05
-0.00077228977
4.8198545e-05
-0.00077981983
2.5459557e-05
-0.000777389
-2.0842526e-06
-0.0007640736
-3.2046542e-05
-0.00073938703
-6.4153652e-05
-0.00070326399
-9.6639732e-05
-0.00065612984
-0.00012804904
-0.00059890232
-0.00015691504
-0.00053300715
-0.00018174238
-0.00046039255
-0.00020097685
-0.00038355901
-0.00021305307
-0.00030561944
-0.00021593952
-0.00023007967
-0.00020888358
-0.00016221296
-0.00018545451
-0.00012899223
-8.6720016e-05
-0.00011898319
-2.4759637e-05
-0.00010270361
-4.4465235e-05
-8.2565222e-05
-5.4950665e-05
-6.1253317e-05
-5.7951094e-05
-4.077912e-05
-5.5397548e-05
-2.2915003e-05
-4.7803024e-05
-8.9801769e-06
-3.6499947e-05
2.303863e-07
-2.2901719e-05
4.5839995e-06
-8.8899756e-06
4.7540402e-06
3.1159619e-06
2.336887e-06
9.9880837e-06
8.0472324e-06
-6.0727977e-06
6.197646e-06
-2.8495631e-05
5.1663298e-05
-6.9813479e-05
0.00011015222
-0.0001307375
0.00017242425
-0.00021105858
0.00023448141
-0.00031009163
0.00029455282
-0.00042690526
0.00035191488
-0.00056045061
0.00040632378
-0.00070957286
0.00045726875
-0.0008729557
0.00050193832
-0.00095680957
0.00025832674
-0.00099398814
0.00011480499
-0.0010240646
9.5483139e-05
-0.0010443851
6.8518967e-05
-0.0010528596
3.3934109e-05
-0.0010480404
-6.9034346e-06
-0.0010288063
-5.1280635e-05
-0.00099470941
-9.8250594e-05
-0.00094577622
-0.00014557292
-0.00088262325
-0.00019120201
-0.0008064709
-0.00023306739
-0.00071916503
-0.00026904825
-0.00062319452
-0.00029694735
-0.00052174199
-0.00031450559
-0.00041867763
-0.00031900388
-0.00031851241
-0.00030904881
-0.00022744972
-0.0002765172
-0.00018181374
-0.00013235599
-0.00016766951
-3.8903864e-05
-0.00014563141
-6.6503335e-05
-0.00011852163
-8.206045e-05
-8.9737585e-05
-8.6735138e-05
-6.1952237e-05
-8.3182896e-05
-3.7455216e-05
-7.2300046e-05
-1.797628e-05
-5.5978883e-05
-4.5556266e-06
-3.6322372e-05
2.6005584e-06
-1.604616e-05
4.2941143e-06
1.4224063e-06
2.3851872e-06
1.1897011e-05
1.043242e-05
-1.0329468e-05
1.6527114e-05
-4.3550472e-05
8.4884301e-05
-0.00010151952
0.00016812126
-0.00018456008
0.00025546481
-0.00029209482
0.00034201616
-0.00042309125
0.00042554924
-0.0005762787
0.00050510233
-0.00075029485
0.00058033993
-0.00094375758
0.00065073148
-0.00115515
0.0007133307
-0.001262932
0.00036610875
-0.0013102219
0.00016209495
-0.0013480438
0.00013330496
-0.0013728544
9.3329624e-05
-0.0013820595
4.3139158e-05
-0.0013739563
-1.5006585e-05
-0.0013473794
-7.7857575e-05
-0.0013018943
-0.00014373566
-0.0012376832
-0.00020978409
-0.0011556143
-0.00027327091
-0.0010572667
-0.00033141498
-0.00094495651
-0.00038135844
-0.00082176076
-0.0004201431
-0.00069158194
-0.00044468442
-0.00055907521
-0.0004515106
-0.00042982875
-0.00043829527
-0.00031087615
-0.0003954698
-0.00025011419
-0.00019311796
-0.00023087966
-5.8138391e-05
-0.00020174951
-9.5633482e-05
-0.00016611271
-0.00011769725
-0.00012814973
-0.00012469812
-9.1291668e-05
-0.00012004096
-5.8422299e-05
-0.00010516941
-3.1753103e-05
-8.2648079e-05
-1.2635851e-05
-5.5439624e-05
-1.4035373e-06
-2.7278474e-05
2.8361346e-06
-2.8172654e-06
2.1507416e-06
1.2582404e-05
1.2583161e-05
-1.5726319e-05
3.2253433e-05
-6.266295e-05
0.00013182093
-0.00014147512
0.00024693343
-0.00025177873
0.00036576842
-0.00039238721
0.00048262465
-0.00056174264
0.00059490468
-0.00075810731
0.000701467
-0.00097970839
0.00080194101
-0.0012248187
0.00089584182
-0.0014915202
0.00098003216
-0.0016270105
0.00050159904
-0.001686208
0.00022129245
-0.0017329692
0.00018006616
-0.0017628317
0.00012319213
-0.0017726719
5.2979277e-05
-0.001760552
-2.7126412e-05
-0.0017252802
-0.00011312941
-0.0016664895
-0.00020252638
-0.0015845692
-0.00029170434
-0.0014806991
-0.00037714102
-0.0013568701
-0.00045524402
-0.0012159112
-0.00052231732
-0.0010615217
-0.00057453265
-0.00089833594
-0.00060787013
-0.00073180746
-0.00061803908
-0.00056863946
-0.00060146327
-0.00041657429
-0.00054753497
-0.00033770337
-0.00027198888
-0.00031237216
-8.3469596e-05
-0.00027460897
-0.00013339667
-0.00022861067
-0.00016369555
-0.00017942755
-0.00017388124
-0.00013134141
-0.0001681271
-8.7916695e-05
-0.00014859413
-5.1933722e-05
-0.00011863105
-2.5149097e-05
-8.2224248e-05
-8.1200517e-06
-4.4307519e-05
-5.7474466e-08
-1.0879842e-05
1.545392e-06
1.0979538e-05
1.4128554e-05
-2.2316389e-05
5.4569822e-05
-8.6078812e-05
0.00019558336
-0.0001902314
0.00035108602
-0.00033331118
0.00050884821
-0.00051322547
0.00066253894
-0.00072765288
0.0008093321
-0.00097419939
0.00094801352
-0.0012505092
0.0010782508
-0.0015542909
0.0011996235
-0.001882969
0.0013087103
-0.0020501607
0.00066879066
-0.0021237773
0.0002949091
-0.002181243
0.00023753184
-0.0022171787
0.00015912787
-0.0022279767
6.3777271e-05
-0.0022115042
-4.359901e-05
-0.0021665755
-0.00015805809
-0.0020929303
-0.00027617161
-0.0019912111
-0.00039342349
-0.0018629581
-0.00050539408
-0.001710616
-0.00060758606
-0.0015375565
-0.00069537685
-0.0013481157
-0.00076397348
-0.001147645
-0.00080834084
-0.0009423956
-0.00082328844
-0.00074018479
-0.00080367407
-0.00054933025
-0.00073838952
-0.00044915297
-0.00037216616
-0.00041671852
-0.00011590404
-0.00036859673
-0.00018151847
-0.00031011531
-0.00022217697
-0.00024729433
-0.00023670221
-0.00018535145
-0.00023006998
-0.00012862925
-0.00020531634
-8.0589853e-05
-0.00016667045
-4.353465e-05
-0.00011927945
-1.8385621e-05
-6.9456548e-05
-4.4980525e-06
-2.4767411e-05
2.7150701e-07
6.209979e-06
1.4400061e-05
-3.0113771e-05
8.4683594e-05
-0.00011385329
0.00027932288
-0.00024788426
0.00048511698
-0.00042926018
0.00069022413
-0.00065464118
0.00088791995
-0.00092064609
0.001075337
-0.0012239647
0.0012513321
-0.0015613974
0.0014156836
-0.0019297633
0.0015679894
-0.0023255232
0.0017044702
-0.0025284914
0.00087175888
-0.0026201289
0.00038654658
-0.0026910454
0.00030844837
-0.0027349696
0.00020305204
-0.0027479078
7.6715458e-05
-0.0027275967
-6.3910155e-05
-0.0026729069
-0.00021274781
-0.0025836987
-0.00036537986
-0.0024608904
-0.00051623183
-0.0023064086
-0.00065987589
-0.0021231728
-0.00079082177
-0.0019151067
-0.00090344295
-0.0016871747
-0.0009919055
-0.0014454056
-0.00105011
-0.0011968352
-0.0010718589
-0.00095034991
-0.0010501593
-0.00071470995
-0.00097402947
-0.00058991099
-0.00049696512
-0.0005494473
-0.00015636774
-0.00048912264
-0.00024184313
-0.00041578239
-0.00029551722
-0.00033651273
-0.00031597187
-0.00025753451
-0.0003090482
-0.00018407638
-0.00027877447
-0.00012043494
-0.00023031188
-6.9665413e-05
-0.00017004898
-3.3307408e-05
-0.00010581455
-1.1197069e-05
-4.6877749e-05
-1.3429096e-06
-3.6441803e-06
1.3057152e-05
-3.9067872e-05
0.00012375147
-0.00014573395
0.00038598896
-0.00031380591
0.00065318895
-0.00053844036
0.00091485858
-0.00081468934
0.0011641689
-0.0011377697
0.0013984174
-0.0015031274
0.0016166898
-0.0019063703
0.0018189265
-0.0023430081
0.0020046272
-0.0028081847
0.0021696468
-0.0030508928
0.001114467
-0.0031656881
0.00050134188
-0.0032543317
0.00039709199
-0.0033096582
0.00025837857
-0.0033274204
9.447758e-05
-0.0033052894
-8.6041167e-05
-0.0032422641
-0.00027577309
-0.0031382903
-0.00046935366
-0.0029945416
-0.00065998049
-0.002813318
-0.00084109953
-0.0025980018
-0.001006138
-0.0023530522
-0.0011483925
-0.0020840291
-0.0012609286
-0.0017975824
-0.0013365567
-0.0015015054
-0.0013679359
-0.001205662
-0.0013460027
-0.00091913219
-0.0012605593
-0.00076643058
-0.00064966672
-0.00071722733
-0.00020557098
-0.00064288343
-0.00031618703
-0.00055217199
-0.00038622866
-0.00045329548
-0.00041484839
-0.00035350203
-0.00040884164
-0.00025901868
-0.00037325783
-0.00017518666
-0.0003141439
-0.00010612998
-0.00023910566
-5.4393325e-05
-0.00015755121
-2.0634137e-05
-8.0636937e-05
-3.6691206e-06
-2.0609196e-05
9.3880312e-06
-4.9008162e-05
0.00017275963
-0.00018095774
0.00051793854
-0.00038622859
0.0008584598
-0.00065772512
0.0011863551
-0.00098851831
0.0014949621
-0.0013720607
0.0017819598
-0.0018021859
0.002046815
-0.0022728958
0.0022896364
-0.0027779003
0.0025096317
-0.0033106188
0.0027023653
-0.0035966687
0.0014005169
-0.003741794
0.00064646716
-0.0038546145
0.00050991254
-0.0039270168
0.00033078084
-0.0039546329
0.0001220937
-0.0039350546
-0.0001056195
-0.0038675429
-0.00034328471
-0.0037519907
-0.00058490587
-0.0035897325
-0.00082223874
-0.0033833673
-0.0010474647
-0.003136683
-0.0012528224
-0.0028546283
-0.0014304472
-0.002543307
-0.0015722499
-0.0022099309
-0.0016699328
-0.0018630111
-0.0017148557
-0.0015132467
-0.0016957671
-0.0011699247
-0.0016038812
-0.00098630888
-0.00083328255
-0.00092811196
-0.0002637679
-0.00083826314
-0.00040603585
-0.00072781417
-0.00049667763
-0.00060600088
-0.00053666167
-0.00048102785
-0.00053381468
-0.00036021926
-0.00049406641
-0.00025024818
-0.00042411498
-0.00015677879
-0.00033257505
-8.3964528e-05
-0.00023036547
-3.3985408e-05
-0.00013061606
-6.9487529e-06
-4.7645851e-05
2.4392786e-06
-5.9562676e-05
0.0002323223
-0.00021792202
0.00067629789
-0.00046169627
0.0011022341
-0.00078119303
0.0015058519
-0.0011671943
0.0018809633
-0.0016110808
0.0022258463
-0.0021047015
0.0025404356
-0.0026400016
0.0028249366
-0.0032083369
0.003077967
-0.0038009075
0.0032949359
-0.0041332077
0.0017328171
-0.0043183196
0.00083157907
-0.0044645924
0.00065618536
-0.0045628603
0.00042904875
-0.0046087329
0.00016796629
-0.0045994386
-0.00011491382
-0.0045348317
-0.00040789162
-0.0044143976
-0.00070533991
-0.0042394154
-0.00099722096
-0.0040126122
-0.0012742679
-0.0037380565
-0.001527378
-0.0034211073
-0.0017473964
-0.003068359
-0.0019249982
-0.0026875519
-0.0020507399
-0.0022878773
-0.0021145303
-0.0018806795
-0.002102965
-0.0014753223
-0.0020092384
-0.0012584117
-0.0010501931
-0.0011918703
-0.0003303093
-0.001085966
-0.00051194016
-0.00095415251
-0.00062849114
-0.00080632534
-0.00068448883
-0.00065138575
-0.00068875428
-0.0004978005
-0.00064765166
-0.00035395082
-0.00056796466
-0.00022772921
-0.00045879665
-0.00012581776
-0.00033227692
-5.2934896e-05
-0.00020349892
-1.1411362e-05
-8.9169384e-05
-8.9720833e-06
-7.0054691e-05
0.00030237699
-0.00025392102
0.00086016423
-0.00053434564
0.0013826587
-0.00089903398
0.0018705402
-0.0013363605
0.0023182898
-0.001835421
0.0027249068
-0.002385722
0.0030907366
-0.0029766473
0.0034158619
-0.0035965412
0.0036978608
-0.0042337694
0.0039321642
-0.0046138612
0.0021129089
-0.0048511821
0.0010689
-0.0050434402
0.00084844345
-0.0051802967
0.00056590529
-0.0052573661
0.00024503567
-0.0052704255
-0.00010185446
-0.0052210448
-0.00045727229
-0.0051073727
-0.00081901204
-0.0049301954
-0.0011743982
-0.00469203
-0.0015124334
-0.0043969934
-0.0018224145
-0.0040507408
-0.0020936491
-0.0036603417
-0.0023153972
-0.0032341163
-0.0024769654
-0.0027819524
-0.0025666942
-0.0023156194
-0.0025692979
-0.0018443399
-0.0024805179
-0.0015929253
-0.0013016077
-0.0015204357
-0.00040279897
-0.0014000284
-0.00063234747
-0.0012471134
-0.00078140609
-0.0010713163
-0.00086028589
-0.0008816377
-0.00087843293
-0.00068760412
-0.00084168524
-0.00049976525
-0.00075580353
-0.00032922425
-0.00062933764
-0.00018660048
-0.0004749007
-8.0812345e-05
-0.00030928705
-1.8158662e-05
-0.00015182307
-2.7130745e-05
-7.9240116e-05
0.00038161711
-0.00028436363
0.0010652877
-0.00059481236
0.0016931075
-0.00099630107
0.002272029
-0.0014750283
0.0027970171
-0.0020177258
0.0032676042
-0.0026111314
0.0036841422
-0.0032413151
0.0040460456
-0.0038926137
0.0043491595
-0.0045497028
0.0045892533
-0.0049761179
0.002539324
-0.0052794816
0.0013722636
-0.0055331628
0.0011021247
-0.0057256812
0.00075842369
-0.0058527888
0.00037214333
-0.0059050723
-4.9570924e-05
-0.0058901955
-0.00047214912
-0.0058017564
-0.00090745107
-0.0056395219
-0.0013366328
-0.0054051696
-0.0017467856
-0.00510246
-0.0021251241
-0.0047371746
-0.0024589344
-0.0043168965
-0.0027356753
-0.0038507292
-0.0029431328
-0.0033494396
-0.0030679838
-0.0028250908
-0.0030936467
-0.0022864183
-0.0030191904
-0.0020012136
-0.0015868124
-0.0019284989
-0.00047551363
-0.0017994152
-0.00076143113
-0.0016296358
-0.00095118558
-0.0014266354
-0.0010632863
-0.0011983804
-0.0011066879
-0.00095511942
-0.0010849463
-0.00071005248
-0.0010008705
-0.00047882184
-0.00086056828
-0.00027809669
-0.00067562586
-0.00012370714
-0.0004636766
-2.8926308e-05
-0.0002466039
-5.6057054e-05
-8.4993456e-05
0.00046661057
-0.00030197691
0.0012822711
-0.00062934538
0.002020476
-0.00105246
0.0026951438
-0.0015560196
0.0033005768
-0.0021242781
0.0038358627
-0.0027403587
0.0043002228
-0.0033853951
0.004691082
-0.0040375867
0.0050013511
-0.004676564
0.0052282305
-0.005140784
0.0030035441
-0.0055220567
0.0017535363
-0.005852855
0.0014329229
-0.0061207272
0.0010262959
-0.0063207526
0.00057216866
-0.0064438978
7.3574264e-05
-0.0064890809
-0.00042696604
-0.0064528369
-0.00094369505
-0.006331707
-0.0014577626
-0.0061250758
-0.0019534169
-0.0058353771
-0.0024148229
-0.0054679722
-0.0028263393
-0.0050309115
-0.0031727361
-0.0045345369
-0.0034395074
-0.0039912091
-0.0036113116
-0.003413805
-0.0036710508
-0.0028103363
-0.0036226591
-0.0024951297
-0.001902019
-0.0024342857
-0.00053635762
-0.0023104994
-0.0008852175
-0.0021355306
-0.0011261543
-0.0019114845
-0.0012873324
-0.0016434534
-0.001374719
-0.0013416128
-0.0013867868
-0.0010221085
-0.0013203747
-0.00070672197
-0.0011759548
-0.00042121142
-0.00096113641
-0.00019272559
-0.00069216243
-4.693107e-05
-0.00039239841
-0.00010298812
-8.3365587e-05
0.00054997614
-0.00029563419
0.0014945394
-0.00062047832
0.00234532
-0.0010454134
0.0031200789
-0.0015541393
0.0038093028
-0.0021272329
0.0044089563
-0.0027416212
0.0049146112
-0.0033696411
0.0053191019
-0.0039764919
0.005608202
-0.0045360366
0.0057877753
-0.0050121815
0.003479689
-0.0054748368
0.0022161917
-0.0058940786
0.0018521648
-0.0062578802
0.0013900975
-0.0065600518
0.00087434032
-0.0067941253
0.00030764778
-0.0069353295
-0.0002857618
-0.0069927402
-0.00088628432
-0.0069529468
-0.0014975561
-0.006810644
-0.0020957196
-0.0065652953
-0.0026601717
-0.0062209706
-0.0031706639
-0.005786291
-0.0036074157
-0.0052739199
-0.0039518785
-0.0046996778
-0.0041855536
-0.0040794628
-0.0042912658
-0.0034212399
-0.004280882
-0.0030848296
-0.0022384293
-0.003060967
-0.00056022021
-0.002971133
-0.00097505154
-0.0028150327
-0.0012822546
-0.002585255
-0.0015171101
-0.0022815948
-0.0016783792
-0.0019126257
-0.001755756
-0.0014970269
-0.0017359736
-0.001064132
-0.0016088497
-0.00065272832
-0.0013725401
-0.00030817957
-0.0010367112
-7.8375626e-05
-0.00062220236
-0.00018136375
-5.938312e-05
0.00060935908
-0.00023978515
0.0016749412
-0.0005392422
0.0026447773
-0.0009485256
0.0035293623
-0.0014496389
0.004310416
-0.0020158908
0.0049752082
-0.0026099784
0.0055086986
-0.0031881895
0.0058973129
-0.0036786794
0.0060986918
-0.0040389027
0.0061479985
-0.004473712
0.0039144982
-0.005010114
0.0027525936
-0.0055185681
0.0023606189
-0.0059944447
0.0018659741
-0.0064326992
0.0013125948
-0.0068209696
0.00069591822
-0.0071071051
3.7362374e-07
-0.0073134616
-0.00067992777
-0.0074076548
-0.0014033629
-0.007379563
-0.0021238114
-0.0072238473
-0.0028158874
-0.0069418025
-0.0034527087
-0.0065416511
-0.0040075671
-0.0060382753
-0.0044552543
-0.0054524356
-0.0047713933
-0.0048076125
-0.0049360889
-0.0041186262
-0.0049698683
-0.0037755066
-0.0025815489
-0.0038411554
-0.00049457137
-0.0038373479
-0.00097885907
-0.0037414686
-0.0013781339
-0.0035344219
-0.0017241568
-0.0032083634
-0.0020044377
-0.0027674804
-0.002196639
-0.0022308199
-0.002272634
-0.0016353115
-0.0022043581
-0.0010367445
-0.0019711071
-0.00050790895
-0.0015655467
-0.00013546928
-0.00099464203
-0.00031683303
-3.6895389e-05
-0.00019345281
-0.00049298976
-0.00092620628
-0.0014683047
-0.002070408
-0.0026515302
-0.0030899409
-0.0033162539
-0.0029934204
-0.0032608902
-0.0038499831
-0.0044033249
-0.0050015809
-0.0056055276
-0.0061870889
-0.0067365106
-0.0071650118
-0.0074892022
-0.0076754054
-0.007705047
-0.0075692992
-0.0072700764
-0.0068206743
-0.0062465018
-0.0055876954
-0.0048951288
-0.0045820597
-0.004826789
-0.0049859552
-0.0050098511
-0.0048720212
-0.0045539364
-0.0040491984
-0.0033705291
-0.0025582696
-0.0016873754
-0.00086814836
-0.00024486963
)
;

boundaryField
{
    movingWall
    {
        type            calculated;
        value           uniform 0;
    }
    fixedWalls
    {
        type            calculated;
        value           uniform 0;
    }
    front
    {
        type            empty;
        value           nonuniform List<scalar> 0();
    }
    back
    {
        type            empty;
        value           nonuniform List<scalar> 0();
    }
}


// ************************************************************************* //
