/*--------------------------------*- C++ -*----------------------------------*\
| =========                 |                                                 |
| \\      /  F ield         | OpenFOAM: The Open Source CFD Toolbox           |
|  \\    /   O peration     | Version:  2112                                  |
|   \\  /    A nd           | Website:  www.openfoam.com                      |
|    \\/     M anipulation  |                                                 |
\*---------------------------------------------------------------------------*/
FoamFile
{
    version     2.0;
    format      ascii;
    arch        "LSB;label=32;scalar=64";
    class       volScalarField;
    location    "52.5";
    object      p;
}
// * * * * * * * * * * * * * * * * * * * * * * * * * * * * * * * * * * * * * //

dimensions      [0 2 -2 0 0 0 0];

internalField   nonuniform List<scalar> 
8800
(
0.794092
0.746305
0.707615
0.678618
0.657754
0.642921
0.632324
0.624842
0.62002
0.617961
0.619227
0.623415
0.630059
0.639374
0.652152
0.669885
0.694661
0.728602
0.771151
0.829853
0.625344
0.633023
0.640497
0.643804
0.6423
0.637221
0.630732
0.624652
0.619927
0.617082
0.6168
0.619304
0.623791
0.629734
0.636501
0.64278
0.646419
0.645683
0.640261
0.63157
0.603753
0.609912
0.614038
0.61698
0.619027
0.619629
0.61852
0.616412
0.614394
0.613484
0.614444
0.616823
0.619619
0.621797
0.622402
0.621201
0.618857
0.615462
0.610904
0.607143
0.597952
0.600602
0.603352
0.605752
0.607384
0.608542
0.60928
0.609393
0.609095
0.609042
0.609791
0.610957
0.611793
0.611854
0.611241
0.610146
0.608328
0.605755
0.603351
0.601847
0.592584
0.594008
0.595785
0.597813
0.599593
0.60093
0.601914
0.602706
0.603316
0.603876
0.604523
0.605013
0.605107
0.604813
0.604111
0.602858
0.601159
0.599308
0.597999
0.597167
0.587525
0.588444
0.589683
0.591245
0.592872
0.594391
0.595669
0.59673
0.597688
0.598575
0.599258
0.599577
0.599527
0.599079
0.598191
0.596985
0.595652
0.594388
0.593564
0.593013
0.582639
0.583308
0.584267
0.585564
0.586966
0.588417
0.589847
0.591161
0.59235
0.593449
0.594261
0.594616
0.59452
0.594
0.593183
0.592227
0.591207
0.590278
0.589691
0.589286
0.577882
0.578398
0.579178
0.580301
0.58157
0.582935
0.58437
0.58583
0.587246
0.58857
0.589561
0.590015
0.589973
0.589571
0.588954
0.588217
0.587433
0.586742
0.586306
0.585989
0.573183
0.573593
0.574245
0.575243
0.576439
0.577754
0.579186
0.580726
0.582331
0.58391
0.585135
0.585768
0.585908
0.585716
0.585313
0.584781
0.584197
0.583695
0.583369
0.583112
0.568457
0.568792
0.569354
0.570272
0.571417
0.572715
0.574177
0.57581
0.577594
0.579451
0.580978
0.581891
0.582294
0.582343
0.58216
0.581843
0.581446
0.5811
0.580858
0.580643
0.563619
0.563896
0.564397
0.565268
0.566393
0.567712
0.569243
0.571008
0.573011
0.575187
0.577097
0.578371
0.57909
0.579414
0.57947
0.579366
0.579154
0.578945
0.57877
0.578584
0.558581
0.558814
0.559275
0.560129
0.561274
0.562657
0.564299
0.566249
0.568533
0.571107
0.573487
0.575196
0.576283
0.57692
0.577242
0.577358
0.577328
0.577243
0.577123
0.576959
0.553256
0.553454
0.553895
0.554762
0.555967
0.557459
0.559266
0.561469
0.564113
0.567189
0.570139
0.572363
0.57388
0.574872
0.575488
0.575832
0.576001
0.576031
0.575957
0.575808
0.547546
0.547716
0.548154
0.549062
0.550371
0.552022
0.554061
0.556595
0.5597
0.563399
0.567042
0.569879
0.5719
0.573299
0.57425
0.574872
0.575231
0.57537
0.575335
0.575196
0.541339
0.541484
0.541935
0.542914
0.544371
0.54624
0.548587
0.551545
0.555232
0.5597
0.564182
0.567756
0.570374
0.57225
0.573579
0.574498
0.575075
0.575329
0.575331
0.575197
0.5345
0.53462
0.535098
0.53618
0.537837
0.539994
0.542736
0.546234
0.550643
0.556051
0.561552
0.56601
0.569338
0.571777
0.57355
0.574808
0.57563
0.576002
0.576039
0.575906
0.526861
0.526956
0.527476
0.528697
0.530611
0.533136
0.536384
0.540564
0.545876
0.552439
0.559171
0.564682
0.568848
0.571949
0.574253
0.57591
0.577
0.577496
0.577565
0.57743
0.518192
0.518292
0.518866
0.520243
0.522486
0.525487
0.529381
0.534421
0.540856
0.548836
0.557051
0.563816
0.56897
0.57285
0.575784
0.577901
0.579297
0.579926
0.580026
0.579887
0.508202
0.508283
0.508944
0.510545
0.513219
0.516833
0.521547
0.527672
0.535507
0.545223
0.555218
0.563464
0.569782
0.574579
0.57824
0.580905
0.582647
0.583418
0.583547
0.583399
0.496524
0.496588
0.497348
0.499261
0.502488
0.506889
0.51265
0.520147
0.529723
0.541555
0.553687
0.563685
0.571369
0.577241
0.581743
0.585047
0.587174
0.588094
0.588249
0.588088
0.482624
0.482676
0.483578
0.485901
0.489858
0.495296
0.502427
0.511695
0.523467
0.537885
0.552547
0.564579
0.573831
0.580939
0.586422
0.590448
0.592993
0.594062
0.594237
0.594061
0.46574
0.465779
0.466896
0.469801
0.474759
0.481601
0.490559
0.502132
0.516673
0.534238
0.551869
0.566236
0.577265
0.585786
0.592367
0.597209
0.600193
0.601403
0.601588
0.601392
0.444757
0.444795
0.446252
0.450023
0.456423
0.465242
0.476706
0.491326
0.509355
0.530701
0.551764
0.568763
0.581784
0.591868
0.599656
0.605389
0.60881
0.610134
0.610315
0.610097
0.41794
0.417996
0.420034
0.425211
0.433837
0.44556
0.46055
0.479218
0.501616
0.527446
0.5524
0.572281
0.587463
0.599253
0.608342
0.614994
0.618806
0.620195
0.62035
0.620108
0.38228
0.382432
0.385664
0.393437
0.405835
0.421997
0.442026
0.466024
0.493787
0.524795
0.554022
0.576964
0.594399
0.607969
0.618439
0.625951
0.630042
0.631414
0.631515
0.631251
0.332039
0.332995
0.339425
0.352524
0.371474
0.394492
0.421454
0.452167
0.486236
0.523004
0.556777
0.582888
0.602616
0.617966
0.629811
0.638048
0.642243
0.643492
0.643515
0.643231
0.258344
0.265516
0.280409
0.30348
0.332214
0.364417
0.399869
0.438349
0.479458
0.522522
0.561192
0.590731
0.612981
0.63032
0.643628
0.652542
0.656788
0.657914
0.657886
0.65764
0.178967
0.19599
0.220151
0.25386
0.292766
0.33431
0.378344
0.424805
0.473382
0.523485
0.568068
0.601987
0.627477
0.647305
0.662487
0.67203
0.676081
0.676978
0.676971
0.676825
0.112838
0.13292
0.164761
0.207472
0.255372
0.305717
0.358072
0.412369
0.468285
0.525236
0.575466
0.613476
0.64199
0.664025
0.680475
0.690234
0.694092
0.694921
0.694989
0.694908
0.0586738
0.0804083
0.117749
0.166859
0.221863
0.27963
0.33936
0.400852
0.46366
0.527126
0.582715
0.624553
0.655779
0.679707
0.697328
0.707571
0.711755
0.712678
0.71276
0.712726
0.0135252
0.0364535
0.0775817
0.131775
0.192495
0.256387
0.32244
0.39032
0.459432
0.528983
0.589623
0.635066
0.668868
0.694671
0.713524
0.724618
0.729123
0.730003
0.730127
0.730119
-0.0248587
-0.00124531
0.042738
0.100978
0.166497
0.235601
0.307149
0.380711
0.455559
0.530752
0.596132
0.644975
0.681209
0.708834
0.728891
0.74077
0.745654
0.746661
0.746814
0.746831
-0.0584862
-0.0344082
0.0118519
0.073409
0.142984
0.216619
0.293034
0.371711
0.451819
0.532269
0.602106
0.654142
0.692652
0.7219
0.743029
0.755602
0.760896
0.76213
0.762331
0.762355
-0.0888337
-0.0643436
-0.0162183
0.0481725
0.121245
0.198842
0.279616
0.362956
0.447938
0.533335
0.607393
0.662429
0.703027
0.733678
0.755757
0.768907
0.774538
0.776006
0.776235
0.776264
-0.116845
-0.0919752
-0.04224
0.0245761
0.100728
0.181834
0.266526
0.354134
0.443669
0.533762
0.61187
0.669771
0.712295
0.744228
0.767046
0.780631
0.786506
0.788136
0.788385
0.788395
-0.143305
-0.118009
-0.0667729
0.00213512
0.0810238
0.165257
0.253488
0.34502
0.438819
0.53341
0.615481
0.676193
0.720554
0.753656
0.777085
0.790952
0.797003
0.798733
0.798975
0.79896
-0.168563
-0.14283
-0.0904177
-0.0194684
0.0618404
0.14888
0.240314
0.335457
0.433263
0.532202
0.618208
0.68174
0.727933
0.762142
0.786142
0.800142
0.806236
0.808007
0.808214
0.808167
-0.193023
-0.166722
-0.113255
-0.040481
0.0429855
0.132542
0.226885
0.325348
0.426915
0.530063
0.620024
0.686457
0.734543
0.769875
0.794315
0.808359
0.814448
0.816187
0.816394
0.816323
-0.21681
-0.190076
-0.135425
-0.061052
0.0243458
0.11616
0.21313
0.314638
0.419722
0.526946
0.620907
0.690389
0.740517
0.777011
0.801811
0.815815
0.821834
0.823501
0.823656
0.823559
-0.240041
-0.212765
-0.157078
-0.0812564
0.00587338
0.0997001
0.199029
0.303306
0.411661
0.522808
0.620809
0.693555
0.745949
0.783678
0.808777
0.822663
0.828504
0.830049
0.830133
0.829997
-0.262839
-0.234969
-0.178277
-0.101125
-0.0124546
0.0831662
0.184602
0.291375
0.402737
0.517614
0.619676
0.695942
0.750913
0.790004
0.815353
0.828991
0.834514
0.835856
0.835861
0.835699
-0.28521
-0.256664
-0.19903
-0.120652
-0.0306051
0.0665915
0.169897
0.278892
0.392978
0.511342
0.617448
0.697507
0.755427
0.796122
0.821722
0.834921
0.839929
0.840991
0.840919
0.840743
-0.306997
-0.277812
-0.219277
-0.139808
-0.048542
0.0500426
0.154974
0.26593
0.382445
0.504018
0.614065
0.698161
0.759446
0.802161
0.828184
0.840723
0.844877
0.845508
0.845349
0.845182
-0.328177
-0.298384
-0.239002
-0.158545
-0.0662061
0.0335792
0.139924
0.252568
0.371216
0.495669
0.609484
0.697773
0.762857
0.808187
0.835118
0.846903
0.849684
0.849498
0.849186
0.849059
-0.348815
-0.318344
-0.258176
-0.176826
-0.0835347
0.0172846
0.124837
0.238912
0.359385
0.486364
0.603664
0.696195
0.76546
0.814092
0.84284
0.854322
0.855279
0.853393
0.852568
0.8527
-0.368738
-0.337668
-0.276742
-0.194589
-0.100468
0.00124237
0.109806
0.225073
0.347067
0.476202
0.596601
0.693258
0.76697
0.819511
0.851266
0.863938
0.86371
0.859302
0.856436
0.855877
-0.388041
-0.356344
-0.294718
-0.211861
-0.117039
-0.0145905
0.0947773
0.210993
0.334197
0.465111
0.588162
0.688685
0.767073
0.8239
0.859669
0.875919
0.877286
0.871378
0.862876
0.848498
-0.406647
-0.374359
-0.312221
-0.22884
-0.133533
-0.0305449
0.0793377
0.196193
0.320242
0.452458
0.577698
0.681685
0.765173
0.826464
0.866184
0.887754
0.891557
0.879578
0.860162
0.84789
-0.424377
-0.391844
-0.329054
-0.245315
-0.149609
-0.0462765
0.0637134
0.180999
0.305508
0.438506
0.565288
0.671808
0.760512
0.826083
0.866437
0.887787
0.894713
0.872213
0.804328
0.773743
-0.440565
-0.410036
-0.344882
-0.260753
-0.164506
-0.061283
0.0482145
0.165638
0.290212
0.42338
0.550874
0.658765
0.751764
0.822136
0.855669
0.871003
0.862452
0.809272
0.740285
0.697794
-0.496666
-0.426075
-0.359304
-0.276247
-0.179809
-0.0770118
0.0327775
0.149831
0.27399
0.406636
0.533863
0.641954
0.735187
0.812176
0.818225
0.822458
0.774982
0.705955
0.629767
0.587337
-0.457751
-0.441596
-0.380807
-0.297122
-0.202303
-0.0996195
0.00914269
0.125509
0.248609
0.379731
0.504828
0.610908
0.696059
0.776874
0.765498
0.654272
0.550339
0.478009
0.405085
0.436248
-0.48903
-0.459436
-0.397658
-0.314749
-0.219927
-0.117435
-0.00842376
0.107282
0.229282
0.358567
0.480825
0.582547
0.659045
0.701548
0.654168
0.507188
0.380508
0.289896
0.191575
0.242204
-0.51312
-0.480573
-0.417498
-0.334379
-0.239467
-0.13708
-0.0281574
0.0867022
0.207285
0.33416
0.452678
0.548263
0.615625
0.624584
0.519257
0.347707
0.196022
0.0779611
-0.0526713
-0.019573
-0.536717
-0.502595
-0.438305
-0.354267
-0.259222
-0.15697
-0.0485645
0.0653242
0.184301
0.308398
0.422285
0.510411
0.56237
0.540495
0.383294
0.188119
-0.00133604
-0.16855
-0.356686
-0.374689
-0.559703
-0.525113
-0.459905
-0.375081
-0.279843
-0.177792
-0.0700259
0.042775
0.159899
0.28085
0.389421
0.469953
0.50305
0.445255
0.254012
0.0446241
-0.171808
-0.360448
-0.60202
-0.900599
-0.582977
-0.548371
-0.482594
-0.397252
-0.301794
-0.19989
-0.0926883
0.0189974
0.134173
0.251736
0.354713
0.42702
0.439762
0.331041
0.141572
-0.0671704
-0.27058
-0.442222
-0.510905
-0.590176
-0.60749
-0.572816
-0.506719
-0.421114
-0.325575
-0.223906
-0.117358
-0.00695672
0.105963
0.219632
0.316659
0.378152
0.36634
0.224079
0.041776
-0.14799
-0.309816
-0.402079
-0.426025
-0.441978
-0.633556
-0.598757
-0.532452
-0.446751
-0.351313
-0.250047
-0.14439
-0.0355702
0.0746833
0.183828
0.274406
0.322106
0.292933
0.124871
-0.0486348
-0.213333
-0.338874
-0.377684
-0.390608
-0.391927
-0.661375
-0.626368
-0.559852
-0.474149
-0.378952
-0.278311
-0.173797
-0.06689
0.0402651
0.144322
0.227555
0.261219
0.212918
0.0331865
-0.131341
-0.278766
-0.354007
-0.371217
-0.372616
-0.372439
-0.691005
-0.655701
-0.588934
-0.503297
-0.408498
-0.308681
-0.205576
-0.100927
0.00271797
0.101166
0.17618
0.198457
0.114405
-0.0506409
-0.207117
-0.328564
-0.364955
-0.363165
-0.362129
-0.361524
-0.722151
-0.686576
-0.619587
-0.534099
-0.439853
-0.34109
-0.239685
-0.137648
-0.0379279
0.0544464
0.121024
0.126692
0.0244777
-0.128912
-0.267333
-0.341819
-0.352266
-0.35513
-0.355904
-0.355559
-0.754245
-0.71852
-0.651544
-0.566314
-0.472818
-0.375366
-0.275961
-0.176914
-0.0815014
0.00450386
0.0624935
0.0536364
-0.0564057
-0.195572
-0.311319
-0.342608
-0.350624
-0.352311
-0.352197
-0.351899
-0.786811
-0.75098
-0.684334
-0.59953
-0.50703
-0.411169
-0.314106
-0.218428
-0.127732
-0.0480552
-0.000531718
-0.0162791
-0.130494
-0.249745
-0.343185
-0.357117
-0.350359
-0.349373
-0.34932
-0.349167
-0.818952
-0.783227
-0.717066
-0.633127
-0.54192
-0.448002
-0.353643
-0.261697
-0.176141
-0.102704
-0.0648269
-0.0819572
-0.194804
-0.291684
-0.347369
-0.357083
-0.351906
-0.348941
-0.347841
-0.347523
-0.849032
-0.814048
-0.74876
-0.666159
-0.576692
-0.485129
-0.393879
-0.306003
-0.225905
-0.15901
-0.124555
-0.158122
-0.248028
-0.321303
-0.338109
-0.351955
-0.353271
-0.350088
-0.348893
-0.348196
-0.875478
-0.841565
-0.778263
-0.697415
-0.610269
-0.521563
-0.433893
-0.350416
-0.275876
-0.216097
-0.182568
-0.235563
-0.302768
-0.317583
-0.352295
-0.356866
-0.361071
-0.363478
-0.364547
-0.364265
-0.896127
-0.863972
-0.803452
-0.725445
-0.641317
-0.556089
-0.472505
-0.393783
-0.324823
-0.272505
-0.24397
-0.311285
-0.373174
-0.354283
-0.350847
-0.390311
-0.41176
-0.420959
-0.421192
-0.419421
-0.908724
-0.879292
-0.822445
-0.748332
-0.668273
-0.587292
-0.508356
-0.434705
-0.371356
-0.326288
-0.304908
-0.38989
-0.506322
-0.553212
-0.513107
-0.51124
-0.514038
-0.511184
-0.502976
-0.50085
-0.910597
-0.885242
-0.83325
-0.764219
-0.689376
-0.613668
-0.539914
-0.471541
-0.413802
-0.374922
-0.356988
-0.458453
-0.655563
-0.917987
-0.829468
-0.645811
-0.552593
-0.518101
-0.507366
-0.504613
-0.899668
-0.879188
-0.833681
-0.771465
-0.703086
-0.633601
-0.565664
-0.502548
-0.449843
-0.414874
-0.396985
-0.458234
-0.573003
-0.876527
-0.797298
-0.558623
-0.455241
-0.424329
-0.41578
-0.41197
-0.873795
-0.858259
-0.82195
-0.768844
-0.708404
-0.646034
-0.584247
-0.526207
-0.476692
-0.443512
-0.406013
-0.307264
-0.126561
-0.00298329
-0.0577027
-0.154382
-0.224926
-0.251047
-0.257794
-0.256511
-0.835342
-0.825231
-0.798697
-0.756526
-0.705339
-0.650734
-0.595143
-0.541372
-0.493574
-0.457977
-0.413073
-0.195057
0.207819
0.636428
0.438385
0.0723083
-0.165028
-0.24555
-0.266627
-0.272999
-0.790802
-0.785038
-0.768725
-0.737263
-0.695891
-0.648674
-0.598835
-0.548371
-0.501246
-0.462833
-0.423881
-0.375459
-0.371128
-0.366052
-0.500056
-0.661322
-0.662341
-0.597905
-0.568132
-0.590571
-0.749787
-0.746321
-0.738216
-0.716586
-0.683171
-0.642198
-0.596745
-0.548512
-0.500148
-0.462325
-0.439837
-0.649157
-1.29433
-2.26337
-2.96203
-3.03781
-2.75421
-2.40278
-2.03308
-1.84604
-0.719651
-0.717426
-0.713391
-0.699436
-0.67188
-0.634467
-0.591005
-0.54183
-0.489956
-0.436601
-0.411074
-0.515762
-0.926336
-1.31056
-1.42711
-1.27418
-1.02869
-0.80537
-0.608453
-0.509432
-0.696995
-0.696165
-0.69494
-0.687629
-0.665095
-0.629109
-0.583996
-0.531548
-0.470537
-0.398972
-0.33744
-0.293289
-0.225241
0.0123497
0.308856
0.6553
0.92596
1.0677
1.14022
1.16417
-0.683658
-0.683307
-0.682848
-0.679616
-0.66225
-0.626349
-0.57791
-0.520125
-0.451559
-0.371082
-0.274533
-0.167978
0.0590006
0.529565
1.0343
1.49137
1.80389
1.95091
2.00246
2.01267
-0.674788
-0.674556
-0.674021
-0.673259
-0.661171
-0.625911
-0.57401
-0.510416
-0.434003
-0.336733
-0.222565
-0.101151
0.162167
0.63098
1.12537
1.56534
1.86008
2.00129
2.0478
2.05687
-0.668957
-0.669059
-0.669141
-0.66904
-0.660342
-0.627852
-0.574295
-0.505318
-0.419536
-0.316997
-0.202805
-0.0806499
0.11938
0.530891
0.938778
1.29052
1.53153
1.65029
1.69263
1.70244
-0.666049
-0.665323
-0.662798
-0.65956
-0.655839
-0.633086
-0.581394
-0.506551
-0.414812
-0.310208
-0.200854
-0.0914287
0.0587926
0.38032
0.691749
0.943016
1.12063
1.21095
1.24724
1.2573
-0.683054
-0.678715
-0.666378
-0.65471
-0.657664
-0.652325
-0.598648
-0.513663
-0.414823
-0.309467
-0.210633
-0.115804
-0.00373227
0.228218
0.46081
0.640738
0.768104
0.837115
0.867874
0.877251
-0.744944
-0.741752
-0.738922
-0.742854
-0.746406
-0.719183
-0.630756
-0.522995
-0.413316
-0.307556
-0.221559
-0.150413
-0.0670062
0.116672
0.290117
0.419938
0.517193
0.571739
0.596609
0.603724
-0.841154
-0.852717
-0.879314
-0.895507
-0.882513
-0.803245
-0.661779
-0.523828
-0.405425
-0.303392
-0.230433
-0.179334
-0.124152
0.0177646
0.15637
0.263119
0.338994
0.382335
0.401061
0.405169
-0.861061
-0.879172
-0.909889
-0.926731
-0.904257
-0.8008
-0.640661
-0.498086
-0.382659
-0.289789
-0.226997
-0.191746
-0.158847
-0.0403945
0.0667528
0.145093
0.202864
0.235653
0.249649
0.252764
-0.69494
-0.712959
-0.739407
-0.756048
-0.733906
-0.647563
-0.534887
-0.42877
-0.337947
-0.261957
-0.207419
-0.174899
-0.137051
-0.0483002
0.0291572
0.0831601
0.121461
0.143454
0.15305
0.154188
-0.405162
-0.4149
-0.43145
-0.448028
-0.448831
-0.420945
-0.37676
-0.326107
-0.274452
-0.221627
-0.17509
-0.136024
-0.0915121
-0.0357171
0.00799735
0.0416956
0.0660913
0.0814067
0.0878194
0.0887668
-0.146418
-0.150551
-0.161561
-0.18095
-0.203862
-0.222165
-0.229678
-0.224659
-0.207111
-0.177556
-0.140617
-0.0989644
-0.0583773
-0.0226078
0.00483021
0.0286938
0.0479092
0.0607176
0.0672099
0.0665715
0.00109173
-0.00103583
-0.00960088
-0.0299112
-0.062775
-0.0988992
-0.128352
-0.146255
-0.150205
-0.138249
-0.111503
-0.0755173
-0.0412446
-0.0250023
-0.00686693
0.0113139
0.0279668
0.0383898
0.0414642
0.0402858
0.0554513
0.0539232
0.0469679
0.0294087
-0.000214582
-0.0354428
-0.0689169
-0.0948897
-0.109298
-0.109022
-0.092887
-0.0679143
-0.0462296
-0.0411314
-0.0314194
-0.015863
-0.000737066
0.00887709
0.0112176
0.00943119
0.0611044
0.059931
0.0547533
0.0416254
0.0190464
-0.0093431
-0.0389182
-0.0650959
-0.0839941
-0.0921478
-0.0868656
-0.0745059
-0.0654399
-0.068461
-0.0620038
-0.0486274
-0.0379324
-0.0326038
-0.0322083
-0.0340462
0.0474608
0.0466256
0.043006
0.0338086
0.0176683
-0.00366147
-0.0277098
-0.0512363
-0.071298
-0.0852326
-0.089838
-0.0889262
-0.0899829
-0.100729
-0.0990723
-0.0909746
-0.0847211
-0.0834389
-0.0835794
-0.0847713
0.0287545
0.0281797
0.0256972
0.0193757
0.00803012
-0.00768881
-0.0266716
-0.0470152
-0.0671217
-0.0857716
-0.100273
-0.111949
-0.123363
-0.134712
-0.134542
-0.130566
-0.128863
-0.130037
-0.131291
-0.131972
0.0109746
0.0105744
0.0088544
0.00448173
-0.00353285
-0.0151721
-0.0301608
-0.0478202
-0.0678152
-0.0904644
-0.114987
-0.139282
-0.158397
-0.166514
-0.165612
-0.163357
-0.164088
-0.166034
-0.167188
-0.167651
-0.00355619
-0.00386569
-0.00506131
-0.00812356
-0.0138653
-0.0226094
-0.034582
-0.0499641
-0.0695267
-0.0953599
-0.128564
-0.165293
-0.191679
-0.194776
-0.189712
-0.187366
-0.188099
-0.190265
-0.191067
-0.191345
-0.0139687
-0.01423
-0.0151018
-0.0172716
-0.0214184
-0.0280241
-0.0376316
-0.0509748
-0.0695895
-0.0968856
-0.135868
-0.181447
-0.211106
-0.208359
-0.199983
-0.197898
-0.199679
-0.202014
-0.202597
-0.202623
-0.020223
-0.0204212
-0.0210823
-0.0225949
-0.0255476
-0.0305129
-0.0381441
-0.0494133
-0.0659961
-0.0922893
-0.131744
-0.179386
-0.206278
-0.198667
-0.19152
-0.19085
-0.194724
-0.197746
-0.198205
-0.198012
-0.0225947
-0.0227721
-0.0232407
-0.0242333
-0.0262318
-0.0297953
-0.035611
-0.0446423
-0.0585831
-0.0809473
-0.114676
-0.154833
-0.173178
-0.165534
-0.161602
-0.166077
-0.171889
-0.175217
-0.175645
-0.175414
-0.0213547
-0.0215015
-0.0218199
-0.0224237
-0.023648
-0.0260282
-0.0301563
-0.0367999
-0.0472124
-0.0636848
-0.087018
-0.112852
-0.123194
-0.117676
-0.119637
-0.12764
-0.134828
-0.138146
-0.138506
-0.138357
-0.0170986
-0.0172169
-0.0174189
-0.0177187
-0.0183492
-0.0197462
-0.0223443
-0.0266467
-0.0333383
-0.0432288
-0.0544308
-0.062808
-0.0607444
-0.0594341
-0.0700476
-0.0824124
-0.0899459
-0.0926306
-0.0929525
-0.0928516
-0.0104558
-0.010544
-0.0106518
-0.0107605
-0.0109984
-0.0116401
-0.0129555
-0.0151523
-0.0184701
-0.0226863
-0.0243106
-0.0170084
-0.00271549
-0.0120454
-0.0255773
-0.0373326
-0.0436872
-0.044281
-0.044447
-0.0448129
-0.00216644
-0.00217971
-0.00219499
-0.00222093
-0.00219161
-0.00217814
-0.00229906
-0.00260773
-0.00311133
-0.0037399
-0.0037929
-0.0010676
0.00482995
0.00387221
0.000113148
-0.00562593
-0.00523648
-0.00467447
-0.00654774
-0.00704312
-0.127185
0.0399183
0.235106
0.405548
0.541925
0.649562
0.738703
0.814576
0.84909
0.825801
0.176388
0.297298
0.42745
0.540017
0.634992
0.713662
0.777381
0.822612
0.845255
0.857327
0.395863
0.478863
0.567858
0.646503
0.714181
0.770821
0.815868
0.848779
0.872557
0.890535
0.557093
0.61649
0.678343
0.735588
0.785396
0.827702
0.862451
0.89017
0.912992
0.931291
0.682839
0.726068
0.772136
0.816049
0.854841
0.888731
0.917737
0.941876
0.962281
0.980117
0.787352
0.820297
0.858483
0.894095
0.926785
0.956087
0.981693
1.00322
1.02108
1.03843
0.88002
0.908754
0.942774
0.974953
1.00494
1.03215
1.05592
1.07566
1.09118
1.10826
0.968682
0.997912
1.03195
1.06402
1.09365
1.12026
1.14314
1.16164
1.17502
1.19205
1.06404
1.09727
1.13393
1.16752
1.19758
1.22378
1.24575
1.26303
1.27491
1.29231
1.17906
1.2169
1.25556
1.28981
1.31917
1.34392
1.3643
1.3802
1.39167
1.40974
1.32402
1.36257
1.39872
1.42941
1.45509
1.4772
1.49626
1.51179
1.52422
1.54221
1.49911
1.53073
1.55692
1.57937
1.59935
1.61807
1.63579
1.65227
1.66762
1.68569
1.68773
1.70493
1.71997
1.7362
1.75211
1.76665
1.77985
1.79378
1.81132
1.83148
1.86945
1.87899
1.89053
1.90134
1.91063
1.92021
1.931
1.94236
1.95373
1.96908
2.07669
2.08035
2.06541
2.0506
2.04432
2.05
2.06848
2.09879
2.13097
2.15762
2.38301
2.24815
2.17151
2.12913
2.11171
2.11567
2.14307
2.19948
2.3021
2.52647
0.684693
0.682564
0.67808
0.669454
0.657228
0.645096
0.634863
0.626963
0.62134
0.618078
0.617713
0.620441
0.625537
0.632753
0.642135
0.653671
0.666319
0.677352
0.683463
0.686516
0.609149
0.614996
0.621328
0.625818
0.628286
0.627958
0.625217
0.621402
0.617885
0.615617
0.615459
0.617646
0.621299
0.62558
0.629381
0.631259
0.63032
0.626835
0.621671
0.61505
0.600728
0.603024
0.606427
0.60942
0.611493
0.612985
0.613735
0.613413
0.61238
0.611488
0.61165
0.613064
0.614868
0.616164
0.616337
0.61544
0.613887
0.611547
0.608282
0.60536
0.595224
0.59631
0.598141
0.600516
0.602536
0.60396
0.604974
0.605719
0.606111
0.606322
0.606799
0.60759
0.608174
0.608228
0.607806
0.60695
0.605475
0.603386
0.601297
0.599913
0.59003
0.590692
0.591799
0.5935
0.595277
0.596902
0.598191
0.599198
0.60007
0.600846
0.601558
0.60209
0.602265
0.602084
0.601504
0.60044
0.599003
0.597454
0.596132
0.595351
0.585065
0.585525
0.586309
0.587603
0.589085
0.590594
0.59205
0.593337
0.594459
0.595498
0.596391
0.596934
0.597057
0.596764
0.596051
0.595048
0.593912
0.592772
0.591852
0.591334
0.58025
0.580595
0.581204
0.582267
0.583554
0.584919
0.586347
0.587779
0.589135
0.590394
0.591476
0.592136
0.592284
0.591984
0.591364
0.590571
0.589706
0.58883
0.588152
0.587773
0.575533
0.575801
0.576292
0.577195
0.578356
0.579642
0.581023
0.582495
0.584014
0.585507
0.58682
0.587649
0.587914
0.587761
0.587342
0.58676
0.586094
0.585442
0.584944
0.584654
0.570832
0.571045
0.571453
0.572245
0.573324
0.574559
0.575928
0.577442
0.579087
0.580809
0.582397
0.583475
0.583966
0.584044
0.583845
0.583476
0.58301
0.582546
0.582186
0.581959
0.566061
0.566232
0.566581
0.567299
0.568331
0.569542
0.570935
0.572528
0.574322
0.576288
0.578204
0.579621
0.58042
0.580771
0.580813
0.580663
0.580401
0.580104
0.579858
0.579677
0.561134
0.561273
0.56158
0.562253
0.563266
0.564499
0.565954
0.567667
0.56966
0.571925
0.574242
0.576083
0.577251
0.577919
0.578233
0.578315
0.578253
0.578115
0.577965
0.57782
0.555964
0.556076
0.556356
0.557008
0.558038
0.559337
0.560899
0.562784
0.565047
0.567687
0.5705
0.572852
0.574455
0.575487
0.576106
0.576437
0.576578
0.576603
0.576536
0.576418
0.550459
0.550548
0.550812
0.551469
0.552551
0.553959
0.555681
0.557808
0.560416
0.563539
0.566962
0.569926
0.572041
0.573492
0.574453
0.575075
0.575442
0.575614
0.575621
0.575525
0.544516
0.544584
0.54484
0.545525
0.546697
0.548261
0.550208
0.552654
0.555702
0.559429
0.5636
0.5673
0.570024
0.571969
0.573321
0.574266
0.574879
0.57521
0.575287
0.575208
0.538009
0.538057
0.538315
0.539049
0.540352
0.542127
0.544371
0.547228
0.550836
0.555309
0.560393
0.564981
0.56843
0.570957
0.572767
0.574069
0.574967
0.575471
0.575615
0.575552
0.530791
0.530821
0.531083
0.53189
0.533369
0.53542
0.538045
0.541422
0.545733
0.551128
0.557321
0.562982
0.567295
0.570509
0.572861
0.574586
0.575808
0.576496
0.576709
0.576657
0.522678
0.522695
0.522958
0.523862
0.52557
0.527963
0.53108
0.535122
0.540315
0.546851
0.554396
0.561338
0.566678
0.570697
0.573687
0.575922
0.577508
0.578398
0.57868
0.578638
0.51336
0.513346
0.513671
0.514713
0.516706
0.519549
0.523295
0.528177
0.534476
0.542424
0.551612
0.560081
0.566631
0.571601
0.575341
0.578175
0.580182
0.581295
0.58165
0.581614
0.502566
0.502527
0.502896
0.504129
0.506491
0.509918
0.514466
0.520413
0.528097
0.537783
0.548957
0.559249
0.567225
0.573317
0.57794
0.581466
0.583957
0.585315
0.585742
0.58571
0.489824
0.489759
0.490204
0.491686
0.494529
0.498716
0.504301
0.511618
0.521056
0.532897
0.54647
0.558912
0.568546
0.575936
0.581593
0.585913
0.588957
0.590576
0.591073
0.59104
0.474497
0.474401
0.474969
0.4768
0.480289
0.485494
0.492459
0.501569
0.513252
0.527763
0.544206
0.55916
0.570701
0.579568
0.586418
0.591637
0.595289
0.597178
0.597738
0.597698
0.455661
0.455538
0.456302
0.458642
0.463041
0.46966
0.478509
0.490013
0.504589
0.522407
0.542256
0.560084
0.573782
0.584321
0.592485
0.598726
0.603029
0.605181
0.605785
0.605732
0.431926
0.431786
0.432879
0.436009
0.441775
0.450461
0.461981
0.476738
0.495043
0.516897
0.540726
0.561807
0.577893
0.590269
0.599872
0.607226
0.612189
0.614569
0.615191
0.615116
0.40099
0.400868
0.402567
0.407067
0.415115
0.427012
0.442452
0.461683
0.484786
0.511524
0.539899
0.564532
0.583159
0.597485
0.608632
0.617149
0.622703
0.625233
0.625831
0.625725
0.358745
0.358783
0.361814
0.369167
0.381438
0.39859
0.419833
0.445087
0.47415
0.506572
0.539974
0.568397
0.589675
0.606014
0.618736
0.628393
0.634388
0.636925
0.637443
0.6373
0.297508
0.298685
0.30611
0.319825
0.3398
0.365296
0.394696
0.427617
0.463741
0.502523
0.541261
0.573546
0.597463
0.615777
0.630007
0.640618
0.646862
0.649182
0.649526
0.649349
0.224697
0.22642
0.240648
0.264237
0.295042
0.330402
0.368737
0.409867
0.453601
0.499437
0.544416
0.581542
0.60896
0.629867
0.645991
0.657775
0.664232
0.66645
0.666768
0.666682
0.149465
0.155571
0.176605
0.210343
0.251474
0.296417
0.343646
0.393036
0.44447
0.497493
0.548928
0.591094
0.622147
0.64586
0.664152
0.676871
0.683166
0.685036
0.685272
0.685243
0.08793
0.0963264
0.121924
0.162643
0.211838
0.264959
0.320217
0.37735
0.436144
0.49609
0.553704
0.600618
0.635018
0.661163
0.681068
0.694507
0.700824
0.702543
0.702907
0.702931
0.0378561
0.0468474
0.075987
0.121925
0.177238
0.236952
0.298998
0.362962
0.428462
0.494878
0.558331
0.609726
0.647241
0.675631
0.697074
0.71139
0.71798
0.720156
0.720625
0.720684
-0.00412643
0.00515245
0.0367491
0.0866821
0.147007
0.21219
0.279989
0.349922
0.421453
0.493825
0.562744
0.618358
0.658816
0.689369
0.712386
0.727693
0.734989
0.737522
0.738061
0.738146
-0.0403618
-0.0309593
0.00249513
0.0556312
0.12009
0.189939
0.262752
0.33797
0.414951
0.492806
0.566834
0.626415
0.669651
0.702231
0.726737
0.743009
0.750999
0.753759
0.75439
0.75448
-0.0725055
-0.0630506
-0.028163
0.0276775
0.0956052
0.169471
0.246714
0.32668
0.408647
0.491597
0.570435
0.633754
0.679579
0.713975
0.739746
0.756867
0.765531
0.768554
0.769206
0.769285
-0.101817
-0.0923061
-0.0562438
0.00193295
0.072846
0.150223
0.2314
0.315672
0.402235
0.489971
0.573377
0.640253
0.688487
0.724552
0.75137
0.769168
0.778321
0.781568
0.782265
0.782332
-0.129147
-0.119576
-0.0824574
-0.0222882
0.0512886
0.131772
0.216464
0.304649
0.395472
0.487727
0.57553
0.645857
0.696398
0.733978
0.76175
0.780066
0.789482
0.792906
0.793648
0.7937
-0.155049
-0.145398
-0.107289
-0.045422
0.0305502
0.113797
0.201654
0.293405
0.388181
0.484729
0.576824
0.650574
0.703394
0.742421
0.771067
0.789759
0.799308
0.802822
0.803568
0.803597
-0.180006
-0.170168
-0.131206
-0.0677154
0.0103677
0.0960832
0.186796
0.281802
0.380255
0.48089
0.577204
0.654419
0.709555
0.750039
0.779473
0.79844
0.808024
0.811516
0.812252
0.812245
-0.20424
-0.194169
-0.154434
-0.0893752
-0.00942486
0.0784964
0.171784
0.269759
0.371616
0.476144
0.57663
0.657397
0.714967
0.756987
0.787169
0.806295
0.815845
0.819281
0.819966
0.819926
-0.22785
-0.21756
-0.176981
-0.110552
-0.0289241
0.0609768
0.156568
0.257235
0.362229
0.470442
0.575052
0.659504
0.719704
0.763397
0.794304
0.813499
0.822949
0.826263
0.82687
0.826808
-0.250974
-0.240369
-0.199031
-0.131308
-0.0481687
0.0434935
0.141142
0.244232
0.352097
0.463771
0.572418
0.660712
0.723816
0.769379
0.801016
0.820193
0.82943
0.832538
0.83303
0.832922
-0.273584
-0.26269
-0.220592
-0.151669
-0.0671619
0.0260629
0.125542
0.230789
0.341246
0.456122
0.568683
0.660963
0.727318
0.775022
0.807455
0.826498
0.835331
0.838115
0.838462
0.838319
-0.295726
-0.284512
-0.241606
-0.17161
-0.0858786
0.00872328
0.109812
0.216968
0.329732
0.447522
0.563812
0.660189
0.730154
0.780383
0.813825
0.832646
0.840803
0.84307
0.843239
0.843068
-0.317218
-0.305756
-0.262067
-0.191089
-0.104268
-0.00845087
0.0940219
0.202844
0.317631
0.438031
0.557791
0.658306
0.732218
0.785462
0.820371
0.83903
0.846136
0.847522
0.8474
0.84721
-0.3382
-0.326381
-0.281956
-0.210082
-0.122293
-0.0254185
0.0782649
0.188499
0.305034
0.427729
0.550633
0.655213
0.733343
0.790145
0.827255
0.84622
0.852003
0.85183
0.851025
0.850817
-0.358504
-0.34636
-0.301239
-0.228538
-0.139874
-0.0420933
0.0626244
0.174056
0.292053
0.416687
0.542387
0.650814
0.733324
0.794176
0.83438
0.854791
0.859729
0.857289
0.854669
0.85362
-0.378189
-0.365733
-0.319861
-0.246404
-0.156973
-0.0584046
0.0471857
0.159596
0.2788
0.405044
0.533128
0.645017
0.731932
0.797158
0.841193
0.864701
0.870832
0.86713
0.860557
0.851889
-0.39717
-0.384458
-0.337915
-0.263835
-0.173796
-0.0746271
0.0316144
0.144721
0.264828
0.392296
0.522319
0.637248
0.72864
0.798664
0.846916
0.875041
0.885474
0.882535
0.872507
0.866684
-0.415397
-0.402455
-0.355391
-0.280795
-0.190345
-0.090758
0.0159271
0.129412
0.250092
0.378331
0.509774
0.627131
0.722691
0.797918
0.849487
0.881214
0.894168
0.895752
0.858214
0.806209
-0.432575
-0.418941
-0.372154
-0.297209
-0.206719
-0.106946
7.42049e-05
0.113785
0.234651
0.363207
0.495423
0.614443
0.713024
0.794377
0.846719
0.873509
0.886747
0.869745
0.813359
0.751004
-0.44903
-0.434464
-0.38806
-0.312368
-0.222479
-0.122726
-0.0161705
0.0978973
0.21865
0.347096
0.479291
0.598957
0.698456
0.788784
0.836141
0.876468
0.842851
0.795698
0.725077
0.65819
-0.434949
-0.416645
-0.366379
-0.286247
-0.190591
-0.087751
0.0240381
0.140874
0.264721
0.396949
0.523757
0.631632
0.723315
0.818609
0.855838
0.775441
0.724224
0.658204
0.584986
0.536992
-0.459324
-0.44301
-0.406697
-0.336281
-0.246764
-0.147934
-0.0411122
0.0723824
0.192461
0.319808
0.450419
0.568645
0.665991
0.748561
0.822069
0.812392
0.688931
0.603466
0.539392
0.456909
-0.479469
-0.463737
-0.421776
-0.35002
-0.260036
-0.161587
-0.0558976
0.056683
0.175809
0.301773
0.430788
0.546952
0.641087
0.712267
0.738139
0.660161
0.519505
0.423077
0.347416
0.259889
-0.500067
-0.487394
-0.440912
-0.367909
-0.277846
-0.179034
-0.0733741
0.0389073
0.157143
0.281622
0.40787
0.519468
0.604612
0.661592
0.638133
0.506545
0.354709
0.237302
0.13933
0.00384127
-0.523865
-0.51077
-0.462119
-0.38789
-0.297592
-0.198691
-0.0931461
0.0185706
0.135715
0.258322
0.381187
0.487304
0.563873
0.599426
0.540515
0.358177
0.177761
0.0257889
-0.11391
-0.309483
-0.546688
-0.533897
-0.484028
-0.408528
-0.317736
-0.218873
-0.113712
-0.00283299
0.112962
0.233304
0.352332
0.452246
0.52108
0.522418
0.414063
0.217608
0.00611969
-0.192511
-0.366244
-0.756131
-0.569592
-0.557135
-0.506725
-0.430285
-0.339084
-0.240187
-0.135422
-0.025403
0.0889154
0.206735
0.321537
0.414293
0.471663
0.44103
0.291049
0.0924557
-0.123002
-0.332804
-0.510313
-0.783862
-0.59344
-0.581119
-0.530456
-0.453422
-0.361939
-0.263001
-0.158591
-0.0494142
0.063361
0.178467
0.288747
0.374043
0.416805
0.369449
0.181052
-0.0104247
-0.205908
-0.37111
-0.4422
-0.480715
-0.618728
-0.60653
-0.555607
-0.478245
-0.386684
-0.287881
-0.183983
-0.0758828
0.0350166
0.146917
0.251993
0.329277
0.355777
0.274148
0.0832307
-0.0961432
-0.258551
-0.363455
-0.400936
-0.410082
-0.645652
-0.633473
-0.582347
-0.50477
-0.413261
-0.314778
-0.211614
-0.104858
0.00378904
0.111973
0.211123
0.280187
0.280478
0.169638
-0.00606189
-0.171761
-0.309141
-0.363675
-0.375749
-0.380664
-0.674421
-0.662159
-0.610752
-0.53301
-0.441662
-0.343688
-0.241483
-0.136378
-0.0303576
0.0736565
0.166195
0.226165
0.202214
0.0719005
-0.0890755
-0.244968
-0.342403
-0.370611
-0.366954
-0.367038
-0.704727
-0.692671
-0.640783
-0.562921
-0.471844
-0.374558
-0.27357
-0.170424
-0.0674077
0.0319701
0.117453
0.166108
0.133622
-0.0179315
-0.164661
-0.301001
-0.340659
-0.353143
-0.358091
-0.35825
-0.736416
-0.72434
-0.672215
-0.594325
-0.503661
-0.407274
-0.307769
-0.206909
-0.107298
-0.0129374
0.0650576
0.103033
0.0647255
-0.0948107
-0.231304
-0.325128
-0.369329
-0.356834
-0.354107
-0.35385
-0.768946
-0.756852
-0.704732
-0.626882
-0.536812
-0.441569
-0.343835
-0.245611
-0.149812
-0.0607571
0.00942367
0.0387247
-0.0194407
-0.161615
-0.28462
-0.332657
-0.348696
-0.350423
-0.350978
-0.350859
-0.801551
-0.789532
-0.737434
-0.660025
-0.570814
-0.477004
-0.381385
-0.286156
-0.194563
-0.111145
-0.0481915
-0.0343382
-0.0995495
-0.218613
-0.317109
-0.342806
-0.34663
-0.349144
-0.348729
-0.348603
-0.83299
-0.821411
-0.769483
-0.692979
-0.604946
-0.512939
-0.419816
-0.327954
-0.240907
-0.163584
-0.106162
-0.107101
-0.171298
-0.264955
-0.339525
-0.390884
-0.364034
-0.351627
-0.348089
-0.347354
-0.86176
-0.850682
-0.79977
-0.724404
-0.638223
-0.54848
-0.458313
-0.370205
-0.287972
-0.217022
-0.164702
-0.172453
-0.243523
-0.294985
-0.341801
-0.344242
-0.352355
-0.35425
-0.354164
-0.353948
-0.886148
-0.875773
-0.826342
-0.753076
-0.669367
-0.582463
-0.495795
-0.411883
-0.334661
-0.270058
-0.224602
-0.235568
-0.315744
-0.334698
-0.291944
-0.346352
-0.372202
-0.382024
-0.385547
-0.385821
-0.903773
-0.894329
-0.847207
-0.777037
-0.696809
-0.613569
-0.530964
-0.451712
-0.379691
-0.321348
-0.284211
-0.299192
-0.400396
-0.431288
-0.382178
-0.421519
-0.45178
-0.469271
-0.469406
-0.464749
-0.912552
-0.903943
-0.860251
-0.794332
-0.718715
-0.640189
-0.562402
-0.488151
-0.42156
-0.369193
-0.339907
-0.361521
-0.506258
-0.681272
-0.731449
-0.620894
-0.563826
-0.534291
-0.520357
-0.514312
-0.908205
-0.901124
-0.863782
-0.803041
-0.733324
-0.660679
-0.588521
-0.519689
-0.458396
-0.411415
-0.389167
-0.407953
-0.546381
-0.83061
-1.05894
-0.75027
-0.575529
-0.502372
-0.481412
-0.474262
-0.889282
-0.884445
-0.854962
-0.801807
-0.739272
-0.673696
-0.607927
-0.544751
-0.488035
-0.445047
-0.425093
-0.410279
-0.384972
-0.401549
-0.494357
-0.411778
-0.356409
-0.336852
-0.333142
-0.331649
-0.856257
-0.852749
-0.83245
-0.789666
-0.736181
-0.678627
-0.619782
-0.561999
-0.509194
-0.467552
-0.440215
-0.346325
-0.0630895
0.332353
0.451379
0.161926
-0.0794141
-0.195189
-0.224525
-0.229251
-0.813586
-0.811356
-0.799524
-0.768698
-0.7251
-0.676098
-0.624179
-0.571408
-0.521122
-0.478191
-0.442987
-0.348675
-0.113083
0.162762
0.305932
0.0672618
-0.19539
-0.31941
-0.354732
-0.371387
-0.769512
-0.768203
-0.762152
-0.743337
-0.709751
-0.668031
-0.622381
-0.573866
-0.524986
-0.481299
-0.447931
-0.465062
-0.678412
-1.13391
-1.47338
-1.66496
-1.64365
-1.48275
-1.25858
-1.14333
-0.733222
-0.732498
-0.72953
-0.718316
-0.693639
-0.658397
-0.616842
-0.570296
-0.521058
-0.471632
-0.445518
-0.476856
-0.958847
-1.82857
-2.73626
-2.92044
-2.66717
-2.31681
-1.91151
-1.76598
-0.707414
-0.706561
-0.704987
-0.7003
-0.682152
-0.650837
-0.610197
-0.562995
-0.508983
-0.450604
-0.390814
-0.343411
-0.44625
-0.506293
-0.418536
-0.242998
0.0325622
0.243144
0.374329
0.44415
-0.689665
-0.689336
-0.688723
-0.686853
-0.675695
-0.646911
-0.604981
-0.554066
-0.494952
-0.42535
-0.343222
-0.275223
-0.167249
0.11957
0.543916
0.990494
1.35904
1.57152
1.66903
1.69978
-0.678806
-0.67866
-0.67825
-0.677395
-0.671793
-0.645876
-0.601995
-0.546789
-0.480514
-0.399806
-0.303462
-0.18834
-0.0207038
0.362779
0.883198
1.37771
1.77598
1.99536
2.08383
2.10403
-0.671644
-0.671649
-0.67149
-0.671473
-0.668553
-0.646627
-0.602021
-0.542028
-0.468063
-0.37838
-0.269768
-0.146142
0.002035
0.360954
0.823919
1.26103
1.60478
1.80015
1.88163
1.90353
-0.666471
-0.666717
-0.666571
-0.665927
-0.663741
-0.648045
-0.606228
-0.542705
-0.462746
-0.36617
-0.257485
-0.139889
-0.0250193
0.26665
0.643466
0.974293
1.23396
1.38778
1.4541
1.47523
-0.66973
-0.669221
-0.664601
-0.655175
-0.650125
-0.650636
-0.618566
-0.551218
-0.46369
-0.361977
-0.259278
-0.153534
-0.0588557
0.154699
0.443964
0.684314
0.866887
0.978698
1.03119
1.05078
-0.708921
-0.706006
-0.697463
-0.686573
-0.68511
-0.689835
-0.650884
-0.567442
-0.466877
-0.361594
-0.262026
-0.1725
-0.0961416
0.0598188
0.272185
0.449348
0.581166
0.666883
0.709165
0.725718
-0.795524
-0.793308
-0.800708
-0.818563
-0.821793
-0.801563
-0.710886
-0.586753
-0.465797
-0.356934
-0.263614
-0.193793
-0.143401
-0.0206863
0.149678
0.282684
0.38387
0.450407
0.484118
0.496658
-0.869974
-0.875606
-0.902587
-0.930202
-0.931614
-0.880409
-0.740273
-0.584819
-0.452772
-0.344391
-0.260235
-0.207182
-0.177188
-0.0862581
0.0441429
0.154159
0.234075
0.287033
0.31257
0.321272
-0.799956
-0.80799
-0.835095
-0.861282
-0.861494
-0.802746
-0.66838
-0.531174
-0.412892
-0.317874
-0.24555
-0.203047
-0.181074
-0.100934
0.00295546
0.0795593
0.135532
0.173381
0.192459
0.198864
-0.552787
-0.561476
-0.580747
-0.601981
-0.607756
-0.571442
-0.497805
-0.418032
-0.342497
-0.27433
-0.216245
-0.173683
-0.143627
-0.0847726
-0.0106857
0.0395029
0.0762446
0.0997368
0.111616
0.115567
-0.261889
-0.266377
-0.276204
-0.29261
-0.309343
-0.314761
-0.307883
-0.287243
-0.257736
-0.220705
-0.178603
-0.137435
-0.0980623
-0.0539959
-0.0109217
0.0198778
0.0440271
0.0623791
0.072998
0.0758021
-0.0570748
-0.0590931
-0.0646152
-0.0791904
-0.105306
-0.137327
-0.163541
-0.179304
-0.181221
-0.168857
-0.14248
-0.105798
-0.0648794
-0.0325652
-0.0104715
0.0129887
0.0313576
0.0463925
0.0538448
0.0554081
0.0377481
0.0363922
0.0324593
0.0194588
-0.00666884
-0.042739
-0.0787126
-0.107612
-0.124634
-0.127184
-0.112919
-0.0853135
-0.0534932
-0.0326641
-0.0259336
-0.0105173
0.00625411
0.0204688
0.0271443
0.0271312
0.06259
0.0616996
0.0586457
0.048419
0.0273789
-0.00269886
-0.0353309
-0.0653058
-0.0877555
-0.0989764
-0.0954713
-0.0792605
-0.0604681
-0.0533322
-0.050057
-0.0377481
-0.0242281
-0.0136237
-0.00943171
-0.0100191
0.0557951
0.0552415
0.0530186
0.0456986
0.0305008
0.00807847
-0.0181717
-0.0446427
-0.0674355
-0.083508
-0.0888118
-0.0838994
-0.076976
-0.0792254
-0.0835745
-0.074797
-0.0645717
-0.0582163
-0.0570506
-0.0581309
0.0383565
0.0380489
0.0364973
0.0314575
0.0208644
0.00469827
-0.0154339
-0.0374182
-0.0587307
-0.077362
-0.0903851
-0.0968358
-0.101889
-0.113008
-0.119147
-0.114546
-0.109199
-0.107244
-0.108099
-0.109017
0.0195765
0.0194262
0.0183429
0.014889
0.00755059
-0.00404662
-0.0193321
-0.0374059
-0.057046
-0.0775862
-0.0977315
-0.116475
-0.13308
-0.146879
-0.151613
-0.149169
-0.14738
-0.148694
-0.150494
-0.151061
0.00322697
0.00314726
0.0023764
-1.59125e-05
-0.00516849
-0.0136023
-0.0253447
-0.0403001
-0.0583515
-0.0803414
-0.107038
-0.137887
-0.166449
-0.179714
-0.180761
-0.177315
-0.176905
-0.178439
-0.180287
-0.180658
-0.00929613
-0.00934465
-0.00994902
-0.0116403
-0.0152887
-0.0214769
-0.0305846
-0.0430793
-0.0596055
-0.0821119
-0.113658
-0.154622
-0.1933
-0.205496
-0.200504
-0.195062
-0.194561
-0.196927
-0.198496
-0.198583
-0.0176147
-0.017653
-0.0181189
-0.0193334
-0.02192
-0.0264805
-0.0335594
-0.0438658
-0.0584684
-0.0803617
-0.113545
-0.158956
-0.203062
-0.211225
-0.20132
-0.196812
-0.197685
-0.200948
-0.202626
-0.202495
-0.0218958
-0.0219376
-0.0222838
-0.0231526
-0.0249094
-0.0281699
-0.0335349
-0.0418212
-0.0543977
-0.0735687
-0.104255
-0.146843
-0.186668
-0.189314
-0.180805
-0.178935
-0.183037
-0.187482
-0.189216
-0.188997
-0.0223951
-0.0224451
-0.0227169
-0.0232636
-0.0243945
-0.0265873
-0.0304453
-0.0366992
-0.0464937
-0.0618017
-0.0859508
-0.118457
-0.146586
-0.145886
-0.141194
-0.144605
-0.151607
-0.156713
-0.15838
-0.158312
-0.0195581
-0.0196096
-0.0198144
-0.0201565
-0.0208035
-0.0220738
-0.0246212
-0.0289135
-0.0357531
-0.0462925
-0.0616546
-0.079707
-0.0928091
-0.0902808
-0.0911508
-0.0999248
-0.109825
-0.115249
-0.116518
-0.116525
-0.0140182
-0.014069
-0.0142121
-0.0143757
-0.0146257
-0.0152663
-0.0166802
-0.0191968
-0.0232505
-0.0291941
-0.0362377
-0.0399781
-0.0354654
-0.0327939
-0.0405282
-0.0538955
-0.0635126
-0.0677047
-0.0683874
-0.0686429
-0.00217402
-0.00218483
-0.00221091
-0.002213
-0.00217124
-0.00221665
-0.00242853
-0.00284235
-0.00342796
-0.00399175
-0.00288743
0.00207242
0.0047097
0.000516596
-0.00370912
-0.00582788
-0.00455693
-0.0057181
-0.00696503
-0.0233347
-1.1638
-0.484242
-0.0341716
0.225358
0.412339
0.555849
0.667497
0.758334
0.855432
0.947163
-0.112913
0.08235
0.260494
0.41064
0.536283
0.638843
0.722477
0.790989
0.833525
0.837483
0.220867
0.336582
0.44992
0.550822
0.637664
0.710921
0.770951
0.81658
0.845959
0.863619
0.431957
0.510667
0.588748
0.660191
0.72252
0.775757
0.819583
0.853975
0.88014
0.899233
0.586652
0.640104
0.699077
0.75233
0.798924
0.839498
0.873946
0.902537
0.925942
0.942949
0.709005
0.74985
0.795641
0.835814
0.873082
0.906346
0.935482
0.960391
0.98122
0.995471
0.811719
0.846154
0.883186
0.917406
0.949611
0.979188
1.00549
1.02807
1.04672
1.05846
0.904898
0.935907
0.969836
1.00241
1.03311
1.06142
1.08651
1.10776
1.12469
1.13422
0.995829
1.02834
1.06361
1.09758
1.12885
1.15711
1.18164
1.20193
1.21738
1.22559
1.09772
1.1352
1.17346
1.20968
1.2417
1.26954
1.29296
1.31194
1.32607
1.33456
1.2246
1.26695
1.30612
1.34196
1.37234
1.39799
1.41952
1.43714
1.45063
1.4608
1.3861
1.42754
1.46122
1.49076
1.51528
1.53678
1.55636
1.57377
1.58851
1.6012
1.57649
1.60728
1.6285
1.64762
1.66567
1.68289
1.69909
1.71491
1.73141
1.74834
1.77432
1.78571
1.79675
1.81084
1.82511
1.83795
1.84931
1.86016
1.87305
1.88993
1.96011
1.97002
1.97865
1.9811
1.98196
1.98622
1.99701
2.01295
2.03056
2.03516
2.26115
2.20574
2.15491
2.11466
2.09227
2.08822
2.10172
2.13551
2.19195
2.26751
0.826905
0.768211
0.72573
0.691869
0.66721
0.649653
0.637138
0.628203
0.622082
0.618588
0.618184
0.621029
0.626456
0.634385
0.645301
0.66035
0.681357
0.710451
0.749212
0.797037
0.628459
0.637216
0.642747
0.643567
0.64008
0.634029
0.627587
0.622105
0.618253
0.616584
0.61774
0.621319
0.626588
0.633055
0.639817
0.645084
0.646708
0.643471
0.636129
0.62846
0.605497
0.607528
0.612131
0.615639
0.618145
0.619567
0.61927
0.617522
0.615317
0.613729
0.613724
0.615531
0.618237
0.620849
0.622323
0.621981
0.620123
0.617321
0.61327
0.608888
0.598595
0.599461
0.601942
0.604652
0.606657
0.60801
0.608984
0.609421
0.609261
0.608986
0.609313
0.610375
0.611453
0.61192
0.611607
0.610756
0.609342
0.607102
0.604462
0.602495
0.592953
0.593415
0.594808
0.596825
0.598757
0.600324
0.601455
0.602335
0.603034
0.603587
0.604191
0.604807
0.60511
0.605002
0.60452
0.60355
0.602039
0.60021
0.598562
0.597545
0.587784
0.58807
0.588986
0.590449
0.592067
0.593659
0.595068
0.596222
0.59722
0.598144
0.598948
0.599464
0.599596
0.599354
0.598682
0.597611
0.596317
0.594996
0.593907
0.593282
0.582834
0.583035
0.583721
0.584887
0.58626
0.58769
0.589145
0.590526
0.59177
0.592916
0.5939
0.594494
0.594622
0.594304
0.593615
0.592713
0.591724
0.590721
0.589933
0.589493
0.578033
0.578185
0.578729
0.579705
0.580922
0.582245
0.583648
0.585104
0.586551
0.587926
0.589118
0.589854
0.590046
0.589804
0.58928
0.588594
0.58783
0.587068
0.586485
0.586156
0.573302
0.573421
0.573867
0.574708
0.575824
0.577085
0.578457
0.579947
0.581528
0.583135
0.58458
0.585522
0.585887
0.585843
0.585534
0.585058
0.584489
0.58393
0.583505
0.58325
0.568552
0.568648
0.569024
0.569774
0.570826
0.572048
0.573427
0.574975
0.576689
0.578528
0.580272
0.581508
0.582144
0.582353
0.582273
0.582012
0.581646
0.581263
0.580963
0.580761
0.563694
0.563773
0.564099
0.56479
0.565809
0.567029
0.568451
0.570098
0.571983
0.574089
0.576194
0.577813
0.578788
0.579291
0.579468
0.57943
0.579265
0.579046
0.578849
0.578688
0.55864
0.558706
0.558997
0.559656
0.560672
0.561938
0.563444
0.565235
0.567353
0.569793
0.572344
0.574429
0.575805
0.576647
0.577113
0.577316
0.577354
0.57729
0.577183
0.577052
0.553301
0.553356
0.553626
0.554276
0.555327
0.55668
0.558319
0.560316
0.562738
0.565605
0.568707
0.571351
0.573198
0.57443
0.57522
0.575687
0.575938
0.57603
0.576001
0.575895
0.547579
0.547625
0.547883
0.548548
0.54967
0.551156
0.552987
0.555262
0.558075
0.561483
0.565261
0.568575
0.57098
0.572665
0.573822
0.574601
0.575082
0.575325
0.575366
0.57528
0.541359
0.541397
0.541652
0.542355
0.543586
0.545255
0.547346
0.549984
0.553295
0.557375
0.561979
0.566103
0.569172
0.571391
0.572973
0.57409
0.574829
0.575239
0.57535
0.57528
0.534505
0.534535
0.534794
0.535557
0.53694
0.538854
0.541283
0.544382
0.54832
0.553228
0.558838
0.563939
0.567802
0.570654
0.572737
0.574239
0.575275
0.575866
0.576047
0.57599
0.52686
0.526875
0.527145
0.527989
0.52957
0.531796
0.534659
0.538347
0.543072
0.549006
0.555842
0.562114
0.566918
0.570515
0.573189
0.575155
0.576529
0.577314
0.577563
0.577517
0.518169
0.518195
0.518496
0.519436
0.521269
0.52389
0.52731
0.531745
0.537456
0.544659
0.552985
0.560657
0.566577
0.571049
0.57442
0.576934
0.578696
0.579695
0.580017
0.579979
0.508161
0.508176
0.508519
0.509602
0.511762
0.514908
0.519037
0.524416
0.531366
0.540137
0.550271
0.559611
0.566843
0.572346
0.576536
0.579686
0.5819
0.583135
0.58353
0.583498
0.496463
0.496472
0.496852
0.498131
0.500724
0.504542
0.50958
0.516162
0.524666
0.535369
0.547686
0.559012
0.56779
0.574502
0.579652
0.583533
0.586269
0.587759
0.588227
0.588196
0.482536
0.482541
0.482984
0.484527
0.487687
0.492394
0.498626
0.506774
0.517262
0.530364
0.545307
0.558959
0.569518
0.577617
0.583883
0.588604
0.591918
0.593677
0.594213
0.594179
0.46562
0.465619
0.466158
0.468083
0.472032
0.477952
0.485788
0.495999
0.509032
0.52511
0.543185
0.559529
0.57212
0.581797
0.589325
0.594995
0.598944
0.600973
0.601565
0.601521
0.444592
0.444586
0.445289
0.447797
0.452899
0.460546
0.470613
0.48361
0.499929
0.519663
0.541427
0.560838
0.57571
0.58714
0.596046
0.602784
0.607395
0.609673
0.610299
0.610238
0.417709
0.417704
0.418689
0.422171
0.429097
0.439341
0.452622
0.469431
0.489986
0.514173
0.540206
0.563032
0.58038
0.593721
0.604126
0.611995
0.617251
0.619723
0.620348
0.62026
0.381943
0.381953
0.383556
0.388935
0.399116
0.413471
0.431532
0.453562
0.479497
0.50898
0.539813
0.566316
0.586265
0.601599
0.613576
0.6226
0.628405
0.630966
0.631537
0.631411
0.331527
0.331763
0.335427
0.345174
0.3614
0.38252
0.407521
0.436405
0.468869
0.504398
0.540443
0.570801
0.593415
0.610767
0.624319
0.634424
0.640606
0.64311
0.643567
0.643397
0.258868
0.261161
0.27192
0.291059
0.317386
0.347952
0.381812
0.41882
0.458692
0.500892
0.54257
0.577074
0.6026
0.622181
0.637504
0.648674
0.655172
0.657591
0.657953
0.657777
0.181383
0.18766
0.206799
0.236025
0.273002
0.313299
0.356103
0.401373
0.448961
0.498399
0.546631
0.586316
0.615592
0.637996
0.655531
0.667992
0.674612
0.676736
0.677012
0.676912
0.114954
0.121604
0.147317
0.185105
0.231138
0.280381
0.331752
0.385103
0.440277
0.496802
0.551359
0.59593
0.628697
0.653717
0.673026
0.68618
0.692731
0.694692
0.694993
0.694981
0.0606657
0.0675829
0.0972931
0.141222
0.194015
0.250597
0.309381
0.370038
0.432267
0.495503
0.556079
0.605263
0.641244
0.668543
0.689367
0.703338
0.71023
0.712452
0.712749
0.712785
0.015513
0.0227486
0.0549395
0.103553
0.161726
0.224277
0.289293
0.356331
0.42492
0.494372
0.560602
0.614136
0.653144
0.682647
0.70498
0.720003
0.727542
0.729753
0.730096
0.730137
-0.0228984
-0.015486
0.0184652
0.0706205
0.133265
0.20086
0.271233
0.343878
0.418194
0.493357
0.564869
0.622495
0.664362
0.695963
0.719843
0.735837
0.743922
0.74637
0.746774
0.746827
-0.0565609
-0.0490325
-0.0137961
0.0412923
0.107653
0.179573
0.254657
0.332305
0.411825
0.492269
0.568732
0.630207
0.674762
0.70828
0.733494
0.750372
0.758963
0.761758
0.762293
0.762342
-0.0869402
-0.0792974
-0.0430114
0.0145859
0.0841001
0.15977
0.239027
0.321193
0.4055
0.490876
0.572021
0.637137
0.684183
0.719442
0.745807
0.763414
0.772448
0.775554
0.776189
0.776246
-0.114967
-0.107224
-0.0699977
-0.010303
0.0619896
0.140959
0.223934
0.310204
0.398935
0.488959
0.574578
0.643187
0.692582
0.729423
0.756747
0.774946
0.784304
0.787622
0.788337
0.78839
-0.141384
-0.133512
-0.0953964
-0.033955
0.0408756
0.122774
0.209082
0.299088
0.391922
0.486348
0.576307
0.648344
0.700022
0.738332
0.76657
0.785173
0.79472
0.798195
0.798927
0.798968
-0.166635
-0.158595
-0.119591
-0.0566404
0.0204365
0.104946
0.194262
0.287677
0.384322
0.482936
0.577147
0.65262
0.70659
0.746343
0.7754
0.794296
0.803957
0.807448
0.80819
0.808194
-0.191064
-0.182831
-0.143136
-0.0785958
0.000458996
0.0873032
0.179334
0.275858
0.376043
0.47865
0.577054
0.656032
0.712364
0.753605
0.783425
0.802511
0.812161
0.815644
0.816365
0.816367
-0.214825
-0.206352
-0.165981
-0.100003
-0.0191827
0.0697535
0.164219
0.263574
0.367032
0.473427
0.575982
0.658575
0.71743
0.760268
0.790821
0.810009
0.819574
0.822987
0.823649
0.823622
-0.238005
-0.229401
-0.188213
-0.120968
-0.038554
0.052248
0.148894
0.250806
0.357272
0.46724
0.573883
0.660235
0.721848
0.766451
0.797724
0.816936
0.826329
0.829589
0.830159
0.830071
-0.260698
-0.251902
-0.209976
-0.14153
-0.0576783
0.0347864
0.133376
0.237578
0.346767
0.460073
0.5707
0.66097
0.725657
0.772253
0.804276
0.823411
0.832491
0.835479
0.835912
0.835786
-0.282933
-0.273942
-0.231244
-0.161687
-0.0765445
0.0173955
0.117698
0.223932
0.335573
0.451949
0.566399
0.660717
0.728835
0.777751
0.81065
0.829596
0.838147
0.840719
0.840994
0.840833
-0.304638
-0.295441
-0.251964
-0.181405
-0.0951068
0.000121861
0.101931
0.209944
0.323757
0.442893
0.560953
0.659402
0.731303
0.782975
0.817078
0.835799
0.843491
0.845393
0.845445
0.845262
-0.325748
-0.316342
-0.272126
-0.200651
-0.113319
-0.0169613
0.0861455
0.195699
0.311395
0.432984
0.554357
0.656925
0.732922
0.787879
0.823783
0.842504
0.848968
0.849687
0.849312
0.849116
-0.346268
-0.336642
-0.291707
-0.219383
-0.131136
-0.0337821
0.0704319
0.181294
0.298588
0.422295
0.546651
0.65319
0.733503
0.792279
0.830824
0.850328
0.855559
0.854307
0.852817
0.852559
-0.366124
-0.356283
-0.310663
-0.237555
-0.148488
-0.0502857
0.0548741
0.166821
0.285452
0.410934
0.537878
0.648102
0.732827
0.795842
0.837896
0.859644
0.864846
0.861494
0.857559
0.855863
-0.38534
-0.375295
-0.328978
-0.255169
-0.165399
-0.0664868
0.0394511
0.152253
0.271957
0.398868
0.527974
0.641441
0.730597
0.798161
0.844305
0.869966
0.877911
0.874725
0.867048
0.851185
-0.403944
-0.393677
-0.346756
-0.2724
-0.182111
-0.0826938
0.0237834
0.137126
0.257557
0.385464
0.516271
0.632505
0.726075
0.798644
0.848765
0.878915
0.891461
0.887249
0.879312
0.834821
-0.422206
-0.411044
-0.363911
-0.289112
-0.198524
-0.09881
0.00804615
0.121658
0.242474
0.370927
0.502838
0.621136
0.718434
0.796533
0.848958
0.879167
0.892018
0.890911
0.839644
0.77941
-0.441162
-0.426302
-0.380214
-0.30515
-0.214877
-0.11505
-0.00802194
0.10585
0.226695
0.355241
0.487547
0.607047
0.706415
0.791747
0.842172
0.85843
0.870273
0.839676
0.774826
0.710422
-0.459913
-0.461487
-0.401131
-0.318024
-0.228068
-0.128535
-0.0238207
0.0903606
0.21095
0.339179
0.471021
0.590499
0.689726
0.786143
0.802274
0.819008
0.801442
0.741362
0.668125
0.598185
-0.435301
-0.434101
-0.375456
-0.292875
-0.197843
-0.0950698
0.0143509
0.131013
0.254528
0.386269
0.512398
0.61969
0.708884
0.80232
0.816869
0.720194
0.638347
0.572507
0.500369
0.358328
-0.476594
-0.450036
-0.388614
-0.305264
-0.210466
-0.107869
0.000973056
0.117033
0.23964
0.369932
0.493702
0.597871
0.678159
0.73944
0.710692
0.583977
0.466223
0.38546
0.302204
0.140915
-0.501275
-0.469921
-0.407425
-0.324557
-0.229674
-0.127259
-0.0182157
0.0970823
0.2184
0.346519
0.46703
0.565778
0.638233
0.664588
0.588248
0.42789
0.29109
0.189427
0.0753155
-0.156964
-0.525382
-0.491652
-0.42786
-0.344276
-0.2493
-0.14697
-0.0382614
0.0761266
0.195926
0.321451
0.437746
0.529687
0.589977
0.582868
0.450867
0.266726
0.0978999
-0.0422413
-0.200707
-0.580844
-0.548547
-0.513913
-0.449022
-0.364519
-0.269381
-0.167221
-0.059138
0.0542188
0.172299
0.294865
0.406159
0.490414
0.533136
0.496902
0.317473
0.113197
-0.0976285
-0.274248
-0.519576
-1.06584
-0.571504
-0.536788
-0.471153
-0.386006
-0.290647
-0.18868
-0.0812108
0.0310249
0.147181
0.266444
0.372213
0.448724
0.472511
0.387894
0.195363
-0.0157667
-0.230042
-0.428433
-0.593576
-1.18412
-0.595409
-0.560598
-0.494523
-0.408975
-0.31344
-0.211633
-0.104743
0.00634107
0.120435
0.236127
0.336169
0.403261
0.403518
0.276196
0.090388
-0.110643
-0.295062
-0.421506
-0.453804
-0.500767
-0.62069
-0.585797
-0.519454
-0.433732
-0.338203
-0.236716
-0.13058
-0.0209282
0.0907032
0.20218
0.296041
0.3507
0.329401
0.17356
-0.00438315
-0.180626
-0.322737
-0.382995
-0.405657
-0.411417
-0.647705
-0.61258
-0.546036
-0.460258
-0.364902
-0.26392
-0.158801
-0.0509012
0.0578613
0.164515
0.251523
0.291729
0.255974
0.0779571
-0.0907951
-0.24537
-0.352564
-0.378819
-0.380026
-0.380421
-0.676541
-0.641083
-0.57431
-0.488533
-0.393496
-0.293243
-0.189401
-0.08358
0.0218732
0.12318
0.202298
0.230533
0.16417
-0.00964507
-0.169893
-0.306178
-0.351616
-0.365897
-0.367098
-0.366692
-0.707091
-0.671237
-0.60423
-0.518537
-0.423963
-0.324648
-0.222357
-0.118966
-0.0172385
0.0782272
0.148855
0.16365
0.0674577
-0.0910049
-0.23724
-0.344412
-0.357207
-0.357246
-0.358335
-0.357955
-0.738876
-0.702833
-0.635603
-0.550089
-0.456158
-0.358021
-0.25758
-0.156991
-0.0593773
0.029836
0.0920106
0.0897732
-0.0167235
-0.163296
-0.290994
-0.327585
-0.349587
-0.353557
-0.35398
-0.353691
-0.771537
-0.735163
-0.668062
-0.582874
-0.489807
-0.393116
-0.294842
-0.197431
-0.104326
-0.0215094
0.0312333
0.0180836
-0.094924
-0.223225
-0.326836
-0.366535
-0.354237
-0.351338
-0.35093
-0.350764
-0.804114
-0.76775
-0.701037
-0.616378
-0.524444
-0.429512
-0.333758
-0.239903
-0.15173
-0.0751776
-0.0334512
-0.0483513
-0.164514
-0.269646
-0.347034
-0.344758
-0.348215
-0.348743
-0.348655
-0.348549
-0.835563
-0.799724
-0.73335
-0.649842
-0.559392
-0.466601
-0.373745
-0.283794
-0.200934
-0.130741
-0.0958735
-0.118523
-0.22232
-0.308533
-0.338427
-0.357921
-0.353733
-0.349301
-0.3476
-0.347054
-0.864294
-0.829425
-0.76416
-0.682178
-0.593714
-0.503523
-0.414007
-0.328292
-0.250951
-0.187567
-0.153602
-0.197154
-0.274179
-0.320016
-0.343393
-0.349991
-0.353997
-0.354221
-0.354128
-0.353459
-0.888567
-0.855181
-0.791714
-0.712062
-0.626215
-0.53917
-0.453486
-0.372344
-0.300584
-0.244507
-0.212975
-0.273278
-0.333143
-0.323965
-0.352598
-0.366647
-0.377643
-0.384554
-0.385913
-0.385164
-0.906057
-0.874843
-0.813994
-0.737762
-0.655441
-0.572221
-0.49089
-0.414679
-0.348545
-0.299918
-0.275312
-0.350815
-0.425815
-0.41798
-0.395419
-0.438747
-0.463036
-0.470827
-0.466532
-0.464379
-0.9144
-0.885906
-0.829085
-0.75735
-0.679682
-0.601224
-0.524805
-0.453768
-0.393265
-0.351686
-0.33352
-0.426216
-0.591662
-0.736796
-0.664963
-0.587701
-0.546279
-0.526314
-0.516364
-0.5142
-0.910749
-0.886465
-0.835091
-0.768987
-0.697252
-0.624556
-0.553655
-0.487918
-0.432819
-0.396394
-0.377117
-0.476731
-0.651191
-0.999402
-0.902719
-0.648812
-0.528239
-0.488779
-0.476663
-0.473126
-0.891483
-0.873337
-0.83033
-0.771304
-0.706811
-0.640834
-0.57596
-0.515428
-0.464559
-0.431018
-0.417825
-0.398584
-0.380656
-0.482052
-0.458028
-0.377709
-0.342507
-0.334105
-0.332525
-0.330255
-0.85814
-0.845536
-0.813125
-0.763791
-0.707782
-0.649367
-0.590682
-0.534937
-0.486425
-0.452619
-0.414836
-0.225414
0.112401
0.488327
0.325756
0.0271367
-0.153604
-0.21572
-0.228199
-0.228663
-0.815205
-0.807282
-0.786408
-0.7479
-0.70104
-0.650497
-0.597859
-0.545797
-0.498491
-0.461209
-0.409455
-0.252571
0.0459561
0.355313
0.207057
-0.0717657
-0.279949
-0.340269
-0.365319
-0.373965
-0.770755
-0.766285
-0.754639
-0.727981
-0.68963
-0.645836
-0.598452
-0.54933
-0.501785
-0.464399
-0.438665
-0.529062
-0.883714
-1.32702
-1.60152
-1.67036
-1.58343
-1.36756
-1.17908
-1.14133
-0.733988
-0.731598
-0.725415
-0.707557
-0.677122
-0.638221
-0.594175
-0.54587
-0.496392
-0.453253
-0.436536
-0.651285
-1.34557
-2.35333
-2.91258
-2.82884
-2.49107
-2.13559
-1.81185
-1.7392
-0.707034
-0.705897
-0.703655
-0.693082
-0.667855
-0.63147
-0.58746
-0.536954
-0.480854
-0.415969
-0.369263
-0.384291
-0.496873
-0.46881
-0.355496
-0.105188
0.151252
0.31646
0.416191
0.465582
-0.689562
-0.68902
-0.688321
-0.683194
-0.663287
-0.627304
-0.580683
-0.525843
-0.460558
-0.385686
-0.306479
-0.221101
-0.0571953
0.321921
0.772633
1.19018
1.48594
1.63063
1.691
1.70644
-0.678765
-0.678476
-0.677961
-0.676291
-0.66152
-0.625718
-0.575571
-0.514841
-0.442822
-0.353663
-0.245081
-0.128679
0.137275
0.622463
1.13594
1.59751
1.90688
2.05251
2.09893
2.10732
-0.671656
-0.671592
-0.671333
-0.670909
-0.660741
-0.626555
-0.573611
-0.507231
-0.425741
-0.324098
-0.209393
-0.0863605
0.146324
0.592162
1.04832
1.44975
1.7202
1.85213
1.89716
1.90664
-0.666653
-0.666686
-0.666299
-0.665649
-0.658807
-0.630036
-0.576907
-0.505063
-0.416171
-0.312925
-0.199695
-0.0827292
0.0922193
0.457839
0.815901
1.11554
1.32506
1.42913
1.46846
1.47845
-0.66985
-0.66755
-0.660223
-0.651782
-0.652305
-0.639661
-0.588308
-0.50947
-0.414524
-0.309375
-0.205657
-0.103211
0.0250075
0.302115
0.57144
0.782891
0.932218
1.01057
1.04405
1.05399
-0.70803
-0.702719
-0.691232
-0.684192
-0.68856
-0.677902
-0.612501
-0.518516
-0.414715
-0.30876
-0.215458
-0.131869
-0.0340085
0.166963
0.36718
0.519609
0.630752
0.692189
0.720011
0.728365
-0.793052
-0.795954
-0.810105
-0.822
-0.81697
-0.765355
-0.649634
-0.525505
-0.410433
-0.306158
-0.227227
-0.166745
-0.0971315
0.0670226
0.221033
0.336831
0.422042
0.470606
0.492523
0.498167
-0.86959
-0.886637
-0.918229
-0.935101
-0.916207
-0.819359
-0.660516
-0.515409
-0.396607
-0.298153
-0.230503
-0.188149
-0.147238
-0.0200005
0.102878
0.197299
0.264577
0.302595
0.318505
0.32201
-0.801451
-0.82069
-0.849588
-0.866226
-0.841868
-0.740429
-0.598124
-0.469334
-0.36312
-0.277722
-0.219069
-0.185892
-0.154041
-0.0480496
0.0448939
0.109432
0.157311
0.18486
0.196888
0.199068
-0.556017
-0.570063
-0.592076
-0.608148
-0.59605
-0.536662
-0.458075
-0.379409
-0.307789
-0.242884
-0.192263
-0.156585
-0.11399
-0.0436301
0.01595
0.0597418
0.0895594
0.106996
0.114338
0.115647
-0.263923
-0.270438
-0.283692
-0.301737
-0.313643
-0.312988
-0.298795
-0.273448
-0.2402
-0.199398
-0.157218
-0.116772
-0.0727316
-0.0279236
0.00564085
0.032392
0.0542377
0.0687238
0.0750992
0.0752702
-0.0582781
-0.0610239
-0.0705651
-0.0908572
-0.121328
-0.151537
-0.172813
-0.181877
-0.176775
-0.157003
-0.125447
-0.0854291
-0.046995
-0.0215693
0.00159235
0.0224675
0.0397693
0.0509105
0.0554606
0.0544777
0.0369081
0.0351709
0.0273913
0.00806587
-0.02404
-0.0611581
-0.0943125
-0.117567
-0.127733
-0.12211
-0.100347
-0.0696513
-0.0413395
-0.0316854
-0.018633
-0.00225224
0.0142841
0.0248462
0.0274774
0.0259322
0.0620983
0.0607477
0.054684
0.0393092
0.0130811
-0.0189707
-0.0509009
-0.0775852
-0.0948052
-0.0990984
-0.0885562
-0.0696966
-0.054441
-0.0534642
-0.0450362
-0.0309073
-0.0181178
-0.0108015
-0.00922378
-0.0110415
0.0555337
0.0545354
0.0501853
0.0391462
0.019986
-0.00472872
-0.0315857
-0.0566123
-0.0763479
-0.0876597
-0.087278
-0.0804318
-0.0767437
-0.0842367
-0.0800964
-0.0694512
-0.0606763
-0.057126
-0.057248
-0.0588872
0.038243
0.0375497
0.0345493
0.026916
0.0133771
-0.00494664
-0.0263354
-0.0482262
-0.0683311
-0.0847006
-0.0941979
-0.0994604
-0.106516
-0.118411
-0.117503
-0.11152
-0.107533
-0.107811
-0.108619
-0.109519
0.0195531
0.0190732
0.0170089
0.0117607
0.00224814
-0.0112531
-0.0281103
-0.0470482
-0.0671429
-0.0878757
-0.107456
-0.125461
-0.140772
-0.150498
-0.150397
-0.147887
-0.147913
-0.149642
-0.150886
-0.151418
0.00322542
0.00289893
0.00145654
-0.00219816
-0.0089765
-0.019055
-0.0324295
-0.0489006
-0.068705
-0.0931214
-0.122306
-0.153241
-0.176321
-0.181681
-0.179003
-0.17661
-0.177313
-0.179603
-0.180567
-0.180941
-0.00927128
-0.00956201
-0.0106096
-0.0131743
-0.0180471
-0.0256411
-0.0363738
-0.0507383
-0.0699081
-0.0967709
-0.133418
-0.175512
-0.203602
-0.204069
-0.196904
-0.194659
-0.195682
-0.197901
-0.198605
-0.198756
-0.0175947
-0.0178173
-0.0185992
-0.0204142
-0.0239257
-0.0296697
-0.0382545
-0.0505331
-0.0681875
-0.0954829
-0.13539
-0.1828
-0.21236
-0.20681
-0.19836
-0.19637
-0.19939
-0.202104
-0.202628
-0.202534
-0.0218826
-0.0220686
-0.0226375
-0.0238849
-0.0263254
-0.0305478
-0.0372516
-0.047446
-0.062927
-0.0874387
-0.124634
-0.169191
-0.192708
-0.18435
-0.178844
-0.180739
-0.185478
-0.188746
-0.189182
-0.188941
-0.0223919
-0.0225552
-0.0229424
-0.0237314
-0.0253248
-0.0282721
-0.0332223
-0.0410638
-0.0532841
-0.072902
-0.101631
-0.135065
-0.149163
-0.143264
-0.14191
-0.148097
-0.154548
-0.157958
-0.158413
-0.158252
-0.0195624
-0.0196971
-0.0199641
-0.0204199
-0.0212767
-0.0231707
-0.0265112
-0.031953
-0.0404596
-0.053559
-0.0707383
-0.0883083
-0.0932589
-0.0882306
-0.0952459
-0.105542
-0.113105
-0.116205
-0.116572
-0.116413
-0.0140289
-0.0141344
-0.0142935
-0.014474
-0.014875
-0.0158579
-0.0177823
-0.0210051
-0.0259667
-0.0328757
-0.0388838
-0.0397912
-0.0284732
-0.0320854
-0.0469707
-0.0596362
-0.0664354
-0.0681652
-0.0685336
-0.0685519
-0.00645058
-0.00648344
-0.00657216
-0.00663291
-0.00665178
-0.00683099
-0.00734156
-0.00834215
-0.00996181
-0.012204
-0.0139114
-0.0104288
0.00149191
0.0109679
-0.0029303
-0.0167712
-0.0221538
-0.023441
-0.0225583
-0.0234452
-0.778113
-0.213246
0.107431
0.323101
0.487967
0.614147
0.715527
0.80287
0.912155
0.910036
0.0303364
0.177906
0.338784
0.476683
0.590338
0.682645
0.758749
0.81682
0.840644
0.844855
0.295133
0.394636
0.502242
0.595983
0.675954
0.742602
0.795752
0.833146
0.856503
0.8736
0.482709
0.551317
0.625711
0.69249
0.750296
0.79886
0.837931
0.867903
0.891487
0.910192
0.623361
0.674661
0.726619
0.776419
0.819973
0.857474
0.888952
0.914791
0.936445
0.954801
0.737184
0.774527
0.815955
0.854936
0.890226
0.921425
0.948484
0.971235
0.990335
1.00813
0.834796
0.865068
0.900552
0.933795
0.964775
0.99278
1.01729
1.03785
1.05452
1.07189
0.92436
0.952872
0.98635
1.01801
1.04762
1.07441
1.09766
1.11676
1.13118
1.14832
1.0148
1.04579
1.08092
1.11356
1.1434
1.16987
1.19235
1.21028
1.22284
1.2401
1.11841
1.15415
1.19208
1.2262
1.25616
1.28182
1.30302
1.31961
1.33117
1.34901
1.24753
1.28658
1.32472
1.35778
1.38571
1.40925
1.42884
1.44432
1.45613
1.47438
1.40865
1.44467
1.47674
1.50351
1.52631
1.5468
1.56539
1.58142
1.59511
1.61299
1.59334
1.61838
1.63824
1.65675
1.6744
1.69113
1.707
1.72298
1.74011
1.75924
1.78001
1.79086
1.80357
1.81812
1.83173
1.8438
1.8547
1.86605
1.88145
1.90088
1.96191
1.97534
1.9804
1.98141
1.98338
1.99074
2.00444
2.02204
2.03578
2.04712
2.23077
2.18019
2.13272
2.10114
2.08808
2.09263
2.11588
2.16093
2.22763
2.32175
0.683533
0.680523
0.674463
0.663535
0.65104
0.639724
0.630658
0.623893
0.619416
0.617506
0.618722
0.622697
0.628852
0.63713
0.647627
0.659943
0.672294
0.681004
0.685516
0.687681
0.61184
0.618487
0.623732
0.627346
0.628455
0.626815
0.623354
0.619553
0.616557
0.615232
0.616299
0.619327
0.623408
0.627627
0.630653
0.631181
0.628861
0.624481
0.618189
0.612364
0.601734
0.604695
0.608056
0.610543
0.612298
0.613476
0.613695
0.612938
0.611863
0.611396
0.612243
0.613971
0.615633
0.616416
0.615998
0.614744
0.612844
0.609974
0.606638
0.60435
0.595692
0.597114
0.599324
0.601593
0.603311
0.604499
0.60538
0.605955
0.606213
0.606508
0.607188
0.607938
0.608275
0.60807
0.607446
0.606306
0.604496
0.602272
0.600522
0.599438
0.590335
0.591152
0.592614
0.594384
0.596119
0.597587
0.598715
0.599644
0.600465
0.601216
0.601865
0.602226
0.60222
0.601855
0.601037
0.599757
0.598239
0.596721
0.595703
0.595036
0.585288
0.585842
0.586922
0.588331
0.589837
0.591333
0.592715
0.59391
0.594985
0.595981
0.596721
0.597048
0.596968
0.596459
0.595577
0.594494
0.593331
0.592256
0.591567
0.591099
0.580421
0.580836
0.581698
0.582902
0.584225
0.585625
0.587064
0.588466
0.589773
0.59098
0.591876
0.592273
0.592187
0.591707
0.590985
0.590143
0.589252
0.58845
0.587944
0.587588
0.575667
0.575992
0.576703
0.577757
0.578985
0.580318
0.581746
0.58325
0.584765
0.586214
0.587315
0.587846
0.587882
0.587579
0.587069
0.586431
0.585755
0.585165
0.584787
0.584503
0.570938
0.571202
0.571805
0.572759
0.573924
0.575223
0.576664
0.578248
0.57994
0.581656
0.583022
0.583784
0.584049
0.583973
0.583679
0.583251
0.58277
0.582349
0.582066
0.581832
0.566145
0.566365
0.566894
0.567786
0.568913
0.570213
0.571704
0.573398
0.575285
0.577295
0.579003
0.580088
0.580644
0.580824
0.580757
0.580548
0.580248
0.579974
0.579766
0.579567
0.5612
0.561387
0.561867
0.562727
0.563854
0.565195
0.566774
0.568625
0.570763
0.573125
0.575259
0.576741
0.577639
0.578113
0.578298
0.5783
0.578187
0.578042
0.577896
0.577722
0.556016
0.556179
0.556629
0.557487
0.558654
0.56008
0.561795
0.563864
0.566318
0.569129
0.57178
0.573736
0.575032
0.57584
0.576303
0.576521
0.576604
0.576581
0.576484
0.576328
0.550498
0.550642
0.551082
0.551968
0.553217
0.554774
0.556686
0.559046
0.561909
0.56528
0.56856
0.571078
0.572838
0.574024
0.5748
0.575284
0.575551
0.575637
0.575583
0.575439
0.544542
0.544673
0.545118
0.546061
0.547434
0.549178
0.55136
0.554094
0.557475
0.56154
0.565582
0.568771
0.571081
0.572707
0.573835
0.574605
0.57508
0.575278
0.575261
0.575125
0.538023
0.538144
0.538608
0.539641
0.541186
0.54318
0.545712
0.548926
0.552956
0.557871
0.562839
0.566834
0.569795
0.571939
0.573469
0.574563
0.57527
0.575583
0.575602
0.575469
0.530791
0.530905
0.531402
0.532558
0.53433
0.536648
0.539626
0.543447
0.548284
0.554241
0.560329
0.565291
0.569023
0.571778
0.573788
0.575258
0.576222
0.576654
0.576705
0.576572
0.522663
0.522776
0.523307
0.524627
0.526686
0.529417
0.532969
0.537558
0.543402
0.550637
0.558077
0.56419
0.568832
0.572302
0.574887
0.576796
0.578043
0.578603
0.578685
0.578549
0.513327
0.513452
0.514078
0.515597
0.518025
0.521294
0.525574
0.531128
0.538228
0.547034
0.556098
0.563573
0.569289
0.573601
0.576865
0.579283
0.580854
0.58155
0.581662
0.581519
0.502515
0.502637
0.503381
0.50517
0.508074
0.512035
0.51724
0.524013
0.532671
0.543392
0.554409
0.563496
0.570476
0.575783
0.579832
0.582846
0.584781
0.585621
0.585761
0.585607
0.48975
0.48989
0.490788
0.492936
0.496457
0.501313
0.507714
0.516043
0.526656
0.539721
0.553065
0.56404
0.572482
0.578947
0.583907
0.587607
0.589944
0.590933
0.591096
0.590928
0.474394
0.474571
0.475697
0.478332
0.48268
0.488733
0.496712
0.507058
0.520135
0.536051
0.552144
0.565306
0.575419
0.583203
0.589212
0.593681
0.596449
0.597583
0.597761
0.597576
0.455523
0.455774
0.457242
0.460573
0.466075
0.473778
0.483892
0.496887
0.513077
0.532452
0.551738
0.567381
0.579384
0.588656
0.595822
0.601151
0.604361
0.605623
0.605804
0.605598
0.431744
0.432137
0.434153
0.438544
0.445757
0.455838
0.468918
0.485421
0.505515
0.529012
0.55197
0.570381
0.584465
0.59538
0.603802
0.610047
0.613677
0.615034
0.615199
0.614971
0.400755
0.401442
0.404422
0.410627
0.420597
0.434262
0.451563
0.472731
0.497693
0.526035
0.553082
0.57447
0.590761
0.603417
0.613199
0.620338
0.624306
0.625693
0.62582
0.625571
0.358465
0.359862
0.364901
0.374679
0.389461
0.408682
0.431936
0.459124
0.48993
0.523758
0.55524
0.579763
0.598343
0.612775
0.623954
0.631886
0.636025
0.637343
0.637407
0.637144
0.297242
0.301656
0.312191
0.329025
0.351978
0.379498
0.410683
0.445248
0.482778
0.522584
0.558663
0.586341
0.607173
0.623353
0.635789
0.644323
0.648421
0.649492
0.649461
0.649202
0.224206
0.232199
0.251444
0.278796
0.312264
0.349145
0.38888
0.431346
0.4762
0.522805
0.564462
0.596221
0.620073
0.638473
0.652489
0.661682
0.665745
0.666726
0.666739
0.666615
0.150832
0.1641
0.192393
0.230098
0.273542
0.319671
0.367971
0.418413
0.470705
0.524273
0.57172
0.607719
0.634746
0.655633
0.67132
0.680782
0.684471
0.685244
0.685261
0.685233
0.0898863
0.106975
0.140938
0.186396
0.237972
0.292241
0.348435
0.40644
0.465879
0.526143
0.579096
0.619051
0.648936
0.671852
0.68868
0.698508
0.702002
0.70281
0.702935
0.702963
0.0398724
0.0590082
0.0974253
0.148666
0.206611
0.267599
0.330621
0.395412
0.461452
0.528022
0.58618
0.629849
0.662371
0.687188
0.705241
0.71553
0.719423
0.720509
0.720678
0.720749
-0.00213311
0.0182613
0.0600083
0.115856
0.179059
0.245669
0.314567
0.385374
0.457426
0.529854
0.592906
0.640075
0.675107
0.701797
0.721078
0.732261
0.73663
0.73792
0.738114
0.738207
-0.0384052
-0.0171965
0.0272166
0.0867919
0.154414
0.225875
0.299934
0.376122
0.453657
0.531525
0.599168
0.649636
0.687029
0.715473
0.735976
0.747953
0.752789
0.75423
0.754444
0.754536
-0.0705904
-0.0487965
-0.00221326
0.060492
0.131876
0.207567
0.286227
0.367291
0.449885
0.532844
0.60482
0.658379
0.697954
0.727892
0.749409
0.762205
0.767495
0.769062
0.769259
0.769327
-0.0998932
-0.0776625
-0.0292443
0.0361573
0.110815
0.190229
0.273016
0.358542
0.445841
0.533616
0.609717
0.666198
0.707773
0.739067
0.761477
0.774747
0.780442
0.7821
0.782315
0.78236
-0.127261
-0.104568
-0.0545034
0.013193
0.0907547
0.173476
0.259985
0.349601
0.441303
0.533669
0.613767
0.673076
0.716522
0.749042
0.772133
0.785757
0.79172
0.793472
0.793696
0.793713
-0.153205
-0.13001
-0.0786048
-0.00878697
0.0713471
0.157027
0.246901
0.34028
0.436117
0.532899
0.61694
0.679056
0.724329
0.75798
0.781688
0.795529
0.801617
0.803398
0.80361
0.803591
-0.178135
-0.154391
-0.101867
-0.0300622
0.0523502
0.140687
0.233617
0.330457
0.430174
0.531238
0.619215
0.684183
0.73131
0.76607
0.790286
0.804248
0.810318
0.812075
0.812272
0.812215
-0.202317
-0.178086
-0.124377
-0.0508358
0.033618
0.124341
0.220032
0.320055
0.42341
0.528617
0.620572
0.688507
0.737587
0.773491
0.798108
0.812098
0.818113
0.819811
0.81997
0.819877
-0.22591
-0.201132
-0.146296
-0.0712133
0.0150687
0.107921
0.206104
0.309036
0.41579
0.524995
0.620972
0.692056
0.74328
0.780377
0.805326
0.819258
0.825152
0.82675
0.826862
0.82674
-0.248971
-0.223623
-0.167731
-0.0912452
-0.00332846
0.0914251
0.191841
0.297402
0.407296
0.520332
0.620365
0.694834
0.748473
0.786858
0.812082
0.82585
0.831523
0.832955
0.832991
0.832843
-0.271484
-0.245639
-0.188715
-0.110944
-0.0215688
0.074867
0.177268
0.28519
0.397946
0.514603
0.618689
0.696818
0.753215
0.793064
0.818526
0.831959
0.83724
0.838438
0.8384
0.838233
-0.293515
-0.267117
-0.20922
-0.130286
-0.0396173
0.0582955
0.162445
0.272455
0.387796
0.507805
0.615895
0.697944
0.757491
0.79913
0.824901
0.837785
0.842406
0.843269
0.843156
0.842979
-0.314954
-0.288021
-0.229206
-0.149239
-0.0574262
0.0417834
0.14745
0.259281
0.376907
0.499959
0.61192
0.698096
0.761226
0.805163
0.83155
0.843693
0.847225
0.847512
0.847294
0.847129
-0.335818
-0.308309
-0.248662
-0.167749
-0.0749276
0.0253974
0.132373
0.245769
0.36536
0.491124
0.606723
0.697135
0.764263
0.811156
0.838856
0.850363
0.852249
0.851353
0.850855
0.850797
-0.356014
-0.32798
-0.267537
-0.185771
-0.0920676
0.00921864
0.117292
0.231999
0.353268
0.48138
0.60028
0.694896
0.766359
0.816882
0.846985
0.858785
0.858933
0.855779
0.853957
0.853676
-0.375604
-0.347001
-0.285784
-0.203249
-0.108771
-0.00666714
0.102331
0.218109
0.340758
0.470826
0.592607
0.691215
0.767204
0.821835
0.855492
0.869577
0.869672
0.864064
0.856857
0.839904
-0.394525
-0.365363
-0.303539
-0.220386
-0.125331
-0.0225886
0.0870737
0.20364
0.327317
0.458938
0.583157
0.685494
0.766398
0.825474
0.863408
0.882171
0.885284
0.879245
0.864462
0.878899
-0.412898
-0.383044
-0.320741
-0.237143
-0.141675
-0.0384872
0.0715272
0.18862
0.312939
0.445618
0.571726
0.677115
0.763214
0.826658
0.867352
0.889751
0.896891
0.887963
0.827086
0.811107
-0.431332
-0.400624
-0.337126
-0.253166
-0.157257
-0.0539146
0.0559032
0.173309
0.29791
0.431067
0.558324
0.665664
0.756751
0.824563
0.862304
0.883863
0.881956
0.846309
0.778715
0.73803
-0.45053
-0.419075
-0.352279
-0.26812
-0.171702
-0.0687195
0.0405854
0.157881
0.282311
0.4153
0.542804
0.650954
0.744827
0.818133
0.869688
0.849826
0.823861
0.760509
0.688905
0.645535
-0.0305032
0.0835151
0.203929
0.331845
0.462968
0.581559
0.679418
0.522406
-0.471042
-0.452238
-0.413764
-0.342938
-0.253212
-0.154745
-0.0486153
0.0643048
0.1839
0.310573
0.440551
0.558169
0.654645
0.732112
0.784366
0.742313
0.600225
0.512233
0.443327
-0.48865
-0.475523
-0.430858
-0.358449
-0.268395
-0.169753
-0.0641448
0.0482683
0.166964
0.292213
0.419947
0.534035
0.624161
0.689162
0.686319
0.582556
0.438518
0.332706
0.243688
-0.511829
-0.499028
-0.451339
-0.3778
-0.28767
-0.188791
-0.0831356
0.0289231
0.146648
0.270249
0.394863
0.503808
0.584414
0.631457
0.592447
0.432018
0.267196
0.134449
0.0169692
-0.535241
-0.522254
-0.472925
-0.39809
-0.307559
-0.208682
-0.103312
0.00800848
0.124494
0.246012
0.367024
0.470143
0.543488
0.563482
0.478276
0.286587
0.0900926
-0.0875703
-0.253635
-0.557855
-0.545334
-0.49518
-0.419221
-0.328235
-0.229357
-0.124411
-0.0139721
0.101095
0.22019
0.33713
0.433555
0.497391
0.480029
0.351025
0.15194
-0.0651382
-0.270827
-0.456964
-0.581052
-0.5688
-0.518323
-0.441619
-0.35027
-0.25133
-0.146735
-0.0371181
0.0764699
0.193
0.305633
0.394773
0.445003
0.405679
0.234719
0.0392244
-0.169863
-0.366033
-0.487001
-0.525777
-0.605581
-0.593468
-0.542714
-0.465592
-0.374078
-0.27518
-0.171004
-0.0623298
0.0495496
0.163122
0.270903
0.352327
0.387269
0.325209
0.130735
-0.0559736
-0.2339
-0.367719
-0.413132
-0.43687
-0.631561
-0.619581
-0.568622
-0.49126
-0.399736
-0.301081
-0.197508
-0.0900461
0.0197717
0.12988
0.232099
0.305505
0.320214
0.220997
0.0379333
-0.134427
-0.28447
-0.366466
-0.386605
-0.392036
-0.659326
-0.647344
-0.596167
-0.518631
-0.427225
-0.328981
-0.22626
-0.120298
-0.012913
0.0932488
0.189181
0.254175
0.240202
0.120206
-0.0482854
-0.210405
-0.328158
-0.371935
-0.371676
-0.372807
-0.688775
-0.676897
-0.625371
-0.547702
-0.456529
-0.358873
-0.257248
-0.153079
-0.048511
0.0532414
0.142322
0.197224
0.166521
0.0253497
-0.128127
-0.27892
-0.343184
-0.361214
-0.362264
-0.361928
-0.719751
-0.70788
-0.656123
-0.578378
-0.487548
-0.390691
-0.290405
-0.188356
-0.0869978
0.00990783
0.0917087
0.134926
0.101119
-0.0571968
-0.200967
-0.313941
-0.363359
-0.35611
-0.355791
-0.355799
-0.751749
-0.739796
-0.688149
-0.610392
-0.520078
-0.42424
-0.325575
-0.225987
-0.128226
-0.0364884
0.0376383
0.0717961
0.0236568
-0.129505
-0.260704
-0.33745
-0.353175
-0.352088
-0.352289
-0.352066
-0.784235
-0.77222
-0.72083
-0.643308
-0.553726
-0.459167
-0.362442
-0.265669
-0.171922
-0.0856249
-0.0191623
0.00345278
-0.0608925
-0.191354
-0.306896
-0.324516
-0.341681
-0.348403
-0.349362
-0.349262
-0.816174
-0.804227
-0.753294
-0.676452
-0.587897
-0.494946
-0.400518
-0.306923
-0.217566
-0.137129
-0.0769907
-0.0710398
-0.135502
-0.244563
-0.328376
-0.378208
-0.358225
-0.351118
-0.348228
-0.347664
-0.845789
-0.83465
-0.784592
-0.708766
-0.621739
-0.530811
-0.439097
-0.349056
-0.264394
-0.190255
-0.135055
-0.141035
-0.206964
-0.282762
-0.352543
-0.362948
-0.356021
-0.351349
-0.349292
-0.348634
-0.872231
-0.86141
-0.813314
-0.738982
-0.654115
-0.565728
-0.477233
-0.391162
-0.311409
-0.243673
-0.194327
-0.204089
-0.279557
-0.312024
-0.320342
-0.340217
-0.357785
-0.362723
-0.364125
-0.364666
-0.892825
-0.882693
-0.837064
-0.765618
-0.683614
-0.598459
-0.513725
-0.432088
-0.357433
-0.295993
-0.254474
-0.267432
-0.354388
-0.372079
-0.298514
-0.368746
-0.402545
-0.418094
-0.4217
-0.420215
-0.905553
-0.896493
-0.854116
-0.786527
-0.70853
-0.627517
-0.547223
-0.470416
-0.401098
-0.34576
-0.312392
-0.33062
-0.455289
-0.539649
-0.540836
-0.511316
-0.511652
-0.513681
-0.506535
-0.501037
-0.907738
-0.900346
-0.862375
-0.799877
-0.727004
-0.651275
-0.57618
-0.504591
-0.440721
-0.39107
-0.365107
-0.388754
-0.540499
-0.809712
-0.936317
-0.724183
-0.589472
-0.530833
-0.511305
-0.505303
-0.897714
-0.891757
-0.859564
-0.803769
-0.737482
-0.668151
-0.599093
-0.533076
-0.474179
-0.4295
-0.408598
-0.414864
-0.49964
-0.718718
-0.901895
-0.656863
-0.494495
-0.434765
-0.418963
-0.413775
-0.871982
-0.867747
-0.842975
-0.796789
-0.738964
-0.677139
-0.614767
-0.554365
-0.499623
-0.45786
-0.431143
-0.37135
-0.225316
-0.0148766
-0.0156862
-0.106458
-0.196782
-0.241822
-0.255605
-0.257937
-0.833714
-0.831097
-0.814523
-0.779084
-0.731609
-0.678196
-0.622794
-0.567613
-0.51636
-0.473923
-0.442443
-0.33722
0.00303616
0.421717
0.581842
0.236854
-0.0670249
-0.22164
-0.257226
-0.271354
-0.789349
-0.787701
-0.779185
-0.754469
-0.717641
-0.672619
-0.623882
-0.573366
-0.523907
-0.480739
-0.445748
-0.392189
-0.373573
-0.387837
-0.412369
-0.602988
-0.670069
-0.632392
-0.575191
-0.574888
-0.748742
-0.747656
-0.743702
-0.729294
-0.701108
-0.663136
-0.619884
-0.572757
-0.524124
-0.478337
-0.448805
-0.498913
-0.922725
-1.7651
-2.68207
-3.06389
-2.91573
-2.57224
-2.22165
-1.89452
-0.718965
-0.718327
-0.715841
-0.708367
-0.687109
-0.654154
-0.613473
-0.566986
-0.51573
-0.462091
-0.423825
-0.398892
-0.712596
-1.13431
-1.40946
-1.37643
-1.14949
-0.917019
-0.699501
-0.541228
-0.697197
-0.696657
-0.695692
-0.692926
-0.678434
-0.648475
-0.607382
-0.558542
-0.501899
-0.438176
-0.364428
-0.311895
-0.274798
-0.124949
0.158687
0.482336
0.807508
1.00833
1.11043
1.15646
-0.683722
-0.683515
-0.683092
-0.681753
-0.673667
-0.646221
-0.60331
-0.550148
-0.487867
-0.412339
-0.323604
-0.229727
-0.0852273
0.279091
0.782735
1.27403
1.67181
1.89215
1.98517
2.00947
-0.67481
-0.674717
-0.674332
-0.674007
-0.670095
-0.646213
-0.601537
-0.543884
-0.473624
-0.388331
-0.284163
-0.160164
0.0042374
0.385783
0.880855
1.35754
1.73433
1.94585
2.03217
2.05376
-0.668866
-0.669011
-0.669096
-0.669203
-0.666984
-0.647473
-0.603304
-0.541406
-0.464372
-0.370985
-0.261627
-0.140602
-0.00970923
0.316327
0.740677
1.12441
1.42747
1.60349
1.67758
1.69926
-0.665826
-0.665918
-0.664281
-0.660867
-0.657873
-0.648271
-0.610766
-0.546055
-0.462743
-0.363172
-0.256864
-0.144695
-0.0424327
0.211111
0.54322
0.825132
1.04331
1.17466
1.23364
1.25406
-0.683305
-0.681686
-0.673497
-0.659267
-0.654137
-0.66018
-0.631335
-0.558496
-0.465301
-0.362013
-0.261453
-0.162702
-0.0744227
0.104024
0.350405
0.557669
0.71183
0.808803
0.855904
0.874239
-0.746585
-0.74323
-0.739958
-0.741002
-0.744207
-0.741931
-0.679624
-0.577548
-0.467271
-0.359888
-0.262734
-0.183692
-0.121741
0.0191685
0.209129
0.359459
0.473658
0.549147
0.586956
0.601569
-0.8433
-0.844603
-0.864758
-0.890462
-0.893802
-0.85441
-0.734186
-0.590731
-0.461549
-0.352109
-0.263089
-0.20161
-0.161355
-0.0582514
0.0910251
0.213825
0.304811
0.36444
0.394009
0.4044
-0.859057
-0.867489
-0.895137
-0.921849
-0.922626
-0.865726
-0.720099
-0.565901
-0.436797
-0.333235
-0.254557
-0.208104
-0.184594
-0.0993761
0.0165293
0.109156
0.1766
0.222125
0.244444
0.252063
-0.69222
-0.702123
-0.726145
-0.750633
-0.752134
-0.698707
-0.590778
-0.480328
-0.380969
-0.298051
-0.232556
-0.190184
-0.165222
-0.0952923
-0.00515157
0.0581242
0.104179
0.134327
0.149472
0.154411
-0.40256
-0.408987
-0.422661
-0.440711
-0.451514
-0.43816
-0.400393
-0.351585
-0.300328
-0.248046
-0.197769
-0.155485
-0.119628
-0.06983
-0.012585
0.026126
0.0549256
0.0748406
0.0855945
0.0888915
-0.144866
-0.147851
-0.154999
-0.170262
-0.192725
-0.213942
-0.227569
-0.228977
-0.217412
-0.193913
-0.160115
-0.120293
-0.07946
-0.0412836
-0.00906449
0.0176565
0.0388388
0.0552675
0.0653531
0.0674506
0.00207651
0.000397161
-0.00408745
-0.018032
-0.0451015
-0.0813659
-0.114863
-0.139159
-0.150248
-0.146439
-0.126193
-0.0938865
-0.0566403
-0.0293713
-0.0164273
0.00219871
0.0199185
0.0342295
0.0405237
0.0412712
0.0560852
0.0550025
0.0515133
0.039797
0.015873
-0.0177422
-0.0528377
-0.0832899
-0.103926
-0.111339
-0.102665
-0.0805559
-0.0552247
-0.0412058
-0.0368736
-0.0236019
-0.00826548
0.00486034
0.0111714
0.0106638
0.0614704
0.0607581
0.0581311
0.0494094
0.0313969
0.00522673
-0.0243169
-0.0527862
-0.0757867
-0.0898604
-0.0910231
-0.0806403
-0.0676682
-0.0673246
-0.0662907
-0.0546206
-0.0428647
-0.0346085
-0.0322671
-0.0331681
0.0476381
0.0472208
0.0453598
0.0392745
0.0265601
0.00748119
-0.0155731
-0.0398
-0.0619693
-0.0794689
-0.0886718
-0.0893823
-0.0882737
-0.0934441
-0.100977
-0.0951129
-0.0874191
-0.0832748
-0.0832473
-0.0841745
0.0288231
0.0285996
0.0273055
0.0231415
0.0143301
0.000642336
-0.0168946
-0.0368093
-0.0572649
-0.0768785
-0.0935516
-0.106174
-0.116857
-0.130791
-0.135943
-0.132635
-0.129265
-0.129693
-0.1308
-0.131552
0.01098
0.0108678
0.00996317
0.00709087
0.000951095
-0.00891664
-0.0222835
-0.0387117
-0.0575529
-0.0789314
-0.102397
-0.127268
-0.14954
-0.163771
-0.166797
-0.16429
-0.163306
-0.164728
-0.166836
-0.167329
-0.00357413
-0.00365673
-0.00427992
-0.00629594
-0.0106268
-0.0178463
-0.0281801
-0.041846
-0.059144
-0.081507
-0.110883
-0.146998
-0.181179
-0.194783
-0.192406
-0.187831
-0.187563
-0.189309
-0.190879
-0.191109
-0.0139908
-0.0140353
-0.0145558
-0.0159785
-0.0190651
-0.0243799
-0.0324103
-0.0437873
-0.0594335
-0.0818414
-0.114661
-0.158645
-0.20094
-0.211676
-0.203503
-0.198683
-0.198343
-0.200969
-0.202559
-0.202517
-0.0202413
-0.0202775
-0.0206747
-0.021696
-0.0238481
-0.0277388
-0.0339444
-0.0432363
-0.0569308
-0.0774848
-0.110162
-0.155329
-0.198458
-0.203672
-0.193909
-0.189838
-0.192706
-0.196513
-0.198241
-0.198031
-0.0226025
-0.0226501
-0.0229618
-0.023641
-0.0250711
-0.0277749
-0.0323693
-0.0396341
-0.050845
-0.0682534
-0.0961592
-0.134913
-0.169108
-0.16969
-0.162963
-0.163413
-0.169123
-0.173966
-0.175667
-0.175484
-0.0213545
-0.0214041
-0.0216376
-0.0220693
-0.0229315
-0.0246528
-0.0278284
-0.0330929
-0.041434
-0.0544502
-0.0743667
-0.10023
-0.121076
-0.119202
-0.116774
-0.123114
-0.131644
-0.137035
-0.138481
-0.138427
-0.0170911
-0.0171421
-0.0173105
-0.0175467
-0.017972
-0.0189218
-0.0208638
-0.0242411
-0.0296483
-0.0378362
-0.0488169
-0.0590246
-0.0639425
-0.0596995
-0.065246
-0.0762555
-0.0867174
-0.0918354
-0.0928792
-0.0929691
-0.0104443
-0.0104914
-0.0106007
-0.0107014
-0.0108458
-0.0112473
-0.0121981
-0.0139273
-0.0166726
-0.0205127
-0.0241756
-0.0217929
-0.0127092
-0.00660021
-0.0200317
-0.0322185
-0.0412617
-0.0440312
-0.0444098
-0.0447763
-0.00645984
-0.0065229
-0.00661543
-0.00663519
-0.00670915
-0.00703682
-0.00777199
-0.00906112
-0.0110324
-0.0134038
-0.013154
-0.00492073
0.00907629
0.00322217
-0.00990068
-0.0204261
-0.0225549
-0.0228011
-0.0230683
-0.00703575
-0.425708
-0.0835519
0.13484
0.324014
0.476845
0.598621
0.695902
0.778691
0.838984
0.83458
0.0719581
0.22371
0.364563
0.48596
0.589689
0.676201
0.747427
0.802813
0.836481
0.84883
0.334506
0.430721
0.524345
0.608568
0.681716
0.743885
0.794857
0.833786
0.861398
0.880287
0.514045
0.578398
0.645819
0.707969
0.76142
0.807489
0.846009
0.877108
0.90208
0.920005
0.650737
0.696984
0.748871
0.794734
0.836066
0.872394
0.903839
0.930394
0.952511
0.967985
0.76192
0.799275
0.839795
0.876611
0.910843
0.941877
0.969378
0.992969
1.01264
1.02546
0.859086
0.891318
0.925973
0.95912
0.990252
1.01893
1.04451
1.06632
1.08407
1.09451
0.94984
0.981008
1.0151
1.04828
1.07917
1.10737
1.1322
1.15298
1.16915
1.17772
1.04442
1.07914
1.11584
1.15118
1.18301
1.21119
1.23531
1.25502
1.26978
1.27774
1.15712
1.19741
1.23659
1.27334
1.30507
1.3321
1.35464
1.37285
1.38651
1.39557
1.30088
1.34353
1.38115
1.4148
1.44277
1.46653
1.48712
1.5045
1.51834
1.52946
1.47868
1.51625
1.54424
1.56856
1.58957
1.60884
1.62707
1.64421
1.66009
1.6746
1.67634
1.69735
1.71224
1.72803
1.74429
1.75958
1.77329
1.78655
1.80204
1.82039
1.86693
1.8741
1.88464
1.89618
1.90609
1.91528
1.92552
1.93661
1.94822
1.95708
2.07995
2.08172
2.07379
2.05728
2.04612
2.04555
2.0577
2.08231
2.11642
2.14095
2.4996
2.30571
2.20465
2.14678
2.11764
2.11101
2.1262
2.16702
2.24288
2.38583
-0.434756
-0.439251
-0.399462
-0.326812
-0.23681
-0.137553
0.770174
0.837015
0.830456
0.749355
0.67597
0.602984
0.374353
0.151879
-0.117691
-0.473368
-0.821575
)
;

boundaryField
{
    wall-4
    {
        type            zeroGradient;
    }
    pressure-outlet-7
    {
        type            fixedValue;
        value           uniform 0;
    }
    velocity-inlet-6
    {
        type            zeroGradient;
    }
    velocity-inlet-5
    {
        type            zeroGradient;
    }
    frontAndBackPlanes
    {
        type            empty;
    }
}


// ************************************************************************* //
