/*--------------------------------*- C++ -*----------------------------------*\
| =========                 |                                                 |
| \\      /  F ield         | OpenFOAM: The Open Source CFD Toolbox           |
|  \\    /   O peration     | Version:  2112                                  |
|   \\  /    A nd           | Website:  www.openfoam.com                      |
|    \\/     M anipulation  |                                                 |
\*---------------------------------------------------------------------------*/
FoamFile
{
    version     2.0;
    format      ascii;
    arch        "LSB;label=32;scalar=64";
    class       volScalarField;
    location    "2.5";
    object      Ma;
}
// * * * * * * * * * * * * * * * * * * * * * * * * * * * * * * * * * * * * * //

dimensions      [0 0 0 0 0 0 0];

internalField   nonuniform List<scalar> 
5250
(
2.99999
2.99998
2.9999
2.9998
2.99939
2.9988
2.99647
2.99292
2.98037
2.95554
2.8871
2.70627
2.34395
1.49626
0.616864
0.202457
0.318112
0.352943
0.317777
0.25985
0.20706
0.165238
0.122901
0.0760994
0.0430349
2.99999
2.99998
2.9999
2.9998
2.99939
2.99882
2.99651
2.99301
2.98059
2.95632
2.88878
2.71138
2.35457
1.51617
0.630508
0.214098
0.32502
0.358803
0.322848
0.265219
0.21337
0.172778
0.132547
0.0907916
0.0665684
2.99999
2.99998
2.99991
2.99981
2.9994
2.99884
2.99657
2.99319
2.98098
2.95793
2.89183
2.72162
2.37521
1.56384
0.657922
0.232568
0.335467
0.36814
0.332721
0.277401
0.22852
0.191159
0.15575
0.122378
0.106018
2.99999
2.99998
2.99991
2.99981
2.99942
2.99888
2.99668
2.99342
2.98154
2.95968
2.89563
2.73387
2.39938
1.62131
0.688309
0.25373
0.34819
0.37995
0.346881
0.296027
0.251217
0.217943
0.187906
0.161634
0.149779
3
2.99998
2.99991
2.99982
2.99945
2.99892
2.9968
2.9937
2.98219
2.96173
2.89982
2.7486
2.42615
1.68627
0.733205
0.288617
0.36541
0.393642
0.364418
0.319618
0.279401
0.250361
0.225734
0.205198
0.196438
3
2.99998
2.99992
2.99983
2.99947
2.99897
2.99695
2.99401
2.98294
2.96385
2.90446
2.76357
2.45527
1.73866
0.793687
0.331206
0.385856
0.407396
0.384456
0.347714
0.312807
0.288274
0.268872
0.254018
0.248662
3
2.99998
2.99992
2.99984
2.9995
2.99903
2.9971
2.99434
2.98368
2.96617
2.90916
2.78124
2.48497
1.80098
0.867746
0.384141
0.406864
0.419544
0.407774
0.379432
0.349919
0.330999
0.318102
0.30977
0.310268
3
2.99998
2.99993
2.99985
2.99954
2.9991
2.9973
2.99475
2.98477
2.96875
2.91532
2.79896
2.52116
1.87302
0.955629
0.444249
0.42466
0.437024
0.435198
0.414313
0.391447
0.378689
0.373917
0.375082
0.386577
3
2.99999
2.99994
2.99987
2.99958
2.99918
2.99755
2.99524
2.98609
2.97167
2.92254
2.81745
2.56241
1.95244
1.05589
0.508732
0.441164
0.456731
0.46359
0.450505
0.436747
0.431814
0.43681
0.453055
0.490375
3
2.99999
2.99995
2.99988
2.99964
2.99929
2.99792
2.99583
2.98827
2.97477
2.93305
2.83404
2.61107
2.02991
1.15965
0.578424
0.457122
0.477832
0.493356
0.488461
0.484053
0.488799
0.509577
0.556259
0.661336
3
2.99999
2.99997
2.99989
2.99977
2.99934
2.99859
2.99626
2.99101
2.97757
2.94252
2.86414
2.62859
2.19222
1.26752
0.664314
0.47536
0.500747
0.525399
0.5286
0.531864
0.548381
0.590759
0.67959
0.863462
3
2.99999
2.99996
2.99991
2.99973
2.99946
2.99842
2.99683
2.99114
2.98081
2.94941
2.87511
2.70465
2.25039
1.4742
0.760337
0.508219
0.533953
0.560812
0.56982
0.580527
0.60848
0.667797
0.777351
0.972592
3
2.99999
2.99997
2.99993
2.99976
2.99953
2.99859
2.99727
2.99195
2.98397
2.95499
2.90146
2.74965
2.40028
1.68761
0.868202
0.560274
0.582488
0.603299
0.614644
0.629844
0.666355
0.732767
0.840315
1.00792
3
3
2.99997
2.99994
2.9998
2.99961
2.99882
2.99771
2.99326
2.98666
2.9623
2.91853
2.7922
2.49656
1.87466
0.969196
0.617855
0.625302
0.64287
0.65933
0.678332
0.716444
0.784472
0.881111
1.0208
3
3
2.99998
2.99995
2.99984
2.99969
2.99907
2.99819
2.99479
2.98931
2.97096
2.9319
2.8325
2.56566
2.0623
1.1167
0.704825
0.655887
0.674576
0.69588
0.720435
0.759036
0.821973
0.910082
1.02797
3
3
2.99998
2.99996
2.99987
2.99975
2.99924
2.99852
2.9957
2.99132
2.9762
2.94544
2.86368
2.64614
2.22657
1.33497
0.82169
0.687365
0.701705
0.723907
0.755616
0.795384
0.853888
0.931389
1.03311
3.00001
3
2.99999
2.99997
2.9999
2.9998
2.99939
2.99882
2.99653
2.99313
2.98085
2.95803
2.89245
2.72548
2.38792
1.59292
0.97226
0.742113
0.737994
0.754876
0.786966
0.827392
0.881886
0.952148
1.03918
3.00001
3
2.99999
2.99998
2.99992
2.99984
2.99952
2.99908
2.99726
2.99469
2.9846
2.9687
2.91591
2.80308
2.53438
1.93255
1.14565
0.821504
0.788855
0.798143
0.823231
0.859133
0.906811
0.969346
1.04563
3.00001
3
3
2.99999
2.99995
2.99989
2.99965
2.99932
2.998
2.99605
2.98891
2.97642
2.93782
2.84778
2.64592
2.11986
1.33914
0.909455
0.829661
0.83726
0.858887
0.892172
0.933501
0.988016
1.05503
3.00001
3
3
2.99999
2.99997
2.9999
2.9998
2.99941
2.99881
2.99671
2.99292
2.98146
2.95499
2.89073
2.71364
2.36839
1.59082
1.05056
0.877963
0.872911
0.887816
0.918952
0.959121
1.00686
1.06533
3.00001
3.00001
3
2.99999
2.99998
2.99992
2.99985
2.99954
2.99909
2.99732
2.99478
2.98496
2.96928
2.91795
2.80944
2.54385
1.97657
1.23272
0.950337
0.917856
0.925358
0.950872
0.988839
1.03012
1.0789
3.00001
3.00001
3
3
2.99998
2.99996
2.99987
2.99974
2.99923
2.99847
2.99572
2.991
2.97607
2.94358
2.86231
2.65115
2.22054
1.4464
1.04347
0.95457
0.958473
0.979535
1.01456
1.05415
1.09742
3.00001
3.00001
3.00001
3
2.99999
2.99996
2.99992
2.99976
2.99953
2.99863
2.99727
2.99225
2.98409
2.95712
2.90193
2.76038
2.42249
1.74812
1.19045
1.01007
0.996035
1.00866
1.03599
1.07395
1.11547
3.00001
3.00001
3.00001
3
3
2.99998
2.99994
2.99987
2.99961
2.99922
2.99775
2.99554
2.98754
2.97388
2.93122
2.83559
2.6205
2.10248
1.39164
1.09038
1.03858
1.04355
1.06293
1.09396
1.13213
3.00001
3.00001
3.00001
3
3
2.99999
2.99996
2.99991
2.99972
2.99945
2.99838
2.99687
2.99093
2.98198
2.95089
2.88951
2.73466
2.34986
1.67964
1.21062
1.08192
1.07565
1.08878
1.11571
1.15114
3.00001
3.00001
3.00001
3.00001
3
3
2.99997
2.99994
2.99981
2.99963
2.99892
2.99788
2.99395
2.9879
2.9667
2.92929
2.81654
2.59138
2.02625
1.40831
1.15255
1.11091
1.11598
1.13684
1.16735
3.00001
3.00001
3.00001
3.00001
3
3
2.99999
2.99995
2.9999
2.99971
2.99943
2.99835
2.99673
2.99099
2.98097
2.9506
2.8813
2.72528
2.31684
1.65547
1.2596
1.15674
1.1484
1.15859
1.1819
3.00001
3.00001
3.00001
3.00001
3.00001
3
3
2.99997
2.99994
2.9998
2.99962
2.99887
2.99782
2.99373
2.98762
2.96587
2.92786
2.8161
2.58457
2.03943
1.43632
1.21417
1.18244
1.18545
1.20376
3.00001
3.00001
3.00001
3.00001
3.00001
3
3
2.99998
2.99996
2.99988
2.99975
2.99928
2.99859
2.99595
2.99203
2.97781
2.95352
2.88155
2.72092
2.35878
1.6961
1.31814
1.22001
1.21309
1.22337
3.00001
3.00001
3.00001
3.00001
3.00001
3.00001
3
3
2.99997
2.99994
2.99981
2.99963
2.99893
2.99788
2.99408
2.98798
2.96783
2.9303
2.82433
2.60481
2.07475
1.50467
1.28066
1.24661
1.24803
3.00001
3.00001
3.00001
3.00001
3.00001
3.00001
3
3
2.99998
2.99996
2.99988
2.99976
2.99931
2.99866
2.99615
2.99249
2.979
2.95667
2.88869
2.73966
2.40682
1.75632
1.39098
1.28731
1.27523
3.00001
3.00001
3.00001
3.00001
3.00001
3.00001
3.00001
3
2.99999
2.99998
2.99993
2.99986
2.99958
2.99918
2.99765
2.99542
2.98716
2.97407
2.93158
2.84757
2.63585
2.18318
1.58376
1.35765
1.31829
3.00001
3.00001
3.00001
3.00001
3.00001
3.00001
3.00001
3
3
2.99999
2.99997
2.9999
2.99979
2.9994
2.99882
2.99668
2.99337
2.98184
2.96182
2.90287
2.77398
2.47199
1.89979
1.48328
1.35858
3.00001
3.00001
3.00001
3.00001
3.00001
3.00001
3.00001
3.00001
3
3
2.99998
2.99995
2.99985
2.9997
2.99915
2.99831
2.99532
2.99048
2.97462
2.94564
2.86171
2.69357
2.2552
1.70655
1.43979
3.00001
3.00001
3.00001
3.00001
3.00001
3.00001
3.00001
3.00001
3
3
2.99999
2.99997
2.99991
2.99983
2.99949
2.99901
2.99717
2.99452
2.9847
2.96901
2.91972
2.81558
2.58283
2.05862
1.60962
3.00001
3.00001
3.00001
3.00001
3.00001
3.00001
3.00001
3.00001
3.00001
3
3
2.99999
2.99995
2.9999
2.99971
2.99943
2.99837
2.99683
2.99117
2.98213
2.95319
2.89212
2.75262
2.393
1.84157
3.00001
3.00001
3.00001
3.00001
3.00001
3.00001
3.00001
3.00001
3.00001
3.00001
3
2.99999
2.99998
2.99993
2.99986
2.99961
2.99922
2.99783
2.99569
2.98824
2.97571
2.93789
2.85893
2.66855
2.26402
3.00001
3.00001
3.00001
3.00001
3.00001
3.00001
3.00001
3.00001
3.00001
3.00001
3
3
2.99999
2.99996
2.99992
2.99977
2.99955
2.99873
2.99752
2.99305
2.98622
2.96307
2.92024
2.80824
2.54846
3.00001
3.00001
3.00001
3.00001
3.00001
3.00001
3.00001
3.00001
3.00001
3.00001
3.00001
3
3
2.99999
2.99995
2.9999
2.9997
2.99941
2.99836
2.99676
2.99117
2.98182
2.95319
2.89159
2.75322
3.00001
3.00001
3.00001
3.00001
3.00001
3.00001
3.00001
3.00001
3.00001
3.00001
3.00001
3.00001
3
3
2.99998
2.99995
2.99983
2.99967
2.99906
2.99817
2.9949
2.98992
2.97299
2.94339
2.85889
3.00001
3.00001
3.00001
3.00001
3.00001
3.00001
3.00001
3.00001
3.00001
3.00001
3.00001
3.00001
3
3
2.99999
2.99997
2.99991
2.99982
2.99949
2.999
2.99721
2.99452
2.98516
2.96943
2.92229
3.00001
3.00001
3.00001
3.00001
3.00001
3.00001
3.00001
3.00001
3.00001
3.00001
3.00001
3.00001
3.00001
3
3
2.99999
2.99996
2.99989
2.99977
2.99935
2.99872
2.99649
2.99294
2.9813
2.96056
3.00001
3.00001
3.00001
3.00001
3.00001
3.00001
3.00001
3.00001
3.00001
3.00001
3.00001
3.00001
3.00001
3.00001
3
3
2.99998
2.99994
2.99988
2.99965
2.99931
2.99807
2.99625
2.98971
2.97942
3.00001
3.00001
3.00001
3.00001
3.00001
3.00001
3.00001
3.00001
3.00001
3.00001
3.00001
3.00001
3.00001
3.00001
3.00001
3
2.99999
2.99997
2.99994
2.99982
2.99964
2.99899
2.99803
2.99458
2.98928
3.00001
3.00001
3.00001
3.00001
3.00001
3.00001
3.00001
3.00001
3.00001
3.00001
3.00001
3.00001
3.00001
3.00001
3.00001
3
3
2.99999
2.99996
2.99992
2.99978
2.99956
2.99877
2.99758
2.99341
3.00001
3.00001
3.00001
3.00001
3.00001
3.00001
3.00001
3.00001
3.00001
3.00001
3.00001
3.00001
3.00001
3.00001
3.00001
3.00001
3
3
2.99998
2.99996
2.99988
2.99977
2.99934
2.99871
2.99644
3.00001
3.00001
3.00001
3.00001
3.00001
3.00001
3.00001
3.00001
3.00001
3.00001
3.00001
3.00001
3.00001
3.00001
3.00001
3.00001
3.00001
3
3
2.99998
2.99994
2.99988
2.99965
2.99932
2.99812
3.00001
3.00001
3.00001
3.00001
3.00001
3.00001
3.00001
3.00001
3.00001
3.00001
3.00001
3.00001
3.00001
3.00001
3.00001
3.00001
3.00001
3
3
2.99999
2.99998
2.99993
2.99985
2.99957
2.99914
3.00001
3.00001
3.00001
3.00001
3.00001
3.00001
3.00001
3.00001
3.00001
3.00001
3.00001
3.00001
3.00001
3.00001
3.00001
3.00001
3.00001
3.00001
3
3
2.99998
2.99996
2.99988
2.99977
2.99933
3.00001
3.00001
3.00001
3.00001
3.00001
3.00001
3.00001
3.00001
3.00001
3.00001
3.00001
3.00001
3.00001
3.00001
3.00001
3.00001
3.00001
3.00001
3
3
2.99999
2.99997
2.99991
2.99981
2.99944
1.10261
1.29456
1.35099
1.31454
1.23807
1.15184
1.07208
1.03047
1.02329
1.02573
1.02694
1.02613
1.0237
1.02001
1.01576
1.01378
1.01382
1.01461
1.01555
1.01677
1.01817
1.01953
1.0211
1.02295
1.02509
1.02718
1.02871
1.02949
1.02952
1.02753
1.02064
1.00248
0.959026
0.860675
0.64782
0.308534
0.117006
0.162567
0.216216
0.272643
0.283669
0.243118
0.18904
0.13094
0.0735011
0.037975
0.0664465
0.110427
0.154692
0.195541
0.233524
0.267836
0.30043
0.33298
0.366104
0.397402
0.427821
0.456778
0.485212
0.512508
0.539534
0.565569
0.591443
0.616397
0.641267
0.665259
0.689224
0.712345
0.735442
0.75769
0.77988
0.8012
0.822464
0.842831
0.863219
0.882649
0.902228
0.920742
0.939547
0.957161
0.975203
0.991969
1.00928
1.02527
1.04188
1.05713
1.0731
1.08771
1.10314
1.1172
1.13215
1.14581
1.16049
1.17381
1.18819
1.20097
1.21456
1.22578
1.23615
1.24193
1.14452
1.26193
1.3275
1.36691
1.40647
1.43781
1.44859
1.44489
1.42994
1.40724
1.38876
1.38255
1.38324
1.38429
1.38516
1.38535
1.38499
1.3843
1.38377
1.3843
1.38493
1.38593
1.38745
1.38924
1.39093
1.39248
1.39358
1.39392
1.39364
1.39151
1.38525
1.36989
1.33357
1.25188
1.07292
0.745458
0.460925
0.326069
0.240739
0.169486
0.129565
0.133233
0.180619
0.229821
0.275525
0.316142
0.354261
0.391108
0.427816
0.462422
0.495773
0.526403
0.555418
0.583848
0.613228
0.641741
0.669373
0.695559
0.721335
0.746081
0.770576
0.794098
0.81745
0.839913
0.862383
0.883973
0.90571
0.926456
0.947536
0.967482
0.987976
1.00715
1.02704
1.04543
1.06465
1.08233
1.1009
1.11795
1.13593
1.15239
1.1698
1.18565
1.20247
1.21771
1.23399
1.24869
1.26453
1.27883
1.29427
1.30815
1.3232
1.33662
1.35116
1.36406
1.37804
1.39033
1.40344
1.41424
1.42437
1.4295
1.1415
1.24958
1.3457
1.43807
1.52321
1.59
1.62301
1.62569
1.62091
1.60681
1.58732
1.57169
1.56274
1.55965
1.55943
1.56015
1.56082
1.5613
1.56161
1.56192
1.56227
1.5627
1.56337
1.56444
1.56589
1.56737
1.56862
1.56903
1.56889
1.56769
1.56374
1.55368
1.52887
1.47138
1.34529
1.07853
0.783318
0.617983
0.517089
0.444839
0.414715
0.429617
0.470081
0.51295
0.549794
0.578699
0.605295
0.631468
0.659032
0.686053
0.713184
0.73823
0.762165
0.784992
0.808988
0.832702
0.856262
0.878263
0.900222
0.920881
0.94186
0.961608
0.981828
1.00076
1.02042
1.03881
1.05809
1.0759
1.09454
1.11155
1.12943
1.14577
1.1631
1.17899
1.19589
1.21135
1.22778
1.24278
1.25878
1.27343
1.28923
1.30361
1.31933
1.3335
1.34901
1.36287
1.37801
1.39138
1.40612
1.41905
1.43343
1.44594
1.45995
1.472
1.48562
1.49707
1.51002
1.52018
1.53061
1.53561
1.14698
1.25592
1.3552
1.44637
1.52759
1.59535
1.64843
1.6862
1.70711
1.71214
1.71064
1.70352
1.69258
1.68189
1.67565
1.67349
1.67411
1.67489
1.67614
1.67752
1.67837
1.67889
1.67934
1.67997
1.68105
1.68259
1.68406
1.68528
1.68541
1.68495
1.68276
1.67599
1.66078
1.62228
1.541
1.34961
1.07133
0.823451
0.694314
0.61924
0.603704
0.627788
0.672
0.716454
0.752402
0.779433
0.800106
0.817678
0.836715
0.856524
0.878238
0.89899
0.919365
0.93784
0.957161
0.976052
0.995731
1.0139
1.0324
1.04945
1.06725
1.08373
1.10096
1.11664
1.13316
1.14818
1.16426
1.17892
1.19473
1.20917
1.22477
1.23904
1.25442
1.2685
1.28362
1.29744
1.31227
1.32574
1.34029
1.35346
1.36793
1.3809
1.39525
1.40797
1.42218
1.43466
1.44869
1.46091
1.47475
1.48667
1.50033
1.51195
1.5254
1.53668
1.54989
1.56072
1.57344
1.58327
1.59383
1.59886
1.14674
1.25351
1.34966
1.43713
1.51705
1.58823
1.65146
1.70456
1.74646
1.77385
1.78519
1.78554
1.78368
1.77769
1.76891
1.76137
1.75604
1.75368
1.75323
1.75381
1.75459
1.75573
1.75685
1.75766
1.75832
1.75893
1.75969
1.76063
1.7609
1.76065
1.7593
1.75558
1.74495
1.72171
1.66512
1.5436
1.29318
0.989602
0.79958
0.705754
0.704496
0.739469
0.798687
0.856181
0.898347
0.928887
0.954616
0.973792
0.987067
0.999616
1.01393
1.02878
1.04457
1.05868
1.07309
1.08662
1.10178
1.11599
1.13107
1.14466
1.15906
1.17213
1.18624
1.19906
1.21309
1.22591
1.24001
1.25282
1.26684
1.27947
1.29329
1.30571
1.31936
1.33163
1.34519
1.35742
1.371
1.38327
1.3969
1.40902
1.42254
1.43444
1.4479
1.45963
1.47304
1.48462
1.49796
1.50939
1.52267
1.53395
1.54714
1.55824
1.57131
1.58219
1.59503
1.60562
1.61798
1.62777
1.63823
1.64341
1.13987
1.2414
1.33519
1.4206
1.49899
1.57052
1.63483
1.69143
1.73973
1.77941
1.81039
1.83029
1.83917
1.84004
1.83876
1.83436
1.82743
1.82091
1.816
1.81383
1.81346
1.81406
1.81517
1.81666
1.81858
1.81999
1.82112
1.82225
1.82256
1.82243
1.8216
1.8186
1.81176
1.79359
1.75423
1.6635
1.47877
1.14148
0.856131
0.735061
0.749754
0.802262
0.881149
0.954829
1.01179
1.051
1.07714
1.09687
1.11092
1.12002
1.12579
1.13189
1.13941
1.1476
1.15684
1.16563
1.17632
1.18705
1.19917
1.21018
1.22221
1.23305
1.24496
1.25575
1.26785
1.27898
1.29153
1.30302
1.31588
1.32752
1.34048
1.35211
1.36505
1.37659
1.38957
1.40119
1.41427
1.42582
1.43886
1.45024
1.46316
1.47432
1.48719
1.49825
1.51114
1.52215
1.53505
1.54598
1.55885
1.56972
1.58252
1.59338
1.60608
1.61691
1.62947
1.64012
1.65233
1.66227
1.67277
1.67823
1.13461
1.22819
1.31649
1.39873
1.47497
1.54545
1.6102
1.66916
1.72223
1.76898
1.80875
1.8411
1.86479
1.87932
1.88468
1.88471
1.88341
1.87969
1.87411
1.86917
1.86537
1.8637
1.86319
1.86352
1.86413
1.86524
1.86646
1.86771
1.86802
1.8679
1.86693
1.8642
1.85772
1.84164
1.80843
1.73019
1.58178
1.28587
0.959395
0.809657
0.843864
0.895427
0.966979
1.03905
1.0987
1.14157
1.1701
1.18733
1.19881
1.20666
1.2113
1.21243
1.21278
1.21494
1.2189
1.22414
1.23059
1.23742
1.24675
1.2562
1.26711
1.27698
1.28794
1.29792
1.30931
1.31977
1.33155
1.34223
1.35423
1.36507
1.37725
1.38818
1.40052
1.41158
1.42408
1.43516
1.44776
1.45883
1.47147
1.48245
1.49508
1.50594
1.51857
1.52937
1.54204
1.55277
1.5654
1.57604
1.58854
1.59911
1.6115
1.62206
1.63437
1.64493
1.65717
1.66758
1.67956
1.68934
1.69981
1.70525
1.13079
1.21659
1.29936
1.37749
1.451
1.51953
1.58348
1.64242
1.69663
1.74554
1.78915
1.82702
1.85893
1.88441
1.90257
1.91352
1.91758
1.91755
1.91635
1.91292
1.90814
1.90317
1.89947
1.8977
1.89774
1.89824
1.89918
1.90071
1.90136
1.90118
1.90012
1.89688
1.88839
1.87042
1.82943
1.74622
1.58407
1.36051
1.13755
0.985888
0.9595
0.986219
1.0227
1.0711
1.12151
1.16793
1.20453
1.23025
1.24744
1.25795
1.26507
1.26989
1.2723
1.27217
1.27179
1.27371
1.27732
1.28174
1.28742
1.29414
1.30343
1.31251
1.32298
1.33252
1.34332
1.35315
1.36425
1.37436
1.38583
1.3963
1.40816
1.41895
1.43107
1.44187
1.45406
1.46483
1.47708
1.48778
1.50002
1.51058
1.52281
1.53327
1.54557
1.55604
1.56844
1.57896
1.59144
1.60197
1.61439
1.62487
1.63714
1.64757
1.65971
1.67012
1.68219
1.69252
1.7044
1.71418
1.72466
1.73016
1.12993
1.20799
1.28489
1.35864
1.42867
1.49474
1.55678
1.61489
1.6688
1.71874
1.76422
1.80548
1.84187
1.87349
1.89984
1.92058
1.93474
1.94283
1.94561
1.9455
1.94436
1.94157
1.93752
1.93416
1.9316
1.93018
1.92974
1.92989
1.92987
1.92924
1.92719
1.92116
1.90815
1.87738
1.8148
1.68403
1.50269
1.36173
1.26932
1.16918
1.0933
1.06409
1.07365
1.09719
1.13215
1.17418
1.21107
1.24465
1.27187
1.29092
1.30388
1.312
1.31739
1.32081
1.32213
1.32191
1.32162
1.32364
1.32712
1.33116
1.33687
1.34402
1.35366
1.36282
1.37331
1.38271
1.39335
1.40297
1.41396
1.42399
1.43548
1.4458
1.45748
1.46786
1.47969
1.49012
1.50209
1.51252
1.52457
1.53495
1.54706
1.55744
1.56967
1.58008
1.5924
1.60278
1.61507
1.62537
1.63757
1.64783
1.65994
1.67019
1.68218
1.69237
1.70425
1.71431
1.72601
1.73556
1.746
1.75137
1.13189
1.20232
1.27345
1.34282
1.40936
1.47272
1.53256
1.58909
1.64206
1.69166
1.73767
1.78013
1.81882
1.85361
1.8842
1.91039
1.93197
1.94888
1.96023
1.96666
1.96875
1.9686
1.96751
1.96489
1.96115
1.95777
1.95519
1.95373
1.95244
1.95016
1.94466
1.93341
1.90758
1.85561
1.74356
1.57148
1.42895
1.36749
1.33728
1.29976
1.24839
1.19817
1.16419
1.15664
1.17123
1.19067
1.21874
1.25096
1.27863
1.30413
1.32605
1.3409
1.35123
1.35798
1.36295
1.36567
1.36685
1.36707
1.3676
1.36994
1.37343
1.37754
1.38371
1.39132
1.40127
1.41048
1.42105
1.43048
1.4413
1.45098
1.46201
1.47182
1.48307
1.49304
1.50458
1.51477
1.52661
1.53697
1.54901
1.55936
1.57139
1.58158
1.59354
1.60366
1.6157
1.62589
1.638
1.64813
1.66007
1.67003
1.68176
1.6916
1.70326
1.7131
1.72478
1.73457
1.74617
1.75546
1.7659
1.77111
1.13703
1.19975
1.26452
1.32917
1.39218
1.45275
1.51057
1.56539
1.61722
1.66606
1.71184
1.75468
1.7943
1.83095
1.8641
1.89404
1.92003
1.94232
1.96026
1.9743
1.98344
1.98852
1.98994
1.98976
1.98876
1.9863
1.98291
1.97898
1.97483
1.96899
1.95784
1.93538
1.88841
1.79281
1.62443
1.46787
1.394
1.37794
1.3749
1.36792
1.35303
1.32869
1.29715
1.26352
1.24311
1.23829
1.25038
1.26541
1.28731
1.313
1.3349
1.3551
1.37322
1.38577
1.39463
1.40083
1.40542
1.40773
1.40911
1.40979
1.41137
1.41402
1.41738
1.42187
1.42919
1.43769
1.4481
1.45747
1.46824
1.47754
1.48813
1.49735
1.50814
1.51769
1.52898
1.53892
1.55059
1.56065
1.5724
1.58238
1.5941
1.60404
1.61579
1.62571
1.63743
1.64732
1.65896
1.66879
1.68032
1.69002
1.70147
1.7111
1.72259
1.73225
1.74389
1.75354
1.76515
1.77429
1.78473
1.78978
1.14639
1.20166
1.25985
1.31877
1.37734
1.43467
1.48986
1.54301
1.59336
1.64146
1.6866
1.72945
1.76936
1.80688
1.84142
1.87341
1.90218
1.92812
1.95039
1.9695
1.98451
1.99646
2.00397
2.00805
2.00858
2.00798
2.00603
2.00168
1.99425
1.98284
1.96169
1.91927
1.83438
1.67725
1.50716
1.4139
1.3915
1.3936
1.40088
1.40811
1.41309
1.41254
1.40328
1.38377
1.35799
1.33157
1.31445
1.30876
1.31793
1.32932
1.34615
1.36698
1.38621
1.40274
1.41772
1.42937
1.43754
1.44343
1.4478
1.44996
1.45176
1.45329
1.45547
1.45822
1.46205
1.46733
1.47566
1.48449
1.49488
1.50392
1.51427
1.52328
1.53385
1.54301
1.55383
1.56317
1.5743
1.58393
1.59531
1.60501
1.61633
1.62592
1.63717
1.64683
1.65815
1.66799
1.6794
1.68923
1.70062
1.71024
1.72155
1.73093
1.7422
1.7515
1.76286
1.77219
1.78363
1.79258
1.803
1.80798
1.16036
1.209
1.25998
1.31347
1.367
1.42013
1.47201
1.5224
1.57094
1.61748
1.66193
1.70407
1.74414
1.78172
1.81722
1.8501
1.88087
1.90874
1.93441
1.95674
1.9767
1.99279
2.00626
2.01566
2.02133
2.02189
2.02067
2.01676
2.00793
1.98909
1.95167
1.87682
1.73352
1.55388
1.43735
1.40195
1.40063
1.41039
1.42261
1.43708
1.45227
1.46418
1.46847
1.46828
1.4601
1.44213
1.41935
1.39668
1.38154
1.37554
1.3808
1.39011
1.40274
1.41851
1.43554
1.44919
1.46172
1.47179
1.48002
1.48602
1.49045
1.49288
1.49479
1.49649
1.49856
1.50131
1.5058
1.51232
1.52173
1.53059
1.54093
1.54985
1.56028
1.56926
1.57985
1.58888
1.59951
1.60861
1.61941
1.62873
1.63974
1.64926
1.66033
1.66995
1.68109
1.69077
1.70204
1.71158
1.72281
1.73211
1.74317
1.75227
1.76323
1.77224
1.78323
1.79222
1.80325
1.81188
1.82205
1.82679
1.17281
1.21651
1.26346
1.31163
1.36101
1.41014
1.45874
1.50621
1.55233
1.59685
1.63981
1.68082
1.72015
1.75741
1.79293
1.82615
1.8578
1.88678
1.91432
1.93886
1.96175
1.98133
1.99885
2.0125
2.02281
2.02583
2.02439
2.01924
2.00543
1.97593
1.91398
1.79109
1.60901
1.47002
1.4173
1.4095
1.41874
1.43134
1.44672
1.465
1.48427
1.50079
1.51299
1.52061
1.52501
1.52513
1.51834
1.50382
1.48539
1.46597
1.45046
1.44212
1.44055
1.448
1.45643
1.46735
1.48212
1.49486
1.50601
1.51493
1.5225
1.52815
1.53224
1.53466
1.53654
1.53849
1.54105
1.54481
1.5513
1.55879
1.56849
1.57716
1.58743
1.59623
1.60667
1.61561
1.62616
1.63512
1.64569
1.65471
1.6654
1.67456
1.68538
1.69462
1.70554
1.71487
1.72597
1.73535
1.74651
1.75575
1.76673
1.77571
1.7865
1.79533
1.80611
1.81488
1.82565
1.83402
1.84396
1.8483
1.18752
1.22579
1.26781
1.31165
1.35676
1.40268
1.44808
1.4931
1.53703
1.57971
1.62106
1.66103
1.69923
1.73607
1.77113
1.80448
1.83634
1.86607
1.89443
1.92049
1.94497
1.96697
1.98703
2.00376
2.01664
2.02054
2.01809
2.00951
1.98792
1.93759
1.83885
1.66317
1.51078
1.43866
1.42239
1.42912
1.44167
1.4568
1.47451
1.49422
1.5131
1.5306
1.54673
1.56065
1.5719
1.57954
1.58413
1.58461
1.57974
1.56759
1.55165
1.53387
1.51769
1.50611
1.50031
1.50121
1.50718
1.51438
1.52429
1.53542
1.5466
1.55485
1.56234
1.56786
1.57171
1.57399
1.57588
1.57826
1.58202
1.58718
1.5949
1.60261
1.6125
1.62122
1.63163
1.64053
1.65096
1.65974
1.67007
1.67874
1.68913
1.69795
1.7086
1.71766
1.72851
1.73767
1.74865
1.75785
1.76894
1.77811
1.78913
1.79809
1.8089
1.81763
1.82836
1.83702
1.84775
1.85603
1.86596
1.87025
1.20134
1.23705
1.2745
1.31485
1.35581
1.39808
1.44085
1.48295
1.52477
1.56577
1.60515
1.64427
1.68112
1.71745
1.75189
1.78499
1.817
1.84676
1.87606
1.90243
1.92865
1.95143
1.97361
1.99163
2.00479
2.0059
2.00089
1.9864
1.94831
1.86619
1.70888
1.54861
1.46085
1.43604
1.44009
1.45219
1.46778
1.48508
1.50531
1.52419
1.54216
1.55945
1.57617
1.59218
1.60665
1.61941
1.6297
1.63723
1.6419
1.64321
1.64059
1.63101
1.61656
1.59933
1.58131
1.56626
1.55617
1.55131
1.55347
1.55844
1.56518
1.57416
1.58456
1.5932
1.60096
1.60612
1.61034
1.61278
1.6157
1.61912
1.6244
1.63021
1.63816
1.64554
1.65504
1.66332
1.67353
1.68219
1.69257
1.70114
1.71141
1.71987
1.73024
1.7389
1.74959
1.75849
1.7694
1.77839
1.78934
1.79835
1.80929
1.81825
1.8291
1.83787
1.84862
1.85722
1.868
1.87626
1.88627
1.89089
1.21513
1.24839
1.28262
1.31922
1.35774
1.39635
1.43595
1.47612
1.51483
1.55456
1.59203
1.62938
1.66572
1.70008
1.73488
1.76641
1.79896
1.82814
1.85782
1.88472
1.91119
1.93536
1.95745
1.97639
1.98494
1.98165
1.97177
1.94481
1.87868
1.74552
1.57879
1.47535
1.44437
1.44569
1.45813
1.4743
1.4944
1.5164
1.53674
1.55486
1.57183
1.58816
1.60397
1.61923
1.6344
1.64883
1.66273
1.67501
1.68533
1.69338
1.69782
1.70004
1.69936
1.69306
1.68086
1.66476
1.64685
1.62851
1.61318
1.60308
1.59847
1.60153
1.60605
1.61263
1.62253
1.63188
1.64074
1.6466
1.65132
1.65428
1.65782
1.66165
1.66718
1.673
1.68099
1.68817
1.69754
1.70549
1.71535
1.72357
1.73356
1.74175
1.75168
1.75993
1.77013
1.77875
1.78931
1.79822
1.80889
1.81781
1.82839
1.83722
1.84772
1.85645
1.86698
1.87554
1.88612
1.89436
1.90418
1.90915
1.23111
1.26178
1.29288
1.32589
1.36105
1.39783
1.4336
1.47152
1.50833
1.54506
1.5821
1.61685
1.6527
1.68574
1.71932
1.751
1.78178
1.81201
1.84006
1.86836
1.89367
1.91891
1.93991
1.95536
1.95674
1.94943
1.92897
1.87799
1.76597
1.59827
1.48124
1.44365
1.44451
1.4579
1.47705
1.49839
1.52208
1.54306
1.56319
1.581
1.59826
1.61418
1.62994
1.64564
1.66106
1.67622
1.69072
1.70474
1.71801
1.73032
1.74118
1.75031
1.75629
1.75997
1.76033
1.7564
1.74537
1.73027
1.71115
1.69024
1.67128
1.6558
1.64647
1.64393
1.6476
1.65302
1.66186
1.67041
1.67914
1.68529
1.69093
1.69485
1.69971
1.70419
1.71037
1.71624
1.72413
1.73103
1.73991
1.74742
1.75676
1.76465
1.77428
1.78231
1.7921
1.8004
1.81055
1.81922
1.82959
1.8384
1.84869
1.85734
1.86744
1.87586
1.886
1.89432
1.90455
1.91265
1.92216
1.92699
1.24576
1.27641
1.30625
1.33566
1.36684
1.40063
1.43467
1.46877
1.5041
1.53842
1.5734
1.60751
1.64092
1.67426
1.70568
1.73755
1.76719
1.79696
1.82501
1.85217
1.87804
1.90133
1.92044
1.92675
1.92103
1.90447
1.86538
1.76708
1.60911
1.4804
1.43444
1.43389
1.44979
1.47021
1.49471
1.51958
1.5433
1.56421
1.58448
1.60291
1.62142
1.6391
1.65613
1.6722
1.68753
1.70266
1.71754
1.7325
1.74709
1.76148
1.77521
1.7879
1.79905
1.80775
1.81432
1.81752
1.8187
1.81697
1.80885
1.79497
1.77597
1.75335
1.72922
1.70754
1.69166
1.68355
1.6862
1.69102
1.69812
1.70739
1.7166
1.72332
1.73006
1.73488
1.74056
1.74539
1.7518
1.75755
1.76515
1.77181
1.78041
1.78773
1.79702
1.80489
1.81459
1.82266
1.83253
1.84081
1.85086
1.85936
1.86946
1.8779
1.8879
1.89604
1.90594
1.9139
1.92386
1.93164
1.94104
1.94563
1.26527
1.29109
1.32073
1.34951
1.37687
1.40639
1.43769
1.46965
1.5019
1.53463
1.56706
1.59972
1.63172
1.66346
1.69469
1.7248
1.75482
1.78311
1.81133
1.8376
1.86249
1.88388
1.89444
1.89088
1.87793
1.8444
1.76452
1.61238
1.4739
1.41686
1.41467
1.43135
1.45439
1.48117
1.51072
1.53676
1.56082
1.5821
1.60295
1.62205
1.64175
1.66005
1.67844
1.6957
1.71249
1.7285
1.74435
1.75979
1.77515
1.79002
1.80437
1.8178
1.83054
1.84234
1.8531
1.86252
1.8704
1.87471
1.87711
1.87673
1.87082
1.85726
1.83807
1.81314
1.78509
1.7578
1.73506
1.72265
1.72417
1.72841
1.73492
1.74413
1.75335
1.76032
1.76771
1.7731
1.77939
1.78462
1.79134
1.79714
1.80473
1.8113
1.8198
1.82704
1.83632
1.84416
1.85391
1.86201
1.87192
1.88015
1.89016
1.89838
1.90836
1.91636
1.92618
1.93394
1.94369
1.95119
1.96035
1.96477
1.28318
1.3039
1.33236
1.36094
1.38845
1.41584
1.44401
1.47302
1.50307
1.5333
1.56399
1.59432
1.62494
1.65487
1.68493
1.71408
1.74286
1.77095
1.79766
1.82338
1.84577
1.8601
1.86008
1.84895
1.81931
1.75432
1.61112
1.46237
1.39426
1.38944
1.40716
1.43121
1.461
1.49324
1.52343
1.55004
1.57508
1.59749
1.61964
1.63967
1.65973
1.6781
1.69727
1.71554
1.7341
1.75167
1.76868
1.78476
1.80033
1.81522
1.82962
1.84379
1.8576
1.87127
1.88442
1.89702
1.90837
1.91846
1.92644
1.93155
1.93428
1.93437
1.93007
1.91794
1.89881
1.87271
1.84013
1.80665
1.77652
1.76108
1.76127
1.76506
1.77146
1.78055
1.78996
1.79728
1.80532
1.81133
1.81817
1.82368
1.83044
1.83619
1.84358
1.85005
1.85839
1.8656
1.87492
1.88283
1.89264
1.90074
1.91062
1.91868
1.92853
1.93646
1.94617
1.95381
1.96334
1.97062
1.97948
1.98359
1.31273
1.32379
1.34416
1.37177
1.39823
1.42459
1.45149
1.47892
1.50688
1.53514
1.56362
1.59255
1.62119
1.65001
1.67814
1.70639
1.73379
1.76061
1.78623
1.80938
1.82609
1.8286
1.81901
1.79372
1.73615
1.60848
1.45099
1.36954
1.36145
1.37919
1.40436
1.43547
1.47091
1.50311
1.53295
1.55998
1.58578
1.60955
1.63273
1.65409
1.67541
1.69521
1.71523
1.73427
1.75356
1.77216
1.79017
1.80736
1.82365
1.83933
1.8546
1.8695
1.88417
1.89847
1.91245
1.92593
1.93893
1.95123
1.96266
1.9729
1.98099
1.98708
1.98948
1.98974
1.98648
1.97527
1.95611
1.92819
1.89139
1.85127
1.8152
1.7981
1.79737
1.80126
1.8078
1.81689
1.82626
1.83385
1.84242
1.84886
1.85612
1.86184
1.86885
1.87471
1.8822
1.88868
1.89708
1.90435
1.91375
1.92165
1.93138
1.93931
1.94898
1.95673
1.9663
1.97383
1.98324
1.99036
1.9991
2.0028
1.34262
1.34627
1.36199
1.38513
1.4098
1.43409
1.45888
1.48449
1.51082
1.53782
1.5651
1.59238
1.6197
1.64706
1.67424
1.70074
1.72719
1.75232
1.77545
1.79395
1.79855
1.78985
1.76772
1.71547
1.60648
1.44015
1.34445
1.33183
1.34938
1.3746
1.40792
1.4451
1.47998
1.51124
1.54079
1.56793
1.59427
1.6188
1.64305
1.66574
1.68859
1.7097
1.73118
1.75073
1.77069
1.78948
1.80853
1.82662
1.84424
1.86104
1.8773
1.8931
1.90847
1.92336
1.93785
1.9519
1.96559
1.97879
1.99145
2.00338
2.01449
2.02427
2.03225
2.03851
2.04067
2.0409
2.03831
2.02836
2.00902
1.97961
1.93924
1.89233
1.85178
1.83429
1.83259
1.83653
1.84319
1.85259
1.86193
1.86975
1.87874
1.88541
1.89296
1.89887
1.90624
1.91227
1.92002
1.92659
1.93516
1.94249
1.95194
1.95968
1.96924
1.97683
1.98625
1.99362
2.00293
2.00992
2.01862
2.02219
1.37857
1.37218
1.37983
1.39866
1.42378
1.44733
1.46989
1.49285
1.51688
1.54196
1.56768
1.59384
1.61971
1.64583
1.67156
1.69723
1.72155
1.7448
1.76379
1.77008
1.76205
1.74256
1.69624
1.59947
1.42827
1.31721
1.30005
1.31716
1.3435
1.37794
1.41786
1.45408
1.4875
1.51792
1.54713
1.57433
1.60123
1.62664
1.65202
1.67596
1.69986
1.72233
1.74496
1.76601
1.78715
1.80647
1.82588
1.84445
1.8631
1.88106
1.89844
1.91497
1.93081
1.9461
1.96093
1.97532
1.98932
2.00291
2.01612
2.02892
2.0412
2.05287
2.06379
2.07345
2.08165
2.08813
2.09028
2.09074
2.08855
2.07916
2.05936
2.02781
1.98452
1.93125
1.88654
1.87034
1.86794
1.87185
1.8783
1.88772
1.89723
1.90513
1.91421
1.92108
1.92896
1.93514
1.94287
1.94908
1.95714
1.96384
1.97263
1.97998
1.98931
1.99681
2.0061
2.01332
2.02245
2.02926
2.03781
2.04128
1.43284
1.40196
1.4006
1.41211
1.4325
1.4579
1.48141
1.50413
1.52624
1.54899
1.57234
1.59666
1.62132
1.64593
1.67053
1.6943
1.71697
1.73603
1.74407
1.73678
1.7184
1.67531
1.58352
1.41853
1.29684
1.27327
1.28863
1.31383
1.34906
1.39
1.42785
1.46185
1.49385
1.52364
1.55266
1.58035
1.60792
1.63421
1.6604
1.68517
1.71005
1.73348
1.75706
1.77892
1.80097
1.82125
1.84177
1.86072
1.87986
1.89819
1.91638
1.93371
1.95048
1.96652
1.98205
1.99713
2.01168
2.02588
2.0395
2.05275
2.06539
2.07759
2.08923
2.10026
2.11079
2.12005
2.12845
2.1349
2.13745
2.13812
2.13612
2.12676
2.10692
2.07142
2.02389
1.96728
1.91908
1.90423
1.90219
1.90621
1.9127
1.92174
1.93138
1.93949
1.94875
1.95586
1.9641
1.97064
1.97868
1.98512
1.99337
2.00015
2.00893
2.01615
2.02531
2.0325
2.04155
2.04824
2.05667
2.06004
1.5301
1.44024
1.42628
1.43005
1.44446
1.46681
1.49118
1.5141
1.53631
1.55777
1.57976
1.60158
1.62424
1.64722
1.67
1.69151
1.71044
1.71933
1.71324
1.69536
1.65397
1.56478
1.40661
1.27485
1.24477
1.25786
1.28371
1.3194
1.36202
1.40066
1.4362
1.46885
1.50015
1.52967
1.55892
1.58699
1.61505
1.64179
1.6685
1.69389
1.71938
1.74351
1.76784
1.7906
1.81363
1.83472
1.85609
1.87552
1.89512
1.91337
1.93184
1.94963
1.96712
1.98389
2.00004
2.01566
2.03072
2.04531
2.05933
2.07291
2.08606
2.09882
2.11129
2.12337
2.13516
2.14642
2.15718
2.16679
2.17522
2.18183
2.18397
2.18423
2.18185
2.1714
2.15024
2.11231
2.05851
1.9996
1.95171
1.93744
1.93582
1.9401
1.94692
1.95573
1.96533
1.97342
1.98279
1.99
1.99844
2.00509
2.01328
2.01977
2.02809
2.03476
2.04349
2.05045
2.05947
2.06613
2.07463
2.0781
1.72771
1.50817
1.46236
1.45494
1.46107
1.47698
1.49988
1.52253
1.54453
1.5661
1.58719
1.60877
1.62971
1.65061
1.67047
1.6886
1.69708
1.69164
1.67365
1.63314
1.54499
1.39402
1.2519
1.21546
1.22645
1.25255
1.28978
1.33366
1.3741
1.41039
1.44443
1.47608
1.50683
1.53637
1.56584
1.59433
1.62262
1.64971
1.67665
1.70249
1.7284
1.7532
1.77793
1.80121
1.82434
1.84581
1.86751
1.88747
1.90791
1.92661
1.94563
1.96349
1.98167
1.99912
2.01616
2.03241
2.0481
2.06321
2.07785
2.09203
2.10583
2.1193
2.13242
2.14528
2.15776
2.1699
2.18154
2.19261
2.20305
2.21225
2.22035
2.22664
2.2284
2.22833
2.22546
2.21398
2.19119
2.15034
2.0918
2.02972
1.98405
1.97142
1.96965
1.97395
1.98065
1.98926
1.99873
2.00671
2.0161
2.02331
2.03192
2.03862
2.04698
2.05343
2.06178
2.06826
2.07685
2.08327
2.09156
2.09518
2.03878
1.64452
1.50485
1.48204
1.48061
1.49044
1.50725
1.52952
1.55123
1.57239
1.59307
1.61369
1.63419
1.65341
1.67061
1.67876
1.67351
1.65518
1.61507
1.52814
1.37837
1.22908
1.18677
1.19721
1.224
1.26204
1.30764
1.34879
1.3862
1.42029
1.45278
1.48353
1.51409
1.54375
1.57347
1.60202
1.6304
1.6576
1.68482
1.71094
1.73704
1.76179
1.78636
1.80954
1.83267
1.85455
1.87662
1.89733
1.91845
1.93796
1.95792
1.97621
1.99475
2.01224
2.02981
2.04655
2.06288
2.07866
2.09414
2.10922
2.12404
2.13845
2.15257
2.16621
2.17944
2.19216
2.20432
2.21599
2.22698
2.23739
2.24716
2.25573
2.26322
2.26902
2.27035
2.26991
2.26629
2.25395
2.22958
2.1837
2.12256
2.06008
2.01609
2.00538
2.00366
2.00807
2.01454
2.02243
2.03165
2.03936
2.04871
2.05571
2.06426
2.07095
2.07937
2.08575
2.09409
2.10023
2.10814
2.11184
2.4069
1.88228
1.5956
1.51538
1.50368
1.50607
1.51849
1.53679
1.55884
1.57921
1.59933
1.6185
1.6372
1.65381
1.66246
1.65718
1.63861
1.59843
1.51173
1.3609
1.2104
1.16354
1.1721
1.19815
1.23662
1.28255
1.32455
1.36195
1.39666
1.42906
1.46066
1.49127
1.52191
1.55165
1.58126
1.60969
1.63803
1.66521
1.69238
1.71829
1.74415
1.7687
1.79333
1.81672
1.84033
1.86273
1.8854
1.90673
1.92841
1.94844
1.96893
1.98761
2.00672
2.0243
2.04231
2.05957
2.07691
2.0936
2.11006
2.12609
2.14173
2.1569
2.17156
2.18573
2.19927
2.21236
2.2248
2.2368
2.24827
2.25925
2.26989
2.27987
2.28956
2.29815
2.30536
2.31132
2.31225
2.31151
2.30672
2.29239
2.2657
2.21516
2.14828
2.08902
2.04792
2.03765
2.03634
2.04086
2.04746
2.05516
2.064
2.07152
2.08085
2.08783
2.09638
2.10286
2.11121
2.11719
2.12478
2.12827
2.68626
2.26764
1.79697
1.58214
1.53344
1.52703
1.53159
1.54569
1.56541
1.58649
1.60585
1.62374
1.63945
1.64737
1.64169
1.62259
1.58186
1.49469
1.34217
1.19003
1.13895
1.14681
1.17276
1.21156
1.25839
1.3005
1.33829
1.37269
1.40562
1.43722
1.46867
1.49936
1.52999
1.55961
1.58903
1.6173
1.64542
1.67238
1.69928
1.72504
1.75088
1.7756
1.80049
1.82426
1.84825
1.87106
1.89407
1.91579
1.93768
1.95808
1.97884
1.99792
2.01769
2.03574
2.05458
2.07203
2.09027
2.10747
2.12471
2.14121
2.15741
2.17306
2.18819
2.2028
2.21688
2.23037
2.2434
2.25584
2.26786
2.27933
2.29045
2.30098
2.31132
2.32083
2.33018
2.33853
2.345
2.35042
2.35113
2.34981
2.3441
2.32822
2.2967
2.24408
2.17257
2.11542
2.0796
2.0702
2.06883
2.07319
2.07965
2.08714
2.09577
2.10277
2.11206
2.11875
2.12722
2.13329
2.14103
2.14457
2.82808
2.59446
2.14371
1.73278
1.58057
1.55269
1.54987
1.55704
1.57214
1.59154
1.61063
1.62642
1.63462
1.62845
1.60845
1.56645
1.47732
1.32003
1.16742
1.11415
1.12216
1.14757
1.18682
1.2337
1.27655
1.31449
1.34967
1.38268
1.41505
1.44641
1.47772
1.50816
1.53849
1.56781
1.59691
1.62496
1.65289
1.67986
1.70683
1.73284
1.75888
1.78388
1.80894
1.83288
1.85699
1.87985
1.90294
1.92465
1.94664
1.9672
1.98818
2.0077
2.02789
2.0465
2.06592
2.0837
2.10225
2.11962
2.13742
2.15412
2.17089
2.1868
2.20255
2.21753
2.2322
2.24615
2.25973
2.27262
2.28515
2.29707
2.30862
2.31971
2.33038
2.34075
2.35063
2.36023
2.36891
2.37757
2.38343
2.38781
2.38845
2.38677
2.37887
2.36101
2.32487
2.26767
2.19511
2.14004
2.10877
2.1007
2.10021
2.10433
2.11075
2.11803
2.12652
2.13326
2.14231
2.1486
2.1564
2.15984
2.90084
2.78118
2.47084
1.99686
1.68677
1.58922
1.57191
1.57167
1.58077
1.59547
1.6128
1.62315
1.61732
1.59608
1.55239
1.46001
1.29838
1.14364
1.08918
1.09777
1.12334
1.16299
1.21056
1.25358
1.29202
1.32702
1.36057
1.39284
1.42485
1.45604
1.48716
1.51739
1.54748
1.57654
1.60551
1.63346
1.66147
1.68847
1.71554
1.74151
1.76756
1.79248
1.81753
1.84146
1.86553
1.88842
1.91145
1.93321
1.9552
1.97592
1.99701
2.01684
2.03719
2.05615
2.07584
2.09389
2.11281
2.13006
2.14824
2.16501
2.18211
2.19827
2.21428
2.22969
2.24462
2.25913
2.27302
2.28658
2.29946
2.31206
2.32398
2.33564
2.34673
2.35748
2.36788
2.37778
2.38746
2.39666
2.40487
2.41311
2.41873
2.42163
2.42185
2.41963
2.41092
2.39
2.34803
2.2888
2.21505
2.16377
2.13736
2.12951
2.12986
2.13369
2.13999
2.1473
2.15563
2.16178
2.16978
2.1734
2.9466
2.88412
2.72608
2.38763
1.90361
1.67139
1.6074
1.59317
1.59265
1.59999
1.60961
1.60743
1.5857
1.53996
1.44266
1.27362
1.11661
1.06476
1.07583
1.10221
1.14308
1.18933
1.23204
1.27006
1.30537
1.33876
1.37163
1.40367
1.43563
1.46676
1.49768
1.52759
1.55729
1.58612
1.61492
1.64295
1.67098
1.69808
1.72506
1.75095
1.77678
1.80151
1.82634
1.85001
1.87389
1.89651
1.91943
1.94101
1.96303
1.98369
2.0049
2.02475
2.04517
2.06421
2.08386
2.10205
2.12103
2.13827
2.15656
2.1731
2.19067
2.20654
2.22316
2.23848
2.25407
2.26877
2.28337
2.29731
2.31096
2.32397
2.33668
2.34868
2.36045
2.37152
2.3824
2.39263
2.40276
2.41229
2.42157
2.43058
2.43851
2.44595
2.45193
2.45336
2.45314
2.45032
2.4398
2.41458
2.36686
2.30777
2.23449
2.18547
2.16349
2.15644
2.15748
2.161
2.16684
2.17358
2.18104
2.18439
2.97176
2.94004
2.85572
2.67233
2.26554
1.85556
1.66472
1.62254
1.61039
1.60657
1.59996
1.57871
1.52909
1.4221
1.24536
1.08842
1.04131
1.05403
1.08226
1.12416
1.16979
1.21141
1.24929
1.28435
1.31824
1.35105
1.38368
1.41558
1.44737
1.47825
1.50891
1.53861
1.56819
1.59688
1.6255
1.65317
1.68074
1.70727
1.73376
1.75923
1.78478
1.80933
1.83401
1.85758
1.88125
1.90374
1.9264
1.94787
1.96964
1.99024
2.01129
2.03108
2.05138
2.07036
2.08992
2.10811
2.12698
2.1444
2.16262
2.17928
2.19699
2.21301
2.23011
2.24559
2.2619
2.27688
2.29218
2.30658
2.32072
2.33435
2.34732
2.36001
2.37195
2.38361
2.39469
2.40542
2.41578
2.42578
2.43546
2.44498
2.45379
2.4627
2.47057
2.47702
2.48278
2.48359
2.48253
2.47856
2.46561
2.43561
2.38583
2.32478
2.25219
2.20605
2.1875
2.18044
2.18201
2.18506
2.19016
2.19334
2.98675
2.96567
2.9246
2.82468
2.58335
2.14139
1.78685
1.65669
1.62557
1.60916
1.58132
1.52163
1.39979
1.21059
1.05678
1.01742
1.03277
1.06479
1.10956
1.15349
1.19344
1.2297
1.2644
1.29807
1.33161
1.36447
1.39716
1.42893
1.46036
1.49075
1.52085
1.54997
1.57894
1.60699
1.63493
1.66194
1.68889
1.71492
1.74099
1.76615
1.79142
1.81569
1.84007
1.86335
1.88683
1.90919
1.93185
1.95334
1.9752
1.99579
2.01676
2.03642
2.0566
2.07546
2.09497
2.11315
2.13211
2.14969
2.1681
2.18506
2.20297
2.21934
2.23666
2.25237
2.26899
2.28397
2.29972
2.31393
2.32863
2.34206
2.35561
2.36824
2.38066
2.39253
2.40399
2.41512
2.42584
2.43633
2.44644
2.45633
2.46577
2.47509
2.48386
2.49195
2.50011
2.50549
2.50987
2.51033
2.50916
2.50339
2.48699
2.45384
2.39737
2.337
2.26863
2.22438
2.20778
2.20167
2.20154
2.20266
2.99299
2.98123
2.96145
2.90244
2.7884
2.49134
2.04971
1.7547
1.65037
1.60308
1.5287
1.38023
1.16845
1.01685
0.98719
1.00424
1.04169
1.09137
1.13562
1.17392
1.20918
1.24301
1.27679
1.31017
1.34351
1.37607
1.40831
1.43956
1.47044
1.5003
1.52988
1.5585
1.58694
1.61448
1.64197
1.66859
1.69519
1.72091
1.74669
1.77154
1.79646
1.82035
1.84439
1.86736
1.89053
1.91258
1.9349
1.95603
1.97749
1.99772
2.01838
2.0378
2.05777
2.0765
2.0959
2.11404
2.13297
2.15057
2.16904
2.18612
2.20413
2.22067
2.23812
2.25402
2.27081
2.28598
2.30199
2.31635
2.33145
2.34499
2.35906
2.37179
2.3848
2.39681
2.40879
2.42015
2.43129
2.44199
2.45237
2.46253
2.47228
2.48188
2.49103
2.49979
2.50848
2.51577
2.52321
2.52863
2.53079
2.53097
2.52918
2.52168
2.50065
2.46626
2.40192
2.34823
2.28228
2.23755
2.22233
2.21692
2.99635
2.99005
2.98012
2.94854
2.8895
2.73792
2.4223
1.95413
1.70114
1.57911
1.38968
1.12097
0.95972
0.940463
0.962022
1.00697
1.06275
1.10816
1.14598
1.18007
1.21394
1.2479
1.28219
1.3159
1.34926
1.38156
1.41339
1.44415
1.47455
1.50393
1.53303
1.56116
1.58915
1.61627
1.64338
1.66967
1.69598
1.7214
1.74685
1.7713
1.79581
1.81929
1.8429
1.86543
1.88818
1.90983
1.93178
1.9526
1.9738
1.99383
2.01433
2.03365
2.05354
2.07224
2.09164
2.10983
2.12883
2.14659
2.16521
2.18251
2.20064
2.21738
2.23491
2.25097
2.26779
2.2831
2.29917
2.31364
2.32893
2.34252
2.35695
2.36973
2.38321
2.3953
2.40783
2.41937
2.43102
2.44207
2.453
2.46354
2.47378
2.48375
2.49328
2.50253
2.51144
2.51967
2.52777
2.53501
2.54081
2.54601
2.54705
2.54653
2.54379
2.53357
2.51139
2.46703
2.41586
2.34556
2.284
2.25454
2.99767
2.99534
2.98771
2.9745
2.9357
2.86098
2.66337
2.31056
1.81618
1.45345
1.09263
0.881786
0.872304
0.902708
0.953379
1.00886
1.05423
1.09286
1.12952
1.16636
1.20317
1.23928
1.27491
1.30938
1.34314
1.37558
1.4073
1.4377
1.46746
1.49605
1.52432
1.55174
1.57919
1.606
1.63296
1.65922
1.68554
1.71097
1.73639
1.76077
1.78515
1.80843
1.8318
1.85406
1.87653
1.89792
1.91963
1.94025
1.96131
1.98127
2.00177
2.02115
2.04118
2.06008
2.07972
2.0982
2.11748
2.13552
2.15435
2.17186
2.19009
2.20697
2.22452
2.24073
2.25756
2.27305
2.28916
2.30386
2.3193
2.33314
2.34791
2.36089
2.37496
2.38718
2.40051
2.41216
2.42469
2.43592
2.44763
2.45847
2.46937
2.47968
2.4898
2.49938
2.5087
2.51741
2.52581
2.53369
2.54063
2.54766
2.55248
2.55575
2.55667
2.55581
2.55215
2.53855
2.51277
2.46413
2.4013
2.36328
2.99869
2.99633
2.99269
2.98022
2.95782
2.89561
2.75234
2.44467
1.85161
1.14652
0.701965
0.637365
0.699011
0.776535
0.850736
0.909427
0.958461
1.00289
1.04616
1.08836
1.12999
1.17014
1.20901
1.24624
1.28244
1.31715
1.35111
1.38384
1.41612
1.44739
1.4784
1.50843
1.53818
1.56688
1.59528
1.62258
1.64965
1.67564
1.70151
1.72629
1.75106
1.77473
1.7985
1.82117
1.84406
1.86588
1.88806
1.9092
1.93084
1.95143
1.97263
1.99279
2.01363
2.03339
2.05387
2.07318
2.09319
2.11192
2.13129
2.14929
2.16787
2.18506
2.20278
2.21919
2.23609
2.25176
2.26796
2.28293
2.29856
2.31285
2.32802
2.34164
2.35639
2.36938
2.38366
2.39604
2.40974
2.42153
2.4345
2.44567
2.45771
2.46823
2.47918
2.48891
2.49878
2.50755
2.51635
2.52426
2.53176
2.53899
2.54519
2.55074
2.55544
2.55692
2.55744
2.55594
2.55048
2.53156
2.49962
2.47628
2.99891
2.99681
2.99381
2.98235
2.96375
2.90401
2.77265
2.47039
1.81265
0.93758
0.414852
0.329992
0.408915
0.513325
0.600185
0.67512
0.742915
0.804752
0.861534
0.913685
0.962414
1.00816
1.05198
1.09374
1.13418
1.173
1.21091
1.24744
1.28328
1.3179
1.35204
1.38514
1.41795
1.44986
1.4816
1.51242
1.54308
1.57269
1.60209
1.63032
1.65835
1.68514
1.71183
1.7373
1.76281
1.78715
1.81167
1.83503
1.85872
1.88124
1.9042
1.92599
1.94833
1.96947
1.99122
2.01175
2.0329
2.05278
2.07328
2.09246
2.11221
2.13067
2.14965
2.1674
2.18564
2.20272
2.22035
2.23679
2.25392
2.26974
2.28648
2.30166
2.31802
2.33257
2.34845
2.36233
2.37758
2.39069
2.40514
2.41736
2.43081
2.44204
2.45432
2.46454
2.47552
2.48473
2.49446
2.50264
2.51125
2.51847
2.52604
2.53235
2.53848
2.54361
2.54593
2.54732
2.54696
2.54334
2.528
2.52239
)
;

boundaryField
{
    inlet
    {
        type            calculated;
        value           uniform 3.00001;
    }
    outlet
    {
        type            calculated;
        value           nonuniform List<scalar> 
40
(
1.24193
1.4295
1.53561
1.59886
1.64341
1.67823
1.70525
1.73016
1.75137
1.77111
1.78978
1.80798
1.82679
1.8483
1.87025
1.89089
1.90915
1.92699
1.94563
1.96477
1.98359
2.0028
2.02219
2.04128
2.06004
2.0781
2.09518
2.11184
2.12827
2.14457
2.15984
2.1734
2.18439
2.19334
2.20266
2.21692
2.25454
2.36328
2.47628
2.52239
)
;
    }
    bottom
    {
        type            symmetryPlane;
    }
    top
    {
        type            symmetryPlane;
    }
    obstacle
    {
        type            calculated;
        value           uniform 0;
    }
    defaultFaces
    {
        type            empty;
    }
}


// ************************************************************************* //
