/*--------------------------------*- C++ -*----------------------------------*\
| =========                 |                                                 |
| \\      /  F ield         | OpenFOAM: The Open Source CFD Toolbox           |
|  \\    /   O peration     | Version:  2112                                  |
|   \\  /    A nd           | Website:  www.openfoam.com                      |
|    \\/     M anipulation  |                                                 |
\*---------------------------------------------------------------------------*/
FoamFile
{
    version     2.0;
    format      ascii;
    arch        "LSB;label=32;scalar=64";
    class       volScalarField;
    location    "64.5";
    object      p;
}
// * * * * * * * * * * * * * * * * * * * * * * * * * * * * * * * * * * * * * //

dimensions      [0 2 -2 0 0 0 0];

internalField   nonuniform List<scalar> 
8800
(
0.821426
0.77364
0.734953
0.70596
0.685101
0.670277
0.659692
0.652227
0.64743
0.645403
0.646706
0.650924
0.65759
0.666921
0.679711
0.697453
0.722235
0.756179
0.798732
0.857434
0.652671
0.66035
0.667828
0.671139
0.669639
0.664567
0.658089
0.652025
0.647321
0.644505
0.64426
0.646799
0.651313
0.657278
0.66406
0.670349
0.673995
0.673262
0.667847
0.65916
0.631068
0.637228
0.641357
0.644305
0.646359
0.646971
0.645876
0.643789
0.641797
0.640924
0.641924
0.644337
0.647159
0.649357
0.649976
0.648785
0.64645
0.643061
0.638505
0.634744
0.625248
0.627899
0.630653
0.63306
0.6347
0.63587
0.636624
0.63676
0.636492
0.63648
0.637274
0.638478
0.639343
0.639427
0.638831
0.63775
0.635941
0.633375
0.630975
0.629472
0.619854
0.621279
0.62306
0.625096
0.626886
0.628237
0.62924
0.630058
0.630704
0.631311
0.632009
0.632544
0.632672
0.632406
0.631725
0.630488
0.628801
0.626959
0.625655
0.624823
0.61476
0.61568
0.616924
0.618495
0.620134
0.621669
0.62297
0.624061
0.625061
0.626003
0.626747
0.62712
0.627112
0.626697
0.625835
0.624649
0.623332
0.62208
0.621261
0.620709
0.609831
0.610501
0.611466
0.612773
0.61419
0.615659
0.617116
0.618465
0.619704
0.620868
0.621753
0.622173
0.622129
0.62165
0.620866
0.619936
0.618936
0.618022
0.61744
0.617034
0.605021
0.605538
0.606324
0.60746
0.608745
0.610132
0.611597
0.613099
0.614573
0.615974
0.617054
0.617587
0.61761
0.617261
0.616685
0.61598
0.615223
0.614549
0.614119
0.613801
0.600257
0.600668
0.601327
0.602339
0.603553
0.604894
0.606361
0.607951
0.609624
0.611296
0.612627
0.613358
0.613579
0.613453
0.613102
0.612611
0.61206
0.61158
0.611262
0.611003
0.595452
0.595787
0.596357
0.59729
0.598457
0.599785
0.60129
0.602981
0.604846
0.606813
0.60847
0.609502
0.610005
0.610136
0.610019
0.609754
0.6094
0.609081
0.608847
0.60863
0.590518
0.590795
0.591304
0.592191
0.593342
0.594696
0.596276
0.598111
0.60021
0.602519
0.604586
0.606005
0.606847
0.607272
0.607412
0.607376
0.607217
0.60704
0.606874
0.606686
0.585363
0.585596
0.586066
0.586939
0.588112
0.589535
0.591235
0.593267
0.595665
0.5984
0.600968
0.602852
0.60409
0.604854
0.605281
0.605481
0.605521
0.605475
0.605365
0.605197
0.579897
0.580094
0.580545
0.581432
0.582669
0.584207
0.58608
0.588378
0.591157
0.594423
0.597599
0.600037
0.601739
0.60289
0.603638
0.604092
0.604347
0.604425
0.604362
0.604208
0.574015
0.574184
0.574632
0.575563
0.576906
0.578609
0.580723
0.583365
0.586627
0.59055
0.594463
0.597563
0.599812
0.601408
0.602524
0.603284
0.603752
0.603949
0.603926
0.60378
0.567599
0.567745
0.568205
0.569209
0.570704
0.572631
0.575064
0.578147
0.582015
0.586745
0.591549
0.595438
0.598337
0.600457
0.601992
0.603085
0.603798
0.60412
0.604135
0.603992
0.56051
0.56063
0.561118
0.562226
0.563925
0.566147
0.568986
0.572628
0.57725
0.582966
0.588847
0.593679
0.597344
0.600084
0.602115
0.603593
0.604578
0.605028
0.605076
0.604934
0.552559
0.55266
0.553192
0.55444
0.556401
0.558996
0.562355
0.5667
0.572255
0.579175
0.586351
0.592307
0.596878
0.600345
0.60297
0.604898
0.606188
0.606773
0.606853
0.606706
0.543525
0.543626
0.544212
0.545619
0.547911
0.550993
0.555011
0.560235
0.566946
0.575334
0.584065
0.591354
0.596993
0.601315
0.604643
0.607096
0.60873
0.609459
0.609567
0.609413
0.533091
0.533171
0.533848
0.53548
0.538208
0.541911
0.546761
0.553091
0.561235
0.571412
0.582001
0.59086
0.597754
0.603084
0.607215
0.610289
0.612312
0.613189
0.613322
0.613156
0.520879
0.520946
0.521722
0.523666
0.526952
0.531453
0.537366
0.545097
0.555024
0.567378
0.580179
0.590874
0.599224
0.605726
0.61079
0.614584
0.617027
0.618053
0.618205
0.618024
0.506331
0.506387
0.507307
0.509667
0.513692
0.519243
0.526544
0.536068
0.548225
0.563221
0.578631
0.591455
0.601469
0.609311
0.615458
0.620056
0.622946
0.624112
0.624272
0.624073
0.488681
0.488726
0.489858
0.492803
0.497841
0.504811
0.513959
0.525817
0.540778
0.558972
0.577423
0.592671
0.604561
0.613919
0.621252
0.626752
0.630092
0.631373
0.631527
0.631308
0.46676
0.466802
0.468283
0.472111
0.478608
0.487577
0.499257
0.514194
0.532687
0.554713
0.576658
0.594608
0.60857
0.619591
0.628227
0.634664
0.638415
0.639765
0.639896
0.639655
0.438815
0.438878
0.440951
0.446204
0.454968
0.466874
0.482123
0.501153
0.524058
0.550608
0.576482
0.597364
0.613541
0.626328
0.636357
0.643707
0.64777
0.649117
0.649201
0.648941
0.401802
0.401967
0.405254
0.413135
0.425724
0.442118
0.462455
0.486856
0.515157
0.546914
0.577085
0.601055
0.619528
0.634137
0.645561
0.65369
0.657897
0.659141
0.659157
0.658883
0.349881
0.35087
0.357407
0.370689
0.389925
0.413264
0.440618
0.471809
0.506468
0.544005
0.578694
0.6058
0.626558
0.642914
0.655641
0.664305
0.668412
0.669451
0.66939
0.669109
0.27409
0.281417
0.296538
0.31994
0.349082
0.381723
0.417653
0.45666
0.498368
0.542161
0.581683
0.612126
0.635334
0.65358
0.667522
0.676501
0.680357
0.681178
0.681069
0.680824
0.192654
0.209978
0.234477
0.268634
0.308071
0.350145
0.394712
0.441715
0.49085
0.541554
0.586771
0.621317
0.647462
0.667927
0.683213
0.692116
0.69534
0.695882
0.695804
0.695644
0.124766
0.145169
0.177413
0.220713
0.269237
0.320193
0.373131
0.427972
0.48439
0.541809
0.592446
0.63081
0.659656
0.681929
0.697875
0.706362
0.70914
0.709625
0.70961
0.709494
0.0691644
0.0912287
0.129004
0.17876
0.234467
0.29291
0.353265
0.415315
0.478588
0.542404
0.598194
0.640142
0.671442
0.695266
0.711876
0.720337
0.722906
0.723378
0.723391
0.723306
0.0228968
0.0461381
0.087709
0.142594
0.204077
0.268708
0.335433
0.403886
0.473435
0.543254
0.603958
0.649333
0.682991
0.708404
0.725794
0.734412
0.737129
0.737528
0.737557
0.737496
-0.0163105
0.00758695
0.0520327
0.110971
0.177311
0.247207
0.31947
0.393635
0.468933
0.544371
0.60975
0.658431
0.694401
0.721363
0.739676
0.748767
0.751571
0.752
0.752041
0.752003
-0.0504932
-0.0261739
0.0205353
0.0828225
0.15327
0.227753
0.304941
0.38427
0.46486
0.545572
0.615422
0.66731
0.70555
0.734062
0.75332
0.762953
0.765987
0.766443
0.766503
0.766477
-0.0811572
-0.056471
-0.00791801
0.0572304
0.131226
0.209735
0.291339
0.375382
0.460901
0.546626
0.62078
0.675778
0.716209
0.74626
0.766408
0.776556
0.779859
0.780391
0.780448
0.780434
-0.109279
-0.0842666
-0.0341384
0.0334813
0.110594
0.192674
0.278257
0.366638
0.456786
0.547303
0.625632
0.683648
0.726189
0.757649
0.778698
0.789345
0.792896
0.793528
0.79356
0.793548
-0.135671
-0.110286
-0.058731
0.0110375
0.0909356
0.176209
0.265398
0.357776
0.452273
0.547398
0.629823
0.690803
0.735382
0.768212
0.790017
0.801065
0.804812
0.805501
0.805515
0.805493
-0.160716
-0.134957
-0.082128
-0.0104511
0.0719343
0.160074
0.252533
0.348596
0.447193
0.546784
0.633269
0.697202
0.743769
0.777845
0.800241
0.811601
0.815476
0.816193
0.816185
0.816144
-0.184854
-0.158633
-0.104769
-0.0312311
0.0533647
0.144078
0.23951
0.338974
0.441432
0.545349
0.635899
0.702838
0.751385
0.786605
0.809515
0.821022
0.8249
0.82562
0.825575
0.825515
-0.208221
-0.181542
-0.126659
-0.0514824
0.0350885
0.128112
0.226238
0.328827
0.434904
0.543015
0.637668
0.707726
0.758319
0.794642
0.81791
0.829383
0.833235
0.833915
0.833851
0.833769
-0.230962
-0.203826
-0.147915
-0.0713048
0.017038
0.112124
0.21267
0.318107
0.427561
0.53972
0.638526
0.711888
0.764676
0.802103
0.825591
0.836909
0.840608
0.841217
0.841128
0.841029
-0.253212
-0.225554
-0.168655
-0.0907412
-0.000827361
0.096097
0.198806
0.306821
0.419389
0.535416
0.638416
0.715324
0.770569
0.809187
0.832764
0.843725
0.847149
0.847649
0.847519
0.847405
-0.275018
-0.246736
-0.188935
-0.109803
-0.0184901
0.0800467
0.184679
0.294994
0.410398
0.530066
0.637274
0.718012
0.776087
0.816089
0.839642
0.849992
0.852946
0.853272
0.853112
0.85299
-0.296227
-0.267356
-0.208689
-0.128474
-0.0359289
0.064028
0.170335
0.282686
0.400631
0.523679
0.635027
0.719886
0.781249
0.823024
0.846564
0.855974
0.858149
0.85819
0.857997
0.857881
-0.316827
-0.287393
-0.227912
-0.146715
-0.0530958
0.0480903
0.155856
0.269966
0.390157
0.516268
0.631616
0.720828
0.786009
0.830151
0.853985
0.862218
0.863088
0.862511
0.862259
0.862206
-0.336888
-0.306817
-0.246588
-0.164503
-0.0699346
0.0323097
0.14132
0.256929
0.379055
0.507887
0.626982
0.720685
0.790209
0.837453
0.862346
0.869646
0.868649
0.866643
0.866099
0.866355
-0.356246
-0.325612
-0.264665
-0.181788
-0.0863921
0.0167639
0.126817
0.243678
0.367435
0.498617
0.621098
0.719268
0.793578
0.844636
0.871743
0.879343
0.876787
0.872405
0.870142
0.869991
-0.374996
-0.343771
-0.282164
-0.1986
-0.102503
0.00140992
0.112293
0.230161
0.355232
0.48839
0.613832
0.716301
0.795824
0.851229
0.881642
0.891734
0.889966
0.882949
0.875339
0.861629
-0.393068
-0.361281
-0.299201
-0.21514
-0.118545
-0.0140747
0.097344
0.21591
0.341931
0.476597
0.604571
0.711054
0.796455
0.856633
0.89051
0.904898
0.904445
0.891211
0.870825
0.860047
-0.410293
-0.37829
-0.315586
-0.231215
-0.134167
-0.0293522
0.0821898
0.201241
0.327825
0.463475
0.593342
0.702994
0.794554
0.859647
0.894274
0.908553
0.910195
0.88578
0.818409
0.788317
-0.426011
-0.396059
-0.33101
-0.24635
-0.14857
-0.0439231
0.0671479
0.186383
0.313128
0.449137
0.580049
0.691762
0.788579
0.859508
0.887674
0.89692
0.883259
0.827665
0.758472
0.715998
-0.480946
-0.411732
-0.344966
-0.261673
-0.163404
-0.0592685
0.0521465
0.171044
0.297457
0.433104
0.564047
0.676626
0.774496
0.852172
0.854278
0.854373
0.801294
0.728959
0.651623
0.608606
-0.442656
-0.426715
-0.365801
-0.281413
-0.185369
-0.0812746
0.0291141
0.147378
0.272841
0.407165
0.536373
0.64762
0.738214
0.821387
0.804914
0.687594
0.579901
0.505006
0.430674
0.460035
-0.473138
-0.444042
-0.382241
-0.298696
-0.202685
-0.0987095
0.0119522
0.129583
0.25399
0.386546
0.513026
0.620134
0.701046
0.74528
0.694346
0.541741
0.411532
0.31853
0.218967
0.267922
-0.496624
-0.464607
-0.401652
-0.317978
-0.221849
-0.117981
-0.0074052
0.10939
0.232398
0.362562
0.485331
0.586222
0.658148
0.667566
0.558108
0.382728
0.228078
0.107765
-0.0242435
0.00796705
-0.51958
-0.486064
-0.421965
-0.337383
-0.241182
-0.137473
-0.0274318
0.0883924
0.209799
0.337174
0.455241
0.548215
0.60463
0.582308
0.420978
0.222658
0.0309446
-0.138004
-0.327127
-0.346413
-0.541947
-0.508001
-0.443034
-0.357688
-0.261362
-0.157887
-0.0485101
0.066213
0.18575
0.30992
0.422535
0.507464
0.544078
0.484988
0.290392
0.0782388
-0.140052
-0.329979
-0.572239
-0.869224
-0.564614
-0.530673
-0.465184
-0.379369
-0.282873
-0.179582
-0.0708011
0.0427789
0.160327
0.281005
0.387833
0.464212
0.479295
0.3688
0.176692
-0.0346709
-0.23994
-0.41286
-0.48272
-0.561417
-0.588533
-0.554536
-0.488762
-0.402739
-0.306208
-0.203196
-0.0951087
0.0171486
0.13238
0.249017
0.349646
0.414779
0.40465
0.260425
0.0755614
-0.116707
-0.280598
-0.37416
-0.398378
-0.414231
-0.614007
-0.579891
-0.513939
-0.427872
-0.331495
-0.22894
-0.12179
-0.0111645
0.101322
0.213259
0.307162
0.357876
0.329926
0.159736
-0.0161199
-0.183217
-0.310702
-0.350078
-0.362937
-0.364254
-0.641238
-0.606911
-0.540779
-0.454765
-0.358686
-0.256819
-0.150866
-0.0422105
0.0670837
0.173736
0.259959
0.296122
0.248256
0.0667249
-0.100008
-0.249614
-0.326345
-0.343426
-0.344803
-0.344626
-0.670285
-0.635663
-0.569309
-0.483418
-0.387799
-0.286822
-0.182339
-0.0760045
0.029677
0.13052
0.208182
0.232667
0.148301
-0.018177
-0.176601
-0.299788
-0.336555
-0.334966
-0.334093
-0.333503
-0.700866
-0.665967
-0.59943
-0.513746
-0.418748
-0.318897
-0.21618
-0.11252
-0.010859
0.0837175
0.152658
0.159942
0.0574504
-0.0970114
-0.237318
-0.31368
-0.323953
-0.326581
-0.327249
-0.326981
-0.732436
-0.697384
-0.630886
-0.545525
-0.451349
-0.352888
-0.252238
-0.151626
-0.0543376
0.0336893
0.0939054
0.0862569
-0.0238416
-0.163772
-0.281773
-0.313218
-0.321543
-0.322818
-0.322536
-0.322236
-0.764531
-0.729364
-0.663232
-0.578361
-0.485262
-0.388478
-0.290233
-0.193035
-0.100473
-0.0188946
0.0309088
0.0162183
-0.0981969
-0.217648
-0.312218
-0.328921
-0.320038
-0.31896
-0.318836
-0.318572
-0.796251
-0.761186
-0.6956
-0.611666
-0.519946
-0.425196
-0.329719
-0.236269
-0.148795
-0.0734005
-0.0334279
-0.0481431
-0.16286
-0.257821
-0.313919
-0.323036
-0.319202
-0.317452
-0.316698
-0.3164
-0.826057
-0.791681
-0.727018
-0.644523
-0.554641
-0.462349
-0.370046
-0.280645
-0.198503
-0.129239
-0.0927566
-0.119505
-0.214629
-0.291047
-0.297879
-0.314614
-0.318034
-0.316109
-0.315387
-0.314944
-0.852331
-0.819036
-0.756361
-0.675749
-0.588318
-0.499011
-0.410356
-0.325306
-0.248477
-0.185562
-0.149095
-0.189111
-0.261423
-0.302598
-0.326312
-0.322718
-0.321321
-0.321093
-0.321021
-0.320601
-0.872961
-0.841377
-0.781592
-0.703939
-0.619704
-0.534046
-0.449572
-0.369222
-0.297567
-0.240952
-0.207277
-0.247586
-0.305237
-0.34083
-0.35954
-0.349625
-0.342762
-0.341861
-0.340789
-0.339863
-0.885708
-0.856818
-0.800792
-0.727227
-0.647313
-0.566146
-0.486486
-0.411191
-0.344663
-0.293744
-0.263726
-0.298781
-0.352022
-0.398339
-0.377202
-0.372028
-0.371032
-0.368108
-0.364637
-0.363954
-0.887954
-0.863106
-0.812021
-0.743807
-0.669463
-0.593923
-0.51978
-0.449934
-0.388541
-0.342252
-0.31011
-0.338654
-0.389051
-0.477058
-0.429454
-0.386015
-0.364737
-0.356093
-0.353703
-0.353055
-0.877502
-0.857496
-0.813117
-0.752096
-0.684696
-0.615909
-0.548154
-0.484151
-0.42784
-0.385033
-0.345931
-0.344565
-0.345088
-0.426567
-0.392588
-0.343303
-0.324351
-0.320701
-0.319841
-0.318699
-0.852354
-0.837313
-0.802269
-0.750863
-0.692041
-0.631133
-0.570468
-0.512587
-0.461267
-0.421583
-0.371545
-0.308847
-0.178502
-0.0781751
-0.125681
-0.213067
-0.266757
-0.288758
-0.295627
-0.296717
-0.815067
-0.805369
-0.78029
-0.740268
-0.691496
-0.639369
-0.58617
-0.534293
-0.487782
-0.450925
-0.408766
-0.313222
-0.136489
0.0775642
-0.0627698
-0.222078
-0.31341
-0.35246
-0.367358
-0.372827
-0.772376
-0.766868
-0.752055
-0.723126
-0.685008
-0.64142
-0.595413
-0.549244
-0.506539
-0.473272
-0.445699
-0.447881
-0.548178
-0.731478
-0.796877
-0.731991
-0.655054
-0.619006
-0.611455
-0.612079
-0.734156
-0.730828
-0.723816
-0.704908
-0.675485
-0.639167
-0.599145
-0.557351
-0.517002
-0.486709
-0.470315
-0.58931
-0.849896
-1.12254
-1.15202
-1.01884
-0.924638
-0.851209
-0.801409
-0.79609
-0.7071
-0.705062
-0.701529
-0.689934
-0.666799
-0.635399
-0.599103
-0.558899
-0.517741
-0.4784
-0.46067
-0.463296
-0.565537
-0.725739
-0.9095
-0.994455
-1.00392
-0.933931
-0.836853
-0.783352
-0.686738
-0.686012
-0.684887
-0.67912
-0.661479
-0.633012
-0.5971
-0.556194
-0.509831
-0.460293
-0.426668
-0.397933
-0.361526
-0.280065
-0.203047
-0.14153
-0.105479
-0.07756
-0.0232516
0.0138251
-0.674875
-0.674587
-0.67398
-0.67131
-0.658906
-0.631992
-0.594879
-0.550978
-0.499777
-0.443084
-0.387559
-0.341707
-0.178152
0.102757
0.385334
0.637091
0.753874
0.800093
0.810838
0.81231
-0.667052
-0.666871
-0.666291
-0.665287
-0.657816
-0.633062
-0.594274
-0.545257
-0.488106
-0.417423
-0.33966
-0.254216
-0.0380637
0.300023
0.636078
0.915316
1.0611
1.12003
1.13509
1.1356
-0.662829
-0.662566
-0.661812
-0.661313
-0.657748
-0.63714
-0.595777
-0.541661
-0.47562
-0.397086
-0.304475
-0.207822
0.0193763
0.319282
0.599116
0.830243
0.976106
1.06997
1.1292
1.152
-0.662798
-0.662727
-0.662517
-0.662077
-0.662262
-0.645015
-0.600158
-0.540562
-0.468496
-0.381891
-0.279824
-0.185767
0.0186847
0.315367
0.596026
0.836004
1.01034
1.12527
1.1947
1.22039
-0.663235
-0.66442
-0.66765
-0.673039
-0.675892
-0.655624
-0.606419
-0.544215
-0.467838
-0.37386
-0.272813
-0.177157
-0.00196072
0.271578
0.557869
0.807211
1.00993
1.13721
1.19856
1.21624
-0.664889
-0.66599
-0.665738
-0.662804
-0.660494
-0.646965
-0.611826
-0.554995
-0.473865
-0.375442
-0.275631
-0.181684
-0.0554665
0.205647
0.458938
0.679034
0.858027
0.966877
1.01528
1.0274
-0.693922
-0.691845
-0.674217
-0.63367
-0.601991
-0.617939
-0.625093
-0.572627
-0.484471
-0.381204
-0.283341
-0.191044
-0.0886865
0.104814
0.319148
0.497236
0.636896
0.718126
0.75283
0.760535
-0.758742
-0.755323
-0.750225
-0.739561
-0.728942
-0.729179
-0.69602
-0.606195
-0.499693
-0.388888
-0.290667
-0.205971
-0.126841
0.0152744
0.182337
0.318095
0.423399
0.481814
0.505328
0.508676
-0.887805
-0.90483
-0.948859
-0.991927
-0.991922
-0.946918
-0.814698
-0.654822
-0.512855
-0.392524
-0.297555
-0.223294
-0.163555
-0.0603251
0.0642825
0.166102
0.243747
0.284378
0.300517
0.301157
-0.992381
-1.01698
-1.06243
-1.09669
-1.09487
-1.03545
-0.866523
-0.669892
-0.510244
-0.386565
-0.297165
-0.236165
-0.191229
-0.118835
-0.0290565
0.0447595
0.0973153
0.125116
0.134032
0.133865
-0.92449
-0.946366
-0.982091
-1.01257
-1.01192
-0.947332
-0.781841
-0.612067
-0.470316
-0.361306
-0.286211
-0.237498
-0.203365
-0.154292
-0.0993095
-0.0531463
-0.0212053
-0.00625069
-0.00119901
-0.00242342
-0.659992
-0.679617
-0.71509
-0.751199
-0.761107
-0.708789
-0.598896
-0.487883
-0.393225
-0.31772
-0.262301
-0.224691
-0.19844
-0.170927
-0.143821
-0.125533
-0.116015
-0.113971
-0.113974
-0.114639
-0.307016
-0.318546
-0.341998
-0.373519
-0.397856
-0.396806
-0.375593
-0.339416
-0.301049
-0.263131
-0.231985
-0.206879
-0.186485
-0.175888
-0.172599
-0.174015
-0.180285
-0.186266
-0.187958
-0.188098
-0.0319996
-0.0375818
-0.0533255
-0.0818401
-0.121438
-0.161634
-0.190276
-0.208222
-0.213666
-0.209218
-0.201509
-0.19171
-0.181302
-0.181318
-0.186961
-0.197765
-0.20959
-0.216803
-0.218042
-0.217866
0.10712
0.103843
0.0922334
0.0665238
0.0245533
-0.0275811
-0.0771106
-0.117159
-0.145105
-0.163513
-0.176552
-0.188282
-0.193047
-0.192009
-0.192385
-0.198589
-0.206484
-0.20989
-0.21007
-0.21008
0.146454
0.144313
0.135701
0.11521
0.0799952
0.0343278
-0.0141851
-0.0591488
-0.0965307
-0.127191
-0.155881
-0.188741
-0.209636
-0.198104
-0.190497
-0.185088
-0.184236
-0.183469
-0.182955
-0.183245
0.138934
0.137483
0.131486
0.11685
0.0911882
0.056452
0.0164183
-0.0237276
-0.0609904
-0.0953818
-0.131047
-0.173237
-0.196383
-0.178824
-0.161185
-0.15428
-0.151002
-0.149969
-0.149991
-0.150511
0.116337
0.115431
0.111524
0.101766
0.0842123
0.0594515
0.0291715
-0.00307854
-0.0349179
-0.0652472
-0.0948794
-0.126155
-0.137754
-0.126975
-0.119181
-0.116957
-0.116257
-0.116441
-0.116873
-0.11738
0.0920431
0.0915459
0.0891627
0.0829886
0.071493
0.054628
0.0331014
0.00916411
-0.0148654
-0.0365265
-0.0522303
-0.0625689
-0.0623021
-0.0623158
-0.0693009
-0.0763779
-0.0808887
-0.083223
-0.0842365
-0.0847845
0.0704432
0.070169
0.0688207
0.0650954
0.0578779
0.0468622
0.0323756
0.0159402
-0.000219449
-0.0126295
-0.0150076
-0.00444594
0.00918759
-0.00637789
-0.0252649
-0.0397293
-0.0484596
-0.0527158
-0.0544389
-0.054948
0.0522901
0.052174
0.0514369
0.0493136
0.0449916
0.0381389
0.0289348
0.0184804
0.00903178
0.00447555
0.0114699
0.0298972
0.0449354
0.0268858
0.00529721
-0.0109093
-0.0205323
-0.0254077
-0.0276071
-0.0281068
0.0369035
0.036891
0.0365639
0.0354834
0.0331427
0.0292028
0.0237766
0.0177701
0.0131836
0.013698
0.0247164
0.042872
0.0536105
0.038461
0.0211388
0.0079826
0.000400627
-0.00391138
-0.00606981
-0.00654159
0.0238152
0.0238505
0.023735
0.0233441
0.0222012
0.0201875
0.017271
0.0142248
0.0126286
0.0155213
0.0272154
0.0426249
0.0484558
0.0363029
0.0241111
0.0168261
0.012079
0.00918324
0.00749874
0.0070596
0.0124174
0.012483
0.0125058
0.0123858
0.0119956
0.0111754
0.00997056
0.00871381
0.00841304
0.0111961
0.0201894
0.0324778
0.0368706
0.0263311
0.0184794
0.0146648
0.013736
0.0125286
0.0116346
0.0111639
0.00210206
0.00215082
0.00213273
0.00222066
0.00238008
0.00236806
0.00212988
0.00185779
0.00176053
0.00222341
0.00373252
0.00753037
0.0132579
0.00831281
0.00698894
0.00623521
0.00503027
0.00335934
0.0030653
0.00308422
-0.100819
0.0652023
0.258812
0.42772
0.562322
0.667877
0.754914
0.829075
0.863015
0.839773
0.199267
0.319239
0.448219
0.559518
0.65313
0.730425
0.792984
0.837441
0.859695
0.871868
0.41633
0.49855
0.586681
0.664389
0.731151
0.786989
0.831414
0.863908
0.887458
0.905506
0.575965
0.634861
0.695896
0.752593
0.801834
0.843672
0.878066
0.90554
0.92823
0.946571
0.700588
0.743386
0.789067
0.832579
0.871038
0.904647
0.933439
0.957431
0.977753
0.995613
0.804402
0.837096
0.875021
0.910384
0.942864
0.971997
0.997472
1.0189
1.03672
1.05407
0.896638
0.925227
0.959074
0.991105
1.02096
1.04807
1.07176
1.09144
1.10692
1.12401
0.98504
1.01418
1.04812
1.08009
1.10965
1.13619
1.15902
1.17749
1.19084
1.20787
1.08024
1.11341
1.15001
1.18355
1.21357
1.23973
1.26166
1.27892
1.29078
1.30818
1.19517
1.23298
1.27159
1.30582
1.33514
1.35988
1.38023
1.39611
1.40757
1.42564
1.34007
1.3786
1.41473
1.4454
1.47107
1.49315
1.5122
1.52772
1.54015
1.55814
1.51513
1.54674
1.57291
1.59535
1.61532
1.63404
1.65175
1.66822
1.68357
1.70163
1.70373
1.72093
1.73596
1.75218
1.76808
1.78261
1.79581
1.80974
1.82728
1.84743
1.88544
1.89497
1.90651
1.91732
1.9266
1.93618
1.94696
1.95833
1.96969
1.98504
2.09267
2.09633
2.08138
2.06657
2.0603
2.06597
2.08445
2.11476
2.14693
2.17359
2.39899
2.26412
2.18748
2.1451
2.12767
2.13164
2.15903
2.21545
2.31807
2.54243
0.712023
0.709895
0.705412
0.69679
0.684569
0.672445
0.662223
0.654338
0.648736
0.645502
0.645173
0.647936
0.653058
0.660294
0.669691
0.681237
0.693891
0.704929
0.711042
0.714097
0.63647
0.642317
0.648652
0.653147
0.65562
0.6553
0.65257
0.648771
0.645277
0.643039
0.642919
0.645142
0.648824
0.653127
0.656943
0.658833
0.657901
0.654423
0.649261
0.642641
0.628034
0.63033
0.633735
0.636734
0.638813
0.640315
0.641078
0.640773
0.639765
0.638906
0.63911
0.640564
0.6424
0.643721
0.643911
0.643028
0.641484
0.639152
0.635891
0.632972
0.622507
0.623593
0.625428
0.627809
0.629837
0.631271
0.6323
0.633066
0.633487
0.633736
0.634259
0.635096
0.635717
0.6358
0.635399
0.634559
0.633096
0.631016
0.628934
0.627552
0.617283
0.617945
0.619055
0.620763
0.622549
0.624188
0.625494
0.626525
0.62743
0.628251
0.629017
0.629603
0.629822
0.629675
0.629122
0.628077
0.626657
0.625119
0.623805
0.623026
0.61228
0.61274
0.613527
0.614829
0.616322
0.617847
0.619323
0.620638
0.621799
0.62289
0.623848
0.624456
0.624631
0.62438
0.623699
0.622722
0.621607
0.620481
0.619571
0.619055
0.607418
0.607762
0.608374
0.609446
0.610746
0.612129
0.613581
0.615046
0.616447
0.617768
0.618928
0.619666
0.619879
0.619631
0.619053
0.618292
0.617453
0.616595
0.615928
0.615551
0.602641
0.602909
0.603403
0.604316
0.605492
0.606799
0.608208
0.609718
0.611291
0.612857
0.614263
0.615188
0.615532
0.615446
0.615078
0.614538
0.613905
0.613277
0.612792
0.612504
0.597868
0.598081
0.598492
0.599295
0.600391
0.601651
0.603053
0.604613
0.606321
0.608129
0.609829
0.611023
0.611613
0.611773
0.611639
0.611323
0.610899
0.610465
0.610121
0.609896
0.59301
0.59318
0.593533
0.594263
0.595315
0.596554
0.597986
0.599632
0.601502
0.603571
0.605622
0.60718
0.608101
0.608552
0.608676
0.608593
0.608385
0.608126
0.607898
0.607719
0.587977
0.588114
0.588426
0.589111
0.590147
0.591413
0.592913
0.594689
0.596773
0.59916
0.60164
0.603652
0.604968
0.60576
0.606176
0.606343
0.606349
0.60626
0.606132
0.605988
0.582678
0.582789
0.583073
0.583739
0.584794
0.58613
0.587744
0.589703
0.59207
0.594859
0.597867
0.600425
0.602208
0.603394
0.604141
0.604582
0.60481
0.604894
0.604852
0.604735
0.577018
0.577105
0.577373
0.578045
0.579155
0.580604
0.582386
0.584597
0.587325
0.590622
0.594278
0.59749
0.599827
0.601469
0.602591
0.603351
0.603829
0.604075
0.60411
0.604015
0.570885
0.570952
0.571213
0.571913
0.573116
0.574726
0.576739
0.579281
0.58247
0.586399
0.590845
0.594845
0.597841
0.60002
0.601572
0.60269
0.603444
0.603866
0.603975
0.603896
0.564149
0.564196
0.564459
0.56521
0.566546
0.568372
0.57069
0.573657
0.577428
0.582138
0.587544
0.592491
0.596268
0.599083
0.601142
0.602659
0.603733
0.604346
0.604528
0.604462
0.556655
0.556684
0.556951
0.557775
0.559289
0.561397
0.564105
0.56761
0.572109
0.57778
0.584353
0.590434
0.595139
0.598701
0.601362
0.60336
0.604795
0.605612
0.605865
0.60581
0.548199
0.548213
0.548487
0.549409
0.551159
0.553612
0.556824
0.561009
0.566415
0.573266
0.581251
0.588687
0.594492
0.598933
0.602305
0.604876
0.606721
0.607765
0.608091
0.608042
0.538479
0.538464
0.538794
0.53986
0.541894
0.544806
0.548656
0.553697
0.560233
0.568537
0.578227
0.587274
0.594376
0.599853
0.604056
0.607299
0.60962
0.61091
0.611308
0.611263
0.527196
0.527157
0.527533
0.528793
0.531199
0.5347
0.539362
0.545487
0.55344
0.563529
0.575275
0.586228
0.594844
0.601534
0.606712
0.610727
0.613594
0.615147
0.615615
0.615568
0.513864
0.513798
0.514253
0.515767
0.518659
0.522929
0.528643
0.536159
0.545898
0.558189
0.5724
0.585588
0.595958
0.604042
0.610358
0.615258
0.618734
0.620558
0.621086
0.621033
0.497827
0.497731
0.498313
0.50018
0.503725
0.509023
0.516132
0.525463
0.537476
0.552482
0.569629
0.585412
0.597783
0.607451
0.615054
0.620959
0.625094
0.627185
0.627756
0.62769
0.47814
0.478018
0.478803
0.481187
0.48565
0.492376
0.50139
0.513141
0.528079
0.54643
0.567043
0.585783
0.600398
0.611829
0.620843
0.627869
0.632681
0.635005
0.635593
0.635506
0.453374
0.453236
0.454357
0.457544
0.463398
0.472214
0.48393
0.498971
0.517685
0.540126
0.564766
0.586809
0.603873
0.617218
0.627762
0.635964
0.641419
0.643907
0.644474
0.644358
0.421205
0.42109
0.422826
0.427403
0.435567
0.447643
0.463323
0.482881
0.506426
0.533777
0.562994
0.58863
0.608285
0.623645
0.635784
0.645163
0.65113
0.653664
0.654161
0.654011
0.377457
0.377506
0.380595
0.388068
0.400518
0.417907
0.439457
0.465101
0.49466
0.527736
0.561995
0.591409
0.613716
0.631107
0.644822
0.655271
0.661506
0.663915
0.664293
0.664109
0.31431
0.315527
0.323075
0.337015
0.357297
0.383141
0.412958
0.446354
0.483032
0.522484
0.562062
0.595294
0.620204
0.639537
0.654669
0.66587
0.672074
0.674119
0.674327
0.674122
0.239476
0.241261
0.255708
0.279643
0.31089
0.346718
0.385545
0.427191
0.471478
0.51793
0.563622
0.601514
0.62971
0.651438
0.668187
0.680072
0.686014
0.687753
0.687919
0.687804
0.162293
0.168525
0.189855
0.224073
0.265752
0.311271
0.359068
0.409013
0.460983
0.514531
0.566494
0.609168
0.640695
0.664872
0.683417
0.695548
0.700781
0.702025
0.702129
0.702087
0.0991421
0.107697
0.133603
0.174859
0.224716
0.278495
0.334377
0.392087
0.451398
0.51179
0.569756
0.616923
0.651534
0.677807
0.697402
0.709635
0.714628
0.71576
0.715882
0.715899
0.0477824
0.0569354
0.0863987
0.132906
0.188932
0.249374
0.312102
0.376678
0.44269
0.509482
0.573147
0.624594
0.662092
0.690357
0.71117
0.723739
0.728508
0.729656
0.729865
0.72993
0.00482231
0.0142555
0.046171
0.0966837
0.157778
0.223749
0.292282
0.362858
0.434904
0.507626
0.576681
0.632223
0.672521
0.702733
0.724714
0.737733
0.74272
0.744091
0.744327
0.744418
-0.0321079
-0.022569
0.0111817
0.0649012
0.130187
0.200877
0.274476
0.350384
0.427918
0.506136
0.580282
0.63976
0.682781
0.714922
0.73821
0.751914
0.757272
0.758754
0.758992
0.759082
-0.0646896
-0.0551227
-0.0199671
0.0364599
0.105261
0.180026
0.258116
0.338828
0.421391
0.504744
0.583745
0.647022
0.692692
0.726718
0.7512
0.765742
0.77151
0.77311
0.773333
0.773399
-0.0942153
-0.0846183
-0.0483109
0.0104527
0.0822696
0.160605
0.242689
0.327764
0.414986
0.503199
0.586865
0.653821
0.702058
0.737875
0.763574
0.778783
0.785029
0.786749
0.786977
0.787028
-0.121576
-0.111942
-0.0746377
-0.0138379
0.0606547
0.142154
0.227818
0.316875
0.408433
0.501256
0.589436
0.659986
0.710709
0.748245
0.775024
0.790908
0.79757
0.799367
0.799581
0.799601
-0.147346
-0.137657
-0.0994216
-0.0369049
0.0400024
0.124329
0.213222
0.305916
0.401507
0.498722
0.591317
0.665431
0.718594
0.757766
0.785558
0.801901
0.808845
0.810724
0.810929
0.810917
-0.172023
-0.162197
-0.123094
-0.0590444
0.0200298
0.106881
0.198692
0.294709
0.394064
0.495476
0.59241
0.670107
0.725707
0.766446
0.795111
0.811823
0.818891
0.820779
0.82097
0.820916
-0.195879
-0.185845
-0.146012
-0.0804562
0.000543095
0.089647
0.184092
0.283152
0.386001
0.491417
0.592636
0.673983
0.732085
0.774368
0.803784
0.820719
0.827768
0.829633
0.829801
0.829734
-0.219027
-0.208796
-0.168231
-0.101286
-0.0185807
0.0725466
0.169354
0.271176
0.377255
0.486469
0.591929
0.677048
0.737788
0.781671
0.811728
0.828718
0.835664
0.837442
0.837567
0.837473
-0.241652
-0.231136
-0.189831
-0.121627
-0.0373981
0.0555298
0.154447
0.25876
0.367803
0.480598
0.59023
0.679275
0.742882
0.788494
0.819145
0.836027
0.842716
0.844344
0.844415
0.8443
-0.263708
-0.252933
-0.210924
-0.141533
-0.0559273
0.0385954
0.139389
0.245926
0.357655
0.473779
0.587482
0.680616
0.747415
0.795001
0.826238
0.842802
0.849048
0.85044
0.85043
0.850289
-0.285269
-0.274203
-0.231447
-0.160995
-0.074159
0.0217658
0.124212
0.232721
0.346849
0.466021
0.583637
0.681005
0.751384
0.801325
0.833266
0.849296
0.854774
0.855778
0.855679
0.855541
-0.306178
-0.294891
-0.251397
-0.179978
-0.0920549
0.00510421
0.108971
0.219205
0.335448
0.45737
0.578665
0.680354
0.754724
0.807551
0.84055
0.855929
0.860229
0.860519
0.86025
0.860124
-0.326575
-0.314957
-0.270771
-0.19847
-0.10959
-0.011357
0.0937525
0.205452
0.323532
0.447894
0.57256
0.678553
0.757297
0.813644
0.84836
0.863339
0.866083
0.86499
0.864248
0.864152
-0.346303
-0.334382
-0.289544
-0.216435
-0.126691
-0.0275374
0.0786324
0.191577
0.311202
0.43765
0.565354
0.675486
0.758904
0.819401
0.856725
0.872235
0.873673
0.87042
0.868119
0.867357
-0.365425
-0.353213
-0.307666
-0.233825
-0.143326
-0.0433715
0.063691
0.177656
0.298567
0.426767
0.557103
0.671037
0.759292
0.824442
0.865187
0.882794
0.884615
0.879711
0.873335
0.865271
-0.383861
-0.371408
-0.325231
-0.250795
-0.159701
-0.0591254
0.0486038
0.163305
0.285197
0.414769
0.547306
0.664689
0.758019
0.828493
0.873192
0.894492
0.899384
0.894249
0.883385
0.87864
-0.401565
-0.388892
-0.342225
-0.26732
-0.175827
-0.0747937
0.0333806
0.148501
0.27104
0.401528
0.535751
0.65603
0.754266
0.830763
0.878806
0.903228
0.910344
0.908358
0.870278
0.818585
-0.418254
-0.404885
-0.358498
-0.283331
-0.191805
-0.0905377
0.0179631
0.133354
0.256145
0.38709
0.52234
0.644778
0.746862
0.830589
0.879716
0.9004
0.906697
0.886141
0.829253
0.767396
-0.434244
-0.420023
-0.37397
-0.298146
-0.20712
-0.105897
0.00212912
0.117917
0.240658
0.371621
0.507088
0.630654
0.734504
0.828334
0.873307
0.908126
0.869236
0.817782
0.745398
0.678282
-0.420215
-0.402078
-0.351608
-0.271419
-0.174019
-0.0698686
0.0435909
0.162286
0.288421
0.423715
0.554363
0.666979
0.763557
0.861538
0.89215
0.807652
0.752316
0.683087
0.608365
0.559575
-0.444391
-0.427977
-0.39198
-0.321215
-0.230605
-0.130588
-0.0222296
0.0930028
0.215149
0.34516
0.479322
0.602028
0.704758
0.790864
0.864665
0.847973
0.719535
0.630962
0.564679
0.481198
-0.463913
-0.448317
-0.406698
-0.334579
-0.243471
-0.143863
-0.036594
0.077738
0.198973
0.32768
0.460373
0.581328
0.681081
0.755678
0.780953
0.696452
0.551486
0.452012
0.374473
0.286088
-0.483953
-0.471465
-0.425346
-0.352166
-0.260975
-0.160898
-0.0536596
0.0603913
0.180766
0.308037
0.438021
0.554531
0.64484
0.705387
0.68036
0.543554
0.387829
0.267663
0.167781
0.0318337
-0.507123
-0.494248
-0.446049
-0.371675
-0.280343
-0.18015
-0.0730497
0.0404395
0.159735
0.285147
0.411753
0.522663
0.603448
0.642601
0.581115
0.394706
0.211221
0.0569516
-0.0843972
-0.280917
-0.529304
-0.516773
-0.467433
-0.391778
-0.300041
-0.199913
-0.0932269
0.0194125
0.137353
0.260485
0.383192
0.487666
0.560917
0.563896
0.452699
0.253077
0.0391898
-0.161177
-0.336219
-0.725491
-0.551599
-0.539414
-0.489581
-0.413007
-0.320933
-0.220802
-0.114545
-0.00278983
0.113653
0.234212
0.352573
0.449656
0.511037
0.48134
0.328206
0.126744
-0.0908691
-0.302181
-0.48072
-0.753533
-0.574844
-0.562802
-0.512751
-0.435623
-0.343334
-0.243191
-0.137331
-0.0264509
0.0884112
0.206177
0.319845
0.409073
0.455155
0.40826
0.216883
0.0226266
-0.175031
-0.341961
-0.41419
-0.453019
-0.599531
-0.587612
-0.537331
-0.459917
-0.367614
-0.267647
-0.162346
-0.0525837
0.0603505
0.174802
0.283055
0.363893
0.393004
0.310659
0.117761
-0.0643033
-0.228982
-0.335479
-0.373353
-0.382415
-0.62587
-0.613962
-0.563492
-0.485906
-0.393718
-0.294122
-0.189611
-0.0812429
0.0293751
0.139981
0.242059
0.314321
0.316405
0.20463
0.0271003
-0.141029
-0.280552
-0.335973
-0.348029
-0.352933
-0.654051
-0.642049
-0.59132
-0.513614
-0.421651
-0.322622
-0.219132
-0.112473
-0.00455278
0.101738
0.196944
0.259783
0.237066
0.105634
-0.0571526
-0.215051
-0.314192
-0.342866
-0.339059
-0.339128
-0.683785
-0.671971
-0.620786
-0.543007
-0.451381
-0.353106
-0.2509
-0.146262
-0.041418
0.0600878
0.147989
0.199051
0.16742
0.0147867
-0.133471
-0.271761
-0.312339
-0.324767
-0.329743
-0.330008
-0.71492
-0.703107
-0.651676
-0.573922
-0.482778
-0.385473
-0.284822
-0.182534
-0.0811578
0.0152034
0.0953872
0.135384
0.0978639
-0.0625367
-0.200406
-0.29616
-0.34104
-0.327995
-0.325115
-0.324801
-0.74694
-0.735104
-0.683674
-0.606034
-0.515556
-0.419476
-0.32067
-0.221078
-0.123559
-0.0325705
0.0396031
0.0709413
0.0133144
-0.12944
-0.253489
-0.30525
-0.320053
-0.320882
-0.320963
-0.320709
-0.779112
-0.767316
-0.715954
-0.638792
-0.54926
-0.4547
-0.358089
-0.261536
-0.168243
-0.0828387
-0.0180691
-0.00138338
-0.0669339
-0.186094
-0.28495
-0.309135
-0.314875
-0.318115
-0.317909
-0.317774
-0.810189
-0.798839
-0.74765
-0.671469
-0.583199
-0.490536
-0.396508
-0.303354
-0.214577
-0.135079
-0.0758597
-0.072958
-0.136609
-0.233446
-0.303117
-0.354983
-0.328916
-0.318455
-0.31608
-0.315587
-0.838718
-0.827864
-0.777689
-0.702727
-0.616428
-0.526142
-0.435163
-0.345787
-0.261714
-0.18828
-0.13358
-0.135718
-0.201791
-0.266652
-0.313862
-0.309285
-0.316066
-0.317326
-0.317093
-0.316883
-0.863002
-0.852833
-0.804151
-0.731391
-0.647703
-0.560415
-0.473049
-0.387897
-0.308651
-0.241034
-0.19193
-0.192249
-0.257853
-0.301911
-0.307982
-0.327972
-0.330396
-0.329348
-0.328995
-0.328648
-0.880681
-0.871427
-0.825072
-0.755538
-0.675523
-0.592118
-0.508978
-0.42854
-0.354301
-0.292101
-0.249146
-0.245736
-0.305888
-0.347641
-0.35092
-0.359483
-0.359432
-0.359245
-0.356933
-0.354687
-0.889695
-0.881249
-0.83836
-0.773246
-0.698111
-0.619729
-0.541679
-0.466407
-0.397459
-0.340263
-0.30153
-0.293921
-0.34935
-0.407155
-0.423145
-0.392186
-0.378419
-0.370022
-0.365351
-0.363492
-0.885693
-0.878799
-0.842353
-0.782647
-0.713776
-0.641713
-0.569739
-0.500284
-0.436756
-0.384189
-0.34765
-0.330358
-0.361076
-0.422012
-0.480862
-0.405709
-0.361323
-0.345076
-0.34074
-0.33929
-0.867386
-0.862657
-0.834108
-0.782397
-0.721245
-0.656808
-0.591926
-0.528874
-0.470895
-0.42274
-0.387294
-0.353829
-0.295523
-0.24667
-0.279549
-0.275737
-0.289253
-0.298648
-0.301816
-0.302301
-0.835284
-0.831875
-0.812523
-0.771543
-0.720042
-0.664458
-0.607468
-0.551129
-0.498792
-0.454636
-0.423457
-0.359635
-0.210448
0.00909588
0.07961
-0.0944825
-0.224645
-0.286369
-0.307714
-0.314491
-0.794068
-0.7919
-0.780912
-0.752231
-0.71127
-0.665185
-0.616364
-0.56676
-0.519413
-0.479392
-0.448982
-0.401415
-0.32356
-0.249374
-0.268126
-0.373701
-0.432358
-0.455976
-0.466176
-0.472142
-0.752361
-0.751083
-0.745649
-0.728935
-0.698599
-0.660848
-0.619546
-0.57597
-0.532938
-0.495299
-0.469545
-0.48797
-0.660147
-0.97395
-1.09863
-0.983266
-0.846535
-0.785036
-0.753026
-0.742295
-0.719218
-0.718547
-0.715838
-0.706266
-0.685119
-0.654698
-0.618899
-0.579421
-0.53852
-0.500073
-0.480812
-0.477214
-0.640176
-0.834858
-1.06184
-1.11638
-1.09189
-1.02929
-0.919098
-0.856068
-0.696101
-0.695383
-0.693987
-0.690142
-0.675379
-0.649864
-0.616721
-0.578709
-0.535981
-0.492129
-0.452409
-0.415437
-0.434229
-0.457972
-0.519118
-0.552921
-0.567696
-0.565689
-0.493384
-0.408398
-0.680194
-0.679943
-0.679361
-0.677476
-0.669259
-0.647377
-0.615117
-0.575404
-0.530175
-0.479055
-0.425878
-0.404281
-0.340287
-0.173976
0.0223653
0.20144
0.32347
0.377095
0.416564
0.442225
-0.670525
-0.67047
-0.670091
-0.66931
-0.665282
-0.646913
-0.614496
-0.571966
-0.522016
-0.462967
-0.398387
-0.334969
-0.220987
0.0635023
0.401417
0.735854
0.950422
1.03157
1.05333
1.04871
-0.664418
-0.66439
-0.663995
-0.663341
-0.661667
-0.648642
-0.616163
-0.569602
-0.512935
-0.446564
-0.364637
-0.277642
-0.12937
0.155804
0.471912
0.755928
0.955606
1.06326
1.11872
1.14407
-0.662331
-0.662206
-0.661658
-0.660538
-0.659227
-0.653279
-0.620995
-0.570163
-0.507976
-0.432371
-0.340904
-0.241551
-0.102036
0.176706
0.46372
0.720024
0.909986
1.03604
1.12223
1.16862
-0.663335
-0.663622
-0.664583
-0.666494
-0.669166
-0.663716
-0.629214
-0.574121
-0.506723
-0.423203
-0.327607
-0.226138
-0.104907
0.148964
0.442077
0.714782
0.940999
1.09982
1.19452
1.23535
-0.661856
-0.663015
-0.6651
-0.670162
-0.676465
-0.670116
-0.635342
-0.581661
-0.511634
-0.423736
-0.325359
-0.220454
-0.119585
0.102484
0.3859
0.639212
0.859162
1.01811
1.10357
1.13503
-0.673988
-0.674759
-0.671701
-0.656552
-0.634666
-0.627615
-0.627439
-0.594494
-0.523318
-0.429939
-0.327846
-0.229965
-0.147875
0.0362193
0.27706
0.495068
0.6785
0.806067
0.871386
0.893784
-0.721053
-0.719469
-0.709492
-0.680238
-0.641765
-0.632917
-0.65408
-0.6237
-0.541557
-0.439009
-0.334709
-0.241475
-0.161184
-0.0348696
0.159198
0.330676
0.47156
0.56697
0.613557
0.629155
-0.818342
-0.814823
-0.829976
-0.859043
-0.874804
-0.85659
-0.811484
-0.693906
-0.5684
-0.447894
-0.340485
-0.253771
-0.181993
-0.0962679
0.0519998
0.181736
0.288596
0.358058
0.390389
0.398903
-0.957142
-0.962216
-1.00101
-1.0532
-1.07606
-1.04939
-0.94964
-0.758953
-0.587763
-0.450539
-0.342374
-0.263193
-0.20068
-0.144983
-0.0369531
0.0617563
0.138215
0.186382
0.208347
0.214606
-0.983347
-0.993449
-1.02667
-1.06363
-1.08169
-1.05429
-0.939416
-0.742117
-0.568149
-0.432263
-0.331788
-0.262465
-0.21306
-0.174933
-0.102749
-0.0354554
0.016365
0.0483624
0.0618598
0.0646438
-0.810004
-0.821742
-0.852382
-0.890564
-0.91362
-0.888157
-0.774735
-0.624688
-0.491513
-0.385464
-0.305934
-0.25154
-0.214814
-0.185616
-0.143121
-0.106567
-0.0801049
-0.06723
-0.062386
-0.0619537
-0.478935
-0.48843
-0.5114
-0.544594
-0.573435
-0.573319
-0.522592
-0.450434
-0.379078
-0.318265
-0.267798
-0.230172
-0.202638
-0.182791
-0.166948
-0.155648
-0.152338
-0.153339
-0.155926
-0.156148
-0.150849
-0.155968
-0.169189
-0.194101
-0.227741
-0.254836
-0.270842
-0.272981
-0.263863
-0.24592
-0.225869
-0.207087
-0.18915
-0.178568
-0.178759
-0.184257
-0.194259
-0.204287
-0.208496
-0.208502
0.0550127
0.0523043
0.0442876
0.024302
-0.0107524
-0.0592079
-0.106344
-0.143584
-0.168628
-0.181834
-0.187035
-0.188465
-0.186558
-0.184854
-0.188175
-0.195376
-0.205873
-0.214892
-0.217625
-0.217465
0.13644
0.134796
0.129306
0.11324
0.0817872
0.0356543
-0.0154899
-0.06407
-0.103216
-0.132576
-0.155233
-0.177313
-0.198028
-0.200614
-0.193674
-0.193695
-0.195695
-0.197977
-0.197948
-0.197761
0.146486
0.145499
0.141642
0.129806
0.105881
0.0696826
0.0266825
-0.0182191
-0.0590828
-0.0945661
-0.127141
-0.164081
-0.20284
-0.202506
-0.185904
-0.172853
-0.169156
-0.167555
-0.166772
-0.166903
0.12857
0.128043
0.125465
0.117428
0.100812
0.0750005
0.0424068
0.00598755
-0.0298729
-0.0637172
-0.0966996
-0.133402
-0.168141
-0.162473
-0.147803
-0.138767
-0.134706
-0.13336
-0.133191
-0.133659
0.104084
0.103858
0.102251
0.0971047
0.0861608
0.0685893
0.0452609
0.0179119
-0.0104336
-0.0378458
-0.0618926
-0.0852376
-0.100964
-0.0957765
-0.0938903
-0.0952544
-0.0973744
-0.0991151
-0.100037
-0.100685
0.0807523
0.0807008
0.0797962
0.0766989
0.0698234
0.0583447
0.0424867
0.0233163
0.00297334
-0.0159535
-0.0294222
-0.0334803
-0.028646
-0.0275684
-0.0395096
-0.0517746
-0.0610749
-0.066168
-0.0683521
-0.069264
0.0609198
0.0609675
0.060434
0.0586544
0.0545049
0.0473094
0.0370165
0.0243526
0.0110622
-4.55552e-05
-0.00329711
0.00649504
0.0245099
0.0229166
0.0020713
-0.0163387
-0.0292858
-0.0365966
-0.0399056
-0.0409885
0.0441953
0.0442915
0.0440464
0.0431081
0.0408036
0.0365585
0.0302881
0.0225586
0.0147517
0.00970868
0.0133994
0.0289205
0.0478133
0.0452134
0.023746
0.00624782
-0.00513455
-0.0116334
-0.015091
-0.0162777
0.030044
0.030153
0.0300868
0.0296679
0.0285232
0.0262687
0.0227698
0.0184829
0.0144819
0.0132972
0.0201884
0.0364339
0.0511255
0.0470225
0.0309682
0.0181509
0.010377
0.0054693
0.00254587
0.00148492
0.0178955
0.0180088
0.0180339
0.0179041
0.0174177
0.0164082
0.0145868
0.0125905
0.0109815
0.0116643
0.0186697
0.0325324
0.0438754
0.0395941
0.0269263
0.0188587
0.0147987
0.0131138
0.0113247
0.0104766
0.00214383
0.00213707
0.00215406
0.00232685
0.00240505
0.00227286
0.00197344
0.00179419
0.00191396
0.00280279
0.00543578
0.0108372
0.0121194
0.00730245
0.00638372
0.00574635
0.0040973
0.00320476
0.00310652
0.00941079
-1.13227
-0.456653
-0.00778706
0.250215
0.435336
0.576735
0.685942
0.774023
0.869027
0.960531
-0.0871528
0.106512
0.283274
0.432064
0.556211
0.657091
0.739025
0.806143
0.847863
0.851565
0.243149
0.357798
0.470121
0.569972
0.655677
0.727821
0.786888
0.831812
0.86076
0.878254
0.451958
0.529938
0.607253
0.677959
0.739524
0.792087
0.835373
0.869373
0.895287
0.914285
0.605216
0.658061
0.716641
0.76929
0.815436
0.855602
0.889732
0.918091
0.941349
0.958289
0.726534
0.767117
0.812527
0.852359
0.889334
0.922358
0.951303
0.976069
0.996805
1.01101
0.828655
0.862908
0.89969
0.93371
0.965736
0.995165
1.02135
1.04384
1.06243
1.07414
0.921439
0.952338
0.986125
1.01857
1.04916
1.07738
1.1024
1.12359
1.14049
1.15
1.01213
1.04458
1.07977
1.11367
1.14487
1.17307
1.19756
1.21781
1.23323
1.24143
1.11389
1.15133
1.18954
1.22572
1.2577
1.28551
1.3089
1.32786
1.34197
1.35044
1.24069
1.28301
1.32215
1.35797
1.38832
1.41396
1.43547
1.45307
1.46655
1.47671
1.40213
1.44356
1.47723
1.50676
1.53126
1.55275
1.57231
1.58972
1.60445
1.61713
1.59249
1.62328
1.64449
1.6636
1.68164
1.69886
1.71505
1.73086
1.74737
1.76429
1.79031
1.8017
1.81273
1.82682
1.84109
1.85392
1.86527
1.87612
1.88901
1.90589
1.97609
1.98599
1.99463
1.99707
1.99794
2.00219
2.01298
2.02891
2.04653
2.05112
2.27712
2.22171
2.17088
2.13064
2.10824
2.10418
2.11768
2.15148
2.20792
2.28347
0.854239
0.795545
0.753067
0.719209
0.694554
0.677004
0.6645
0.655579
0.649479
0.646013
0.645644
0.648523
0.653977
0.661925
0.672855
0.687914
0.708928
0.738026
0.776792
0.824618
0.655786
0.664545
0.67008
0.670903
0.667422
0.66138
0.654951
0.649487
0.645661
0.644026
0.645218
0.648829
0.654122
0.660608
0.667381
0.672657
0.674286
0.671053
0.663718
0.65605
0.632812
0.634843
0.639448
0.642961
0.645474
0.646904
0.646619
0.644887
0.642706
0.64115
0.641184
0.643029
0.645765
0.6484
0.649891
0.649561
0.647712
0.644917
0.64087
0.636489
0.62589
0.626757
0.629241
0.631956
0.633968
0.635331
0.636319
0.636775
0.636641
0.636402
0.636773
0.637878
0.638989
0.639483
0.63919
0.638353
0.636951
0.634719
0.632085
0.63012
0.620222
0.620684
0.622081
0.624104
0.626045
0.627623
0.62877
0.629673
0.630403
0.630996
0.631651
0.632317
0.63266
0.632582
0.632124
0.631172
0.629675
0.627857
0.626216
0.625201
0.615018
0.615305
0.616224
0.617695
0.619323
0.620929
0.622357
0.623536
0.62457
0.625543
0.626407
0.626981
0.627161
0.626957
0.626315
0.625267
0.623989
0.622683
0.621602
0.620979
0.610026
0.610227
0.610916
0.612091
0.613476
0.614923
0.616399
0.617811
0.619098
0.6203
0.621355
0.62202
0.622206
0.621935
0.621283
0.62041
0.619443
0.618458
0.61768
0.617242
0.605172
0.605324
0.605872
0.606857
0.608088
0.60943
0.610859
0.612351
0.613846
0.615289
0.616566
0.617388
0.617652
0.617469
0.616992
0.616342
0.615607
0.614867
0.614297
0.613969
0.600375
0.600495
0.600944
0.601796
0.602928
0.604211
0.605614
0.607145
0.608785
0.610471
0.612018
0.613065
0.613519
0.613548
0.613298
0.612868
0.612337
0.611806
0.611396
0.611142
0.595546
0.595643
0.596022
0.596784
0.597854
0.599102
0.600516
0.602115
0.603897
0.60583
0.607697
0.609061
0.609807
0.610106
0.6101
0.609898
0.609579
0.609232
0.608949
0.608749
0.590592
0.590671
0.591001
0.591705
0.592744
0.593994
0.595458
0.597163
0.599131
0.601349
0.603603
0.605378
0.606487
0.607101
0.60737
0.607407
0.607303
0.607128
0.606952
0.606792
0.585421
0.585487
0.585782
0.586454
0.587495
0.588794
0.590349
0.592208
0.594424
0.596999
0.599729
0.602002
0.60354
0.604521
0.605103
0.605399
0.605516
0.605507
0.605423
0.605294
0.57994
0.579996
0.580269
0.580934
0.582011
0.583403
0.585097
0.587173
0.589708
0.592736
0.596051
0.598921
0.600969
0.602372
0.603307
0.603895
0.604245
0.604405
0.604404
0.604298
0.574046
0.574092
0.574355
0.575036
0.576186
0.577715
0.579609
0.581975
0.584917
0.588512
0.592543
0.596131
0.598782
0.60068
0.602017
0.602948
0.603554
0.603882
0.603955
0.603868
0.567618
0.567656
0.567916
0.568635
0.569897
0.571615
0.573777
0.576517
0.579979
0.584277
0.58918
0.593631
0.596999
0.599482
0.601288
0.602594
0.60349
0.604005
0.604151
0.60408
0.560514
0.560543
0.560808
0.561588
0.563004
0.564972
0.56748
0.570697
0.574811
0.579975
0.585936
0.591425
0.595645
0.598816
0.601177
0.602918
0.604152
0.604864
0.605083
0.605024
0.552555
0.552574
0.552853
0.553715
0.555332
0.557617
0.560569
0.564392
0.569318
0.575547
0.582791
0.589521
0.594751
0.598733
0.601751
0.604014
0.60563
0.606559
0.606851
0.6068
0.5435
0.543525
0.543835
0.544794
0.546665
0.549351
0.552871
0.557457
0.563394
0.570933
0.579729
0.587937
0.594364
0.5993
0.603088
0.605969
0.608026
0.609193
0.609559
0.609513
0.533048
0.533063
0.533413
0.53452
0.536721
0.539937
0.544175
0.549722
0.556924
0.566072
0.576743
0.586704
0.594534
0.600593
0.605285
0.608875
0.611447
0.612872
0.613309
0.613265
0.520815
0.520825
0.521218
0.522518
0.525153
0.52905
0.534212
0.540983
0.549773
0.560905
0.573827
0.585855
0.595318
0.602679
0.608429
0.612838
0.615991
0.617686
0.61819
0.618142
0.506242
0.506247
0.506702
0.508271
0.511481
0.51628
0.522649
0.531005
0.541807
0.555382
0.570997
0.585439
0.596782
0.605628
0.612604
0.617942
0.621733
0.623701
0.624259
0.624202
0.488559
0.48856
0.48911
0.49106
0.495066
0.501093
0.509083
0.519527
0.532907
0.549497
0.568307
0.585525
0.598992
0.609518
0.617839
0.624239
0.628707
0.630931
0.631522
0.631447
0.466592
0.466589
0.467304
0.469852
0.475027
0.482801
0.493046
0.506304
0.523007
0.543301
0.565855
0.586207
0.602029
0.6144
0.624205
0.631741
0.636884
0.639313
0.639903
0.639804
0.438583
0.438579
0.439584
0.44312
0.450153
0.460555
0.474054
0.491169
0.512153
0.536942
0.563803
0.587613
0.605963
0.620305
0.631677
0.640406
0.646143
0.648683
0.649229
0.649097
0.401463
0.401476
0.403112
0.408571
0.418903
0.433467
0.451798
0.47418
0.500578
0.530691
0.562379
0.58989
0.610877
0.627257
0.640239
0.65009
0.656253
0.658762
0.659211
0.659042
0.349366
0.349611
0.353345
0.363237
0.379703
0.401122
0.42648
0.455796
0.48879
0.524987
0.561882
0.593209
0.616843
0.635224
0.64974
0.660542
0.666857
0.669161
0.669471
0.669266
0.27464
0.276983
0.287924
0.307335
0.334052
0.365034
0.399353
0.436862
0.477292
0.520144
0.562619
0.598011
0.624472
0.645004
0.66112
0.672685
0.678954
0.680973
0.681161
0.680956
0.195118
0.201514
0.220946
0.250551
0.288045
0.32887
0.372204
0.418012
0.466149
0.51616
0.565012
0.605334
0.63524
0.658322
0.676309
0.688485
0.694252
0.695765
0.695863
0.695738
0.12693
0.133696
0.159762
0.198032
0.244693
0.294556
0.346525
0.400441
0.456138
0.513146
0.568141
0.61309
0.6462
0.671527
0.690802
0.703005
0.708225
0.709509
0.709634
0.709561
0.0712009
0.0782288
0.108325
0.152775
0.20627
0.263546
0.322983
0.384234
0.446977
0.510625
0.571473
0.620802
0.656876
0.684197
0.704569
0.717041
0.722086
0.723257
0.7234
0.723355
0.0249259
0.0322635
0.0648501
0.114007
0.172925
0.236237
0.301963
0.369627
0.438725
0.508534
0.574929
0.628443
0.667353
0.696635
0.718191
0.731054
0.736233
0.737436
0.737555
0.737534
-0.0143133
-0.00681222
0.0275132
0.0802083
0.143669
0.212079
0.28321
0.356519
0.431367
0.506884
0.578516
0.636042
0.67771
0.708912
0.731648
0.745197
0.750715
0.751881
0.752035
0.752027
-0.0485356
-0.0409357
-0.00536254
0.0502744
0.117501
0.190292
0.266192
0.344559
0.424652
0.505473
0.58207
0.643462
0.687818
0.720929
0.744959
0.759164
0.76504
0.76631
0.76649
0.766488
-0.0792369
-0.0715414
-0.0349537
0.0231945
0.0936159
0.170216
0.25035
0.333289
0.418221
0.504032
0.585385
0.650514
0.697478
0.732422
0.757615
0.772568
0.778797
0.780242
0.780439
0.780439
-0.107381
-0.0996045
-0.062147
-0.00183737
0.0713643
0.151321
0.235235
0.322342
0.411769
0.502314
0.58825
0.657011
0.706498
0.743189
0.769508
0.785164
0.791719
0.793358
0.793565
0.793551
-0.13374
-0.12586
-0.0875703
-0.0254764
0.0502668
0.133215
0.220527
0.311441
0.40505
0.500091
0.590489
0.662822
0.714767
0.753138
0.780459
0.796709
0.803546
0.805325
0.805532
0.8055
-0.158786
-0.150773
-0.111664
-0.0480519
0.0299782
0.1156
0.205982
0.300374
0.397876
0.497212
0.591984
0.667883
0.722261
0.762228
0.790493
0.80713
0.814157
0.816015
0.816213
0.816163
-0.182892
-0.174711
-0.134844
-0.0698103
0.0102624
0.0982688
0.191427
0.288999
0.390132
0.49357
0.592651
0.672162
0.729
0.770513
0.799578
0.81648
0.823576
0.825455
0.825616
0.825543
-0.206228
-0.197854
-0.157407
-0.0909175
-0.0090363
0.0811072
0.176761
0.277236
0.381732
0.489071
0.592416
0.675633
0.735032
0.778106
0.807863
0.824871
0.831931
0.833763
0.833903
0.833809
-0.228954
-0.220408
-0.179253
-0.111499
-0.0280033
0.0640467
0.161936
0.265038
0.372634
0.483662
0.591221
0.67828
0.740421
0.785149
0.815512
0.832489
0.839369
0.841092
0.84119
0.841082
-0.251132
-0.24242
-0.200545
-0.131625
-0.0466789
0.0470686
0.14695
0.25241
0.362824
0.477313
0.588999
0.680069
0.74523
0.791793
0.822739
0.8395
0.846019
0.847564
0.847596
0.847467
-0.272805
-0.26391
-0.221335
-0.151317
-0.0650683
0.0301824
0.131821
0.239378
0.352337
0.470026
0.585707
0.680943
0.749484
0.798194
0.82976
0.846091
0.85201
0.853244
0.853196
0.853057
-0.293933
-0.284854
-0.241551
-0.170546
-0.0831399
0.0134212
0.116606
0.226002
0.341226
0.461814
0.581301
0.680826
0.753152
0.804462
0.836874
0.852586
0.857541
0.858254
0.858085
0.857938
-0.314466
-0.305197
-0.261199
-0.18929
-0.10086
-0.0031517
0.101366
0.212358
0.329555
0.45274
0.575758
0.679612
0.756132
0.810636
0.844396
0.859512
0.863073
0.862785
0.862345
0.86224
-0.334412
-0.32494
-0.280266
-0.207525
-0.11819
-0.0194713
0.0861823
0.198534
0.317416
0.442864
0.5691
0.677192
0.758251
0.816599
0.852505
0.867587
0.869584
0.867456
0.866217
0.866189
-0.353704
-0.344033
-0.298716
-0.225212
-0.13507
-0.0354886
0.0711338
0.184616
0.304914
0.432282
0.561354
0.673447
0.759284
0.822055
0.861014
0.877357
0.878702
0.87445
0.870992
0.869791
-0.372372
-0.362509
-0.316536
-0.242357
-0.151527
-0.0512187
0.0561999
0.170577
0.292027
0.420967
0.552453
0.668159
0.758941
0.826644
0.869346
0.888628
0.891705
0.886781
0.878834
0.863759
-0.390442
-0.380369
-0.333828
-0.259139
-0.167802
-0.0669598
0.0410079
0.155966
0.278219
0.408304
0.541758
0.660671
0.756548
0.829922
0.876471
0.89949
0.906055
0.899221
0.890398
0.84624
-0.408179
-0.397231
-0.350498
-0.275432
-0.183809
-0.0826197
0.0257211
0.140991
0.2637
0.394473
0.529293
0.650756
0.751154
0.831022
0.88006
0.903371
0.909408
0.90491
0.853396
0.793746
-0.426578
-0.41203
-0.366305
-0.291085
-0.199759
-0.098431
0.0100734
0.125648
0.24845
0.379449
0.514912
0.63807
0.741393
0.829667
0.877181
0.88713
0.893538
0.858906
0.793015
0.728719
-0.444746
-0.447026
-0.387141
-0.303742
-0.212412
-0.111479
-0.00531418
0.1106
0.233209
0.364014
0.499241
0.622837
0.726816
0.827404
0.838905
0.853776
0.830196
0.765672
0.690334
0.619878
-0.420665
-0.419379
-0.360671
-0.277511
-0.181087
-0.0769756
0.0340722
0.152611
0.278447
0.413313
0.54343
0.655672
0.750177
0.84681
0.854692
0.753159
0.667351
0.598726
0.525049
0.382942
-0.461022
-0.434921
-0.373396
-0.289356
-0.193386
-0.089324
0.0211564
0.13913
0.264127
0.397665
0.525614
0.635095
0.720457
0.783415
0.75092
0.617914
0.496525
0.413302
0.328756
0.167501
-0.485086
-0.45424
-0.391804
-0.308352
-0.212252
-0.10835
0.00234833
0.119579
0.243314
0.374716
0.499473
0.603644
0.680196
0.708134
0.627594
0.462831
0.322725
0.218704
0.103313
-0.12892
-0.508562
-0.475406
-0.411776
-0.327644
-0.231475
-0.127673
-0.0173195
0.0990053
0.221235
0.350048
0.470571
0.567591
0.632618
0.625278
0.489204
0.301584
0.130159
-0.0119914
-0.171764
-0.551677
-0.531092
-0.497094
-0.43242
-0.347379
-0.251122
-0.14752
-0.0378134
0.0774737
0.19798
0.3238
0.439212
0.528112
0.574792
0.537917
0.354498
0.147307
-0.0654791
-0.243635
-0.489725
-1.03299
-0.553438
-0.519382
-0.454014
-0.368366
-0.271946
-0.168572
-0.0595071
0.0546379
0.173189
0.295625
0.405357
0.486059
0.512842
0.42642
0.231118
0.0173044
-0.198797
-0.398302
-0.564351
-1.14946
-0.576743
-0.542608
-0.476843
-0.390848
-0.294297
-0.191124
-0.0826733
0.0302867
0.146725
0.265465
0.369227
0.440216
0.442419
0.313265
0.124849
-0.0787243
-0.265123
-0.393004
-0.42609
-0.472878
-0.601431
-0.567223
-0.501222
-0.415106
-0.318611
-0.215807
-0.108153
0.00333047
0.117235
0.231596
0.32893
0.386921
0.367074
0.209143
0.028741
-0.149955
-0.294118
-0.355337
-0.378011
-0.383749
-0.627851
-0.593414
-0.527245
-0.441126
-0.34486
-0.242618
-0.136033
-0.026355
0.0845932
0.193945
0.284116
0.327036
0.292164
0.112143
-0.0589193
-0.215712
-0.324668
-0.351164
-0.352306
-0.352695
-0.6561
-0.62133
-0.554963
-0.468899
-0.373011
-0.271564
-0.166313
-0.0587748
0.048765
0.152569
0.234512
0.265061
0.198718
0.0232906
-0.139035
-0.277246
-0.323655
-0.337941
-0.33919
-0.338783
-0.686073
-0.650912
-0.584338
-0.498418
-0.403057
-0.302618
-0.198981
-0.093936
0.00977795
0.107536
0.180664
0.197418
0.100828
-0.0588735
-0.207021
-0.315666
-0.328979
-0.328907
-0.330054
-0.329736
-0.71731
-0.681939
-0.615192
-0.529513
-0.434865
-0.335679
-0.233959
-0.131778
-0.0322581
0.0590516
0.123498
0.122763
0.0160094
-0.131494
-0.261212
-0.299469
-0.321295
-0.324578
-0.324914
-0.324678
-0.749465
-0.713783
-0.647177
-0.561887
-0.46818
-0.370521
-0.271035
-0.172084
-0.0771126
0.00765079
0.0626375
0.0506272
-0.0624645
-0.19142
-0.296909
-0.337006
-0.324914
-0.321351
-0.320812
-0.320589
-0.781602
-0.74591
-0.679744
-0.59505
-0.502559
-0.406748
-0.309847
-0.214483
-0.124427
-0.0459606
-0.00193542
-0.0157475
-0.132348
-0.236752
-0.315661
-0.312936
-0.317006
-0.317904
-0.317853
-0.31768
-0.81271
-0.777514
-0.711733
-0.628279
-0.53736
-0.443787
-0.349847
-0.258383
-0.173568
-0.101218
-0.0642206
-0.082934
-0.190104
-0.275439
-0.300581
-0.321488
-0.319065
-0.31685
-0.315764
-0.315391
-0.841197
-0.806972
-0.74232
-0.660508
-0.571686
-0.480827
-0.390292
-0.303023
-0.223553
-0.157452
-0.121248
-0.155675
-0.237814
-0.295556
-0.308581
-0.31418
-0.317281
-0.31721
-0.31701
-0.31658
-0.865379
-0.832603
-0.769817
-0.690451
-0.604398
-0.516831
-0.430203
-0.347455
-0.27322
-0.213505
-0.178278
-0.219733
-0.283082
-0.314477
-0.3442
-0.336151
-0.329639
-0.329139
-0.328865
-0.328232
-0.882932
-0.852296
-0.792216
-0.716426
-0.634111
-0.550565
-0.468414
-0.390562
-0.32146
-0.2678
-0.23684
-0.274383
-0.327302
-0.364743
-0.361756
-0.359368
-0.359855
-0.358254
-0.355518
-0.354428
-0.891513
-0.863559
-0.807622
-0.736553
-0.659193
-0.5807
-0.503689
-0.431072
-0.367136
-0.318645
-0.288899
-0.320837
-0.375803
-0.431255
-0.403987
-0.383086
-0.373953
-0.36735
-0.364041
-0.363608
-0.888216
-0.864507
-0.814208
-0.749045
-0.678038
-0.605747
-0.53468
-0.467706
-0.408908
-0.364545
-0.329683
-0.34782
-0.38027
-0.488106
-0.425211
-0.377186
-0.350763
-0.34219
-0.339839
-0.338838
-0.869565
-0.85191
-0.81018
-0.752598
-0.689378
-0.62444
-0.560149
-0.499176
-0.445377
-0.404198
-0.367555
-0.33174
-0.263834
-0.270861
-0.273638
-0.281599
-0.294878
-0.300721
-0.302334
-0.301749
-0.83717
-0.824975
-0.794051
-0.746645
-0.692606
-0.636151
-0.579191
-0.524366
-0.475456
-0.437088
-0.396777
-0.296159
-0.114276
0.115601
0.00816166
-0.169535
-0.262871
-0.300135
-0.312271
-0.315204
-0.79569
-0.788108
-0.768755
-0.732715
-0.688652
-0.641117
-0.591606
-0.542681
-0.498325
-0.463259
-0.428185
-0.366094
-0.284059
-0.208849
-0.327091
-0.406207
-0.447902
-0.461662
-0.469801
-0.47362
-0.753591
-0.749321
-0.73898
-0.71512
-0.680398
-0.640763
-0.597959
-0.554268
-0.512908
-0.481958
-0.460708
-0.548052
-0.804614
-1.1006
-1.06117
-0.905045
-0.811119
-0.764992
-0.745938
-0.741087
-0.719958
-0.717713
-0.712321
-0.69707
-0.670896
-0.637146
-0.599622
-0.559006
-0.518756
-0.485573
-0.473861
-0.548904
-0.728562
-0.958195
-1.11132
-1.10495
-1.06988
-0.97498
-0.876446
-0.856223
-0.695791
-0.694788
-0.692822
-0.68429
-0.663715
-0.634061
-0.598384
-0.557894
-0.514259
-0.468639
-0.441173
-0.417325
-0.447974
-0.489896
-0.540241
-0.560134
-0.573093
-0.538131
-0.433946
-0.404179
-0.680125
-0.679667
-0.67893
-0.674784
-0.659897
-0.632412
-0.596002
-0.553716
-0.504789
-0.45259
-0.409829
-0.375927
-0.271699
-0.0737236
0.115415
0.272545
0.354733
0.397347
0.431923
0.450653
-0.670525
-0.670319
-0.669714
-0.668176
-0.658156
-0.632125
-0.594329
-0.547718
-0.494248
-0.430886
-0.362976
-0.294946
-0.0969274
0.233246
0.571692
0.866067
1.00088
1.04832
1.05225
1.04752
-0.664447
-0.66424
-0.663617
-0.663065
-0.657362
-0.63451
-0.594248
-0.543001
-0.481552
-0.405704
-0.32027
-0.22728
-0.0030836
0.316534
0.620295
0.869349
1.01839
1.09571
1.1345
1.14886
-0.662304
-0.661996
-0.661175
-0.6602
-0.658841
-0.640171
-0.597265
-0.540728
-0.471373
-0.389497
-0.290617
-0.193881
0.0282555
0.322072
0.597424
0.825674
0.979151
1.08353
1.15097
1.17764
-0.663438
-0.663976
-0.665465
-0.667401
-0.668613
-0.65009
-0.603604
-0.541787
-0.467251
-0.376213
-0.27445
-0.181657
0.00881026
0.294789
0.583136
0.834658
1.02953
1.15461
1.22104
1.24234
-0.662449
-0.663834
-0.667196
-0.673164
-0.676482
-0.655915
-0.610331
-0.548865
-0.470157
-0.373981
-0.273197
-0.176403
-0.0280346
0.245222
0.517006
0.753316
0.948499
1.06928
1.12473
1.13952
-0.674597
-0.67424
-0.665644
-0.64494
-0.628239
-0.629524
-0.616347
-0.562587
-0.478624
-0.3778
-0.279338
-0.186938
-0.0732033
0.155285
0.390014
0.591477
0.750854
0.845652
0.886693
0.896303
-0.720382
-0.716255
-0.697608
-0.659608
-0.633444
-0.644012
-0.647916
-0.586577
-0.491636
-0.385265
-0.287069
-0.197417
-0.107522
0.0582996
0.249399
0.404765
0.526322
0.595373
0.624346
0.629523
-0.815372
-0.820215
-0.842387
-0.871826
-0.868205
-0.84102
-0.757427
-0.63084
-0.507236
-0.391354
-0.29431
-0.214981
-0.145719
-0.0240388
0.120085
0.237941
0.3291
0.377975
0.397241
0.399064
-0.954539
-0.978512
-1.02865
-1.06945
-1.06815
-1.0143
-0.853355
-0.669881
-0.514657
-0.391534
-0.298799
-0.230529
-0.178733
-0.0925439
0.0151409
0.102676
0.166279
0.199994
0.212401
0.213268
-0.985809
-1.00726
-1.04587
-1.07632
-1.0748
-1.01202
-0.8416
-0.651015
-0.495871
-0.376431
-0.293168
-0.23938
-0.199752
-0.138803
-0.0679464
-0.00745261
0.0354229
0.0570545
0.0644753
0.0633138
-0.813063
-0.835095
-0.871503
-0.905637
-0.908797
-0.844241
-0.698794
-0.555897
-0.435166
-0.341598
-0.275776
-0.232401
-0.202693
-0.164678
-0.123501
-0.0922918
-0.0720403
-0.0642287
-0.0617553
-0.0627277
-0.482501
-0.498154
-0.527442
-0.560992
-0.57816
-0.553159
-0.487737
-0.413798
-0.347552
-0.291031
-0.247411
-0.215801
-0.192364
-0.174124
-0.160537
-0.152989
-0.152396
-0.154942
-0.156133
-0.15655
-0.153108
-0.161213
-0.180194
-0.210332
-0.243224
-0.263811
-0.27363
-0.26961
-0.255799
-0.235522
-0.216338
-0.198376
-0.182288
-0.17804
-0.180804
-0.188866
-0.199948
-0.207191
-0.208715
-0.208604
0.0536739
0.0494382
0.0360318
0.00868004
-0.0336762
-0.0838105
-0.126127
-0.157633
-0.176449
-0.185002
-0.188185
-0.188347
-0.185261
-0.186201
-0.190717
-0.20063
-0.21116
-0.216875
-0.217644
-0.217527
0.135575
0.132972
0.122909
0.099563
0.0601784
0.0102309
-0.0404701
-0.0848106
-0.118881
-0.144377
-0.166066
-0.189288
-0.202435
-0.196704
-0.193427
-0.194065
-0.197264
-0.198091
-0.197782
-0.197946
0.146015
0.14424
0.136985
0.11948
0.0890947
0.0487913
0.00408589
-0.0391416
-0.0773818
-0.110944
-0.144602
-0.184853
-0.209247
-0.193644
-0.177899
-0.170632
-0.168173
-0.167043
-0.166739
-0.167155
0.128366
0.127203
0.122326
0.110299
0.0889569
0.0594593
0.0243584
-0.0119995
-0.047011
-0.0803292
-0.114139
-0.153405
-0.171344
-0.155662
-0.141932
-0.136333
-0.133804
-0.13316
-0.133383
-0.133911
0.104044
0.10334
0.100258
0.0924495
0.0781721
0.0576182
0.0318911
0.00380369
-0.0242718
-0.0508675
-0.0737253
-0.0953636
-0.101384
-0.0952664
-0.0942206
-0.0963126
-0.0983766
-0.099663
-0.100378
-0.100899
0.0807611
0.0804368
0.0786191
0.0738063
0.0646596
0.0509591
0.0331857
0.013185
-0.00681837
-0.0237525
-0.0328641
-0.0318699
-0.0219913
-0.0334975
-0.0461045
-0.0569905
-0.0640893
-0.067527
-0.0689097
-0.0694533
0.060997
0.0607866
0.0597655
0.0569354
0.0512993
0.0425495
0.0308933
0.0176435
0.00505506
-0.00311073
-1.2357e-05
0.0157777
0.03149
0.0138403
-0.00786058
-0.0237239
-0.0335774
-0.0385831
-0.0406455
-0.041133
0.0442729
0.0442256
0.0437043
0.0421638
0.0389432
0.033681
0.0265406
0.0185114
0.0117059
0.0101283
0.0198336
0.0390997
0.0523315
0.0350797
0.0144403
-0.000192575
-0.00886701
-0.0137268
-0.015925
-0.0164261
0.0301204
0.0301434
0.0299391
0.0292146
0.0275501
0.0246815
0.0206714
0.0163133
0.0134045
0.015491
0.0275566
0.0445896
0.0518551
0.0386971
0.0239337
0.01378
0.00769104
0.00371411
0.00181583
0.00135853
0.0179682
0.0180276
0.0180027
0.0177111
0.0169938
0.0156944
0.0136035
0.0116608
0.0109323
0.0141979
0.0250445
0.0390167
0.0435589
0.0327004
0.0225692
0.016367
0.0138214
0.0120895
0.0108061
0.0103541
0.0072041
0.00729907
0.00731807
0.00732664
0.00721289
0.00692916
0.00636104
0.00565714
0.00523725
0.00602
0.0100712
0.0189119
0.0266272
0.0238657
0.0149201
0.011207
0.00979359
0.0102158
0.00992071
0.00925408
-0.749166
-0.186411
0.133098
0.347026
0.51001
0.633858
0.732618
0.817341
0.925569
0.924047
0.0548803
0.201363
0.360893
0.49738
0.609446
0.700024
0.774545
0.831479
0.854819
0.859121
0.316674
0.415341
0.521936
0.614566
0.6934
0.758995
0.8113
0.848133
0.871188
0.888371
0.5023
0.570262
0.64385
0.70987
0.766948
0.814903
0.853508
0.883157
0.906571
0.92533
0.641624
0.69241
0.743809
0.793146
0.83627
0.873408
0.904613
0.930258
0.951812
0.970197
0.754522
0.791549
0.832673
0.871327
0.906353
0.937337
0.964229
0.986858
1.0059
1.0237
0.851599
0.881687
0.916954
0.950006
0.980822
1.00869
1.0331
1.05358
1.07021
1.08759
0.940829
0.96923
1.00257
1.03412
1.06362
1.09033
1.11352
1.13257
1.14697
1.1641
1.03106
1.06199
1.09704
1.12961
1.15939
1.18581
1.20825
1.22615
1.23869
1.25595
1.13455
1.17026
1.20814
1.24222
1.27215
1.29777
1.31895
1.33551
1.34706
1.3649
1.26361
1.30263
1.34075
1.37378
1.40168
1.4252
1.44478
1.46025
1.47205
1.49029
1.42468
1.46069
1.49274
1.51949
1.54228
1.56276
1.58135
1.59736
1.61105
1.62892
1.60934
1.63438
1.65423
1.67273
1.69037
1.7071
1.72296
1.73894
1.75606
1.77519
1.796
1.80684
1.81955
1.8341
1.8477
1.85977
1.87067
1.88201
1.89741
1.91684
1.97788
1.99132
1.99637
1.99739
1.99935
2.00671
2.02041
2.038
2.05174
2.06308
2.24675
2.19616
2.14869
2.11711
2.10405
2.1086
2.13184
2.1769
2.24359
2.33771
0.710863
0.707855
0.701797
0.690873
0.678384
0.667078
0.658025
0.651277
0.646825
0.644949
0.6462
0.650206
0.656384
0.66468
0.675188
0.687512
0.699869
0.708583
0.713096
0.715263
0.639161
0.645809
0.651058
0.654677
0.655793
0.654162
0.650715
0.646933
0.643963
0.642673
0.643778
0.646839
0.650945
0.655183
0.658222
0.658759
0.656446
0.652071
0.645779
0.639955
0.62904
0.632002
0.635367
0.637859
0.639623
0.640812
0.641046
0.64031
0.639264
0.638835
0.639724
0.641489
0.643179
0.643982
0.643579
0.642337
0.640445
0.637581
0.634249
0.631962
0.622974
0.624399
0.626613
0.628889
0.630616
0.631817
0.632716
0.633315
0.633605
0.633944
0.634672
0.635464
0.635834
0.635653
0.635048
0.633921
0.632122
0.629906
0.628161
0.627076
0.617587
0.618406
0.619873
0.621651
0.623398
0.624881
0.62603
0.626987
0.627846
0.628648
0.629353
0.629762
0.629796
0.62946
0.628665
0.627403
0.625899
0.624391
0.623378
0.622711
0.612503
0.613057
0.614143
0.615562
0.617081
0.618595
0.620001
0.621229
0.622349
0.623406
0.624211
0.624597
0.624564
0.624092
0.623239
0.622179
0.621034
0.619972
0.619288
0.618819
0.607588
0.608003
0.608872
0.610087
0.611425
0.612846
0.614314
0.615754
0.617114
0.618392
0.619368
0.619837
0.61981
0.619376
0.61869
0.617878
0.617009
0.616222
0.615722
0.615365
0.602774
0.603101
0.603818
0.604885
0.606131
0.607488
0.608949
0.610498
0.612076
0.61361
0.614807
0.615426
0.615535
0.615291
0.614827
0.614227
0.613579
0.613008
0.612637
0.612352
0.597973
0.598238
0.598849
0.599817
0.601003
0.602331
0.60381
0.605447
0.607214
0.60903
0.610514
0.611384
0.611739
0.611736
0.6115
0.611121
0.610675
0.610278
0.610003
0.609767
0.593093
0.593314
0.593851
0.594758
0.595911
0.597243
0.598779
0.600537
0.602513
0.604643
0.606494
0.60771
0.608377
0.608648
0.608655
0.608507
0.608253
0.608008
0.607809
0.607607
0.588042
0.58823
0.588718
0.589595
0.59075
0.592129
0.593762
0.595689
0.597929
0.600439
0.602744
0.604387
0.605421
0.606007
0.606285
0.606367
0.60631
0.606201
0.606064
0.605887
0.582729
0.582893
0.583351
0.584229
0.585427
0.586897
0.588674
0.590831
0.593409
0.596396
0.599253
0.601402
0.602866
0.603814
0.604395
0.604714
0.604869
0.604889
0.604803
0.604642
0.577055
0.577201
0.577649
0.578556
0.57984
0.581446
0.583429
0.58589
0.588898
0.592476
0.596003
0.598757
0.600725
0.602085
0.603009
0.603619
0.60398
0.604118
0.604075
0.603926
0.57091
0.571042
0.571496
0.572463
0.573874
0.575672
0.577934
0.580785
0.584335
0.588642
0.592979
0.596456
0.599021
0.600861
0.602175
0.603105
0.603698
0.603957
0.603952
0.603808
0.564161
0.564284
0.564759
0.565816
0.567403
0.569458
0.572081
0.575429
0.579656
0.584855
0.590172
0.594511
0.597783
0.600192
0.601955
0.603248
0.604101
0.604485
0.604516
0.604374
0.556654
0.556771
0.557276
0.558458
0.560277
0.562662
0.565744
0.56972
0.574786
0.581074
0.587573
0.592942
0.597047
0.600127
0.60243
0.604149
0.605285
0.605799
0.605862
0.605718
0.548182
0.548298
0.548846
0.550196
0.552301
0.555109
0.558777
0.56354
0.569644
0.577262
0.585181
0.591775
0.596863
0.600732
0.603683
0.605889
0.607349
0.608002
0.608095
0.607945
0.538444
0.53857
0.539211
0.540761
0.543243
0.546597
0.551006
0.556755
0.564145
0.573385
0.583004
0.591044
0.597294
0.602087
0.605796
0.608576
0.610401
0.611199
0.611318
0.611159
0.527143
0.52727
0.528028
0.529853
0.532815
0.536868
0.542216
0.549208
0.558196
0.569409
0.581058
0.590796
0.598401
0.604281
0.608859
0.612312
0.614541
0.615487
0.615629
0.615456
0.513788
0.513932
0.514852
0.517038
0.520624
0.525584
0.532145
0.54072
0.551702
0.565315
0.579367
0.591086
0.600249
0.607383
0.612976
0.617192
0.619854
0.620945
0.6211
0.62091
0.497722
0.497905
0.499056
0.501737
0.506157
0.512326
0.520484
0.531101
0.544582
0.561104
0.577979
0.591973
0.602907
0.611467
0.618203
0.623277
0.626389
0.627609
0.627765
0.627556
0.478
0.478261
0.479763
0.483147
0.488732
0.496569
0.506884
0.520179
0.536808
0.556835
0.576977
0.593538
0.606449
0.616595
0.62459
0.63059
0.634137
0.635451
0.635592
0.635362
0.45319
0.453598
0.455656
0.460118
0.467439
0.47768
0.490996
0.50784
0.528424
0.552626
0.576485
0.595871
0.610932
0.622799
0.632143
0.639085
0.643
0.644349
0.644455
0.644206
0.42097
0.421678
0.424714
0.431016
0.441132
0.455003
0.472586
0.494133
0.519613
0.548687
0.576672
0.59908
0.616402
0.630068
0.640828
0.648623
0.652772
0.654071
0.65412
0.653855
0.377178
0.378608
0.383731
0.393664
0.408652
0.428143
0.451743
0.47937
0.510743
0.545335
0.57775
0.603285
0.622907
0.638366
0.650498
0.658957
0.663105
0.664251
0.664226
0.663955
0.314049
0.31855
0.329254
0.346364
0.369638
0.397545
0.429174
0.46425
0.502384
0.542953
0.579934
0.608579
0.630427
0.64757
0.660831
0.669624
0.673488
0.674341
0.674239
0.673981
0.238997
0.247135
0.266659
0.294417
0.328341
0.365704
0.405941
0.448941
0.494374
0.541649
0.584052
0.616575
0.641237
0.660369
0.674856
0.683758
0.687252
0.687921
0.687869
0.687736
0.163699
0.177178
0.205869
0.24409
0.288105
0.33481
0.38367
0.434659
0.48748
0.541579
0.589546
0.626034
0.653529
0.674836
0.690427
0.698917
0.70169
0.702127
0.702108
0.702063
0.101146
0.11848
0.152865
0.198936
0.251179
0.306092
0.362889
0.421442
0.481364
0.542036
0.595285
0.635464
0.665537
0.688437
0.704565
0.712881
0.715462
0.715857
0.715887
0.715888
0.0498463
0.0692413
0.108096
0.15999
0.218671
0.280368
0.344039
0.409396
0.475885
0.542756
0.601037
0.644715
0.677186
0.701703
0.718614
0.726915
0.729294
0.72981
0.729897
0.729935
0.00686021
0.027506
0.0697
0.126226
0.190226
0.257602
0.327192
0.398583
0.471073
0.543753
0.606826
0.653869
0.68868
0.714779
0.732472
0.740985
0.743667
0.744253
0.74437
0.744436
-0.030111
-0.00867388
0.0361794
0.0964596
0.164934
0.237213
0.312015
0.388831
0.46683
0.544947
0.612586
0.662883
0.699992
0.727693
0.746323
0.755405
0.758297
0.758923
0.759033
0.759113
-0.0627402
-0.0407532
0.00625479
0.0696947
0.141982
0.218554
0.298015
0.379757
0.462855
0.546105
0.618127
0.671584
0.710925
0.740193
0.759738
0.769468
0.772605
0.773288
0.773356
0.773441
-0.0922616
-0.0698785
-0.0210451
0.0451105
0.120715
0.201073
0.28472
0.370981
0.458853
0.547003
0.62326
0.679777
0.721272
0.752017
0.772504
0.78281
0.786207
0.786935
0.786997
0.787067
-0.119664
-0.0968662
-0.0464527
0.0220777
0.100624
0.184352
0.271786
0.362211
0.454568
0.547413
0.627797
0.687298
0.730864
0.763006
0.78435
0.795182
0.798824
0.79955
0.799587
0.799636
-0.145475
-0.122252
-0.070432
0.000152583
0.0813344
0.168085
0.258952
0.353213
0.449793
0.547167
0.631627
0.69408
0.739657
0.773115
0.795171
0.806323
0.810164
0.81091
0.81092
0.810942
-0.170142
-0.146427
-0.0934756
-0.0209461
0.0625752
0.15204
0.246028
0.343828
0.444385
0.54616
0.634673
0.700097
0.747653
0.782301
0.804941
0.816327
0.820219
0.820969
0.820941
0.82093
-0.193953
-0.169768
-0.115759
-0.0414393
0.04417
0.136075
0.23289
0.333953
0.438251
0.544285
0.636881
0.705361
0.754915
0.790683
0.813779
0.825217
0.829093
0.829803
0.829767
0.829729
-0.217097
-0.192403
-0.137338
-0.0614623
0.0260161
0.120103
0.219473
0.323526
0.431325
0.541478
0.638202
0.709884
0.761548
0.798413
0.821794
0.833171
0.836938
0.837589
0.837516
0.837457
-0.239658
-0.214449
-0.158341
-0.0810824
0.00806309
0.104099
0.20576
0.312523
0.423569
0.537684
0.638584
0.713683
0.76766
0.805661
0.829205
0.840352
0.843897
0.844454
0.844352
0.844273
-0.261639
-0.235966
-0.17886
-0.10033
-0.00970006
0.0880581
0.19176
0.300963
0.414981
0.532863
0.637964
0.71675
0.773359
0.812629
0.836198
0.846881
0.850087
0.850496
0.850352
0.850257
-0.283096
-0.256925
-0.198882
-0.119195
-0.0272539
0.0720154
0.177517
0.288885
0.405599
0.526996
0.636283
0.719045
0.7787
0.819523
0.843051
0.852962
0.855565
0.855767
0.855598
0.855502
-0.30396
-0.277296
-0.218368
-0.137656
-0.0445641
0.0560324
0.163098
0.27636
0.395473
0.52009
0.633464
0.720471
0.783674
0.826542
0.850163
0.858988
0.86058
0.860375
0.860168
0.860093
-0.324248
-0.297048
-0.237323
-0.155671
-0.061571
0.0401672
0.148583
0.263479
0.384669
0.512187
0.629447
0.720893
0.78818
0.833775
0.858011
0.865685
0.865661
0.8645
0.864157
0.86421
-0.343875
-0.316186
-0.255704
-0.173206
-0.0782273
0.0244942
0.134043
0.250314
0.373292
0.503354
0.62419
0.720136
0.792004
0.841075
0.866922
0.874129
0.872162
0.869037
0.867575
0.867525
-0.362909
-0.334685
-0.273467
-0.190216
-0.094463
0.00909448
0.119596
0.236996
0.361459
0.493672
0.617685
0.718006
0.79483
0.847984
0.876626
0.88513
0.882572
0.876618
0.869938
0.853546
-0.38129
-0.352535
-0.29075
-0.206901
-0.110567
-0.00635161
0.104837
0.223085
0.348682
0.482651
0.609431
0.713975
0.796373
0.85415
0.886433
0.898513
0.897789
0.890357
0.87609
0.891251
-0.399136
-0.369721
-0.307493
-0.223235
-0.126462
-0.0217881
0.0897708
0.208602
0.334946
0.470176
0.599197
0.707388
0.795849
0.858461
0.893274
0.908475
0.910671
0.900128
0.839262
0.823975
-0.417036
-0.386851
-0.323449
-0.238896
-0.141571
-0.0367699
0.0746094
0.193806
0.320531
0.456436
0.586949
0.697764
0.792175
0.860008
0.892303
0.906936
0.899472
0.862179
0.794815
0.754443
-0.435657
-0.404898
-0.338208
-0.253619
-0.155518
-0.0511569
0.0597412
0.178866
0.305511
0.441425
0.572502
0.684825
0.782872
0.857267
0.905696
0.879001
0.847812
0.781378
0.708994
0.665335
-0.0117673
0.103988
0.226455
0.357005
0.491619
0.614548
0.717546
0.545818
-0.455793
-0.437016
-0.398892
-0.327621
-0.23683
-0.137224
-0.0295303
0.0851325
0.206816
0.336194
0.469794
0.59206
0.694091
0.775022
0.827277
0.778179
0.631484
0.540406
0.469502
-0.472816
-0.459869
-0.415539
-0.342879
-0.25168
-0.151821
-0.0446292
0.0695451
0.190367
0.318389
0.449839
0.568799
0.664698
0.732837
0.728651
0.6194
0.471149
0.362408
0.271556
-0.495412
-0.482806
-0.435522
-0.361836
-0.270621
-0.170453
-0.06323
0.0506023
0.170475
0.296877
0.425237
0.539062
0.624077
0.675037
0.634213
0.468879
0.300596
0.165296
0.0459426
-0.518178
-0.505431
-0.456595
-0.381608
-0.290091
-0.189933
-0.0830223
0.0300661
0.148702
0.27302
0.397751
0.505539
0.583272
0.605946
0.51768
0.322633
0.12343
-0.0562486
-0.223698
-0.540165
-0.527912
-0.478312
-0.402204
-0.310312
-0.210183
-0.103729
0.00845974
0.125664
0.247528
0.368093
0.469011
0.537132
0.52081
0.38893
0.186812
-0.0324909
-0.239774
-0.427049
-0.562761
-0.550784
-0.500899
-0.42408
-0.331893
-0.231732
-0.125667
-0.0143288
0.101367
0.220599
0.336714
0.429977
0.483874
0.445506
0.271203
0.0729064
-0.138336
-0.336075
-0.458271
-0.497789
-0.586687
-0.574851
-0.524725
-0.447528
-0.355241
-0.255157
-0.149555
-0.0391965
0.0747463
0.190926
0.301994
0.387153
0.42508
0.362798
0.165919
-0.0235544
-0.203706
-0.339266
-0.385456
-0.409143
-0.612079
-0.600368
-0.550058
-0.472662
-0.38043
-0.280634
-0.175686
-0.0665864
0.0452363
0.157834
0.263107
0.339879
0.356771
0.256706
0.0717905
-0.10317
-0.255458
-0.338735
-0.358976
-0.364358
-0.639258
-0.627536
-0.577022
-0.499498
-0.407447
-0.308118
-0.20408
-0.0965343
0.0127867
0.121302
0.220025
0.28805
0.275589
0.154538
-0.0157975
-0.180163
-0.299874
-0.34415
-0.343865
-0.344992
-0.668126
-0.656496
-0.605654
-0.528042
-0.436289
-0.33761
-0.234733
-0.12904
-0.0226104
0.0813504
0.172962
0.230539
0.200811
0.0585558
-0.0966446
-0.249342
-0.315237
-0.333052
-0.334184
-0.3339
-0.698538
-0.68692
-0.635849
-0.558212
-0.46687
-0.369059
-0.26759
-0.164081
-0.0609298
0.0380426
0.122151
0.167516
0.134491
-0.0247907
-0.169986
-0.284836
-0.334314
-0.327358
-0.327165
-0.327179
-0.730004
-0.718315
-0.667343
-0.589755
-0.499001
-0.402285
-0.30251
-0.201523
-0.102025
-0.00833238
0.0678983
0.103967
0.0566082
-0.0973192
-0.229829
-0.308806
-0.32448
-0.322821
-0.322685
-0.322396
-0.762015
-0.750251
-0.699553
-0.622253
-0.53231
-0.436956
-0.339199
-0.241079
-0.145628
-0.0574005
0.0109801
0.0359921
-0.0283049
-0.159058
-0.275452
-0.295386
-0.312103
-0.31836
-0.31895
-0.31872
-0.793595
-0.781829
-0.731624
-0.655065
-0.566231
-0.472576
-0.377198
-0.282295
-0.19123
-0.10874
-0.046896
-0.0378018
-0.102252
-0.212269
-0.29334
-0.343037
-0.324957
-0.319036
-0.316989
-0.316531
-0.82289
-0.81198
-0.762618
-0.687153
-0.599948
-0.508417
-0.415843
-0.324522
-0.238084
-0.161623
-0.104501
-0.105579
-0.169446
-0.252671
-0.317324
-0.326634
-0.320426
-0.316885
-0.315624
-0.31522
-0.849153
-0.838541
-0.791152
-0.71728
-0.632359
-0.543504
-0.45425
-0.366924
-0.285248
-0.214777
-0.162525
-0.164409
-0.23128
-0.284274
-0.30956
-0.313883
-0.320403
-0.321245
-0.321033
-0.320912
-0.869722
-0.859774
-0.814861
-0.743999
-0.662105
-0.576667
-0.49131
-0.408456
-0.331678
-0.266832
-0.220703
-0.219353
-0.281816
-0.326205
-0.324434
-0.34616
-0.344241
-0.342443
-0.341305
-0.340288
-0.882586
-0.873699
-0.832056
-0.765202
-0.687543
-0.606509
-0.525802
-0.447879
-0.376239
-0.316597
-0.27587
-0.270662
-0.328495
-0.377552
-0.388353
-0.374037
-0.371585
-0.369714
-0.366072
-0.363947
-0.885136
-0.877895
-0.840674
-0.7791
-0.706876
-0.631494
-0.556341
-0.483908
-0.41765
-0.362778
-0.324899
-0.314188
-0.361526
-0.434531
-0.466584
-0.407947
-0.373745
-0.359337
-0.354581
-0.353234
-0.875562
-0.869753
-0.838384
-0.783821
-0.71864
-0.65015
-0.581596
-0.515297
-0.454517
-0.404151
-0.367614
-0.340745
-0.339752
-0.365415
-0.435748
-0.364363
-0.33112
-0.321741
-0.320195
-0.319414
-0.850547
-0.846448
-0.822563
-0.777946
-0.72183
-0.661533
-0.600508
-0.540806
-0.485633
-0.439608
-0.404031
-0.344715
-0.246947
-0.110437
-0.0910719
-0.174198
-0.244584
-0.280654
-0.293184
-0.296664
-0.813429
-0.810891
-0.795287
-0.761692
-0.716566
-0.665595
-0.612651
-0.559739
-0.50996
-0.467811
-0.43551
-0.373365
-0.227862
-0.0290373
0.00766356
-0.15193
-0.276526
-0.337131
-0.361763
-0.370608
-0.770926
-0.769305
-0.761576
-0.738967
-0.705061
-0.663512
-0.618503
-0.572051
-0.527014
-0.48855
-0.459812
-0.441776
-0.485143
-0.650246
-0.769272
-0.769641
-0.688416
-0.633069
-0.613669
-0.61122
-0.733131
-0.732084
-0.728544
-0.716075
-0.691255
-0.65782
-0.619494
-0.578173
-0.536664
-0.499245
-0.47867
-0.501922
-0.715735
-0.996529
-1.16917
-1.07891
-0.970403
-0.883448
-0.823119
-0.793709
-0.706473
-0.705905
-0.703598
-0.697386
-0.679591
-0.651927
-0.617747
-0.579342
-0.538054
-0.497285
-0.468885
-0.434367
-0.513326
-0.634488
-0.825765
-0.961892
-1.00918
-0.978146
-0.884203
-0.798082
-0.686882
-0.686454
-0.685599
-0.683227
-0.671984
-0.648363
-0.615611
-0.577216
-0.533457
-0.486176
-0.438401
-0.411664
-0.388577
-0.317599
-0.241476
-0.169474
-0.120757
-0.0934666
-0.0525252
0.00399785
-0.674906
-0.674774
-0.674346
-0.672816
-0.667166
-0.647015
-0.614398
-0.573792
-0.526555
-0.471182
-0.413446
-0.376021
-0.279633
-0.0403331
0.242148
0.52533
0.710594
0.78153
0.807986
0.811546
-0.667025
-0.667005
-0.666664
-0.666229
-0.663527
-0.647664
-0.615072
-0.570981
-0.517326
-0.454674
-0.380753
-0.30071
-0.169812
0.127455
0.47072
0.789909
1.00291
1.09836
1.1305
1.13543
-0.662826
-0.662752
-0.662252
-0.661325
-0.659801
-0.650793
-0.61854
-0.56977
-0.509711
-0.439043
-0.351822
-0.258209
-0.109171
0.170812
0.462521
0.724508
0.91201
1.02747
1.10416
1.14424
-0.662819
-0.662775
-0.662651
-0.662296
-0.662241
-0.657743
-0.625098
-0.571609
-0.506813
-0.426752
-0.332238
-0.231126
-0.102302
0.166515
0.459787
0.722799
0.931556
1.07369
1.16578
1.21172
-0.662886
-0.663669
-0.665665
-0.670202
-0.67601
-0.670478
-0.633091
-0.576931
-0.508183
-0.42237
-0.325923
-0.221996
-0.107163
0.128925
0.41831
0.687454
0.917208
1.08264
1.17479
1.2106
-0.664159
-0.665455
-0.666279
-0.664512
-0.662427
-0.656526
-0.632036
-0.586761
-0.516833
-0.426444
-0.325916
-0.224125
-0.138059
0.0704769
0.337032
0.572981
0.776463
0.921136
0.997048
1.02398
-0.693667
-0.693537
-0.686057
-0.656332
-0.613584
-0.601647
-0.628741
-0.605301
-0.531393
-0.434165
-0.331027
-0.235657
-0.153064
0.000531099
0.216848
0.412593
0.573592
0.684452
0.739815
0.758511
-0.760737
-0.756663
-0.753879
-0.74346
-0.735354
-0.724424
-0.723997
-0.654043
-0.554172
-0.443862
-0.337932
-0.247605
-0.171404
-0.0673174
0.10357
0.253389
0.376441
0.457878
0.496813
0.509274
-0.891163
-0.891883
-0.924179
-0.974176
-0.999498
-0.975924
-0.892654
-0.732865
-0.581092
-0.450481
-0.342341
-0.259366
-0.192044
-0.122692
0.00515082
0.117526
0.209216
0.267921
0.295008
0.301411
-0.992304
-1.00112
-1.03934
-1.08262
-1.10259
-1.07515
-0.965452
-0.764278
-0.584481
-0.445072
-0.339009
-0.264191
-0.207934
-0.162585
-0.0729771
0.011004
0.0743881
0.113815
0.131439
0.135294
-0.922895
-0.931996
-0.963558
-0.999563
-1.01824
-0.991118
-0.871888
-0.693325
-0.53662
-0.412031
-0.320638
-0.258662
-0.216551
-0.181976
-0.125898
-0.074913
-0.0350411
-0.0119874
-0.00295811
-0.00139425
-0.655477
-0.667525
-0.695941
-0.735021
-0.76174
-0.745111
-0.656205
-0.541826
-0.437455
-0.353619
-0.287841
-0.241542
-0.209734
-0.18553
-0.156621
-0.133203
-0.119627
-0.114527
-0.114008
-0.114079
-0.304133
-0.311288
-0.328875
-0.357248
-0.388386
-0.400472
-0.388643
-0.358243
-0.320209
-0.281718
-0.246841
-0.218547
-0.195366
-0.179856
-0.173715
-0.172594
-0.176916
-0.183448
-0.187649
-0.187856
-0.0302489
-0.0338191
-0.0438945
-0.0659538
-0.100691
-0.142871
-0.177491
-0.200766
-0.212571
-0.212257
-0.205795
-0.196819
-0.185846
-0.179745
-0.183585
-0.191919
-0.203682
-0.214108
-0.217915
-0.217819
0.108332
0.106097
0.0995234
0.081454
0.0474499
-0.00129615
-0.0532549
-0.0988712
-0.132626
-0.15537
-0.170379
-0.182321
-0.191497
-0.192466
-0.191992
-0.195073
-0.202555
-0.208852
-0.210166
-0.209964
0.147108
0.145824
0.141212
0.127268
0.0994009
0.0577691
0.0100653
-0.0376903
-0.0789751
-0.112525
-0.141208
-0.172102
-0.204095
-0.20548
-0.192898
-0.187289
-0.184553
-0.183905
-0.183117
-0.183019
0.139255
0.138519
0.135342
0.125504
0.105399
0.0746139
0.0368464
-0.00406714
-0.0429062
-0.0784192
-0.112256
-0.15147
-0.190784
-0.18769
-0.169671
-0.156977
-0.152215
-0.150357
-0.149874
-0.150241
0.116453
0.116098
0.114043
0.107565
0.0939952
0.0725883
0.0448339
0.0130063
-0.0192491
-0.0502147
-0.0799759
-0.110553
-0.136569
-0.130487
-0.121937
-0.117972
-0.116383
-0.11632
-0.11662
-0.117154
0.0920393
0.0919572
0.0907077
0.0866861
0.0779487
0.0636776
0.04433
0.0212632
-0.00306517
-0.0260475
-0.0447834
-0.0582293
-0.063732
-0.0608215
-0.0652766
-0.0730248
-0.0789456
-0.0822758
-0.0837892
-0.0845757
0.0703882
0.070354
0.069726
0.0673401
0.0619693
0.0528272
0.0399719
0.0242819
0.00761733
-0.00729523
-0.0155052
-0.0112508
0.00175592
0.00192239
-0.0161075
-0.032979
-0.0448
-0.0510324
-0.0537989
-0.0547864
0.0522118
0.0522963
0.0519273
0.0506032
0.0474703
0.0418773
0.0337657
0.0237623
0.0134201
0.00562389
0.00624204
0.019672
0.0391665
0.0362689
0.0151462
-0.00349014
-0.0164
-0.0233242
-0.0268102
-0.0279611
0.0368272
0.0369279
0.0367774
0.0361551
0.0345027
0.031371
0.0266295
0.0207669
0.0151151
0.0122702
0.0177872
0.0335549
0.0508545
0.0480119
0.0297349
0.0136456
0.00355505
-0.00203564
-0.00525947
-0.00640701
0.0237436
0.0238487
0.0238221
0.0236114
0.0228751
0.0213142
0.0187937
0.0157175
0.0130708
0.0130467
0.0202045
0.035448
0.0484666
0.0440378
0.0294519
0.020038
0.0142509
0.0105673
0.0081358
0.00718901
0.0123534
0.0124572
0.0125055
0.0124594
0.0122506
0.0116374
0.010592
0.00931886
0.00834498
0.00905349
0.0148981
0.0269034
0.0371634
0.0334803
0.0219345
0.0159683
0.0140856
0.0131184
0.0120991
0.0112961
0.00726865
0.00730963
0.00732972
0.00728573
0.00710511
0.00667838
0.00600254
0.00534517
0.00546228
0.0075505
0.0141324
0.0230413
0.0273096
0.0172531
0.0125042
0.0102987
0.00996084
0.0101632
0.00966629
0.0031174
-0.397583
-0.0573637
0.159335
0.346978
0.498167
0.618018
0.713149
0.793953
0.85305
0.848412
0.0958713
0.24624
0.385923
0.506106
0.60852
0.693641
0.76357
0.817979
0.851068
0.863204
0.355563
0.450887
0.543584
0.62693
0.699133
0.760436
0.810688
0.849098
0.876385
0.89515
0.533259
0.596875
0.663791
0.725279
0.778132
0.82368
0.861788
0.892587
0.917369
0.935214
0.668727
0.714577
0.766047
0.811452
0.852425
0.888442
0.919639
0.946014
0.968014
0.983435
0.779114
0.816261
0.856461
0.89302
0.927021
0.957867
0.985218
1.0087
1.0283
1.04108
0.875799
0.907889
0.942356
0.975344
1.00634
1.0349
1.06038
1.08213
1.09983
1.11024
0.966248
0.997331
1.03132
1.0644
1.09521
1.12334
1.14811
1.16884
1.18498
1.19353
1.06065
1.09532
1.13196
1.16724
1.19902
1.22715
1.25124
1.27092
1.28566
1.2936
1.17324
1.2135
1.25264
1.28936
1.32107
1.34807
1.37058
1.38877
1.40242
1.41147
1.31694
1.35957
1.39717
1.4308
1.45876
1.48249
1.50307
1.52044
1.53427
1.54539
1.49471
1.53227
1.56025
1.58455
1.60554
1.6248
1.64303
1.66016
1.67604
1.69055
1.69234
1.71335
1.72823
1.74401
1.76026
1.77555
1.78925
1.80251
1.81799
1.83635
1.88291
1.89008
1.90062
1.91215
1.92206
1.93125
1.94149
1.95258
1.96418
1.97304
2.09593
2.0977
2.08977
2.07325
2.0621
2.06152
2.07367
2.09827
2.13239
2.15692
2.51557
2.32169
2.22063
2.16275
2.13361
2.12697
2.14217
2.18299
2.25884
2.40179
-0.419995
-0.424494
-0.384878
-0.312387
-0.22085
-0.120325
0.812577
0.877707
0.86484
0.779297
0.70236
0.627194
0.399513
0.178978
-0.0894093
-0.444019
-0.790732
)
;

boundaryField
{
    wall-4
    {
        type            zeroGradient;
    }
    pressure-outlet-7
    {
        type            fixedValue;
        value           uniform 0;
    }
    velocity-inlet-6
    {
        type            zeroGradient;
    }
    velocity-inlet-5
    {
        type            zeroGradient;
    }
    frontAndBackPlanes
    {
        type            empty;
    }
}


// ************************************************************************* //
