/*--------------------------------*- C++ -*----------------------------------*\
| =========                 |                                                 |
| \\      /  F ield         | OpenFOAM: The Open Source CFD Toolbox           |
|  \\    /   O peration     | Version:  2112                                  |
|   \\  /    A nd           | Website:  www.openfoam.com                      |
|    \\/     M anipulation  |                                                 |
\*---------------------------------------------------------------------------*/
FoamFile
{
    version     2.0;
    format      ascii;
    arch        "LSB;label=32;scalar=64";
    class       volScalarField;
    location    "3";
    object      T;
}
// * * * * * * * * * * * * * * * * * * * * * * * * * * * * * * * * * * * * * //

dimensions      [0 0 0 1 0 0 0];

internalField   nonuniform List<scalar> 
7000
(
1
1
1
1
1
1
1
1.00001
1.00001
1.00003
1.00003
1.00033
1.00055
1.0023
1.00331
1.01199
1.02019
1.05382
1.142
1.37401
1.82514
2.59345
2.72512
2.70343
2.66929
2.66472
2.67555
2.68447
2.69385
2.70042
2.70565
2.71127
2.71673
2.72224
2.72749
2.73262
2.73758
2.74219
2.74596
2.75063
2.75591
2.76078
2.76506
2.77027
2.77856
2.78698
2.79035
2.78983
2.78073
2.78719
1
1
1
1
1
1
1
1.00001
1.00001
1.00003
1.00003
1.00032
1.00052
1.00219
1.00314
1.01122
1.01899
1.049
1.14048
1.35739
1.82805
2.6101
2.72861
2.70623
2.67355
2.6692
2.67937
2.68784
2.69716
2.70367
2.70907
2.71478
2.72027
2.72573
2.73142
2.73638
2.74149
2.74627
2.74987
2.75473
2.76016
2.76496
2.7688
2.77391
2.78236
2.78969
2.79171
2.79009
2.78027
2.78688
1
1
1
1
1
1
1
1.00001
1
1.00003
1.00003
1.00031
1.00052
1.00212
1.00307
1.01063
1.0183
1.0468
1.13833
1.3504
1.82765
2.62021
2.72824
2.70677
2.67508
2.67099
2.68059
2.68837
2.69761
2.70376
2.70904
2.71447
2.71978
2.72523
2.73018
2.73555
2.7403
2.74489
2.74847
2.75325
2.75884
2.76382
2.76872
2.77457
2.78241
2.78996
2.79205
2.79055
2.78031
2.78796
1
1
1
1
1
1
1
1.00001
1
1.00003
1.00003
1.00031
1.00053
1.00203
1.00303
1.01003
1.01738
1.04566
1.13394
1.34195
1.81791
2.61449
2.72683
2.70484
2.67513
2.67156
2.68116
2.689
2.69831
2.70479
2.71009
2.71562
2.72105
2.7266
2.73123
2.73651
2.74114
2.74548
2.74883
2.75318
2.75853
2.76346
2.76855
2.77509
2.78285
2.78784
2.78899
2.78649
2.77765
2.78604
1
1
1
1
1
1
1
1
1.00001
1.00001
1.00011
1.00022
1.00101
1.00151
1.00589
1.00561
1.01828
1.03499
1.14035
1.33583
1.8303
2.61538
2.72386
2.70241
2.67448
2.67143
2.68052
2.688
2.69752
2.70382
2.70941
2.71481
2.7206
2.726
2.73105
2.73661
2.74129
2.74499
2.74891
2.75378
2.75907
2.764
2.76868
2.77465
2.78161
2.78655
2.78675
2.78525
2.77428
2.78659
1
1
1
1
1
1
1
1
1.00001
1.00001
1.00011
1.00022
1.00099
1.00139
1.00582
1.0049
1.01703
1.03309
1.13574
1.3256
1.82077
2.6105
2.72146
2.70048
2.67405
2.67108
2.67961
2.68664
2.69599
2.7024
2.70811
2.71349
2.71904
2.72452
2.72956
2.73526
2.7396
2.74346
2.7477
2.75285
2.75682
2.76168
2.76686
2.77292
2.78018
2.784
2.78446
2.78021
2.77292
2.78295
1
1
1
1
1
1
1
1
1.00001
1.00001
1.00011
1.00021
1.00094
1.00133
1.00533
1.0051
1.018
1.02914
1.12846
1.31466
1.81279
2.60551
2.72054
2.70006
2.6768
2.67254
2.68013
2.68637
2.69556
2.70192
2.70754
2.71272
2.71783
2.72314
2.72811
2.73351
2.73744
2.74153
2.74669
2.75164
2.75499
2.76012
2.7658
2.77071
2.77706
2.78132
2.7809
2.77933
2.76822
2.78309
1
1
1
1
1
1
1
1
1
1.00001
1.0001
1.00019
1.00087
1.0012
1.00499
1.00451
1.01687
1.02619
1.12291
1.30093
1.80019
2.59708
2.71848
2.6962
2.68022
2.67439
2.68221
2.6874
2.69655
2.70269
2.70792
2.7128
2.71771
2.72246
2.72723
2.73173
2.73502
2.73885
2.74387
2.74858
2.75219
2.758
2.76517
2.77087
2.77484
2.77701
2.77709
2.77167
2.76529
2.77869
1
1
1
1
1
1
1
1
1
1.00001
1.00009
1.00018
1.00079
1.00105
1.00463
1.00373
1.01549
1.02251
1.11875
1.28546
1.78515
2.58641
2.71354
2.6852
2.68111
2.67435
2.68122
2.68723
2.69688
2.70358
2.70895
2.71346
2.71815
2.72247
2.72702
2.73053
2.73339
2.73672
2.74104
2.74466
2.74772
2.75221
2.75854
2.76659
2.77305
2.77424
2.77255
2.7706
2.76055
2.77606
1
1
1
1
1
1
1
1
1
1.00001
1.00008
1.00016
1.00069
1.0009
1.00405
1.00308
1.01419
1.01892
1.11033
1.27077
1.76922
2.578
2.70063
2.68701
2.6807
2.67271
2.67808
2.68381
2.69373
2.70066
2.70694
2.71194
2.71716
2.72199
2.72646
2.73046
2.73312
2.73649
2.73995
2.74287
2.74754
2.75251
2.75576
2.75998
2.76568
2.7691
2.76831
2.7614
2.75525
2.77128
1
1
1
1
1
1
1
1
1
1.00001
1.00008
1.00015
1.00064
1.00089
1.00369
1.00273
1.01256
1.01226
1.10339
1.25349
1.74893
2.55773
2.69063
2.68791
2.67879
2.67113
2.67582
2.68182
2.69124
2.69784
2.70345
2.70863
2.71346
2.71855
2.72338
2.72752
2.72961
2.73345
2.7368
2.73741
2.74055
2.74826
2.75378
2.75895
2.76251
2.76271
2.76188
2.7602
2.75151
2.76747
1
1
1
1
1
1
1
1
1
1.00001
1.00007
1.00013
1.00053
1.00077
1.00307
1.00241
1.01084
1.00798
1.09493
1.23591
1.72455
2.52648
2.6772
2.68515
2.67742
2.66943
2.67461
2.68002
2.6893
2.69607
2.70088
2.7058
2.71065
2.71502
2.71983
2.72472
2.72808
2.73072
2.73549
2.73817
2.73823
2.74182
2.74627
2.75081
2.75691
2.75945
2.7567
2.7476
2.74346
2.75993
1
1
1
1
1
1
1
1
1
1.00001
1.00005
1.00011
1.00043
1.00058
1.00252
1.00212
1.01528
1.00492
1.08995
1.21855
1.69422
2.49171
2.65988
2.68477
2.67618
2.66803
2.67159
2.67907
2.6865
2.6936
2.69812
2.70249
2.70657
2.71063
2.71428
2.71726
2.72111
2.72467
2.72665
2.73167
2.73665
2.73835
2.74197
2.74735
2.74874
2.74903
2.749
2.7475
2.73822
2.75497
1
1
1
1
1
1
1
1
1
1.00001
1.00003
1.00016
1.00027
1.0008
1.00209
1.00243
1.0148
1.00806
1.08501
1.2075
1.65137
2.44531
2.63712
2.68536
2.67638
2.66813
2.67043
2.67759
2.68545
2.69157
2.6965
2.7004
2.70516
2.70814
2.71295
2.71534
2.71694
2.72101
2.72301
2.72292
2.72853
2.73214
2.73145
2.73672
2.744
2.74376
2.73892
2.72936
2.72798
2.74257
1
1
1
1
1
1
1
1
1
1.00001
1.00003
1.00015
1.00025
1.00079
1.00184
1.0026
1.01391
1.00549
1.07734
1.17448
1.61206
2.37874
2.6077
2.686
2.67668
2.66832
2.66994
2.67626
2.68282
2.68827
2.69255
2.69519
2.69981
2.70267
2.7049
2.70964
2.71009
2.7132
2.71686
2.71804
2.72047
2.7259
2.72734
2.72685
2.72849
2.73185
2.73173
2.72859
2.71725
2.73601
1
1
1
1
1
1
1
1
1
1.00002
1.00003
1.00013
1.00019
1.00069
1.00124
1.00253
1.01135
1.00874
1.07102
1.15028
1.55883
2.29659
2.56584
2.6837
2.67584
2.66903
2.66983
2.67622
2.68235
2.68785
2.69187
2.69435
2.697
2.70078
2.70198
2.70377
2.70594
2.706
2.70831
2.708
2.70963
2.71187
2.71594
2.72052
2.72172
2.7183
2.71384
2.70425
2.70475
2.71524
1
1
1
1
1
1
1
1
1
1.00003
1.00004
1.00017
1.00026
1.00093
1.00142
1.00546
1.00435
1.01888
1.03571
1.15853
1.37828
1.96818
2.49993
2.67129
2.66137
2.65723
2.658
2.66504
2.67181
2.67889
2.68361
2.68776
2.68998
2.69292
2.696
2.69658
2.69801
2.70027
2.70133
2.70277
2.70219
2.70081
2.69972
2.70185
2.7048
2.70796
2.70386
2.69659
2.68246
2.70245
1
1
1
1
1
1
1
1
1
1.00002
1.00003
1.00013
1.0002
1.0006
1.00109
1.00433
1.00398
1.01588
1.02645
1.12208
1.30575
1.77858
2.50914
2.64976
2.63634
2.63697
2.63543
2.64779
2.65341
2.6649
2.6713
2.67721
2.68175
2.68433
2.68743
2.68837
2.68777
2.68821
2.68786
2.68818
2.69078
2.69082
2.68992
2.68798
2.68524
2.68088
2.67737
2.66457
2.65941
2.66437
1
1
1
1
1
1
1
1
1
1.00001
1.00002
1.00007
1.00013
1.00032
1.00059
1.00203
1.00275
1.01406
1.00644
1.09807
1.24542
1.72697
2.4967
2.64346
2.64151
2.63367
2.62476
2.63338
2.63834
2.64598
2.65457
2.65928
2.66642
2.67027
2.67541
2.67872
2.68064
2.68008
2.67809
2.67501
2.67175
2.67073
2.66816
2.66878
2.66702
2.66296
2.6523
2.63872
2.61446
2.62366
1
1
1
1
1
1
1
1
1
1.00001
1.00001
1.00003
1.00004
1.00025
1.00039
1.0021
1.00228
1.01576
1.00525
1.08393
1.18899
1.64947
2.41783
2.61199
2.65919
2.647
2.6357
2.63278
2.63651
2.6394
2.644
2.64683
2.64942
2.6527
2.65484
2.6591
2.66126
2.66566
2.66572
2.66415
2.66081
2.65433
2.64909
2.63856
2.63357
2.62293
2.6111
2.58333
2.54759
2.4731
1
1
1
1
1
1
1
1
1
1
1.00001
1.00002
1.00009
1.00007
1.00076
1.00117
1.00707
1.00628
1.02601
1.04675
1.1877
1.44565
2.07305
2.50343
2.64131
2.63228
2.63083
2.62679
2.63074
2.63234
2.63582
2.63813
2.63922
2.63908
2.63831
2.63743
2.63568
2.63497
2.63273
2.63201
2.62995
2.62645
2.61919
2.61084
2.59327
2.57696
2.54418
2.50241
2.41845
2.29861
1
1
1
1
1
1
1
1
1
1
1
1.00001
1.00003
1.00003
1.00024
1.00036
1.00228
1.00209
1.01548
1.02474
1.11925
1.29875
1.76533
2.48478
2.60978
2.60548
2.59677
2.59267
2.59609
2.60504
2.61127
2.61747
2.6205
2.62388
2.62422
2.62363
2.62135
2.61595
2.61124
2.60212
2.59506
2.58331
2.57295
2.55657
2.54084
2.51176
2.48067
2.42003
2.33858
2.21353
1
1
1
1
1
1
1
1
1
1
1.00001
1.00001
1.00006
1.00006
1.00042
1.00066
1.0033
1.00274
1.01852
1.00388
1.09631
1.22117
1.684
2.44362
2.60103
2.61876
2.60203
2.58691
2.58104
2.58395
2.58637
2.58909
2.59142
2.59248
2.59528
2.59477
2.59366
2.59098
2.58671
2.57969
2.56963
2.55612
2.53856
2.51611
2.48939
2.45496
2.41309
2.35741
2.27923
2.19469
1
1
1
1
1
1
1
1
1
1
1
1
1.00002
1.00003
1.0002
1.00027
1.00165
1.00179
1.01291
1.0056
1.07357
1.16214
1.55015
2.2611
2.51498
2.61196
2.59654
2.59002
2.58056
2.57903
2.5792
2.5789
2.57771
2.57578
2.57167
2.56759
2.56227
2.55674
2.55043
2.54174
2.53323
2.51856
2.50469
2.4799
2.4564
2.41767
2.37959
2.32358
2.26066
2.18749
1
1
1
1
1
1
1
1
1
1
1
1
1.00002
1.00001
1.00016
1.00019
1.00128
1.00132
1.00995
1.00175
1.05247
1.11193
1.3574
1.93457
2.3403
2.54892
2.55218
2.54894
2.54972
2.55278
2.55864
2.56311
2.56343
2.56216
2.55914
2.55267
2.54707
2.53681
2.52864
2.51374
2.50266
2.48326
2.46755
2.4422
2.41789
2.38419
2.34637
2.30107
2.24383
2.18773
1
1
1
1
1
1
1
1
1
1
1
1
1.00001
1.00004
1.00002
1.00026
1.00038
1.00229
1.00236
1.01675
1.00637
1.08964
1.20672
1.64234
2.36456
2.52782
2.55145
2.53742
2.52596
2.52256
2.52382
2.52694
2.53162
2.53151
2.53063
2.52743
2.52369
2.51543
2.50854
2.49476
2.48244
2.4639
2.44533
2.42197
2.39592
2.36585
2.33083
2.29076
2.24299
2.19256
1
1
1
1
1
1
1
1
1
1
1
1
1
1.00002
1.00002
1.00018
1.00022
1.00145
1.00151
1.01086
1.0046
1.06128
1.13341
1.46531
2.10645
2.41346
2.53903
2.53323
2.5214
2.51241
2.50957
2.50991
2.50944
2.50722
2.50481
2.49993
2.49613
2.4882
2.4815
2.4692
2.45709
2.4398
2.4217
2.39879
2.37475
2.34529
2.31474
2.27767
2.23731
2.19503
1
1
1
1
1
1
1
1
1
1
1
1
1
1.00001
1.00002
1.00011
1.00015
1.00094
1.00099
1.00747
1.00317
1.03715
1.08611
1.26152
1.67064
2.17716
2.46662
2.50467
2.50041
2.49818
2.49358
2.49175
2.49003
2.48504
2.48185
2.47547
2.47171
2.46414
2.45836
2.44823
2.43826
2.42379
2.40821
2.3877
2.36576
2.33891
2.3098
2.27648
2.23873
2.20077
1
1
1
1
1
1
1
1
1
1
1
1
1
1.00001
1.00001
1.00005
1.00004
1.00037
1.0005
1.00315
1.00252
1.02025
1.03351
1.14678
1.35378
1.84019
2.30351
2.46939
2.47849
2.4782
2.47686
2.47361
2.4713
2.46515
2.45915
2.45029
2.4427
2.4331
2.42456
2.41437
2.40461
2.39269
2.38036
2.36508
2.34805
2.32745
2.30345
2.27509
2.24222
2.20913
1
1
1
1
1
1
1
1
1
1
1
1
1
1
1.00001
1.00001
1.00011
1.00012
1.00085
1.00085
1.00637
1.00278
1.0331
1.07333
1.22472
1.59338
2.06431
2.37418
2.43881
2.44488
2.4491
2.45074
2.45129
2.44983
2.44633
2.43862
2.4311
2.41993
2.40877
2.39495
2.38194
2.36682
2.35234
2.33584
2.31944
2.30072
2.28188
2.25999
2.23533
2.20765
1
1
1
1
1
1
1
1
1
1
1
1
1
1
1.00001
1.00001
1.00004
1.00002
1.00032
1.00039
1.00272
1.00282
1.01704
1.00972
1.11243
1.2592
1.68097
2.28249
2.40477
2.40899
2.40573
2.40126
2.40122
2.40297
2.40713
2.40732
2.40584
2.40176
2.39475
2.38399
2.37197
2.35782
2.34253
2.32527
2.30684
2.2872
2.26606
2.24398
2.21888
2.19554
1
1
1
1
1
1
1
1
1
1
1
1
1
1
1
1.00001
1.00001
1.00008
1.0001
1.00062
1.00072
1.00447
1.00488
1.02171
1.03347
1.1597
1.3981
1.87701
2.30381
2.41594
2.41113
2.39612
2.38672
2.37675
2.37219
2.36838
2.36598
2.3621
2.35927
2.35424
2.34814
2.33879
2.32813
2.31495
2.29912
2.28168
2.26185
2.24072
2.21651
2.19273
1
1
1
1
1
1
1
1
1
1
1
1
1
1
1
1
1.00001
1.00002
1.00011
1.00013
1.00085
1.00089
1.00638
1.00113
1.03355
1.07147
1.2159
1.59855
2.00126
2.32009
2.38625
2.38551
2.37948
2.37067
2.36395
2.35772
2.35131
2.34435
2.33634
2.32864
2.31952
2.31066
2.29972
2.28903
2.27691
2.26349
2.24824
2.2307
2.21068
2.18913
1
1
1
1
1
1
1
1
1
1
1
1
1
1
1
1
1.00001
1.00001
1.00007
1.00009
1.00034
1.00068
1.0016
1.00574
1.01509
1.03613
1.10085
1.25068
1.72357
2.0563
2.30319
2.34034
2.34788
2.34958
2.34884
2.34644
2.34172
2.33607
2.32874
2.32035
2.31087
2.30014
2.28828
2.27503
2.26144
2.24624
2.23079
2.21332
2.19479
2.17614
1
1
1
1
1
1
1
1
1
1
1
1
1
1
1
1
1
1.00001
1.00001
1.00007
1.00005
1.00049
1.00055
1.00403
1.00198
1.01532
1.04259
1.0979
1.26172
1.64443
2.10696
2.30791
2.32091
2.319
2.31673
2.31229
2.30956
2.30719
2.3045
2.29989
2.29337
2.28527
2.27601
2.2644
2.25217
2.23786
2.22306
2.20627
2.18795
2.16919
1
1
1
1
1
1
1
1
1
1
1
1
1
1
1
1
1
1
1.00001
1.00001
1.00008
1.00003
1.0004
1.00077
1.00288
0.999918
1.02179
1.05235
1.12239
1.35116
1.72996
2.15683
2.31064
2.31532
2.31294
2.30513
2.29486
2.28634
2.27815
2.27119
2.26375
2.25599
2.24785
2.23936
2.22971
2.21918
2.20684
2.19351
2.17756
2.16177
1
1
1
1
1
1
1
1
1
1
1
1
1
1
1
1
1
1
1
1.00001
1.00004
1.00003
1.00024
1.00026
1.00181
1.00196
1.01269
1.00742
1.06436
1.1344
1.45544
1.98523
2.21
2.30004
2.30548
2.29788
2.29024
2.27854
2.26736
2.25599
2.24695
2.23663
2.2277
2.21725
2.20763
2.19651
2.18559
2.17302
2.15953
2.14529
1
1
1
1
1
1
1
1
1
1
1
1
1
1
1
1
1
1
1
1.00001
1
1.00004
1.00002
1.00031
1.00027
1.00215
1.00206
1.0149
1.00674
1.07201
1.14889
1.48958
2.02512
2.21221
2.28791
2.28957
2.28105
2.2713
2.25884
2.24627
2.23569
2.22564
2.21547
2.20545
2.19442
2.18373
2.17153
2.15982
2.14548
2.13245
1
1
1
1
1
1
1
1
1
1
1
1
1
1
1
1
1
1
1
1
1.00001
1.00001
1.00005
1.00008
1.00033
1.0005
1.00175
1.00382
1.01154
1.02964
1.06511
1.19132
1.5227
1.8954
2.18121
2.25532
2.26093
2.25522
2.24734
2.23657
2.22596
2.21702
2.20703
2.19769
2.18656
2.17605
2.16368
2.15169
2.13727
2.1237
1
1
1
1
1
1
1
1
1
1
1
1
1
1
1
1
1
1
1
1
1
1.00001
1.00002
1.00006
1.00009
1.00035
1.00059
1.00214
1.00402
1.01037
1.03113
1.07896
1.18025
1.55699
1.87188
2.13828
2.20557
2.21883
2.21984
2.21732
2.21184
2.20573
2.19832
2.19108
2.18183
2.1723
2.16091
2.14895
2.13508
2.12125
1
1
1
1
1
1
1
1
1
1
1
1
1
1
1
1
1
1
1
1
1
1.00001
1.00001
1.00003
1.00004
1.00018
1.00024
1.00093
1.00148
1.00493
1.01007
1.03114
1.08121
1.16285
1.49646
1.96693
2.10797
2.16666
2.17195
2.17679
2.17496
2.17321
2.1713
2.16853
2.16585
2.16091
2.15343
2.14406
2.13243
2.12021
1
1
1
1
1
1
1
1
1
1
1
1
1
1
1
1
1
1
1
1
1
1
1
1.00002
1.00002
1.00013
1.00011
1.00051
1.00042
1.00346
1.00211
1.01928
1.0004
1.08067
1.15265
1.45087
1.92116
2.07899
2.15377
2.15871
2.15726
2.15323
2.14599
2.13962
2.13295
2.12904
2.12401
2.12042
2.11351
2.10753
1
1
1
1
1
1
1
1
1
1
1
1
1
1
1
1
1
1
1
1
1
1
1
1
1
1.00002
1.00002
1.00015
1.0001
1.00097
1.00082
1.00642
1.00498
1.02738
1.02563
1.17053
1.38521
1.70722
2.0138
2.12198
2.14396
2.14245
2.14051
2.13283
2.12383
2.11494
2.10705
2.09868
2.09094
2.08165
1
1
1
1
1
1
1
1
1
1
1
1
1
1
1
1
1
1
1
1
1
1
1
1
1
1.00001
1.00002
1.00003
1.00011
1.0002
1.00067
1.00132
1.00304
1.00726
1.02149
1.05594
1.09924
1.33073
1.68052
1.95748
2.11579
2.13295
2.13008
2.12347
2.11706
2.10849
2.10029
2.09036
2.08014
2.06922
1
1
1
1
1
1
1
1
1
1
1
1
1
1
1
1
1
1
1
1
1
1
1
1
1
1
1.00001
1.00001
1.00006
1.00005
1.00023
1.00021
1.00157
1.00141
1.0085
1.00921
1.04167
1.05879
1.27629
1.60957
1.87751
2.0701
2.0976
2.10093
2.10064
2.09606
2.09044
2.08219
2.07261
2.06255
1
1
1
1
1
1
1
1
1
1
1
1
1
1
1
1
1
1
1
1
1
1
1
1
1
1
1
1.00001
1.00001
1.00005
1.00005
1.00023
1.00032
1.00129
1.00189
1.00671
1.01078
1.03755
1.0757
1.17596
1.42393
1.8142
1.98149
2.06083
2.07609
2.07564
2.0716
2.06503
2.05762
2.05019
1
1
1
1
1
1
1
1
1
1
1
1
1
1
1
1
1
1
1
1
1
1
1
1
1
1
1
1
1
1.00002
1.00002
1.00008
1.0001
1.00021
1.00074
1.00021
1.00415
1.01008
1.01714
1.06962
1.12215
1.28291
1.52915
1.84184
2.02694
2.04852
2.04776
2.04227
2.03904
2.02933
1
1
1
1
1
1
1
1
1
1
1
1
1
1
1
1
1
1
1
1
1
1
1
1
1
1
1
1
1
1
1.00001
1.00001
1.00006
1.00007
1.00029
1.00035
1.00148
1.00222
1.00675
1.01284
1.04203
1.082
1.18248
1.42113
1.75742
1.94007
2.02954
2.03395
2.03012
2.01944
1
1
1
1
1
1
1
1
1
1
1
1
1
1
1
1
1
1
1
1
1
1
1
1
1
1
1
1
1
1
1
1
1.00002
1.00002
1.00011
1.00011
1.00053
1.00054
1.00261
1.00273
1.01246
1.01817
1.06464
1.12439
1.25483
1.49735
1.77928
1.95979
2.00432
2.00241
1
1
1
1
1
1
1
1
1
1
1
1
1
1
1
1
1
1
1
1
1
1
1
1
1
1
1
1
1
1
1
1
1
1.00001
1.00001
1.00007
1.00006
1.00026
1.00021
1.00163
1.00165
1.00937
1.00865
1.03445
1.04057
1.1884
1.356
1.56979
1.78405
1.9285
1
1
1
1
1
1
1
1
1
1
1
1
1
1
1
1
1
1
1
1
1
1
1
1
1
1
1
1
1
1
1
1
1
1
1
1.00001
1.00001
1.00003
1.00007
1.00019
1.00027
1.00098
1.00186
1.00299
1.01174
1.03201
1.06153
1.19778
1.37819
1.54732
1
1
1
1
1
1
1
1
1
1
1
1
1
1
1
1
1
1
1
1
1
1
1
1
1
1
1
1
1
1
1
1
1
1
1
1
1
1.00001
1.00001
1.00004
1.00004
1.00021
1.00023
1.00094
0.998865
1.01149
0.962145
1.0357
1.04032
1.25862
1
1
1
1
1
1
1
1
1
1
1
1
1
1
1
1
1
1
1
1
1
1
1
1
1
1
1
1
1
1
1
1
1
1
1
1
1
1
1
1.00002
0.999966
0.999984
0.999548
0.999637
0.996917
1.00082
0.974774
1.01042
1.01639
1.12265
1
1
1
1
1
1
1
1
1
1
1
1
1
1
1
1
1
1
1
1
1
1
1
1
1
1
1
1
1
1
1
1
1
1
1
1
1
1
1
1.00001
0.999991
1
0.999842
0.999879
0.99907
1.00132
0.990533
1.0061
1.01219
1.05519
1
1
1
1
1
1
1
1
1
1
1
1
1
1
1
1
1
1
1
1
1
1
1
1
1
1
1
1
1
1
1
1
1
1
1
1
1
1
1
1
0.999996
1
0.999921
0.999939
0.999556
1.00071
0.995293
1.00321
1.00652
1.02775
1
1
1
1
1
1
1
1
1
1
1
1
1
1
1
1
1
1
1
1
1
1
1
1
1
1
1
1
1
1
1
1
1
1
1
1
1
1
1
1
0.999998
1
0.999959
0.999969
0.99975
1.00041
0.997237
1.00189
1.00342
1.01646
1
1
1
1
1
1
1
1
1
1
1
1
1
1
1
1
1
1
1
1
1
1
1
1
1
1
1
1
1
1
1
1
1
1
1
1
1
1
1
1
1.00001
1.00001
1.00004
1.00004
1.00023
1.00025
1.00129
1.00078
1.00518
1.00581
1
1
1
1
1
1
1
1
1
1
1
1
1
1
1
1
1
1
1
1
1
1
1
1
1
1
1
1
1
1
1
1
1
1
1
1
1
1
1
1
1.00001
1.00001
1.00004
1.00004
1.00021
1.00025
1.0012
1.0009
1.00495
1.00579
1
1
1
1
1
1
1
1
1
1
1
1
1
1
1
1
1
1
1
1
1
1
1
1
1
1
1
1
1
1
1
1
1
1
1
1
1
1
1
1
0.999998
1
0.999971
0.999982
0.999818
1.00034
0.997878
1.00149
1.00233
1.01294
1
1
1
1
1
1
1
1
1
1
1
1
1
1
1
1
1
1
1
1
1
1
1
1
1
1
1
1
1
1
1
1
1
1
1
1
1
1
1
1
1.00001
1
1.00003
1.00001
1.00017
1.00013
1.00108
1.00085
1.00502
1.00587
1.9399
1.84577
1.85097
1.93376
2.03957
2.17265
2.25415
2.34883
2.37624
2.38375
2.38392
2.38836
2.40022
2.41051
2.42662
2.43929
2.45169
2.4717
2.51173
2.593
2.75742
2.96697
3.16862
3.17195
3.17955
3.19258
3.17218
3.09366
3.06327
3.05421
3.04478
3.04061
3.04234
3.05297
3.06636
3.07823
3.0827
3.08362
3.07212
3.06907
3.05836
3.05574
3.04806
3.04432
3.03628
3.03248
3.02389
3.01792
3.00545
2.99822
2.98437
2.97669
2.96267
2.95475
2.94036
2.93156
2.91744
2.90843
2.89481
2.88597
2.87283
2.8641
2.85113
2.84244
2.82944
2.82114
2.80806
2.79997
2.7869
2.77853
2.7654
2.75662
2.7432
2.73412
2.72013
2.71093
2.69623
2.68712
2.67188
2.66294
2.64752
2.63877
2.62327
2.61466
2.59904
2.59042
2.57461
2.56569
2.54973
2.54036
2.52421
2.51428
2.49818
2.48788
2.47224
2.46184
2.44756
2.43799
2.42771
2.4224
1.96074
1.86992
1.84906
1.84988
1.85227
1.83381
1.81124
1.81196
1.8358
1.8724
1.91686
1.93949
1.94464
1.94468
1.94656
1.95207
1.96148
1.97857
2.01357
2.08491
2.23556
2.48924
2.84688
2.94715
3.05831
3.14713
3.2138
3.26646
3.29607
3.29855
3.26221
3.20126
3.15956
3.12233
3.07382
3.02268
2.96464
2.92473
2.88799
2.86716
2.8426
2.82769
2.80681
2.79418
2.77666
2.76622
2.7499
2.73782
2.72079
2.70915
2.69235
2.67976
2.66243
2.64905
2.63117
2.61691
2.59829
2.58341
2.5643
2.54961
2.53063
2.51672
2.49828
2.4852
2.46736
2.45519
2.43828
2.4273
2.41195
2.40203
2.38855
2.3792
2.3674
2.3586
2.34786
2.33994
2.32958
2.32259
2.31206
2.30581
2.29482
2.28901
2.27768
2.27197
2.26061
2.25483
2.24359
2.23776
2.22662
2.22075
2.20965
2.20377
2.19251
2.18652
2.1751
2.16912
2.15795
2.15275
2.14394
2.14292
2.02254
1.94367
1.87633
1.82038
1.75381
1.69923
1.66285
1.66244
1.66814
1.68647
1.71501
1.74418
1.76476
1.77758
1.7848
1.78924
1.79341
1.80151
1.81935
1.86108
1.94896
2.17297
2.42997
2.59316
2.69229
2.7665
2.85663
2.95501
3.04697
3.12256
3.17609
3.16075
3.11551
3.03788
2.96272
2.9037
2.86117
2.83177
2.80681
2.78968
2.77003
2.75559
2.73757
2.72495
2.70862
2.69816
2.68313
2.67143
2.65433
2.64248
2.62682
2.61516
2.59908
2.58669
2.56938
2.55561
2.53653
2.52134
2.50115
2.4851
2.46477
2.44788
2.42818
2.41043
2.39207
2.3738
2.35674
2.3386
2.32243
2.30519
2.2899
2.27411
2.25966
2.2456
2.23178
2.21969
2.2065
2.19621
2.18368
2.17481
2.16278
2.15491
2.14322
2.13595
2.12459
2.11763
2.10657
2.09974
2.08898
2.08246
2.072
2.06614
2.05597
2.05087
2.04103
2.03638
2.02696
2.02327
2.0157
2.01653
2.05211
1.97739
1.90835
1.84377
1.78283
1.73341
1.68899
1.65579
1.63475
1.63252
1.63427
1.64437
1.6609
1.68008
1.69641
1.70838
1.71638
1.72186
1.73196
1.75465
1.80517
1.926
2.10487
2.41762
2.45743
2.52227
2.59492
2.66176
2.72962
2.79417
2.8538
2.85132
2.82509
2.77316
2.7245
2.69206
2.66667
2.64854
2.63646
2.6311
2.62451
2.61942
2.61014
2.60302
2.59227
2.58628
2.57745
2.57165
2.55954
2.54973
2.53594
2.52681
2.51354
2.50433
2.49064
2.48103
2.46711
2.45593
2.44108
2.42759
2.41253
2.3971
2.38214
2.365
2.34995
2.33209
2.31689
2.29918
2.28355
2.26654
2.25063
2.23512
2.21912
2.20555
2.18966
2.17772
2.16243
2.15172
2.13743
2.12775
2.11449
2.10586
2.0932
2.08556
2.07323
2.06616
2.0542
2.04744
2.0358
2.0293
2.01783
2.01166
2.00031
1.9945
1.98336
1.97801
1.96731
1.963
1.95426
1.95419
2.06917
1.99931
1.93282
1.87294
1.8151
1.76376
1.71587
1.67472
1.63754
1.61372
1.60135
1.60137
1.60359
1.61161
1.62483
1.63835
1.65185
1.66316
1.67276
1.68627
1.7153
1.7742
1.93794
2.10729
2.30058
2.37818
2.42494
2.48382
2.53989
2.60639
2.66846
2.67372
2.65614
2.61712
2.58209
2.54861
2.53827
2.53062
2.52465
2.52316
2.51899
2.51558
2.50999
2.50328
2.48902
2.47844
2.46597
2.45812
2.44603
2.43583
2.42079
2.41035
2.3975
2.38853
2.37614
2.36569
2.35303
2.34199
2.33004
2.31847
2.30685
2.2949
2.28337
2.27113
2.25886
2.2461
2.23271
2.21982
2.20535
2.19272
2.17747
2.16565
2.15061
2.1399
2.12569
2.11579
2.10228
2.09284
2.07979
2.07079
2.05804
2.04955
2.03724
2.02952
2.01788
2.01113
2.00007
1.99413
1.9833
1.97778
1.9669
1.96147
1.95058
1.94514
1.9344
1.92888
1.91877
1.91337
1.90513
1.90312
2.08789
2.02192
1.9592
1.90084
1.84499
1.79394
1.74665
1.70444
1.66691
1.6332
1.60546
1.58795
1.57852
1.57806
1.57946
1.58545
1.59374
1.6059
1.61717
1.63023
1.64717
1.68324
1.75863
1.92923
2.14162
2.23867
2.31304
2.36574
2.43142
2.50953
2.56542
2.57474
2.5557
2.52038
2.47879
2.44572
2.42838
2.42091
2.41146
2.41352
2.41424
2.41789
2.41553
2.41252
2.40646
2.39754
2.38459
2.3745
2.36437
2.35789
2.34759
2.33698
2.32407
2.31352
2.30284
2.29393
2.28407
2.27453
2.26387
2.25361
2.24335
2.23435
2.2251
2.21653
2.2059
2.19622
2.18391
2.17412
2.16142
2.15211
2.13916
2.12989
2.1168
2.10765
2.0948
2.08619
2.07378
2.06573
2.05358
2.04586
2.0337
2.02607
2.01378
2.00621
1.99395
1.98653
1.97458
1.96738
1.95588
1.9489
1.93784
1.93107
1.92032
1.91389
1.90336
1.89738
1.88739
1.88217
1.8739
1.87223
2.10262
2.04166
1.98349
1.92818
1.87541
1.82539
1.77922
1.73596
1.69688
1.66125
1.62952
1.60091
1.57993
1.56603
1.55968
1.55874
1.5603
1.56446
1.57283
1.58149
1.5949
1.61535
1.65825
1.75884
1.90279
2.15484
2.21332
2.28414
2.38947
2.47312
2.52271
2.52109
2.49711
2.4606
2.40933
2.36904
2.34761
2.33803
2.33313
2.32123
2.32333
2.32444
2.32742
2.32582
2.32137
2.31642
2.30822
2.29898
2.28836
2.27721
2.26877
2.26049
2.25442
2.24704
2.23873
2.22976
2.22048
2.21314
2.20525
2.19842
2.18949
2.18176
2.17192
2.16462
2.15474
2.14782
2.13755
2.13041
2.1195
2.11187
2.10034
2.09234
2.08051
2.07267
2.06087
2.05296
2.04086
2.03246
2.01989
2.01129
1.99865
1.99031
1.97795
1.97012
1.95817
1.95092
1.93943
1.93276
1.92165
1.91549
1.9047
1.89893
1.88843
1.88284
1.87275
1.86711
1.85765
1.8523
1.84433
1.8422
2.11792
2.05858
2.00278
1.949
1.89852
1.85077
1.80584
1.76419
1.72495
1.68937
1.65618
1.62651
1.59858
1.57547
1.55862
1.54761
1.54162
1.53975
1.54071
1.54403
1.55094
1.5625
1.58705
1.63679
1.76558
1.90493
2.14517
2.24403
2.35358
2.47058
2.50258
2.49658
2.46926
2.42523
2.36644
2.31809
2.29304
2.2768
2.26519
2.25514
2.24544
2.24755
2.25002
2.25534
2.25532
2.25342
2.25063
2.24647
2.24345
2.23697
2.23194
2.22249
2.21535
2.20681
2.20059
2.19443
2.18805
2.18204
2.17372
2.16673
2.15732
2.15097
2.14207
2.13627
2.12694
2.1203
2.11009
2.10316
2.09297
2.08642
2.0764
2.06986
2.05935
2.05214
2.04085
2.0329
2.02106
2.01269
2.00049
1.9918
1.97924
1.97021
1.9573
1.9481
1.93504
1.92601
1.91318
1.90469
1.89238
1.88473
1.87309
1.86636
1.85544
1.84958
1.83931
1.83417
1.82453
1.82014
1.81211
1.81087
2.13724
2.08198
2.02663
1.97268
1.92065
1.87259
1.82691
1.78518
1.74563
1.70953
1.67554
1.64467
1.61601
1.59029
1.56595
1.54703
1.53252
1.52432
1.51974
1.5201
1.52228
1.52836
1.54197
1.57165
1.63036
1.78103
1.97464
2.18306
2.40819
2.52267
2.51688
2.49663
2.46128
2.40073
2.34109
2.29587
2.26234
2.23804
2.21926
2.20907
2.19959
2.19464
2.19587
2.20199
2.20426
2.20998
2.20889
2.20704
2.20496
2.20177
2.19906
2.1935
2.18865
2.18052
2.17308
2.16502
2.15755
2.15182
2.14472
2.13973
2.13167
2.12645
2.11783
2.11216
2.1031
2.09704
2.08786
2.08199
2.07279
2.06688
2.05719
2.05056
2.03985
2.03219
2.0206
2.01234
2.00032
1.99187
1.97964
1.97097
1.95849
1.94968
1.93703
1.9283
1.9157
1.90731
1.89496
1.88708
1.87513
1.86789
1.85639
1.84989
1.83894
1.83311
1.82282
1.81746
1.80803
1.80315
1.79532
1.79353
2.14598
2.10188
2.0533
2.00295
1.95205
1.90347
1.85681
1.81354
1.77288
1.73523
1.70033
1.66786
1.63826
1.61061
1.58602
1.56262
1.54332
1.52749
1.51712
1.51168
1.5121
1.51474
1.52259
1.54143
1.58159
1.67457
1.83013
2.17817
2.45271
2.54779
2.5401
2.52275
2.47519
2.39791
2.33469
2.28646
2.25032
2.21894
2.19432
2.17751
2.16744
2.16124
2.16024
2.161
2.16609
2.17331
2.17583
2.17612
2.17354
2.16874
2.16557
2.16036
2.1559
2.14899
2.14285
2.13643
2.12978
2.12389
2.11602
2.11038
2.10199
2.09686
2.08838
2.08297
2.07422
2.06873
2.06013
2.05494
2.04624
2.04094
2.03168
2.02586
2.01587
2.00934
1.99854
1.99144
1.98018
1.97288
1.96145
1.95404
1.94245
1.93497
1.92335
1.91586
1.90433
1.8969
1.8855
1.87825
1.86702
1.86011
1.84924
1.84263
1.8323
1.82597
1.81624
1.81021
1.8011
1.79562
1.78785
1.78543
2.1424
2.10511
2.06566
2.02264
1.97755
1.93261
1.8882
1.84588
1.80528
1.76761
1.73173
1.69905
1.66795
1.63983
1.61354
1.58978
1.56811
1.54845
1.53227
1.52106
1.51715
1.51877
1.52424
1.53834
1.57001
1.64521
1.77079
2.05617
2.3022
2.56769
2.55047
2.49827
2.44636
2.38786
2.32482
2.27207
2.23341
2.20147
2.17587
2.15784
2.14283
2.13629
2.12974
2.12739
2.12497
2.12771
2.13249
2.13517
2.13636
2.13507
2.13196
2.12839
2.12342
2.11826
2.11089
2.10418
2.09617
2.09014
2.08198
2.07681
2.06877
2.06401
2.05575
2.05071
2.04231
2.03736
2.02903
2.02417
2.01545
2.01025
2.00111
1.99564
1.98634
1.9806
1.9711
1.9651
1.95566
1.94971
1.9405
1.93453
1.92515
1.919
1.90943
1.90338
1.89395
1.88808
1.87873
1.87269
1.86317
1.85677
1.84715
1.84051
1.83095
1.82435
1.81503
1.8086
1.7997
1.79366
1.78599
1.78276
2.14122
2.10535
2.06913
2.03089
1.99096
1.9507
1.91026
1.87107
1.83276
1.7965
1.76171
1.72935
1.69854
1.67029
1.64335
1.61898
1.59604
1.57524
1.55703
1.54126
1.5343
1.53585
1.54153
1.55644
1.59008
1.66052
1.80584
1.95528
2.17754
2.35606
2.48442
2.47154
2.43872
2.40335
2.34471
2.29033
2.24862
2.21158
2.17785
2.15274
2.13176
2.11604
2.10467
2.09491
2.08847
2.08518
2.08339
2.08473
2.08825
2.08993
2.09044
2.08857
2.08522
2.08284
2.07802
2.07333
2.06487
2.0593
2.05107
2.04626
2.03819
2.0332
2.02465
2.01943
2.01094
2.00599
1.99765
1.99278
1.98435
1.97947
1.97111
1.96624
1.95811
1.95316
1.94529
1.94036
1.93285
1.92807
1.92086
1.91633
1.90915
1.90463
1.89706
1.89225
1.88429
1.87929
1.87123
1.8661
1.85786
1.85229
1.84366
1.83753
1.82862
1.82218
1.81333
1.80672
1.79819
1.7917
1.78427
1.78043
2.14236
2.10744
2.07213
2.03627
1.99848
1.96115
1.92377
1.88716
1.85165
1.81746
1.78434
1.75337
1.72307
1.69543
1.66857
1.64371
1.6208
1.59902
1.58065
1.56482
1.55899
1.56147
1.56995
1.59148
1.64101
1.73824
1.87266
1.977
2.06113
2.17517
2.2876
2.39936
2.40875
2.38929
2.3591
2.30709
2.26279
2.21397
2.176
2.14405
2.11685
2.09394
2.07767
2.06323
2.05553
2.04803
2.04549
2.04342
2.04542
2.05005
2.05136
2.05424
2.05354
2.05222
2.04946
2.04658
2.04008
2.03521
2.02719
2.02212
2.01383
2.0088
2.00085
1.99638
1.9889
1.98462
1.97724
1.9729
1.96574
1.96143
1.95428
1.94976
1.94254
1.93787
1.9308
1.92621
1.91933
1.91494
1.90812
1.90399
1.89715
1.89313
1.88618
1.88199
1.87486
1.8703
1.86291
1.8579
1.85026
1.84493
1.83693
1.83111
1.82292
1.81662
1.80861
1.80177
1.79419
1.78706
1.78034
1.77562
2.13525
2.10629
2.074
2.0398
2.00501
1.96896
1.93337
1.89912
1.86458
1.83287
1.80068
1.77135
1.74224
1.71478
1.68934
1.66368
1.64197
1.61949
1.60263
1.58924
1.58941
1.59437
1.6093
1.64422
1.728
1.83957
1.93683
1.98344
2.01286
2.05551
2.11457
2.19658
2.28108
2.33018
2.3187
2.2935
2.26849
2.22178
2.184
2.14372
2.11166
2.08411
2.06149
2.04376
2.03224
2.02312
2.0169
2.01407
2.01316
2.01389
2.01651
2.02203
2.02419
2.02553
2.02375
2.02226
2.01924
2.01608
2.00923
2.00448
1.99679
1.99255
1.98578
1.98221
1.97545
1.9716
1.96475
1.96062
1.95388
1.94975
1.94292
1.93854
1.93142
1.92687
1.91987
1.9155
1.90868
1.90439
1.8975
1.89327
1.88629
1.88201
1.87487
1.8703
1.86302
1.85805
1.85051
1.84502
1.83715
1.83101
1.82314
1.8166
1.80903
1.80215
1.79489
1.78773
1.78075
1.77361
1.76722
1.7625
2.12902
2.09866
2.07197
2.04114
2.00791
1.97594
1.9414
1.90877
1.87654
1.8447
1.81528
1.78533
1.75855
1.73117
1.70643
1.68266
1.65963
1.64104
1.62393
1.61995
1.62427
1.63551
1.66196
1.73142
1.82738
1.93345
1.9766
1.98392
1.98673
1.99398
2.00959
2.04082
2.09635
2.16326
2.22388
2.25214
2.24175
2.21841
2.18923
2.15497
2.12126
2.08613
2.05969
2.03705
2.02058
2.00933
2.00124
1.99539
1.9912
1.99021
1.99032
1.99199
1.99565
1.99759
2.00135
2.00065
1.99948
1.99815
1.99512
1.99179
1.98509
1.98141
1.97482
1.97111
1.96454
1.96066
1.95435
1.95011
1.94397
1.9394
1.9329
1.92776
1.92074
1.91536
1.90825
1.90288
1.89565
1.89013
1.8826
1.87705
1.86944
1.86408
1.85646
1.85113
1.84333
1.83784
1.82994
1.82412
1.81616
1.80994
1.80195
1.79557
1.78781
1.78157
1.77427
1.7681
1.76116
1.75495
1.74858
1.74457
2.12541
2.0976
2.06695
2.0402
2.00907
1.97835
1.94764
1.91643
1.88566
1.85639
1.82649
1.79942
1.77116
1.7466
1.7207
1.69877
1.67725
1.65914
1.65122
1.65309
1.66263
1.68427
1.73834
1.83144
1.93834
1.98594
1.98932
1.98013
1.96843
1.96059
1.95681
1.96361
1.9821
2.01634
2.06661
2.13019
2.178
2.19244
2.18287
2.1651
2.13613
2.10773
2.07997
2.04919
2.02675
2.00802
1.99366
1.98642
1.97811
1.97359
1.97009
1.96951
1.96974
1.97174
1.97678
1.97814
1.98004
1.97916
1.97861
1.97739
1.9741
1.97067
1.96377
1.95961
1.95273
1.94873
1.94241
1.93845
1.93234
1.92797
1.92143
1.91647
1.90936
1.90387
1.89629
1.89039
1.88248
1.87646
1.86825
1.86236
1.8539
1.84824
1.83959
1.834
1.82513
1.81934
1.81043
1.80438
1.79568
1.78955
1.78108
1.77504
1.76685
1.761
1.75324
1.74739
1.74009
1.73416
1.72764
1.72386
2.11502
2.09417
2.06672
2.03948
2.01104
1.98166
1.95103
1.92194
1.89257
1.86366
1.83689
1.80881
1.78431
1.75773
1.73562
1.71184
1.69448
1.68081
1.68142
1.68932
1.70818
1.74984
1.83893
1.94736
2.00149
2.00636
1.99446
1.97804
1.95981
1.94025
1.92835
1.92688
1.92804
1.93839
1.96137
1.998
2.04402
2.10006
2.13887
2.14838
2.13927
2.124
2.09868
2.07317
2.04828
2.02172
2.00095
1.98391
1.97101
1.96216
1.95534
1.95015
1.94813
1.94824
1.94914
1.95205
1.95442
1.95817
1.95781
1.95734
1.95627
1.95421
1.94926
1.94551
1.93874
1.93486
1.92846
1.92481
1.91872
1.91502
1.9088
1.90466
1.89776
1.89279
1.88515
1.87966
1.87171
1.86613
1.85777
1.85206
1.84304
1.83716
1.82763
1.82162
1.81176
1.80537
1.79531
1.78846
1.77861
1.77169
1.76249
1.75594
1.74737
1.74137
1.73331
1.72749
1.72
1.71406
1.70749
1.70351
2.10139
2.08451
2.06417
2.03966
2.01311
1.98657
1.95836
1.92859
1.90047
1.87162
1.84441
1.8184
1.79219
1.76938
1.74544
1.72708
1.71059
1.70954
1.71616
1.73231
1.76669
1.84599
1.9566
2.02022
2.0283
2.01653
1.99885
1.97908
1.9531
1.93277
1.91476
1.90999
1.90544
1.90688
1.91122
1.92492
1.94882
1.9824
2.02407
2.0724
2.10279
2.11095
2.10295
2.08904
2.0652
2.03981
2.01581
1.9911
1.97101
1.95561
1.94264
1.93368
1.92802
1.92335
1.92338
1.92377
1.92529
1.92876
1.92985
1.93179
1.9314
1.9308
1.92901
1.92627
1.92022
1.91651
1.91016
1.90689
1.90111
1.89814
1.89226
1.88887
1.88229
1.87803
1.87059
1.86568
1.85781
1.8528
1.84459
1.83933
1.8303
1.82447
1.8146
1.80836
1.79821
1.79173
1.78178
1.77501
1.76547
1.75845
1.74939
1.74248
1.73383
1.7273
1.71908
1.71267
1.70509
1.69875
1.69222
1.68804
2.09339
2.07381
2.05532
2.03683
2.0134
1.9884
1.96303
1.93688
1.90889
1.88184
1.85408
1.82779
1.80277
1.77862
1.75792
1.74022
1.73622
1.74195
1.7556
1.78596
1.85516
1.96467
2.03576
2.05063
2.04048
2.02426
2.00486
1.97771
1.95333
1.93202
1.91549
1.90265
1.89611
1.8941
1.89172
1.89296
1.89616
1.90714
1.92748
1.95637
1.99296
2.03575
2.06041
2.0664
2.0591
2.04566
2.02393
1.99927
1.97605
1.95462
1.93521
1.92031
1.90948
1.90121
1.89659
1.89419
1.89387
1.89413
1.89616
1.89831
1.90068
1.90043
1.90008
1.89915
1.8968
1.89399
1.888
1.88475
1.87892
1.87609
1.87047
1.86753
1.86159
1.85812
1.85147
1.8473
1.83997
1.83534
1.82748
1.82257
1.81411
1.80887
1.79978
1.79406
1.78442
1.77808
1.76815
1.76132
1.75158
1.74461
1.73539
1.72869
1.71994
1.71369
1.70549
1.69916
1.69167
1.68505
1.67858
1.67381
2.09165
2.06973
2.04981
2.02936
2.00985
1.98807
1.96413
1.94018
1.91562
1.88991
1.86503
1.83856
1.8148
1.79206
1.7735
1.76496
1.76932
1.78125
1.80888
1.86639
1.97145
2.05802
2.08091
2.07241
2.055
2.03504
2.00828
1.98169
1.96061
1.94126
1.92667
1.91238
1.90079
1.88913
1.88273
1.87535
1.87024
1.86972
1.87071
1.87796
1.89396
1.91839
1.94866
1.98524
2.00589
2.01318
2.00676
1.99472
1.97669
1.95468
1.93394
1.91503
1.89794
1.8833
1.87469
1.8688
1.86415
1.86266
1.86271
1.86344
1.86565
1.86721
1.8694
1.86941
1.86913
1.86809
1.86504
1.86203
1.8562
1.85304
1.84707
1.8438
1.8379
1.83491
1.82924
1.82627
1.82029
1.81691
1.81008
1.80596
1.79801
1.79308
1.78423
1.77867
1.7693
1.76321
1.75374
1.74727
1.73825
1.73173
1.72321
1.71699
1.70863
1.70265
1.69454
1.68824
1.68067
1.67394
1.66738
1.66223
2.09249
2.07045
2.0497
2.02885
2.00707
1.98626
1.96397
1.94131
1.91832
1.89524
1.87207
1.84953
1.82709
1.80888
1.79811
1.80037
1.81093
1.8358
1.89113
1.98969
2.08062
2.11015
2.10237
2.08608
2.0685
2.04076
2.01517
1.99377
1.97416
1.9574
1.94022
1.92258
1.90449
1.88751
1.87185
1.86022
1.85077
1.84149
1.83461
1.8313
1.83149
1.83596
1.84794
1.86903
1.89475
1.92684
1.94791
1.96135
1.95559
1.94671
1.93498
1.91564
1.8963
1.87798
1.86178
1.8509
1.84183
1.83746
1.83364
1.83369
1.83409
1.83616
1.83738
1.8404
1.84032
1.84029
1.83962
1.83788
1.83333
1.83021
1.8242
1.82121
1.81575
1.81305
1.80756
1.80468
1.7988
1.79566
1.78927
1.78572
1.77847
1.77427
1.76628
1.76168
1.75351
1.74846
1.74036
1.73471
1.72685
1.72087
1.71324
1.70728
1.69956
1.69355
1.68581
1.67939
1.67204
1.66527
1.65893
1.65373
2.08754
2.06928
2.04946
2.02881
2.00762
1.98557
1.96435
1.94189
1.9205
1.89859
1.87769
1.85805
1.84065
1.83137
1.83297
1.84355
1.86716
1.92266
2.01339
2.1089
2.14369
2.1375
2.12363
2.10543
2.07626
2.05005
2.02695
2.00657
1.98702
1.96709
1.94625
1.92566
1.90503
1.88558
1.86696
1.85023
1.83507
1.82401
1.81235
1.80352
1.7955
1.79081
1.79001
1.79245
1.80213
1.82105
1.84482
1.8736
1.89737
1.91385
1.91109
1.90516
1.89696
1.87985
1.85974
1.8425
1.82856
1.81883
1.81117
1.80614
1.80606
1.80661
1.80751
1.80898
1.8117
1.81198
1.8118
1.81109
1.80891
1.80607
1.80038
1.79689
1.79102
1.78811
1.78322
1.78084
1.77604
1.77346
1.76808
1.76503
1.7587
1.75503
1.74765
1.74347
1.73599
1.73144
1.72434
1.71935
1.71251
1.70722
1.70045
1.6952
1.68825
1.68297
1.67589
1.66991
1.66304
1.65634
1.65032
1.64505
2.06562
2.05899
2.04553
2.02763
2.00752
1.98645
1.96496
1.94343
1.92199
1.90226
1.88348
1.86716
1.85963
1.86138
1.87292
1.89702
1.95263
2.04102
2.14431
2.18191
2.17596
2.1614
2.14071
2.10938
2.08101
2.05699
2.03571
2.01461
1.99278
1.9705
1.94801
1.92627
1.90447
1.88424
1.86402
1.84506
1.8272
1.81085
1.79692
1.78501
1.77253
1.76175
1.75335
1.74701
1.74655
1.74796
1.75618
1.77249
1.79592
1.82189
1.84907
1.86523
1.86928
1.86503
1.85802
1.8436
1.82543
1.81011
1.79628
1.78665
1.78064
1.7779
1.77858
1.77926
1.7808
1.78161
1.78319
1.78265
1.78199
1.7807
1.77771
1.77502
1.76952
1.76633
1.76093
1.75837
1.75337
1.7507
1.74549
1.74266
1.73692
1.73377
1.72733
1.72381
1.71721
1.71335
1.70723
1.70306
1.69742
1.69307
1.68745
1.68307
1.67709
1.67242
1.66618
1.66062
1.6543
1.64784
1.64199
1.63683
2.04694
2.03454
2.02715
2.01897
2.00453
1.98616
1.96615
1.94672
1.92587
1.907
1.89097
1.88338
1.88527
1.89724
1.9217
1.97774
2.06696
2.17101
2.21251
2.20808
2.19366
2.173
2.14036
2.11124
2.08679
2.06412
2.04138
2.01801
1.99462
1.97102
1.94815
1.92498
1.90323
1.88148
1.8609
1.84081
1.82186
1.80347
1.78661
1.77037
1.75633
1.74327
1.73126
1.72058
1.71292
1.70751
1.70748
1.70849
1.71448
1.72783
1.75048
1.77395
1.80057
1.81987
1.83215
1.82953
1.82341
1.81333
1.80225
1.78703
1.7726
1.76279
1.75758
1.75418
1.75441
1.75462
1.75581
1.75654
1.75809
1.75793
1.75751
1.75634
1.75325
1.75036
1.74469
1.74107
1.73577
1.73221
1.72675
1.72338
1.71758
1.71434
1.70825
1.70496
1.69911
1.69581
1.6905
1.68694
1.68222
1.67846
1.67378
1.66993
1.66498
1.66065
1.65521
1.65007
1.64429
1.63841
1.63288
1.62815
2.04028
2.02398
2.00971
1.99781
1.9897
1.9799
1.96514
1.94763
1.93215
1.91676
1.90774
1.90957
1.92098
1.94472
2.00002
2.09097
2.19473
2.24069
2.23764
2.22349
2.20265
2.16968
2.13989
2.11435
2.09052
2.06685
2.0428
2.01839
1.99378
1.96906
1.94486
1.922
1.89988
1.87869
1.85804
1.83768
1.81788
1.79851
1.77974
1.76166
1.74487
1.73007
1.71686
1.70498
1.69411
1.68445
1.67628
1.67074
1.6689
1.66975
1.67393
1.68548
1.70634
1.72956
1.75861
1.78147
1.79909
1.79853
1.79414
1.78799
1.77509
1.75957
1.74723
1.73836
1.73372
1.73066
1.73106
1.73201
1.7334
1.73527
1.73683
1.73726
1.73677
1.73539
1.73178
1.72834
1.72297
1.71888
1.71282
1.70887
1.70269
1.69916
1.69317
1.68982
1.68436
1.68129
1.67659
1.67315
1.66909
1.66535
1.66137
1.65748
1.6532
1.64903
1.64406
1.63922
1.63373
1.62822
1.62299
1.61877
2.03208
2.01791
2.00372
1.9894
1.97441
1.96414
1.95392
1.94467
1.93337
1.92936
1.93241
1.9446
1.9688
2.0261
2.11533
2.22045
2.27289
2.27012
2.25388
2.23203
2.19799
2.16666
2.1402
2.11515
2.09043
2.06506
2.03942
2.01377
1.98828
1.96426
1.9413
1.91925
1.89753
1.87606
1.85483
1.83428
1.81401
1.79418
1.77474
1.75622
1.73885
1.72274
1.70794
1.69454
1.68246
1.66983
1.6589
1.64863
1.64035
1.63487
1.63322
1.63438
1.63791
1.64839
1.66827
1.69334
1.71961
1.74692
1.76752
1.76965
1.76537
1.75967
1.74737
1.7342
1.7246
1.7173
1.71338
1.71172
1.71228
1.71354
1.71506
1.71718
1.71832
1.71825
1.71738
1.71541
1.711
1.70735
1.70121
1.69718
1.69081
1.68714
1.6813
1.678
1.67268
1.66934
1.66505
1.66125
1.65771
1.65371
1.65018
1.64607
1.64212
1.63785
1.63322
1.62843
1.62328
1.61806
1.61304
1.60924
2.01239
2.00252
1.99316
1.98322
1.97064
1.95732
1.94857
1.93855
1.93835
1.94361
1.95873
1.98466
2.04383
2.13373
2.24653
2.29796
2.29457
2.27648
2.25387
2.21956
2.18811
2.16065
2.1343
2.10885
2.08349
2.05806
2.03219
2.00698
1.98309
1.96032
1.93804
1.91607
1.89442
1.87305
1.8521
1.83134
1.81099
1.79093
1.77174
1.75333
1.73574
1.71891
1.70284
1.68742
1.67288
1.65958
1.64756
1.63563
1.62491
1.61578
1.60779
1.60306
1.60159
1.60285
1.6059
1.61526
1.63262
1.65687
1.68372
1.71395
1.73793
1.74257
1.73907
1.73395
1.72305
1.71245
1.70542
1.6995
1.69588
1.69527
1.69581
1.69755
1.69883
1.7007
1.70086
1.70026
1.69824
1.69563
1.69001
1.68637
1.67993
1.67628
1.67042
1.66695
1.66207
1.65825
1.65442
1.65021
1.64688
1.6426
1.63921
1.63486
1.63093
1.62641
1.62194
1.6172
1.61235
1.60745
1.6028
1.59939
2.00275
1.9887
1.97848
1.96909
1.96222
1.952
1.94455
1.94369
1.95034
1.96642
1.99337
2.0533
2.14518
2.26393
2.31416
2.31013
2.29159
2.26881
2.23515
2.20348
2.17518
2.14916
2.12434
2.09923
2.07373
2.04848
2.02442
2.00152
1.97936
1.95759
1.93601
1.91453
1.89312
1.87187
1.85069
1.82963
1.80869
1.78855
1.76911
1.75053
1.73241
1.71507
1.69831
1.6824
1.66727
1.65292
1.63944
1.62703
1.61519
1.60437
1.59404
1.5855
1.57845
1.57382
1.572
1.57329
1.57641
1.58481
1.60086
1.62381
1.65107
1.68706
1.71205
1.71828
1.71554
1.7107
1.70127
1.6932
1.68763
1.68339
1.68074
1.6805
1.68097
1.68209
1.68371
1.68383
1.68322
1.68191
1.67824
1.67541
1.66979
1.66615
1.66059
1.65682
1.65225
1.64819
1.64446
1.64005
1.63664
1.632
1.62849
1.62367
1.61969
1.61486
1.61039
1.60565
1.60093
1.59655
1.59243
1.58986
1.99361
1.98711
1.97431
1.96217
1.95333
1.94602
1.94621
1.95493
1.97224
2.00018
2.06296
2.15617
2.2768
2.32834
2.32467
2.3058
2.28
2.24463
2.21204
2.18433
2.15967
2.13628
2.11317
2.08988
2.06647
2.04344
2.02119
1.99937
1.9777
1.95596
1.93419
1.91228
1.89038
1.86827
1.8463
1.82451
1.80375
1.78381
1.76469
1.74639
1.72894
1.71217
1.69603
1.68022
1.66497
1.64995
1.63564
1.62196
1.60922
1.59752
1.58614
1.57589
1.56636
1.55789
1.55143
1.54714
1.54461
1.54577
1.5486
1.55576
1.57049
1.59261
1.6203
1.66063
1.68742
1.69448
1.69254
1.68817
1.68206
1.67646
1.67103
1.66752
1.66586
1.6656
1.66596
1.66676
1.66709
1.66662
1.66496
1.66316
1.65928
1.65637
1.65156
1.64751
1.64336
1.63902
1.63549
1.63082
1.62729
1.62244
1.61849
1.61371
1.60923
1.60453
1.59968
1.59529
1.59097
1.58742
1.58445
1.58257
1.97999
1.97934
1.97426
1.96285
1.95408
1.94934
1.95686
1.97291
2.00353
2.07065
2.16715
2.29059
2.34138
2.3386
2.31973
2.29015
2.25541
2.22507
2.19853
2.17491
2.15249
2.13048
2.10837
2.08596
2.06345
2.04101
2.01861
1.99644
1.97436
1.95239
1.9302
1.90786
1.88538
1.86297
1.84115
1.82018
1.80007
1.78072
1.76219
1.74449
1.72754
1.71109
1.69516
1.67934
1.66398
1.64867
1.63391
1.6195
1.60567
1.59279
1.5806
1.56959
1.55884
1.54883
1.54
1.5317
1.5251
1.52092
1.51752
1.51844
1.52077
1.52721
1.5407
1.56301
1.59425
1.63391
1.66262
1.67229
1.671
1.66765
1.66426
1.65967
1.65485
1.65166
1.65043
1.65007
1.65013
1.65016
1.64983
1.64903
1.64708
1.64512
1.64177
1.63835
1.63471
1.63042
1.62705
1.62261
1.61915
1.61439
1.61025
1.60548
1.60087
1.59645
1.59202
1.58833
1.58475
1.58226
1.57998
1.57879
1.90851
1.95721
1.96573
1.96334
1.95976
1.9634
1.97671
2.00674
2.07474
2.17661
2.30124
2.35241
2.35053
2.33517
2.30188
2.2686
2.23894
2.21358
2.1902
2.16846
2.14735
2.12651
2.10493
2.0824
2.05939
2.03648
2.01384
1.9914
1.9689
1.94624
1.9236
1.90106
1.87895
1.85739
1.83641
1.81605
1.79632
1.7776
1.75969
1.74263
1.72619
1.71013
1.69444
1.67873
1.66334
1.64788
1.63272
1.61789
1.60337
1.58971
1.57656
1.5645
1.55331
1.54264
1.53278
1.52314
1.51425
1.50626
1.4988
1.49462
1.49045
1.49109
1.49313
1.49963
1.51405
1.53536
1.57188
1.6142
1.64001
1.6508
1.65087
1.6493
1.64629
1.64174
1.63766
1.63564
1.63434
1.63356
1.63322
1.63297
1.63238
1.6315
1.62965
1.62742
1.62483
1.62161
1.61861
1.61461
1.61133
1.60707
1.60344
1.59903
1.59512
1.59134
1.58793
1.58595
1.5832
1.58209
1.58193
1.58158
1.71577
1.92282
1.94708
1.95559
1.96513
1.9803
2.01285
2.08525
2.19345
2.31613
2.3618
2.35984
2.34712
2.31379
2.27648
2.24808
2.22392
2.20315
2.18308
2.16374
2.14345
2.12194
2.09899
2.07536
2.05169
2.0284
2.00562
1.98326
1.96128
1.9395
1.91786
1.89627
1.87486
1.85384
1.83334
1.81361
1.79461
1.77646
1.75896
1.74214
1.7258
1.70975
1.694
1.67824
1.66254
1.64687
1.63123
1.61609
1.60118
1.58719
1.57377
1.56116
1.54953
1.53827
1.52806
1.51766
1.50755
1.49807
1.48851
1.48038
1.47228
1.46796
1.46426
1.46489
1.46701
1.47428
1.4899
1.51424
1.55114
1.59499
1.62101
1.63043
1.63154
1.62986
1.62788
1.62374
1.62098
1.61905
1.61752
1.61667
1.61626
1.61601
1.6155
1.61448
1.61319
1.61081
1.60889
1.60579
1.60328
1.59991
1.59697
1.59386
1.59168
1.59003
1.58809
1.58721
1.58711
1.58811
1.59088
1.59216
1.56294
1.84773
1.94216
1.95507
1.97406
2.01601
2.10346
2.2268
2.34157
2.37886
2.3754
2.36306
2.33336
2.29561
2.26658
2.24425
2.22421
2.20542
2.18575
2.16566
2.14389
2.12098
2.09687
2.0725
2.04843
2.02509
2.00256
1.98059
1.95902
1.93765
1.91631
1.89501
1.87385
1.85312
1.83292
1.81344
1.79462
1.77655
1.75915
1.74224
1.7258
1.70957
1.69347
1.67737
1.66111
1.6451
1.62908
1.61381
1.59891
1.58491
1.5716
1.55891
1.54702
1.53539
1.5243
1.51355
1.50265
1.49217
1.48135
1.47141
1.46179
1.45343
1.44589
1.44152
1.43977
1.44073
1.44343
1.45173
1.46829
1.49646
1.53673
1.5757
1.60134
1.61046
1.61203
1.61061
1.60896
1.60637
1.6039
1.60184
1.60037
1.59979
1.59939
1.59907
1.59868
1.5977
1.59678
1.59483
1.5933
1.59153
1.59027
1.59017
1.58951
1.58984
1.59088
1.59281
1.59647
1.60371
1.61616
1.62591
1.30534
1.6169
1.87607
1.94798
2.00083
2.11852
2.26234
2.38595
2.41173
2.40271
2.38539
2.35493
2.32004
2.29139
2.26807
2.24862
2.22871
2.20896
2.18795
2.16654
2.14341
2.11949
2.09447
2.06942
2.04481
2.02138
1.99911
1.97786
1.95707
1.93621
1.91525
1.89418
1.87334
1.85281
1.83285
1.81351
1.7949
1.77692
1.75961
1.74262
1.72587
1.70891
1.69185
1.67467
1.65758
1.64092
1.62477
1.6094
1.59486
1.58103
1.5681
1.55558
1.54365
1.53197
1.52029
1.50897
1.49748
1.48637
1.47519
1.46429
1.4541
1.44419
1.43561
1.42821
1.42166
1.41777
1.41787
1.41899
1.42219
1.43055
1.44854
1.47789
1.52082
1.55767
1.58083
1.58918
1.59189
1.59081
1.59037
1.58965
1.58778
1.58544
1.5845
1.58451
1.5845
1.58426
1.5842
1.58427
1.5845
1.58549
1.58661
1.5882
1.59085
1.59422
1.59889
1.60874
1.62063
1.64321
1.67012
1.69286
1.14659
1.33167
1.71916
1.9104
2.06102
2.27162
2.41766
2.45233
2.43874
2.41798
2.38028
2.34388
2.31241
2.28867
2.26994
2.25291
2.23376
2.21285
2.18937
2.16495
2.13887
2.11264
2.08636
2.06168
2.03857
2.01712
1.99668
1.97674
1.9566
1.93596
1.9148
1.89341
1.87218
1.8514
1.8313
1.81194
1.79331
1.77521
1.75738
1.73961
1.72184
1.70407
1.68638
1.669
1.65201
1.63573
1.62012
1.60536
1.59141
1.5781
1.56551
1.55325
1.54136
1.52961
1.51783
1.5062
1.49451
1.48303
1.47178
1.46072
1.45013
1.43981
1.43042
1.42161
1.41333
1.40719
1.40138
1.39739
1.39805
1.39936
1.40288
1.41128
1.42997
1.46435
1.50681
1.54029
1.56226
1.57135
1.57518
1.57489
1.57535
1.57507
1.5738
1.57205
1.57208
1.57272
1.57464
1.57652
1.57928
1.58363
1.58739
1.59321
1.5995
1.61169
1.62397
1.65122
1.67276
1.71842
1.75537
1.78638
1.07757
1.18141
1.4969
1.84398
2.23673
2.48532
2.50491
2.47537
2.43161
2.38785
2.35383
2.3312
2.31195
2.29531
2.27829
2.26059
2.23944
2.21585
2.18898
2.16121
2.13278
2.10589
2.08068
2.05809
2.03715
2.01738
1.99765
1.9774
1.95632
1.93462
1.91276
1.89111
1.87005
1.84969
1.83012
1.8113
1.79309
1.77531
1.75771
1.74014
1.72251
1.70488
1.68738
1.67026
1.65365
1.6378
1.62274
1.60852
1.59509
1.5822
1.56982
1.5576
1.54553
1.53348
1.52136
1.50938
1.49737
1.48564
1.47416
1.46301
1.45234
1.44202
1.43221
1.42296
1.41394
1.40602
1.39779
1.39131
1.38645
1.3818
1.38269
1.38422
1.38834
1.39856
1.41869
1.45465
1.49803
1.53003
1.54982
1.55977
1.56361
1.56354
1.56441
1.56471
1.56531
1.56682
1.57041
1.57507
1.58017
1.58885
1.59687
1.61327
1.62766
1.65683
1.68416
1.7232
1.76607
1.80436
1.83293
1.84156
1.04536
1.13747
1.37629
1.94276
2.4781
2.68285
2.62346
2.55867
2.5006
2.45961
2.42947
2.40265
2.37491
2.34738
2.31955
2.29256
2.26405
2.23474
2.20354
2.17304
2.14356
2.11693
2.09189
2.06885
2.04654
2.02516
2.00404
1.9833
1.96298
1.94313
1.92382
1.90482
1.88616
1.86758
1.84903
1.83032
1.81144
1.79235
1.77321
1.75411
1.73526
1.71684
1.69902
1.68199
1.66583
1.65058
1.63617
1.62241
1.60916
1.59613
1.58322
1.57033
1.55739
1.54454
1.53176
1.51919
1.50701
1.49502
1.48368
1.47257
1.46201
1.45174
1.44173
1.43215
1.42257
1.41354
1.40453
1.39619
1.38854
1.38081
1.3768
1.37291
1.37326
1.37492
1.38045
1.39402
1.41656
1.45229
1.49769
1.52879
1.54437
1.55426
1.55932
1.56241
1.56427
1.56867
1.5737
1.58353
1.59337
1.61321
1.63078
1.66221
1.69443
1.73224
1.77912
1.80917
1.82911
1.83446
1.83259
1.83043
1.04332
1.13468
1.37213
2.06704
2.67664
2.7957
2.76489
2.702
2.65138
2.62209
2.59449
2.55965
2.51714
2.47396
2.43219
2.39348
2.35581
2.32035
2.28538
2.25278
2.22035
2.19027
2.16127
2.13494
2.11058
2.08911
2.06915
2.05001
2.03045
2.00969
1.98775
1.96486
1.9416
1.91801
1.89448
1.87126
1.8486
1.8267
1.80567
1.78563
1.76659
1.74857
1.73146
1.71516
1.69947
1.68418
1.66909
1.65411
1.63907
1.62414
1.6092
1.5945
1.58006
1.56601
1.55248
1.53938
1.52693
1.51482
1.50323
1.49205
1.48095
1.4704
1.45967
1.44932
1.4391
1.4289
1.41924
1.40967
1.40068
1.39217
1.38516
1.37809
1.37362
1.37291
1.37367
1.37537
1.38205
1.39759
1.42884
1.46254
1.5027
1.53956
1.55437
1.56574
1.57592
1.58608
1.59878
1.61868
1.64108
1.67342
1.70716
1.75224
1.79536
1.82088
1.83956
1.83751
1.83165
1.82612
1.81673
1.81008
1.0566
1.14307
1.37586
2.0919
2.73898
2.80852
2.79517
2.77084
2.76292
2.75084
2.72043
2.66732
2.61003
2.55769
2.51016
2.46824
2.42927
2.39491
2.36392
2.33812
2.3158
2.29752
2.28027
2.26381
2.24453
2.22224
2.19578
2.16655
2.13523
2.10315
2.07112
2.03955
2.00913
1.98039
1.95362
1.92892
1.906
1.88474
1.86467
1.8456
1.82714
1.80916
1.79151
1.77412
1.75702
1.7402
1.72369
1.70751
1.69161
1.67589
1.66041
1.64476
1.62933
1.61355
1.59794
1.58213
1.56652
1.55106
1.53603
1.52143
1.50761
1.4943
1.48204
1.47019
1.45946
1.44907
1.43952
1.43057
1.42177
1.41399
1.4063
1.3991
1.39265
1.38814
1.38373
1.38397
1.38546
1.3886
1.39774
1.41868
1.44497
1.49788
1.53373
1.57077
1.60946
1.63025
1.66106
1.69944
1.73372
1.77436
1.80789
1.83008
1.84471
1.84382
1.84088
1.83592
1.83002
1.8232
1.81711
1.81471
1.0441
1.13737
1.38432
2.11301
2.76144
2.80246
2.79841
2.79643
2.7961
2.78038
2.73374
2.68441
2.641
2.60505
2.57507
2.55227
2.53316
2.51668
2.49824
2.4775
2.45134
2.42137
2.3861
2.34859
2.30878
2.26966
2.23125
2.19545
2.16203
2.13167
2.10403
2.07895
2.05598
2.03476
2.01479
1.99588
1.97755
1.95973
1.9421
1.92455
1.90696
1.88912
1.87104
1.85248
1.83351
1.814
1.79405
1.77368
1.75309
1.7323
1.71179
1.69138
1.67174
1.65262
1.63452
1.61737
1.60128
1.58634
1.57245
1.55953
1.54772
1.53646
1.52616
1.51618
1.50658
1.49737
1.48791
1.47886
1.46936
1.4601
1.45073
1.44157
1.43272
1.42425
1.4181
1.41258
1.4119
1.41299
1.41573
1.42498
1.44326
1.48515
1.52908
1.58004
1.69029
1.72987
1.79325
1.85053
1.87121
1.88764
1.88619
1.88066
1.87336
1.86653
1.85974
1.85536
1.8548
1.85502
1.85553
1.85493
)
;

boundaryField
{
    inlet
    {
        type            fixedValue;
        value           uniform 1;
    }
    outlet
    {
        type            zeroGradient;
    }
    bottom
    {
        type            symmetryPlane;
    }
    top
    {
        type            symmetryPlane;
    }
    obstacle
    {
        type            zeroGradient;
    }
    defaultFaces
    {
        type            empty;
    }
}


// ************************************************************************* //
