/*--------------------------------*- C++ -*----------------------------------*\
| =========                 |                                                 |
| \\      /  F ield         | OpenFOAM: The Open Source CFD Toolbox           |
|  \\    /   O peration     | Version:  2112                                  |
|   \\  /    A nd           | Website:  www.openfoam.com                      |
|    \\/     M anipulation  |                                                 |
\*---------------------------------------------------------------------------*/
FoamFile
{
    version     2.0;
    format      ascii;
    arch        "LSB;label=32;scalar=64";
    class       volScalarField;
    location    "4.5";
    object      p;
}
// * * * * * * * * * * * * * * * * * * * * * * * * * * * * * * * * * * * * * //

dimensions      [0 2 -2 0 0 0 0];

internalField   nonuniform List<scalar> 
8800
(
0.586151
0.538839
0.500912
0.472787
0.452856
0.438968
0.429252
0.422514
0.418201
0.416261
0.417145
0.420571
0.426258
0.434505
0.446191
0.462872
0.48668
0.51974
0.561491
0.620062
0.416158
0.424292
0.433273
0.437662
0.437358
0.433562
0.428198
0.42291
0.41859
0.415741
0.415203
0.417395
0.421284
0.426335
0.431917
0.436813
0.439098
0.437227
0.430337
0.420499
0.396277
0.402911
0.408315
0.412148
0.414474
0.415366
0.414805
0.413337
0.411779
0.411067
0.411503
0.413075
0.414969
0.416273
0.416258
0.414705
0.41171
0.407047
0.40119
0.397574
0.399035
0.401115
0.404247
0.406956
0.409002
0.409915
0.410104
0.40972
0.409064
0.408663
0.409116
0.410077
0.410887
0.411169
0.410798
0.409408
0.407098
0.404084
0.401338
0.400497
0.39856
0.398903
0.399635
0.40052
0.401476
0.402471
0.403199
0.403548
0.40365
0.403763
0.404094
0.404457
0.404582
0.404272
0.403523
0.402612
0.401765
0.400949
0.40044
0.400298
0.395592
0.395803
0.396246
0.396801
0.397383
0.397931
0.398392
0.39874
0.398987
0.399237
0.399576
0.39987
0.399971
0.39984
0.399516
0.399061
0.398553
0.398074
0.397758
0.397673
0.391731
0.391815
0.391995
0.392268
0.392623
0.393046
0.393498
0.393937
0.394349
0.394763
0.39515
0.395399
0.395455
0.395342
0.395125
0.394877
0.39465
0.394468
0.394363
0.394327
0.387345
0.387399
0.387514
0.387687
0.387919
0.388217
0.388578
0.388998
0.389468
0.389987
0.390469
0.390796
0.390954
0.390982
0.390933
0.390849
0.390757
0.390675
0.390621
0.390599
0.382729
0.382761
0.382841
0.382969
0.383156
0.383416
0.383763
0.384205
0.384753
0.38539
0.386004
0.386445
0.386709
0.386842
0.386892
0.386896
0.386878
0.386852
0.386831
0.386818
0.377897
0.37792
0.377984
0.378093
0.378263
0.378515
0.378873
0.379361
0.380002
0.380789
0.381574
0.38217
0.382561
0.382805
0.382946
0.38302
0.383054
0.383064
0.383063
0.383055
0.37285
0.37287
0.372932
0.373042
0.37322
0.373493
0.373896
0.374467
0.375237
0.376217
0.377217
0.377995
0.378543
0.378901
0.379127
0.379263
0.379338
0.379375
0.379388
0.379382
0.367576
0.367594
0.367661
0.367784
0.367988
0.368308
0.368787
0.369478
0.370426
0.371656
0.372932
0.373948
0.374669
0.375155
0.375469
0.375665
0.37578
0.375841
0.375866
0.375862
0.362034
0.362053
0.362131
0.362277
0.362523
0.362912
0.363502
0.364358
0.365546
0.367099
0.368725
0.370029
0.370962
0.371599
0.372017
0.372279
0.372436
0.372522
0.372558
0.372555
0.356158
0.35618
0.356276
0.356457
0.356763
0.357249
0.357988
0.359066
0.360567
0.362535
0.364603
0.366267
0.367462
0.368282
0.368822
0.369164
0.369369
0.369483
0.369532
0.369528
0.349864
0.34989
0.350011
0.350241
0.350628
0.351244
0.352182
0.353551
0.355458
0.357959
0.360587
0.362703
0.364224
0.365269
0.365958
0.366395
0.366658
0.366805
0.366869
0.366864
0.343036
0.34307
0.343225
0.343519
0.344014
0.344803
0.346003
0.347751
0.350182
0.353365
0.356702
0.359385
0.361312
0.362636
0.36351
0.364065
0.364399
0.364586
0.364668
0.364662
0.335521
0.335565
0.335766
0.336146
0.336785
0.337802
0.339345
0.341588
0.344695
0.348749
0.352982
0.356376
0.358812
0.360483
0.361586
0.362286
0.362708
0.362944
0.363047
0.36304
0.327112
0.327171
0.327434
0.327929
0.328762
0.330081
0.332076
0.334965
0.338946
0.344111
0.349475
0.353759
0.356827
0.35893
0.360318
0.361198
0.361729
0.362026
0.362155
0.362146
0.317533
0.317612
0.31796
0.318613
0.319707
0.321432
0.324028
0.327764
0.332876
0.339456
0.346241
0.351634
0.355489
0.358129
0.35987
0.360975
0.361641
0.362012
0.362173
0.362161
0.306398
0.306509
0.306977
0.30785
0.309302
0.311581
0.314986
0.319842
0.326422
0.334798
0.343356
0.350122
0.354949
0.358256
0.360438
0.361823
0.362658
0.363124
0.363327
0.363311
0.293173
0.29333
0.293972
0.29516
0.297122
0.300173
0.304683
0.311035
0.31952
0.330166
0.340915
0.349367
0.355391
0.359522
0.362256
0.363995
0.365045
0.365632
0.365886
0.365866
0.277083
0.277316
0.278217
0.279875
0.282586
0.286748
0.292802
0.301173
0.312131
0.325615
0.339035
0.349527
0.357013
0.36217
0.365601
0.367793
0.369124
0.369866
0.370188
0.370163
0.256971
0.257329
0.258636
0.261043
0.264922
0.270747
0.279009
0.290123
0.304269
0.321243
0.337851
0.350766
0.360018
0.366451
0.370779
0.373575
0.375283
0.376237
0.376649
0.37662
0.230947
0.231505
0.233543
0.237286
0.243127
0.251552
0.263031
0.277864
0.296052
0.317209
0.337509
0.353224
0.36457
0.372588
0.378096
0.381733
0.383994
0.385261
0.385802
0.385769
0.195525
0.196505
0.200232
0.206684
0.216022
0.228614
0.244772
0.264552
0.28771
0.313704
0.338123
0.356959
0.370717
0.380672
0.387748
0.392626
0.395802
0.397655
0.398457
0.398411
0.143721
0.146682
0.15505
0.167227
0.182771
0.201865
0.224549
0.250586
0.279556
0.310879
0.339679
0.361835
0.378248
0.390476
0.399575
0.406275
0.411081
0.414273
0.415904
0.415883
0.0633279
0.0781656
0.097783
0.120266
0.145224
0.17304
0.203619
0.236695
0.271913
0.308838
0.342246
0.36801
0.387474
0.402495
0.414304
0.423732
0.431356
0.437447
0.4421
0.443585
-0.0220468
0.00930088
0.0410621
0.0741307
0.108864
0.145318
0.183536
0.223423
0.264784
0.307443
0.345895
0.375836
0.398912
0.417256
0.432225
0.444751
0.455402
0.464824
0.47434
0.476497
-0.0805056
-0.0469422
-0.00756679
0.0336835
0.0763367
0.120308
0.165419
0.211473
0.258305
0.305878
0.348397
0.38145
0.40697
0.427262
0.443726
0.457291
0.468613
0.478175
0.486404
0.488483
-0.123185
-0.087533
-0.0441331
0.00194353
0.0499338
0.0993684
0.14976
0.200705
0.251914
0.303349
0.348931
0.384153
0.411148
0.43238
0.449372
0.463152
0.474487
0.483927
0.491915
0.494071
-0.153624
-0.11755
-0.0716762
-0.022409
0.0291653
0.0824845
0.136848
0.191557
0.246111
0.300405
0.348145
0.384803
0.412705
0.434465
0.451705
0.465544
0.476791
0.486051
0.493663
0.495803
-0.176983
-0.140547
-0.0930979
-0.0415673
0.0127516
0.0690551
0.12639
0.183851
0.240749
0.296922
0.346049
0.383678
0.41223
0.43437
0.451786
0.465649
0.476835
0.485962
0.493298
0.495436
-0.195872
-0.158837
-0.110034
-0.056825
-0.000407066
0.0581826
0.117788
0.177238
0.235649
0.29286
0.342751
0.381076
0.410205
0.432755
0.450407
0.464358
0.475536
0.484567
0.491694
0.493842
-0.21146
-0.173818
-0.123848
-0.069072
-0.0109261
0.0494807
0.110795
0.171583
0.23075
0.288188
0.338275
0.377136
0.406941
0.430071
0.448122
0.462297
0.473555
0.48257
0.489568
0.491743
-0.224559
-0.186319
-0.135177
-0.0790812
-0.0194214
0.0425146
0.105147
0.166747
0.225987
0.282829
0.332534
0.371862
0.402588
0.42663
0.44537
0.459985
0.471466
0.480556
0.487472
0.48966
-0.235957
-0.196944
-0.144797
-0.0873351
-0.0262937
0.0369793
0.100654
0.16266
0.221326
0.276713
0.32536
0.36512
0.397172
0.422644
0.442525
0.457905
0.469818
0.479109
0.486036
0.488266
-0.245905
-0.206204
-0.152941
-0.0942306
-0.0318612
0.0326567
0.0971986
0.159286
0.216789
0.269778
0.316512
0.356625
0.390577
0.418244
0.439934
0.456563
0.469229
0.478909
0.48594
0.488223
-0.254968
-0.214347
-0.160017
-0.10007
-0.0363847
0.0293429
0.0946767
0.15664
0.212457
0.261986
0.30569
0.345944
0.382534
0.413467
0.437927
0.456504
0.470371
0.480702
0.487983
0.49036
-0.263282
-0.221857
-0.166318
-0.105099
-0.0400675
0.0268813
0.093013
0.154742
0.208441
0.253389
0.292569
0.332483
0.372591
0.408232
0.436816
0.458337
0.474029
0.485368
0.493087
0.495545
-0.271064
-0.228819
-0.172087
-0.109538
-0.0431061
0.0251428
0.0921283
0.15364
0.204919
0.244111
0.276832
0.31545
0.36005
0.402332
0.436921
0.462755
0.481141
0.493902
0.502297
0.504868
-0.278653
-0.23538
-0.177465
-0.113557
-0.0456754
0.0239763
0.0919545
0.153351
0.202074
0.234389
0.258229
0.293904
0.343968
0.395437
0.438506
0.470484
0.492719
0.507607
0.516778
0.519727
-0.28626
-0.241772
-0.18262
-0.117304
-0.0479162
0.0232394
0.0924015
0.153902
0.200092
0.224536
0.236607
0.266693
0.323076
0.387008
0.441712
0.482161
0.509764
0.527591
0.538116
0.541425
-0.293777
-0.248101
-0.187669
-0.120914
-0.049951
0.022801
0.0933354
0.155268
0.199169
0.215
0.211946
0.232535
0.295926
0.375927
0.446633
0.498703
0.533495
0.555281
0.567464
0.570533
-0.301278
-0.254449
-0.192691
-0.124477
-0.0519063
0.0225428
0.0946492
0.157377
0.199454
0.206284
0.184424
0.190296
0.259924
0.361039
0.453338
0.520925
0.565095
0.591497
0.605101
0.607663
-0.309007
-0.260862
-0.197751
-0.128062
-0.0538683
0.0223445
0.0962313
0.160143
0.201017
0.198913
0.154518
0.138719
0.211898
0.340406
0.461738
0.55023
0.606512
0.638212
0.65149
0.651677
-0.316766
-0.267353
-0.202844
-0.131702
-0.0559084
0.0221148
0.097934
0.163446
0.203861
0.193381
0.122885
0.0755401
0.147769
0.311748
0.471893
0.584717
0.655781
0.69629
0.707954
0.699202
-0.324782
-0.273931
-0.207957
-0.135425
-0.0580946
0.0217853
0.0996843
0.167191
0.208024
0.190037
0.0901634
-0.00258241
0.0586094
0.270348
0.485683
0.627448
0.710808
0.764743
0.78569
0.761449
-0.332981
-0.280522
-0.213085
-0.139338
-0.0605415
0.021245
0.101372
0.171352
0.213635
0.18941
0.0553243
-0.105635
-0.0782515
0.200329
0.492121
0.66428
0.743537
0.778678
0.792659
0.746417
-0.341052
-0.286839
-0.218023
-0.143394
-0.0631655
0.0205539
0.102874
0.1758
0.220603
0.192293
0.0203065
-0.24141
-0.292787
0.0694898
0.492489
0.68089
0.74188
0.725968
0.635221
0.570035
-0.348007
-0.292215
-0.222263
-0.146998
-0.0654131
0.0200428
0.104306
0.180505
0.228901
0.199264
-0.0109331
-0.430523
-0.677408
-0.19132
0.426151
0.641952
0.665143
0.585194
0.456691
0.375889
-0.423289
-0.294134
-0.227221
-0.151108
-0.0685197
0.0184997
0.105675
0.185271
0.239178
0.212282
-0.0325554
-0.677207
-1.29016
-0.640248
0.214401
0.447488
0.398803
0.313016
0.194209
0.127847
-0.31682
-0.297658
-0.234636
-0.157661
-0.073474
0.0161738
0.106406
0.191266
0.252537
0.236026
-0.0309906
-1.05768
-2.52467
-1.51406
-0.458861
-0.295595
-0.255177
-0.258806
-0.326623
-0.198329
-0.353972
-0.308485
-0.24195
-0.164543
-0.0788438
0.0125535
0.105941
0.194861
0.263671
0.262013
-0.00691626
-1.19962
-2.82771
-1.99449
-1.01842
-0.769987
-0.70158
-0.691285
-0.763365
-0.584993
-0.375259
-0.323256
-0.252821
-0.17352
-0.0859996
0.00749524
0.10381
0.196884
0.273292
0.287036
0.0378235
-1.13584
-2.69517
-2.03761
-1.38848
-1.14799
-1.13405
-1.14766
-1.26598
-1.05478
-0.396574
-0.338835
-0.264924
-0.183
-0.0934117
0.00224754
0.101219
0.198417
0.282002
0.312827
0.114447
-0.873709
-2.12958
-1.75861
-1.43432
-1.38312
-1.49657
-1.61509
-1.81869
-1.69127
-0.416174
-0.354913
-0.277975
-0.193473
-0.101648
-0.00384156
0.0978261
0.198815
0.289282
0.337974
0.20113
-0.513251
-1.39967
-1.33628
-1.35983
-1.51908
-1.76275
-2.02505
-2.36206
-2.69906
-0.435028
-0.37173
-0.292373
-0.205415
-0.111341
-0.0112502
0.0930358
0.197448
0.294628
0.359053
0.28276
-0.170555
-0.775509
-0.966835
-1.2152
-1.55841
-1.93041
-2.20894
-2.32467
-2.62796
-0.454315
-0.389685
-0.308351
-0.219146
-0.122862
-0.0204324
0.0862766
0.194283
0.29694
0.375557
0.354874
0.106084
-0.288067
-0.630341
-1.06238
-1.54451
-2.03742
-2.19537
-2.16539
-2.24369
-0.474813
-0.40913
-0.326075
-0.234826
-0.136368
-0.0317435
0.077471
0.188426
0.296132
0.38722
0.408898
0.290896
0.0226159
-0.367591
-0.892672
-1.53551
-2.26146
-2.47142
-2.29266
-2.35763
-0.49722
-0.430467
-0.345787
-0.252539
-0.152022
-0.0452284
0.0662629
0.17991
0.291616
0.391728
0.443993
0.399806
0.206925
-0.161663
-0.705263
-1.5008
-2.5423
-3.25936
-3.02815
-2.82087
-0.522162
-0.45411
-0.367719
-0.272511
-0.16993
-0.061063
0.0524165
0.1684
0.283686
0.39128
0.462306
0.458255
0.323815
0.0293082
-0.44566
-1.19284
-2.10513
-2.69822
-2.59612
-2.3849
-0.549841
-0.480365
-0.392098
-0.294864
-0.190277
-0.0794208
0.0362603
0.154561
0.272688
0.385396
0.468468
0.489375
0.410232
0.217872
-0.0840627
-0.503943
-0.893991
-1.10186
-1.09021
-1.0281
-0.580159
-0.509268
-0.418996
-0.319636
-0.212855
-0.0998798
0.0176766
0.137952
0.258846
0.376431
0.469355
0.51198
0.486862
0.402881
0.280219
0.141708
0.0546767
0.0399718
0.0727755
0.0889302
-0.613231
-0.540781
-0.448207
-0.346618
-0.237704
-0.122665
-0.00294203
0.119721
0.243197
0.365528
0.468071
0.531354
0.55199
0.544237
0.530205
0.523809
0.546465
0.590748
0.624555
0.628214
-0.648664
-0.574615
-0.479583
-0.375612
-0.264272
-0.146846
-0.0248933
0.0999986
0.226244
0.353883
0.466018
0.547529
0.601452
0.640108
0.677772
0.722409
0.774545
0.825392
0.858496
0.866044
-0.685742
-0.609764
-0.512298
-0.405757
-0.291933
-0.172092
-0.0477792
0.0795849
0.20927
0.342384
0.463685
0.559532
0.634708
0.69806
0.756687
0.813318
0.866943
0.912712
0.942228
0.9493
-0.723194
-0.645727
-0.545645
-0.436409
-0.319853
-0.197465
-0.0706564
0.0594671
0.193067
0.33128
0.460806
0.567139
0.654004
0.727889
0.792203
0.848465
0.896829
0.9363
0.963038
0.970165
-0.760124
-0.68062
-0.578181
-0.466045
-0.346815
-0.221941
-0.0925193
0.0405757
0.177809
0.321273
0.457071
0.570076
0.662848
0.740206
0.804938
0.858831
0.903219
0.938949
0.96339
0.970819
-0.79382
-0.712668
-0.607928
-0.493137
-0.371425
-0.244124
-0.112204
0.0236246
0.164015
0.311593
0.452212
0.568812
0.663821
0.741703
0.805499
0.857593
0.899898
0.934051
0.957063
0.964605
-0.820688
-0.739253
-0.63236
-0.515369
-0.391685
-0.262434
-0.128671
0.00909205
0.151719
0.301987
0.444648
0.56279
0.657978
0.735168
0.79776
0.848448
0.88945
0.922404
0.944569
0.952109
-0.836934
-0.75651
-0.648481
-0.530222
-0.405322
-0.275241
-0.140915
-0.00256812
0.140726
0.291679
0.434294
0.5519
0.645839
0.721636
0.782844
0.8323
0.872278
0.904359
0.926045
0.933735
-0.839056
-0.759664
-0.652677
-0.53455
-0.410164
-0.280961
-0.147761
-0.0109106
0.130882
0.280029
0.420366
0.53552
0.627124
0.700923
0.760562
0.808827
0.847924
0.879315
0.900789
0.908634
-0.820429
-0.745333
-0.640644
-0.524628
-0.403237
-0.27758
-0.148153
-0.0161525
0.122032
0.266559
0.402047
0.512664
0.600674
0.671733
0.729447
0.77641
0.81475
0.84533
0.866806
0.874725
-0.7737
-0.704769
-0.606113
-0.496263
-0.381598
-0.26309
-0.141164
-0.0157398
0.11437
0.250879
0.378445
0.482124
0.564735
0.631761
0.686653
0.731698
0.768685
0.798766
0.820568
0.828597
-0.691998
-0.632221
-0.543881
-0.445459
-0.342397
-0.235714
-0.125309
-0.0109864
0.107988
0.232908
0.349171
0.443027
0.517531
0.578055
0.628055
0.669533
0.703665
0.731581
0.753575
0.76168
-0.568372
-0.523921
-0.450521
-0.36935
-0.284218
-0.194478
-0.100138
-0.00100487
0.103231
0.213096
0.314789
0.395692
0.458726
0.508884
0.549643
0.583479
0.611205
0.63269
0.648011
0.653662
-0.381286
-0.360426
-0.318273
-0.266603
-0.207319
-0.140759
-0.0670068
0.0138551
0.101663
0.196147
0.284341
0.354132
0.407548
0.448821
0.480588
0.5047
0.523509
0.539161
0.551309
0.555028
-0.201959
-0.19647
-0.18043
-0.156334
-0.123361
-0.0809495
-0.0287709
0.0330259
0.103951
0.183085
0.258096
0.317194
0.361466
0.394337
0.418622
0.436487
0.448982
0.456694
0.460821
0.461892
-0.0850471
-0.0839191
-0.078821
-0.0682713
-0.0512207
-0.0259527
0.00884778
0.0538532
0.10893
0.173118
0.235413
0.28453
0.320704
0.346799
0.364927
0.376766
0.384048
0.388334
0.390388
0.390706
-0.016942
-0.0174436
-0.0163673
-0.011403
-0.00132059
0.0151145
0.039175
0.0720295
0.114252
0.165336
0.215914
0.255829
0.284775
0.305028
0.318701
0.327606
0.333003
0.335787
0.336791
0.336918
0.022377
0.0222967
0.0231169
0.0261155
0.032457
0.0435256
0.0606902
0.0851064
0.117521
0.157814
0.198391
0.230528
0.253712
0.269824
0.280556
0.287299
0.291225
0.293273
0.294123
0.294274
0.0482715
0.0483798
0.0491667
0.0514526
0.0560441
0.0639546
0.0763956
0.0945936
0.119444
0.151054
0.183338
0.208994
0.227408
0.240049
0.248353
0.253558
0.256617
0.258229
0.258904
0.259029
0.0653671
0.0655232
0.0662192
0.0679828
0.0714194
0.0773224
0.0866497
0.100431
0.119537
0.144238
0.169759
0.190116
0.204702
0.21469
0.22124
0.22533
0.227724
0.228988
0.229524
0.229623
0.0764912
0.0766546
0.0772597
0.0786616
0.0813008
0.0857776
0.0928532
0.103383
0.118132
0.137418
0.157522
0.173614
0.18514
0.193015
0.198163
0.201373
0.203254
0.204251
0.204676
0.204753
0.0832727
0.0834137
0.0839075
0.08501
0.0870535
0.0904951
0.0959227
0.104021
0.115438
0.130487
0.146279
0.15896
0.168048
0.174252
0.178305
0.180831
0.182309
0.183092
0.183424
0.183483
0.0867597
0.0868762
0.087272
0.0881358
0.089721
0.0923785
0.0965665
0.102826
0.111685
0.123428
0.135815
0.145787
0.152938
0.157819
0.161006
0.162991
0.164152
0.164765
0.165024
0.165069
0.0877253
0.0878182
0.0881339
0.0888079
0.0900398
0.0921
0.0953435
0.100197
0.107083
0.116247
0.125951
0.13378
0.139399
0.143235
0.145739
0.147296
0.148204
0.148684
0.148886
0.14892
0.0867509
0.086825
0.0870709
0.0875973
0.0885555
0.0901558
0.0926744
0.0964444
0.101804
0.108957
0.116553
0.122692
0.127101
0.13011
0.132073
0.133293
0.134006
0.13438
0.134536
0.134562
0.0842721
0.0843304
0.0845224
0.0849327
0.0856784
0.0869225
0.0888804
0.0918141
0.0959893
0.101571
0.107512
0.11232
0.115774
0.118133
0.119672
0.120628
0.121185
0.121476
0.121597
0.121617
0.080628
0.0806737
0.0808236
0.0811432
0.0817237
0.0826919
0.0842156
0.0864985
0.0897506
0.0941062
0.0987488
0.102511
0.105217
0.107063
0.108266
0.109013
0.109448
0.109676
0.10977
0.109785
0.0760784
0.0761139
0.0762307
0.0764793
0.0769311
0.0776845
0.0788702
0.0806477
0.083182
0.0865794
0.0902046
0.0931441
0.0952582
0.096702
0.0976428
0.0982257
0.0985641
0.0987409
0.0988137
0.0988252
0.0708256
0.0708531
0.0709438
0.0711372
0.0714885
0.0720744
0.0729962
0.0743788
0.0763517
0.0789985
0.081826
0.0841198
0.0857693
0.0868949
0.087629
0.0880852
0.0883501
0.0884877
0.0885441
0.0885526
0.0650251
0.0650465
0.0651169
0.065267
0.0655395
0.0659941
0.0667106
0.0677858
0.0693196
0.0713782
0.0735796
0.075366
0.0766507
0.077528
0.0780994
0.0784532
0.0786581
0.0787644
0.0788077
0.0788143
0.0588008
0.0588171
0.0588713
0.0589872
0.0591985
0.059551
0.0601055
0.0609375
0.0621265
0.0637242
0.0654326
0.0668201
0.0678193
0.0685013
0.0689442
0.0692177
0.0693758
0.0694577
0.0694906
0.0694955
0.0522463
0.0522588
0.0523006
0.0523898
0.0525519
0.052823
0.0532511
0.0538939
0.0548119
0.056046
0.057366
0.0584383
0.0592094
0.0597345
0.0600766
0.0602889
0.0604114
0.0604745
0.0604999
0.0605038
0.0454381
0.0454474
0.045479
0.0455469
0.0456705
0.0458778
0.0462053
0.0466977
0.0474013
0.0483469
0.0493586
0.0501795
0.0507696
0.0511725
0.0514348
0.0515969
0.0516906
0.0517388
0.0517579
0.0517607
0.038436
0.0384429
0.0384658
0.0385164
0.0386098
0.0387661
0.039013
0.0393844
0.0399155
0.0406303
0.0413963
0.0420191
0.0424675
0.0427734
0.0429718
0.0430934
0.0431629
0.0431984
0.0432121
0.043214
0.0312855
0.0312905
0.0313071
0.031344
0.0314122
0.0315279
0.031711
0.0319863
0.0323797
0.0329092
0.033476
0.0339358
0.0342656
0.0344893
0.0346341
0.0347243
0.0347763
0.0348028
0.0348134
0.0348149
0.0240246
0.0240276
0.0240385
0.0240643
0.0241134
0.0241958
0.0243253
0.0245202
0.0247998
0.025176
0.0255779
0.0259036
0.0261371
0.0262962
0.0263992
0.0264615
0.0264969
0.0265147
0.0265209
0.0265216
0.0166832
0.0166853
0.0166932
0.0167103
0.0167419
0.0167947
0.0168784
0.0170051
0.0171869
0.0174316
0.0176945
0.0179083
0.018063
0.0181678
0.0182349
0.0182753
0.0182972
0.0183069
0.0183098
0.0183104
0.00929019
0.00929149
0.00929594
0.00930525
0.00932161
0.00934979
0.00939472
0.00946241
0.00955886
0.00968817
0.00982838
0.00994165
0.010021
0.010075
0.0101105
0.0101323
0.0101446
0.0101509
0.0101535
0.0101541
0.00185931
0.00185809
0.00185668
0.00185681
0.00185909
0.00186347
0.0018704
0.00188141
0.00189798
0.00192256
0.0019524
0.0019785
0.00199809
0.00201218
0.00202117
0.00202646
0.00202963
0.00203121
0.00203099
0.00202948
-1.22399
-0.880511
-0.500027
-0.184666
0.0770327
0.293171
0.473453
0.627111
0.719687
0.686421
-0.555566
-0.332027
-0.102419
0.0978611
0.269644
0.41423
0.532605
0.620322
0.664325
0.663636
-0.13107
0.00977465
0.153565
0.282641
0.395047
0.489271
0.563158
0.614519
0.643513
0.64986
0.139084
0.22917
0.323691
0.40854
0.48134
0.541686
0.587713
0.621111
0.641953
0.649636
0.319307
0.379565
0.441201
0.496243
0.544671
0.585455
0.617947
0.640262
0.654546
0.660339
0.448994
0.48664
0.527228
0.566561
0.602773
0.633431
0.657162
0.672621
0.681619
0.687917
0.542287
0.570766
0.604517
0.637169
0.665217
0.68828
0.706516
0.719415
0.728421
0.737859
0.613591
0.640142
0.671635
0.700412
0.727582
0.752402
0.773495
0.789158
0.797717
0.809944
0.683028
0.71839
0.756177
0.792025
0.823651
0.849348
0.868883
0.882513
0.890384
0.905234
0.788772
0.831497
0.873873
0.908865
0.937665
0.961271
0.98059
0.995116
1.0047
1.02118
0.934828
0.974286
1.01182
1.0432
1.06946
1.09165
1.10985
1.12398
1.13525
1.15286
1.10836
1.14155
1.16841
1.1912
1.21087
1.22938
1.24712
1.26366
1.27887
1.29659
1.29867
1.3158
1.33098
1.34726
1.3634
1.37794
1.39101
1.40483
1.42243
1.44251
1.48031
1.49003
1.50163
1.51247
1.52178
1.53143
1.54222
1.55356
1.56478
1.5801
1.68702
1.69078
1.67611
1.66165
1.65546
1.66105
1.67955
1.70978
1.74187
1.76848
1.99424
1.85942
1.7826
1.73976
1.72224
1.72642
1.75361
1.81006
1.9129
2.13733
0.476378
0.474672
0.47098
0.463442
0.452274
0.441202
0.431927
0.424797
0.419678
0.416588
0.416015
0.418313
0.422662
0.428952
0.437269
0.447637
0.459111
0.469055
0.474053
0.476534
0.399812
0.405788
0.413653
0.419229
0.422674
0.423358
0.421658
0.418736
0.415805
0.413795
0.413497
0.415056
0.417899
0.421144
0.423742
0.424437
0.422401
0.41781
0.411277
0.40346
0.397117
0.398965
0.403456
0.407522
0.410135
0.411469
0.411953
0.411568
0.410605
0.409708
0.409626
0.410575
0.411885
0.412832
0.412938
0.41214
0.410279
0.407018
0.402479
0.399017
0.399585
0.399906
0.401145
0.402867
0.404497
0.405985
0.406914
0.407195
0.407064
0.40686
0.406968
0.40753
0.40806
0.408241
0.407821
0.406678
0.405188
0.403551
0.402001
0.401222
0.397123
0.397222
0.397618
0.398226
0.398865
0.399502
0.400079
0.400522
0.400779
0.400918
0.401167
0.401539
0.401781
0.401727
0.401412
0.400925
0.400364
0.399781
0.39927
0.399047
0.393785
0.393841
0.394048
0.394405
0.394861
0.395375
0.395889
0.396346
0.396723
0.397059
0.39742
0.397737
0.397893
0.39784
0.397599
0.397242
0.396854
0.3965
0.396235
0.396121
0.389566
0.389593
0.38969
0.389862
0.390098
0.390403
0.39077
0.391181
0.391614
0.392064
0.392523
0.392895
0.393087
0.393116
0.393034
0.392899
0.392756
0.392626
0.392528
0.392483
0.385066
0.385082
0.38515
0.385271
0.385447
0.385688
0.386001
0.386391
0.38686
0.387403
0.387981
0.388454
0.388743
0.38888
0.388915
0.388893
0.388844
0.38879
0.388744
0.38872
0.38034
0.380347
0.380394
0.380486
0.380629
0.38084
0.381137
0.381538
0.382076
0.382717
0.38344
0.384059
0.384476
0.384726
0.384864
0.384929
0.384952
0.384953
0.384944
0.384935
0.375402
0.375408
0.375448
0.375531
0.375667
0.37588
0.376194
0.376641
0.377252
0.378042
0.378953
0.379762
0.380323
0.380704
0.38094
0.38108
0.381157
0.381194
0.381209
0.381209
0.370242
0.370244
0.370287
0.370375
0.370524
0.370761
0.371121
0.371647
0.372382
0.373358
0.374509
0.375548
0.376302
0.376818
0.377156
0.377368
0.377495
0.377565
0.377598
0.377605
0.364843
0.364843
0.36489
0.36499
0.365164
0.365445
0.365879
0.36652
0.367428
0.368649
0.370107
0.371439
0.372421
0.3731
0.373553
0.373842
0.374019
0.37412
0.374171
0.374184
0.359142
0.359142
0.359197
0.359318
0.359531
0.359877
0.360415
0.361215
0.362353
0.363894
0.365745
0.367445
0.368702
0.369581
0.370171
0.370551
0.370785
0.370921
0.37099
0.371009
0.353069
0.353068
0.353137
0.353288
0.353555
0.353991
0.354669
0.35568
0.357122
0.359076
0.361427
0.363591
0.365192
0.366316
0.367071
0.36756
0.367863
0.368039
0.368129
0.368154
0.346525
0.346523
0.34661
0.346803
0.347143
0.347698
0.348562
0.34985
0.351686
0.354173
0.357161
0.359909
0.361942
0.363369
0.364329
0.364951
0.365336
0.365561
0.365677
0.36571
0.339376
0.339373
0.339486
0.339734
0.340171
0.340885
0.341994
0.343644
0.345991
0.349162
0.35296
0.356444
0.359018
0.360822
0.362037
0.362824
0.363311
0.363596
0.363743
0.363784
0.331444
0.33144
0.331588
0.33191
0.332477
0.333401
0.334834
0.336958
0.339969
0.344018
0.348845
0.353254
0.356502
0.358778
0.360308
0.361299
0.361914
0.362273
0.362458
0.362509
0.32249
0.322486
0.322681
0.323105
0.323847
0.325053
0.326914
0.329663
0.333538
0.338714
0.344843
0.350412
0.354503
0.357363
0.359287
0.360531
0.361303
0.361753
0.361985
0.36205
0.312191
0.312187
0.312448
0.313012
0.313994
0.315583
0.318021
0.321598
0.326602
0.333225
0.340997
0.34801
0.353145
0.356733
0.359144
0.360705
0.361672
0.362237
0.362527
0.362608
0.300094
0.300093
0.30045
0.301215
0.302534
0.304652
0.307879
0.312568
0.319053
0.327531
0.337361
0.346161
0.352582
0.357067
0.360085
0.362041
0.363255
0.363964
0.364329
0.364429
0.285553
0.285559
0.286064
0.287128
0.288936
0.29181
0.296138
0.302342
0.310785
0.321633
0.334015
0.344996
0.352989
0.35858
0.362354
0.364808
0.366336
0.367232
0.367694
0.36782
0.267591
0.267615
0.268369
0.269908
0.27246
0.276453
0.282367
0.290671
0.301709
0.315559
0.331059
0.344658
0.354545
0.361495
0.36622
0.369316
0.371257
0.372404
0.373002
0.373166
0.244662
0.244742
0.245962
0.248303
0.252055
0.257793
0.26607
0.277326
0.291794
0.30939
0.328613
0.345281
0.357412
0.36602
0.371955
0.375904
0.378419
0.379935
0.380748
0.380979
0.214205
0.214473
0.216652
0.220456
0.226307
0.234938
0.246832
0.262231
0.281147
0.303289
0.326815
0.346967
0.361683
0.372285
0.37977
0.384898
0.388274
0.390388
0.39158
0.391944
0.171499
0.172321
0.176831
0.183747
0.193696
0.207322
0.224695
0.245723
0.270168
0.297575
0.325849
0.349778
0.367348
0.380263
0.389693
0.396463
0.401194
0.404375
0.406336
0.406947
0.107907
0.110536
0.121354
0.135591
0.15365
0.175395
0.20046
0.228602
0.259483
0.292632
0.325842
0.35363
0.374167
0.3896
0.401306
0.41021
0.416963
0.422085
0.425679
0.426396
0.0294243
0.0358989
0.0564917
0.0828194
0.111481
0.142489
0.175812
0.211349
0.248849
0.288015
0.326646
0.359011
0.383372
0.402276
0.417277
0.429388
0.439315
0.447595
0.453172
0.45531
-0.0489065
-0.0339848
-0.00254624
0.0339531
0.0721667
0.111923
0.153111
0.195618
0.239318
0.284075
0.327752
0.364309
0.392003
0.413758
0.431308
0.445711
0.457614
0.467501
0.474846
0.478762
-0.0997126
-0.0840279
-0.0479191
-0.00542644
0.0393834
0.0857322
0.133235
0.181582
0.230518
0.279893
0.327527
0.367145
0.397063
0.420433
0.43908
0.454136
0.466347
0.476282
0.483625
0.487426
-0.136496
-0.120561
-0.0812434
-0.0351232
0.0137275
0.0645413
0.116658
0.169476
0.222509
0.275508
0.32616
0.367983
0.399335
0.423603
0.442765
0.45808
0.470382
0.480283
0.487667
0.491535
-0.163231
-0.147361
-0.106684
-0.0580811
-0.00624513
0.0478433
0.103388
0.159566
0.215641
0.271218
0.323907
0.367183
0.399479
0.424325
0.443792
0.459221
0.471526
0.481354
0.488769
0.492682
-0.184463
-0.168562
-0.12658
-0.0762112
-0.0221808
0.0344403
0.092627
0.151306
0.209529
0.266773
0.320696
0.364916
0.397912
0.42324
0.44299
0.458546
0.470878
0.480667
0.488119
0.492065
-0.201873
-0.18576
-0.142587
-0.0906872
-0.0348902
0.0237012
0.0839172
0.144434
0.204063
0.262157
0.316568
0.361325
0.394948
0.420831
0.440968
0.456753
0.469193
0.479008
0.486491
0.490479
-0.216409
-0.200016
-0.155749
-0.102496
-0.0451577
0.0150997
0.0769209
0.138758
0.199134
0.257294
0.311456
0.356424
0.390735
0.417395
0.438166
0.454377
0.467066
0.477006
0.484549
0.488632
-0.228785
-0.212133
-0.166734
-0.112264
-0.0535146
0.0081866
0.0713412
0.134104
0.194673
0.252137
0.305262
0.350098
0.385273
0.41311
0.434918
0.451869
0.465016
0.475202
0.482869
0.487031
-0.239621
-0.222564
-0.176151
-0.120435
-0.0603688
0.00267242
0.0669791
0.130385
0.190669
0.246666
0.297833
0.34212
0.378425
0.408044
0.431495
0.449658
0.463586
0.474221
0.482128
0.486445
-0.249287
-0.231804
-0.184332
-0.127376
-0.0660309
-0.00169632
0.0636713
0.12753
0.187149
0.240901
0.289025
0.332142
0.369903
0.402138
0.428115
0.448189
0.463373
0.474734
0.483017
0.487494
-0.258149
-0.240122
-0.191606
-0.13343
-0.0707627
-0.00512607
0.0612911
0.125526
0.18418
0.234941
0.278685
0.319696
0.359225
0.395202
0.424935
0.447923
0.465034
0.477539
0.486411
0.491159
-0.266352
-0.247932
-0.198213
-0.13881
-0.0747933
-0.00780428
0.0597198
0.124344
0.181871
0.228923
0.266742
0.304237
0.345711
0.386862
0.422064
0.449354
0.46933
0.483533
0.493289
0.498423
-0.274219
-0.255227
-0.204379
-0.143698
-0.078287
-0.00989312
0.0588295
0.123951
0.180321
0.223081
0.253169
0.285139
0.328442
0.37653
0.419518
0.452974
0.477103
0.493801
0.504839
0.510421
-0.281823
-0.262277
-0.210266
-0.148264
-0.0814094
-0.0115268
0.0585115
0.124302
0.179645
0.217707
0.238105
0.261748
0.306215
0.363439
0.417188
0.459381
0.489319
0.509469
0.522323
0.528397
-0.28947
-0.269239
-0.216017
-0.152661
-0.0843147
-0.0128558
0.0586525
0.125342
0.179905
0.213113
0.221822
0.233436
0.277565
0.346467
0.414828
0.468934
0.506835
0.531565
0.546688
0.553642
-0.296973
-0.276186
-0.221721
-0.15697
-0.0871036
-0.0140077
0.059114
0.126977
0.181142
0.209602
0.204768
0.199638
0.24053
0.323932
0.411842
0.48214
0.530976
0.561683
0.579688
0.587447
-0.304635
-0.283197
-0.227452
-0.161288
-0.0898766
-0.0150968
0.0597677
0.129099
0.183362
0.207465
0.187566
0.159621
0.193516
0.293303
0.407438
0.499639
0.562704
0.601336
0.622048
0.629658
-0.312398
-0.290277
-0.233237
-0.165644
-0.0926937
-0.0162114
0.06051
0.131574
0.186506
0.206952
0.170963
0.113
0.132473
0.251524
0.401513
0.522395
0.602259
0.650794
0.674047
0.677536
-0.32036
-0.297522
-0.239061
-0.170039
-0.0956077
-0.0174336
0.0612323
0.134281
0.190452
0.208233
0.155756
0.0597302
0.0535409
0.194305
0.391177
0.548945
0.648313
0.709538
0.741326
0.732951
-0.328492
-0.304898
-0.244885
-0.1745
-0.0987001
-0.0188252
0.0618782
0.137178
0.195271
0.211551
0.142113
-0.00361873
-0.0571746
0.10652
0.375191
0.581584
0.697355
0.76166
0.805712
0.815187
-0.336746
-0.312394
-0.250581
-0.179028
-0.10203
-0.0204918
0.0623373
0.140092
0.20082
0.217118
0.131252
-0.0777643
-0.217042
-0.0328382
0.351522
0.596407
0.715803
0.759236
0.74901
0.672557
-0.344504
-0.319472
-0.255887
-0.18379
-0.105702
-0.0226452
0.0624151
0.142876
0.206877
0.225047
0.125144
-0.163487
-0.458042
-0.287976
0.270896
0.594134
0.714363
0.703214
0.614538
0.501099
-0.352473
-0.325588
-0.260112
-0.18876
-0.10957
-0.0250101
0.0617558
0.145391
0.213214
0.235036
0.124942
-0.262956
-0.836226
-0.746281
0.0674129
0.505819
0.574159
0.512494
0.400485
0.27732
-0.309619
-0.292871
-0.232823
-0.156377
-0.0732221
0.0148686
0.104897
0.186238
0.241889
0.215143
-0.0477884
-0.818335
-1.56004
-0.918206
0.0160152
0.260172
0.225866
0.164679
0.071573
0.00509322
-0.33045
-0.31254
-0.269006
-0.197581
-0.117468
-0.0306878
0.0596276
0.147892
0.22279
0.255468
0.144779
-0.402118
-1.58288
-1.80414
-0.663441
-0.0509273
0.00134997
-0.0328884
-0.0756287
-0.184347
-0.343188
-0.321699
-0.273163
-0.200615
-0.119941
-0.0319473
0.0595746
0.150354
0.229588
0.269104
0.163851
-0.465292
-2.05429
-2.42958
-1.16699
-0.601678
-0.500265
-0.469894
-0.490704
-0.584892
-0.360248
-0.339819
-0.282884
-0.208873
-0.12636
-0.0364658
0.0575307
0.151728
0.236174
0.285878
0.2
-0.433056
-2.18098
-2.60365
-1.56081
-1.07027
-0.938256
-0.913525
-0.943792
-1.06405
-0.381584
-0.358917
-0.296074
-0.219311
-0.134617
-0.0427634
0.0537994
0.151307
0.241125
0.301995
0.242588
-0.325371
-1.89818
-2.32279
-1.62734
-1.32483
-1.30063
-1.34567
-1.42423
-1.66671
-0.401551
-0.377253
-0.310163
-0.230452
-0.143412
-0.049483
0.0494767
0.14999
0.245071
0.316928
0.288299
-0.159052
-1.34788
-1.74
-1.44688
-1.42129
-1.53815
-1.75293
-1.92715
-2.47122
-0.420379
-0.395408
-0.325201
-0.242871
-0.15346
-0.0572871
0.0439864
0.147499
0.247618
0.329507
0.331926
0.0246446
-0.764629
-1.15448
-1.19654
-1.40165
-1.69839
-2.01204
-2.30521
-2.94113
-0.439275
-0.414005
-0.341493
-0.25686
-0.1651
-0.0666743
0.0369387
0.143488
0.247926
0.338607
0.36953
0.18931
-0.28177
-0.660697
-0.955806
-1.34134
-1.77489
-2.11884
-2.21414
-2.25086
-0.459258
-0.433656
-0.359325
-0.272647
-0.178684
-0.0780893
0.0279736
0.137172
0.245547
0.344675
0.400179
0.31959
0.0608596
-0.295335
-0.719954
-1.25356
-1.85232
-2.27432
-2.16735
-2.19551
-0.480572
-0.454779
-0.37894
-0.290357
-0.194327
-0.0915311
0.016689
0.128484
0.240678
0.345717
0.420007
0.40654
0.260824
-0.0547141
-0.507807
-1.14898
-1.97162
-2.77618
-2.78818
-2.59923
-0.50413
-0.478001
-0.400629
-0.310185
-0.212131
-0.107276
0.0031613
0.117257
0.231924
0.342423
0.431129
0.457424
0.373138
0.120667
-0.29672
-0.962966
-1.91925
-2.97384
-3.19611
-2.88283
-0.530551
-0.503834
-0.42473
-0.332335
-0.232269
-0.125366
-0.0129668
0.103239
0.220908
0.335502
0.433172
0.481414
0.438599
0.261407
-0.0527451
-0.553806
-1.20636
-1.77294
-1.91054
-1.79257
-0.559723
-0.532319
-0.451369
-0.356955
-0.254854
-0.145826
-0.0312514
0.0870313
0.206652
0.324755
0.429692
0.493621
0.4863
0.390517
0.21753
-0.0189014
-0.260936
-0.407386
-0.437063
-0.407003
-0.591728
-0.563454
-0.480571
-0.383935
-0.279579
-0.168464
-0.0519896
0.0682753
0.1904
0.311988
0.423434
0.501472
0.527757
0.503696
0.452362
0.389024
0.347892
0.356273
0.396686
0.419303
-0.626206
-0.597186
-0.512096
-0.413164
-0.306544
-0.193182
-0.0744185
0.0481133
0.172527
0.297533
0.416024
0.507927
0.562887
0.589175
0.604567
0.625167
0.661055
0.710481
0.755992
0.774743
-0.662575
-0.633296
-0.545528
-0.444047
-0.334896
-0.219135
-0.0980779
0.0266687
0.153789
0.282715
0.408556
0.51303
0.589329
0.647666
0.699031
0.750932
0.805488
0.85916
0.901137
0.919503
-0.700119
-0.670535
-0.580032
-0.475908
-0.364173
-0.245837
-0.12229
0.00494908
0.135161
0.268565
0.401233
0.516117
0.606958
0.682055
0.748014
0.807822
0.862076
0.909558
0.946015
0.964031
-0.737785
-0.707341
-0.61454
-0.507649
-0.393106
-0.272153
-0.146113
-0.01616
0.117289
0.255056
0.394168
0.517157
0.616489
0.699321
0.769539
0.829394
0.87998
0.922137
0.95501
0.972125
-0.773667
-0.742783
-0.647415
-0.537639
-0.420392
-0.296911
-0.168353
-0.0356678
0.100917
0.242696
0.386777
0.515586
0.619561
0.705115
0.775869
0.834306
0.88232
0.921647
0.952793
0.970414
-0.80523
-0.774237
-0.676129
-0.56383
-0.444211
-0.318432
-0.187678
-0.0527002
0.0864341
0.231351
0.378982
0.510764
0.616565
0.702585
0.772675
0.829724
0.876149
0.913889
0.94422
0.961915
-0.828428
-0.798283
-0.697869
-0.583575
-0.462253
-0.334904
-0.202763
-0.066516
0.0740119
0.220558
0.369612
0.502274
0.60786
0.693052
0.761949
0.81772
0.862939
0.899634
0.929541
0.947016
-0.839449
-0.810554
-0.708839
-0.593961
-0.472012
-0.34432
-0.212366
-0.0763418
0.0638045
0.209953
0.358262
0.489601
0.593419
0.676808
0.744138
0.798642
0.84289
0.878835
0.908577
0.925873
-0.833375
-0.806534
-0.705239
-0.591067
-0.470455
-0.344771
-0.21494
-0.0813702
0.0558414
0.19917
0.344114
0.471784
0.572421
0.653142
0.718475
0.771615
0.814995
0.850343
0.879992
0.897167
-0.803023
-0.778858
-0.681267
-0.570478
-0.454197
-0.333487
-0.20907
-0.081202
0.0504269
0.187851
0.326515
0.447985
0.543594
0.62043
0.68296
0.734312
0.776702
0.811738
0.841375
0.858476
-0.742412
-0.721417
-0.630045
-0.526979
-0.419535
-0.30805
-0.193066
-0.0745703
0.0479734
0.175863
0.30479
0.41719
0.505417
0.576394
0.63447
0.682731
0.723505
0.7581
0.787679
0.804965
-0.640033
-0.619922
-0.544254
-0.456325
-0.363486
-0.266639
-0.165741
-0.0607412
0.0487504
0.163481
0.279021
0.379034
0.456811
0.518909
0.56942
0.611218
0.646888
0.678766
0.706936
0.72549
-0.483317
-0.470197
-0.420909
-0.355903
-0.285287
-0.209077
-0.127292
-0.039772
0.0534953
0.152552
0.25267
0.338579
0.404104
0.455091
0.495402
0.527389
0.552441
0.572143
0.589105
0.601788
-0.285078
-0.282029
-0.261764
-0.229594
-0.18879
-0.139118
-0.0806859
-0.0136517
0.0617277
0.144964
0.231075
0.305361
0.361452
0.403936
0.4359
0.45979
0.47793
0.491795
0.501111
0.50563
-0.136003
-0.135523
-0.129307
-0.116964
-0.0975571
-0.0696406
-0.0319961
0.0158452
0.0737542
0.141051
0.212775
0.275169
0.321732
0.356109
0.381163
0.398974
0.410779
0.417907
0.421917
0.423759
-0.0456331
-0.0461359
-0.0454658
-0.0407822
-0.030852
-0.0144878
0.00974083
0.0431839
0.0865224
0.139533
0.197949
0.249369
0.287426
0.314808
0.333769
0.346312
0.354291
0.359062
0.361401
0.362041
0.00509617
0.00482472
0.00477609
0.00679594
0.0123816
0.0229108
0.0396767
0.0638826
0.0965027
0.137836
0.184557
0.226087
0.256685
0.278409
0.29332
0.303156
0.309213
0.31255
0.314081
0.314534
0.0366722
0.0366194
0.0369282
0.0385431
0.0423829
0.0495126
0.0612401
0.0789049
0.103576
0.135729
0.172839
0.206139
0.230651
0.247923
0.259578
0.267067
0.271615
0.27417
0.275408
0.275813
0.0577364
0.0577486
0.0580985
0.059381
0.0622603
0.0675332
0.0761825
0.0893292
0.108044
0.132965
0.162222
0.188687
0.208154
0.221792
0.230943
0.23682
0.240391
0.24239
0.243357
0.243677
0.0715618
0.071597
0.0719556
0.0730138
0.0752265
0.0791934
0.085697
0.0956576
0.109992
0.129328
0.152314
0.173252
0.188671
0.199455
0.206672
0.211287
0.214085
0.215655
0.216422
0.216678
0.0803575
0.0803956
0.0807111
0.0815664
0.0832932
0.086341
0.0913061
0.0989193
0.109948
0.124965
0.142985
0.159488
0.171659
0.180164
0.185845
0.189476
0.191675
0.19291
0.193512
0.193713
0.085377
0.0854109
0.085671
0.0863496
0.0876943
0.0900476
0.0938698
0.0997331
0.108258
0.119936
0.134041
0.147019
0.156603
0.163301
0.167773
0.170629
0.172358
0.173328
0.1738
0.173955
0.0875193
0.0875475
0.08776
0.0882926
0.0893397
0.0911637
0.094119
0.0986545
0.105263
0.114353
0.125388
0.135575
0.143109
0.148377
0.151893
0.154136
0.155492
0.156251
0.15662
0.156741
0.0874519
0.0874751
0.0876424
0.0880605
0.0888762
0.0902926
0.0925855
0.0961036
0.101238
0.10832
0.116946
0.124933
0.130847
0.134982
0.137742
0.139503
0.140567
0.141161
0.141448
0.141541
0.0856773
0.0856957
0.0858263
0.0861525
0.0867877
0.0878892
0.0896707
0.092405
0.0963997
0.10192
0.108662
0.114917
0.119554
0.122797
0.12496
0.12634
0.127172
0.127637
0.127861
0.127933
0.0825782
0.0825928
0.0826954
0.0829503
0.083445
0.0843016
0.0856872
0.0878146
0.0909248
0.0952284
0.100495
0.105388
0.109018
0.111559
0.113254
0.114335
0.114986
0.115348
0.115521
0.115576
0.0784531
0.0784644
0.0785441
0.0787423
0.0791273
0.0797946
0.0808731
0.0825287
0.0849505
0.0883056
0.092417
0.096242
0.0990821
0.10107
0.102395
0.103239
0.103747
0.10403
0.104166
0.104209
0.0735295
0.0735382
0.0736005
0.0737549
0.0740546
0.0745734
0.0754121
0.0767003
0.0785859
0.0812006
0.0844078
0.087394
0.0896122
0.0911644
0.0921993
0.0928581
0.0932551
0.0934757
0.0935805
0.0936135
0.0679856
0.0679925
0.0680407
0.0681605
0.068393
0.0687959
0.0694479
0.0704496
0.0719167
0.0739514
0.0764492
0.0787769
0.0805052
0.081715
0.0825227
0.0830371
0.0833462
0.0835169
0.083598
0.0836235
0.0619596
0.0619648
0.0620021
0.0620947
0.0622752
0.062588
0.0630937
0.0638709
0.0650095
0.0665899
0.0685316
0.0703423
0.0716879
0.0726298
0.0732573
0.0736556
0.0738949
0.0740274
0.07409
0.0741096
0.0555603
0.0555644
0.055593
0.0556644
0.0558033
0.0560446
0.0564355
0.0570364
0.057917
0.0591407
0.0606443
0.0620465
0.0630895
0.0638198
0.0643058
0.0646144
0.0647994
0.0649009
0.0649484
0.0649631
0.0488711
0.0488742
0.0488958
0.04895
0.0490564
0.0492417
0.0495425
0.0500052
0.0506834
0.0516254
0.0527835
0.0538636
0.0546653
0.0552252
0.0555984
0.0558357
0.0559784
0.0560575
0.0560946
0.0561061
0.041958
0.0419602
0.0419764
0.0420179
0.0420993
0.0422403
0.0424685
0.0428201
0.0433362
0.0440535
0.0449355
0.0457584
0.0463703
0.0467985
0.0470842
0.0472654
0.047373
0.0474315
0.0474589
0.0474672
0.0348754
0.0348769
0.0348889
0.0349196
0.03498
0.0350852
0.0352556
0.0355184
0.0359045
0.0364415
0.037103
0.0377208
0.0381806
0.0385021
0.0387148
0.0388486
0.0389286
0.0389721
0.0389915
0.0389976
0.0276654
0.0276663
0.0276747
0.0276967
0.0277396
0.027815
0.0279386
0.0281298
0.0284108
0.0288014
0.0292819
0.02973
0.0300619
0.0302938
0.0304484
0.0305468
0.0306055
0.0306373
0.0306518
0.0306563
0.0203624
0.0203633
0.0203684
0.020383
0.0204123
0.0204642
0.0205489
0.0206796
0.020872
0.0211399
0.02147
0.021778
0.0220067
0.022167
0.0222733
0.0223392
0.0223776
0.0223979
0.0224064
0.0224085
0.012993
0.0129939
0.0129972
0.0130054
0.0130231
0.0130548
0.0131068
0.0131863
0.0133028
0.013465
0.0136651
0.0138519
0.0139896
0.0140838
0.0141458
0.0141857
0.0142094
0.0142212
0.0142259
0.0142272
0.00185881
0.00185725
0.0018565
0.00185767
0.00186103
0.00186651
0.0018753
0.0018889
0.00190904
0.0019382
0.00196638
0.00198891
0.00200576
0.00201724
0.00202416
0.00202824
0.00203063
0.00203131
0.00203032
0.00608609
-2.9114
-1.67924
-1.0158
-0.569479
-0.212162
0.0813602
0.319853
0.516356
0.696299
0.849654
-1.14794
-0.751742
-0.423271
-0.149593
0.0816708
0.276103
0.438103
0.571374
0.665915
0.687051
-0.463015
-0.242826
-0.050236
0.122017
0.271893
0.399945
0.505629
0.586335
0.636924
0.657109
-0.0651813
0.0681705
0.188807
0.299804
0.398102
0.481221
0.548582
0.59845
0.630274
0.646686
0.186203
0.270127
0.3498
0.422794
0.486416
0.540306
0.5835
0.61665
0.638355
0.651005
0.355172
0.410573
0.46173
0.50952
0.552627
0.591008
0.622777
0.646802
0.660725
0.66654
0.476303
0.510661
0.548123
0.585182
0.619543
0.648833
0.671847
0.688111
0.698299
0.701474
0.564314
0.589763
0.623047
0.653455
0.681222
0.705617
0.727011
0.744183
0.756479
0.759031
0.631562
0.659187
0.692883
0.725638
0.75663
0.785444
0.809207
0.827108
0.838274
0.841357
0.712153
0.748635
0.791434
0.830777
0.864527
0.891637
0.913203
0.929928
0.941513
0.946737
0.834741
0.878756
0.921155
0.957871
0.988185
1.01386
1.03515
1.0516
1.06338
1.07192
0.995321
1.03766
1.07209
1.10311
1.12804
1.14934
1.16839
1.1854
1.19986
1.21201
1.18639
1.21787
1.2398
1.25876
1.27698
1.29439
1.3108
1.32653
1.34272
1.35932
1.38484
1.39623
1.4075
1.42204
1.4363
1.44904
1.46029
1.47112
1.48408
1.50083
1.57078
1.58066
1.58929
1.59189
1.59317
1.59762
1.60828
1.62418
1.64163
1.64613
1.87159
1.81615
1.76547
1.72548
1.70327
1.69907
1.71272
1.7466
1.8029
1.87833
0.618939
0.56037
0.518638
0.485605
0.461839
0.445226
0.433639
0.425531
0.420045
0.416892
0.416349
0.418598
0.423151
0.430055
0.439889
0.453858
0.473843
0.502003
0.539952
0.587274
0.419327
0.42918
0.436095
0.438001
0.435772
0.430955
0.425491
0.420612
0.416957
0.415108
0.416024
0.419156
0.423676
0.429106
0.434566
0.438429
0.438778
0.434417
0.425458
0.417332
0.39761
0.399896
0.40577
0.410463
0.413498
0.415118
0.415251
0.414136
0.412506
0.411256
0.411146
0.412195
0.414045
0.415742
0.416455
0.415653
0.413376
0.409578
0.404198
0.398908
0.399187
0.399879
0.402645
0.405702
0.40809
0.409585
0.410093
0.40997
0.4094
0.408785
0.408777
0.40958
0.41053
0.411103
0.411063
0.410269
0.408318
0.405668
0.402567
0.40065
0.398597
0.398699
0.399225
0.400077
0.400987
0.401992
0.402886
0.403423
0.403613
0.403689
0.403897
0.404294
0.404561
0.404486
0.403938
0.403059
0.402179
0.401344
0.400638
0.400338
0.395613
0.395674
0.396002
0.396517
0.397094
0.397666
0.398175
0.398581
0.398872
0.399101
0.399395
0.399743
0.399951
0.399933
0.399698
0.399299
0.398808
0.398304
0.397883
0.397697
0.391743
0.391767
0.391892
0.392121
0.392436
0.392829
0.393272
0.393722
0.394147
0.394552
0.394964
0.395297
0.39545
0.395415
0.395241
0.395001
0.394759
0.394552
0.394404
0.394341
0.38735
0.387366
0.387449
0.387594
0.387795
0.38806
0.38839
0.388782
0.389228
0.389722
0.390238
0.390655
0.390893
0.39098
0.390964
0.390893
0.390802
0.390714
0.390643
0.390608
0.382729
0.382739
0.382796
0.382899
0.383054
0.383276
0.383578
0.383971
0.38447
0.385061
0.385707
0.386248
0.386597
0.386789
0.386875
0.386898
0.386888
0.386865
0.38684
0.386825
0.377897
0.377904
0.377946
0.378031
0.378169
0.378377
0.378679
0.379099
0.379665
0.380378
0.38119
0.381897
0.382386
0.382699
0.382886
0.382989
0.383041
0.383061
0.383064
0.38306
0.372847
0.372853
0.372896
0.37298
0.373121
0.373342
0.373676
0.374158
0.374826
0.375702
0.376726
0.377644
0.378294
0.378741
0.379028
0.379204
0.379306
0.37936
0.379384
0.379388
0.367572
0.367577
0.367621
0.367714
0.367874
0.368131
0.368524
0.369103
0.369918
0.371008
0.372303
0.373478
0.374346
0.374937
0.37533
0.375579
0.37573
0.375816
0.375857
0.375868
0.362028
0.362034
0.362085
0.362194
0.362385
0.362696
0.363178
0.363892
0.364908
0.366278
0.367921
0.369427
0.370538
0.371312
0.371831
0.372164
0.372368
0.372486
0.372545
0.372561
0.35615
0.356157
0.356218
0.356353
0.356591
0.356979
0.357582
0.35848
0.35976
0.361494
0.36358
0.365499
0.366918
0.367913
0.368581
0.369013
0.36928
0.369435
0.369514
0.369536
0.349853
0.349861
0.349939
0.35011
0.35041
0.350902
0.351666
0.352806
0.354432
0.356636
0.359287
0.361726
0.363531
0.364798
0.36565
0.366202
0.366544
0.366743
0.366846
0.366874
0.343023
0.343033
0.343133
0.343351
0.343736
0.344365
0.345343
0.3468
0.348875
0.351683
0.355052
0.358146
0.360434
0.36204
0.36312
0.36382
0.364254
0.364507
0.364638
0.364675
0.335504
0.335517
0.335646
0.335929
0.336426
0.337238
0.338497
0.340368
0.343026
0.346608
0.35089
0.35481
0.357703
0.35973
0.361094
0.361977
0.362525
0.362845
0.36301
0.363056
0.32709
0.327108
0.327278
0.327646
0.328294
0.329349
0.330981
0.333395
0.33681
0.341387
0.346827
0.351784
0.35543
0.357982
0.359699
0.36081
0.361499
0.361901
0.362108
0.362166
0.317504
0.317528
0.317753
0.318241
0.319093
0.320476
0.322604
0.325737
0.330139
0.335994
0.342897
0.349149
0.353735
0.356939
0.359093
0.360488
0.361352
0.361856
0.362115
0.362187
0.306361
0.306395
0.306699
0.307353
0.308489
0.31032
0.313122
0.317214
0.322908
0.330402
0.339146
0.347008
0.352753
0.356766
0.359464
0.361212
0.362295
0.362928
0.363254
0.363343
0.293124
0.293173
0.293591
0.294485
0.296025
0.298488
0.302221
0.307609
0.315006
0.324599
0.33564
0.345479
0.352649
0.35766
0.361035
0.363227
0.364589
0.365385
0.365794
0.365906
0.277019
0.277093
0.277683
0.278935
0.281074
0.284458
0.28951
0.296679
0.30633
0.318596
0.332466
0.344702
0.353602
0.359842
0.364067
0.366824
0.368546
0.369554
0.370072
0.370214
0.25689
0.257004
0.25786
0.259682
0.262768
0.26756
0.274545
0.284197
0.296831
0.312457
0.329745
0.344826
0.355795
0.363538
0.368838
0.372337
0.37454
0.375836
0.376501
0.376683
0.230836
0.231011
0.232327
0.235181
0.239913
0.246987
0.25689
0.270032
0.286572
0.306331
0.327631
0.345991
0.359374
0.36894
0.375611
0.380113
0.383007
0.38473
0.385608
0.385849
0.195328
0.19563
0.198013
0.20312
0.210973
0.221893
0.236249
0.254239
0.275766
0.300441
0.326278
0.348279
0.364387
0.376107
0.384523
0.390426
0.394399
0.396872
0.398166
0.398529
0.143383
0.14439
0.150273
0.160743
0.174578
0.191883
0.212795
0.237206
0.264781
0.295022
0.325752
0.351607
0.370654
0.384816
0.395368
0.403192
0.408888
0.412876
0.415273
0.41609
0.0653752
0.0706657
0.0874383
0.108796
0.132435
0.15882
0.188052
0.219928
0.254131
0.290268
0.326116
0.356076
0.378402
0.395461
0.40875
0.419282
0.427755
0.434583
0.439976
0.443524
-0.018046
-0.00622125
0.0251353
0.0574492
0.0913555
0.126939
0.164286
0.203361
0.244018
0.286053
0.327312
0.36191
0.388088
0.408591
0.42511
0.438762
0.450305
0.460205
0.469695
0.476373
-0.0772864
-0.0653001
-0.0274638
0.0129497
0.0549256
0.0982575
0.142828
0.188441
0.234904
0.282098
0.327875
0.366074
0.394992
0.417681
0.435921
0.450839
0.463213
0.473534
0.482696
0.488195
-0.12003
-0.107205
-0.0661994
-0.0212636
0.0258194
0.074606
0.124581
0.175299
0.226403
0.277708
0.326967
0.367793
0.398509
0.422388
0.441346
0.456622
0.4691
0.479392
0.488247
0.493778
-0.15066
-0.137608
-0.0952235
-0.0472492
0.00321865
0.0557587
0.1097
0.164322
0.218998
0.273405
0.32518
0.367803
0.399668
0.424248
0.443584
0.459004
0.471459
0.481628
0.49019
0.49548
-0.174049
-0.16091
-0.117511
-0.0676265
-0.0146057
0.0408298
0.0977781
0.155288
0.212532
0.269041
0.322437
0.366239
0.398902
0.423992
0.443597
0.459114
0.471542
0.481627
0.489943
0.495096
-0.192889
-0.179513
-0.135191
-0.083825
-0.0288463
0.0288063
0.0880645
0.147738
0.206746
0.264513
0.318766
0.363298
0.396607
0.422196
0.442121
0.457791
0.470256
0.480297
0.48843
0.493486
-0.208459
-0.194821
-0.149635
-0.0968433
-0.0402457
0.0191991
0.0802531
0.141482
0.201557
0.259774
0.314155
0.359055
0.393008
0.419241
0.439659
0.45564
0.468249
0.478326
0.486366
0.491365
-0.221533
-0.207669
-0.161623
-0.10755
-0.0495078
0.0114826
0.0739925
0.136327
0.196862
0.254771
0.308512
0.35346
0.388176
0.415365
0.436596
0.453135
0.46607
0.476288
0.484325
0.489267
-0.232858
-0.218607
-0.171693
-0.116495
-0.0570718
0.00530167
0.0690424
0.132148
0.192625
0.249449
0.30172
0.346342
0.382044
0.410688
0.433227
0.450718
0.464242
0.474762
0.482901
0.487859
-0.242817
-0.228243
-0.180382
-0.124009
-0.0633083
0.000386801
0.0652261
0.128871
0.188853
0.243821
0.293614
0.337409
0.374407
0.405213
0.429801
0.448818
0.46333
0.474402
0.482777
0.487802
-0.251832
-0.236848
-0.188074
-0.130478
-0.0684842
-0.00350278
0.0623926
0.126441
0.185603
0.237939
0.284051
0.326257
0.364873
0.398825
0.426501
0.447889
0.463954
0.475922
0.484722
0.489924
-0.260189
-0.244642
-0.194973
-0.136161
-0.0728349
-0.00653713
0.0604184
0.124848
0.182948
0.231932
0.272912
0.312373
0.35287
0.391241
0.423464
0.448401
0.466822
0.480166
0.48966
0.495115
-0.267844
-0.252071
-0.201344
-0.141281
-0.0765693
-0.00889663
0.0592012
0.124058
0.181009
0.225968
0.260147
0.295172
0.337603
0.381983
0.420756
0.450883
0.472763
0.48812
0.498626
0.504502
-0.275303
-0.259123
-0.207344
-0.145996
-0.0798651
-0.0107357
0.0586233
0.124041
0.179871
0.220329
0.245811
0.274001
0.318024
0.37038
0.418353
0.455851
0.48267
0.500928
0.512888
0.519165
-0.282631
-0.266072
-0.21315
-0.15046
-0.0828701
-0.0122048
0.0585513
0.124753
0.17965
0.215294
0.2301
0.248218
0.292776
0.355545
0.416071
0.46371
0.497386
0.519689
0.533684
0.540776
-0.289955
-0.27297
-0.21887
-0.154805
-0.0857006
-0.0134367
0.058863
0.126109
0.180408
0.211195
0.213361
0.217253
0.260201
0.336023
0.413387
0.475046
0.518
0.545733
0.562437
0.570121
-0.297302
-0.279897
-0.224578
-0.159115
-0.0884734
-0.014543
0.0594376
0.127996
0.182153
0.208342
0.196135
0.180429
0.218402
0.309769
0.409879
0.490348
0.545526
0.580108
0.599653
0.607752
-0.304797
-0.286912
-0.230341
-0.163449
-0.0912647
-0.0156302
0.0601522
0.130314
0.184842
0.207016
0.179115
0.137101
0.165029
0.274027
0.404818
0.510428
0.581871
0.624958
0.646769
0.652878
-0.312385
-0.294036
-0.236156
-0.167828
-0.0941253
-0.0167891
0.0608879
0.132925
0.188404
0.207395
0.163143
0.0869476
0.0955804
0.225391
0.396619
0.534236
0.624623
0.679314
0.706044
0.703592
-0.320165
-0.301297
-0.241987
-0.17224
-0.0971083
-0.0180736
0.0615981
0.135742
0.192795
0.209647
0.148722
0.0293664
0.00357713
0.155941
0.38582
0.565504
0.674778
0.740255
0.782323
0.770193
-0.328278
-0.308746
-0.247787
-0.176747
-0.100321
-0.0195984
0.0621623
0.138682
0.198021
0.21409
0.136181
-0.0395817
-0.129501
0.0448712
0.364088
0.590552
0.713792
0.763516
0.799505
0.752014
-0.3374
-0.316113
-0.253336
-0.181345
-0.103775
-0.0214616
0.0624811
0.141573
0.203874
0.220825
0.127452
-0.119303
-0.324666
-0.137088
0.330975
0.608301
0.721064
0.743799
0.686944
0.589431
-0.349301
-0.322575
-0.258329
-0.18637
-0.107716
-0.0239029
0.0622174
0.144235
0.21012
0.229814
0.124328
-0.211619
-0.628302
-0.494732
0.189277
0.560403
0.671129
0.635557
0.521634
0.398991
-0.361459
-0.337221
-0.260608
-0.189572
-0.109912
-0.0246261
0.0615453
0.146865
0.21678
0.242007
0.129073
-0.309241
-1.08532
-1.08235
-0.0876352
0.367687
0.426412
0.358293
0.256073
0.139835
-0.290793
-0.296343
-0.234859
-0.158113
-0.0744958
0.014444
0.10394
0.18729
0.246008
0.224985
-0.0394495
-0.956635
-2.09949
-1.20946
-0.232419
-0.0359908
-0.0211565
-0.0492373
-0.124457
-0.356201
-0.341641
-0.302196
-0.237537
-0.160505
-0.0755942
0.0148872
0.106644
0.193475
0.25841
0.249138
-0.0185248
-1.1496
-2.73101
-1.8147
-0.734398
-0.541748
-0.47872
-0.471581
-0.53596
-0.778167
-0.36483
-0.31575
-0.247156
-0.168963
-0.0823826
0.0100226
0.104936
0.195934
0.268597
0.274505
0.0100116
-1.19568
-2.82183
-2.06194
-1.25411
-0.973885
-0.922213
-0.916231
-1.00457
-1.30865
-0.386482
-0.331049
-0.25879
-0.178189
-0.0896617
0.00492082
0.102581
0.197738
0.277776
0.299912
0.0740225
-1.02485
-2.45467
-1.93185
-1.43291
-1.28389
-1.32593
-1.37218
-1.52973
-2.06172
-0.40697
-0.346884
-0.271312
-0.188066
-0.0973789
-0.00064788
0.099664
0.19881
0.285875
0.325609
0.157467
-0.698093
-1.76338
-1.55018
-1.41382
-1.46018
-1.64366
-1.84471
-2.10491
-3.30903
-0.425967
-0.363311
-0.285011
-0.199251
-0.106295
-0.00737022
0.095634
0.198348
0.292216
0.349277
0.243233
-0.334406
-1.07107
-1.14238
-1.28748
-1.54736
-1.85259
-2.16127
-2.46745
-4.06409
-0.445033
-0.380666
-0.300177
-0.21204
-0.116863
-0.0155835
0.0899092
0.196128
0.296282
0.367739
0.320531
-0.0213493
-0.507951
-0.792252
-1.14205
-1.55551
-1.98082
-2.19105
-2.21773
-2.30762
-0.464836
-0.399363
-0.317006
-0.226744
-0.129354
-0.0258208
0.0821522
0.191727
0.296843
0.3823
0.384574
0.210156
-0.112321
-0.489672
-0.977846
-1.53874
-2.131
-2.26194
-2.15784
-2.23964
-0.486319
-0.419746
-0.335702
-0.243428
-0.143922
-0.038209
0.0721744
0.184516
0.294475
0.390199
0.428615
0.353115
0.126014
-0.260286
-0.804155
-1.52942
-2.42181
-2.88836
-2.64734
-2.59061
-0.510094
-0.442235
-0.356499
-0.262239
-0.160697
-0.0528313
0.059687
0.174477
0.287921
0.392182
0.455212
0.434151
0.271897
-0.0652476
-0.589601
-1.4045
-2.47134
-3.22138
-3.0332
-2.81244
-0.536486
-0.467239
-0.379648
-0.28339
-0.179787
-0.0699733
0.0445675
0.161813
0.278669
0.388909
0.466379
0.475706
0.368567
0.122958
-0.272824
-0.872074
-1.52377
-1.90208
-1.86222
-1.73798
-0.565681
-0.494868
-0.405289
-0.306989
-0.201327
-0.0893635
0.0273167
0.146529
0.265977
0.381174
0.469339
0.501209
0.449885
0.313559
0.106645
-0.150305
-0.348347
-0.436468
-0.421344
-0.396767
-0.597805
-0.525146
-0.433386
-0.332846
-0.224993
-0.111053
0.00750946
0.129008
0.251261
0.37115
0.468838
0.522035
0.521201
0.480425
0.42281
0.363491
0.345833
0.375046
0.411841
0.425547
-0.632436
-0.557856
-0.46375
-0.360961
-0.250863
-0.134617
-0.0137599
0.110003
0.234773
0.359711
0.467114
0.539931
0.578876
0.597273
0.613718
0.641038
0.684694
0.735159
0.769426
0.775907
-0.669331
-0.592509
-0.495926
-0.390578
-0.278006
-0.159407
-0.0363052
0.0897941
0.217677
0.348128
0.464859
0.554046
0.620074
0.673519
0.724502
0.777884
0.832847
0.882461
0.913745
0.920786
-0.707215
-0.628156
-0.529146
-0.421145
-0.305971
-0.184851
-0.0593037
0.0694023
0.201045
0.336629
0.462368
0.56398
0.645915
0.715798
0.77843
0.83561
0.886817
0.929525
0.957899
0.965244
-0.745092
-0.66422
-0.562283
-0.451472
-0.333553
-0.209922
-0.081828
0.0497759
0.185244
0.326221
0.45899
0.569098
0.659534
0.735751
0.800595
0.855731
0.902078
0.939834
0.966314
0.973339
-0.780753
-0.698192
-0.593735
-0.480089
-0.359552
-0.233454
-0.102746
0.0317863
0.170675
0.316248
0.455046
0.570024
0.664246
0.742083
0.806459
0.859457
0.902945
0.938267
0.964338
0.971466
-0.811936
-0.728378
-0.62122
-0.505053
-0.382253
-0.253906
-0.12094
0.0159772
0.157642
0.306804
0.4487
0.566374
0.661693
0.739361
0.802617
0.854091
0.895983
0.929899
0.955837
0.962952
-0.834728
-0.751372
-0.641954
-0.523913
-0.399528
-0.269659
-0.135416
0.00283964
0.14602
0.296905
0.439802
0.557934
0.652664
0.729263
0.791262
0.841465
0.882229
0.915319
0.940985
0.948095
-0.845487
-0.762857
-0.652609
-0.534016
-0.409052
-0.279116
-0.145106
-0.00718231
0.13565
0.286007
0.427772
0.544389
0.6373
0.712216
0.772777
0.821871
0.861784
0.894345
0.919844
0.927032
-0.839054
-0.759496
-0.649175
-0.531715
-0.40844
-0.280614
-0.148879
-0.0138257
0.126353
0.273548
0.411761
0.524908
0.614887
0.687464
0.746359
0.794356
0.833558
0.865743
0.891095
0.898469
-0.808246
-0.733872
-0.626776
-0.513209
-0.394579
-0.271976
-0.145838
-0.0164086
0.118059
0.259067
0.391006
0.498445
0.58398
0.653213
0.709828
0.756481
0.794992
0.827191
0.852339
0.859956
-0.746852
-0.679604
-0.579188
-0.474016
-0.364474
-0.251226
-0.134519
-0.01413
0.11089
0.242129
0.364557
0.463755
0.542693
0.606783
0.659615
0.703906
0.741447
0.773585
0.798609
0.806694
-0.645132
-0.584821
-0.501243
-0.410627
-0.31575
-0.216893
-0.113981
-0.00681721
0.105162
0.222931
0.33233
0.420173
0.489478
0.545373
0.59121
0.629608
0.663162
0.69342
0.718286
0.728071
-0.480839
-0.448653
-0.389479
-0.321318
-0.248021
-0.169029
-0.084399
0.00598482
0.102128
0.204108
0.29861
0.373425
0.431097
0.476374
0.512309
0.540691
0.562802
0.58083
0.59657
0.60408
-0.28524
-0.273717
-0.246764
-0.210398
-0.165079
-0.11107
-0.0483208
0.0229065
0.102271
0.189149
0.270832
0.33532
0.384161
0.421059
0.448695
0.469441
0.485375
0.497045
0.504035
0.505923
-0.136484
-0.133106
-0.123916
-0.108236
-0.0847704
-0.0520896
-0.00940138
0.0435073
0.106211
0.177681
0.246187
0.300161
0.340237
0.369642
0.390885
0.405569
0.414831
0.420219
0.423117
0.423867
-0.0459485
-0.0461387
-0.0437488
-0.0365209
-0.0235569
-0.00345095
0.0252382
0.0635753
0.111816
0.169195
0.225486
0.26988
0.302294
0.325218
0.340727
0.350776
0.357023
0.360502
0.361867
0.362008
0.00497235
0.00465656
0.00543136
0.0090729
0.0169561
0.03044
0.0507756
0.0790819
0.116066
0.161455
0.206789
0.242623
0.268523
0.2866
0.298786
0.306593
0.311167
0.313494
0.314398
0.314542
0.0366245
0.0366791
0.0375167
0.0401332
0.0454672
0.0547207
0.069254
0.0903068
0.118696
0.154415
0.190652
0.219401
0.240088
0.254362
0.263765
0.269646
0.273098
0.274922
0.275687
0.275828
0.0577163
0.057852
0.0585849
0.0605809
0.0645455
0.0713718
0.082123
0.0979299
0.119703
0.14765
0.176368
0.19923
0.215619
0.22685
0.234228
0.238847
0.241553
0.242977
0.243577
0.243688
0.0715515
0.0717173
0.0723731
0.0739462
0.0769495
0.0820759
0.090187
0.102225
0.119007
0.140835
0.163496
0.181604
0.194576
0.203448
0.209254
0.212875
0.214996
0.21612
0.216599
0.216686
0.0803521
0.0805053
0.0810542
0.0822986
0.0846209
0.0885433
0.094734
0.103961
0.116932
0.133969
0.151792
0.16608
0.176318
0.183308
0.187876
0.190724
0.192391
0.193275
0.193651
0.193718
0.0853738
0.0855026
0.0859454
0.0869219
0.0887207
0.0917435
0.0965088
0.103625
0.11368
0.126973
0.140962
0.15221
0.160273
0.165776
0.169371
0.17161
0.172921
0.173614
0.173908
0.173959
0.0875174
0.0876212
0.0879761
0.0887388
0.0901363
0.0924753
0.0961592
0.10167
0.109478
0.119852
0.130817
0.139655
0.145995
0.150323
0.153148
0.154906
0.155933
0.156475
0.156704
0.156743
0.0874507
0.0875341
0.0878126
0.0884087
0.0894949
0.0913104
0.0941681
0.0984447
0.104519
0.112615
0.121201
0.128135
0.133113
0.13651
0.138728
0.140107
0.140912
0.141335
0.141512
0.141542
0.0856765
0.0857421
0.0859592
0.0864237
0.0872692
0.0886801
0.0909003
0.0942255
0.0989557
0.105275
0.111993
0.117427
0.12133
0.123995
0.125733
0.126813
0.127442
0.127773
0.127911
0.127934
0.0825777
0.0826294
0.0827994
0.0831617
0.0838194
0.0849167
0.0866439
0.0892318
0.0929166
0.0978477
0.103099
0.107353
0.11041
0.112498
0.113859
0.114705
0.115197
0.115454
0.11556
0.115577
0.0784527
0.0784929
0.078625
0.0789068
0.079419
0.0802734
0.0816175
0.083632
0.0865029
0.0903497
0.0944531
0.0977793
0.100171
0.101804
0.102868
0.103528
0.103912
0.104113
0.104196
0.104209
0.0735291
0.0735604
0.0736636
0.0738829
0.0742814
0.0749458
0.0759912
0.0775589
0.0797952
0.0827946
0.0859967
0.0885941
0.0904625
0.0917378
0.0925684
0.0930837
0.0933836
0.0935397
0.0936036
0.0936135
0.0679854
0.0680096
0.0680896
0.0682599
0.0685691
0.0690853
0.0698982
0.0711179
0.0728579
0.0751926
0.0776881
0.0797125
0.081168
0.082162
0.0828107
0.083213
0.0834456
0.0835665
0.0836159
0.0836234
0.0619593
0.0619781
0.0620399
0.0621718
0.0624119
0.0628125
0.063443
0.0643892
0.0657403
0.0675546
0.069495
0.0710703
0.0722038
0.0729776
0.0734807
0.0737917
0.0739721
0.0740657
0.0741038
0.0741094
0.0555602
0.0555746
0.0556221
0.0557237
0.0559088
0.0562181
0.0567056
0.0574372
0.0584826
0.0598877
0.0613902
0.0626108
0.0634898
0.064089
0.0644788
0.0647198
0.0648586
0.0649301
0.0649587
0.0649631
0.048871
0.0488819
0.0489179
0.0489954
0.0491373
0.0493751
0.0497505
0.0503141
0.051119
0.0522008
0.0533582
0.0542976
0.0549721
0.0554318
0.0557313
0.0559168
0.0560245
0.0560802
0.0561028
0.0561059
0.0419579
0.0419659
0.0419933
0.0420526
0.042161
0.0423416
0.0426264
0.0430549
0.0436677
0.0444917
0.0453733
0.0460896
0.046605
0.0469568
0.047186
0.0473268
0.0474072
0.0474484
0.0474647
0.047467
0.0348753
0.0348811
0.0349014
0.0349454
0.0350259
0.0351607
0.0353736
0.0356942
0.0361527
0.0367699
0.0374316
0.0379695
0.0383568
0.0386202
0.0387898
0.0388942
0.0389541
0.0389841
0.0389957
0.0389977
0.0276653
0.0276692
0.0276836
0.027715
0.0277724
0.0278697
0.0280245
0.0282577
0.0285913
0.0290402
0.0295205
0.0299097
0.0301891
0.0303794
0.0305036
0.0305803
0.0306241
0.0306462
0.0306549
0.0306562
0.0203625
0.0203651
0.0203742
0.0203955
0.0204348
0.0205017
0.0206076
0.0207672
0.0209958
0.0213037
0.0216339
0.0219018
0.0220944
0.0222261
0.0223105
0.0223612
0.0223896
0.0224033
0.0224078
0.0224084
0.0129932
0.0129951
0.0130005
0.0130129
0.0130369
0.013078
0.0131426
0.0132392
0.0133777
0.0135644
0.0137644
0.0139269
0.0140416
0.0141182
0.0141681
0.0141993
0.0142165
0.0142242
0.0142267
0.0142274
0.00557894
0.00557923
0.00557981
0.00558313
0.00559045
0.00560308
0.00562327
0.00565538
0.00570329
0.00577044
0.00585483
0.00593068
0.00598717
0.00602719
0.00605353
0.00606923
0.00607823
0.00608334
0.00608546
0.00608643
-2.11676
-1.29194
-0.77851
-0.383447
-0.0590733
0.205567
0.422762
0.605306
0.78979
0.805985
-0.867468
-0.576688
-0.28048
-0.0287305
0.183445
0.360851
0.50827
0.62587
0.686239
0.677255
-0.319682
-0.143764
0.0386859
0.199681
0.338755
0.455634
0.549376
0.615809
0.650662
0.655332
0.019666
0.129419
0.245885
0.350668
0.441644
0.516953
0.575719
0.616753
0.640555
0.648467
0.238332
0.310575
0.387428
0.455819
0.514723
0.563129
0.601358
0.629174
0.646506
0.653646
0.389914
0.436817
0.486153
0.531771
0.572413
0.607833
0.635885
0.655011
0.666209
0.671495
0.49952
0.531589
0.56686
0.602842
0.634918
0.661149
0.680961
0.693541
0.702328
0.710329
0.580079
0.606674
0.638596
0.667722
0.693799
0.716794
0.736132
0.751025
0.760041
0.770913
0.645778
0.675947
0.70947
0.741304
0.77151
0.798038
0.818925
0.833532
0.841178
0.854834
0.730017
0.770121
0.81166
0.848494
0.878857
0.903026
0.922207
0.93635
0.945043
0.960763
0.858095
0.900047
0.940564
0.973597
1.00159
1.02509
1.04397
1.05798
1.068
1.08523
1.01807
1.05523
1.08832
1.11622
1.13902
1.1591
1.17722
1.19288
1.20627
1.2237
1.20365
1.22944
1.24949
1.26794
1.28579
1.30276
1.31868
1.33448
1.35121
1.37014
1.39042
1.40148
1.41457
1.42934
1.44289
1.45481
1.46568
1.47702
1.49247
1.51183
1.57257
1.58593
1.5911
1.59241
1.59473
1.60212
1.61569
1.63321
1.64677
1.65807
1.84123
1.79067
1.74338
1.71209
1.69901
1.70353
1.72696
1.77197
1.83848
1.93255
0.475392
0.472924
0.467948
0.458039
0.446618
0.436327
0.428129
0.422006
0.4179
0.415925
0.416857
0.420219
0.425543
0.432815
0.442187
0.453323
0.464534
0.472101
0.475806
0.477522
0.402239
0.410068
0.41662
0.421247
0.423343
0.422734
0.420267
0.417219
0.414641
0.413414
0.414048
0.416363
0.419523
0.422607
0.424413
0.423801
0.420402
0.414853
0.407004
0.401033
0.397641
0.401114
0.405685
0.408993
0.410914
0.411818
0.411859
0.411126
0.410105
0.409526
0.410004
0.41123
0.412442
0.413007
0.412648
0.411393
0.408834
0.404807
0.400338
0.398492
0.399632
0.400419
0.401998
0.403689
0.405266
0.406532
0.407118
0.40716
0.406952
0.406847
0.407224
0.407822
0.408215
0.408127
0.407338
0.405959
0.404397
0.402716
0.401494
0.401172
0.397149
0.397376
0.397912
0.398542
0.399185
0.399802
0.40032
0.400674
0.400852
0.401022
0.401352
0.401689
0.401792
0.401597
0.401184
0.400652
0.400075
0.399502
0.399119
0.399016
0.393802
0.393921
0.394211
0.394622
0.395113
0.395635
0.396126
0.396542
0.39689
0.39724
0.397594
0.39784
0.397894
0.397741
0.39743
0.397048
0.39667
0.396352
0.39616
0.396103
0.389574
0.389631
0.389768
0.389972
0.390242
0.390579
0.390971
0.391395
0.391835
0.392299
0.392731
0.393015
0.39312
0.393085
0.39297
0.392827
0.392688
0.392572
0.3925
0.392473
0.385069
0.385109
0.385204
0.385351
0.385559
0.385835
0.386186
0.386615
0.387122
0.387699
0.388242
0.388621
0.388828
0.388908
0.388909
0.38887
0.388817
0.388765
0.38873
0.388712
0.380341
0.380364
0.380435
0.38055
0.380725
0.380977
0.381324
0.381778
0.382378
0.383084
0.383778
0.384291
0.384618
0.384807
0.384903
0.384944
0.384955
0.384949
0.384939
0.384929
0.3754
0.375424
0.375484
0.375591
0.375763
0.376022
0.376399
0.376924
0.377624
0.378501
0.379388
0.380072
0.380535
0.380836
0.38102
0.381124
0.38118
0.381204
0.38121
0.381203
0.370239
0.37026
0.370325
0.37044
0.37063
0.370923
0.371361
0.371986
0.372839
0.373935
0.375065
0.375953
0.376586
0.377006
0.377275
0.37744
0.377536
0.377585
0.377604
0.377599
0.364838
0.364861
0.364932
0.365066
0.365288
0.36564
0.36617
0.366937
0.367997
0.369378
0.370819
0.371974
0.372793
0.373351
0.373715
0.373942
0.374077
0.374151
0.374182
0.374177
0.359136
0.359162
0.359248
0.359411
0.359684
0.360118
0.360777
0.361737
0.363071
0.364818
0.366652
0.368126
0.369183
0.369907
0.370383
0.370683
0.370863
0.370963
0.371006
0.371002
0.35306
0.353093
0.353201
0.353405
0.353748
0.354295
0.355127
0.356341
0.358031
0.360249
0.36258
0.364458
0.365807
0.366733
0.367344
0.367731
0.367964
0.368093
0.36815
0.368145
0.346514
0.346555
0.346692
0.346951
0.347388
0.348085
0.349145
0.350692
0.352843
0.355665
0.358626
0.361009
0.362722
0.363899
0.364676
0.365168
0.365465
0.365631
0.365704
0.365699
0.339361
0.339415
0.339591
0.339924
0.340487
0.341382
0.342741
0.34472
0.347468
0.35106
0.354819
0.357837
0.360005
0.361493
0.362476
0.363099
0.363475
0.363684
0.363776
0.36377
0.331424
0.331495
0.331724
0.332157
0.332886
0.334044
0.335797
0.33834
0.341857
0.346432
0.351199
0.355013
0.357747
0.359623
0.36086
0.361646
0.362119
0.362384
0.3625
0.362492
0.322465
0.322559
0.322861
0.323429
0.324381
0.325888
0.328162
0.331445
0.335955
0.341785
0.34782
0.352628
0.356068
0.358425
0.35998
0.360966
0.361561
0.361893
0.362038
0.362027
0.312158
0.312285
0.312688
0.313442
0.314699
0.316679
0.319649
0.323904
0.329702
0.337127
0.34475
0.350794
0.355109
0.358064
0.360014
0.36125
0.361996
0.362412
0.362593
0.362579
0.300052
0.300227
0.300776
0.301793
0.303476
0.306106
0.310018
0.315566
0.323035
0.33248
0.342076
0.349643
0.355037
0.358733
0.361175
0.362725
0.363662
0.364184
0.364411
0.364393
0.285497
0.28575
0.28652
0.287923
0.290218
0.293766
0.298979
0.306263
0.315902
0.327887
0.339906
0.349329
0.356047
0.360661
0.36372
0.365669
0.366849
0.36751
0.367797
0.367774
0.267516
0.267904
0.269033
0.271035
0.274248
0.279139
0.286192
0.295829
0.30828
0.32342
0.338364
0.350015
0.35834
0.364097
0.367941
0.370407
0.371913
0.372763
0.373136
0.373107
0.244559
0.245221
0.246984
0.24997
0.254641
0.261582
0.2713
0.284143
0.300202
0.319183
0.337576
0.351845
0.362099
0.369276
0.374141
0.377312
0.379281
0.38042
0.380935
0.380902
0.214084
0.215364
0.218338
0.223078
0.230238
0.240451
0.254075
0.27124
0.291817
0.315335
0.337661
0.354909
0.367427
0.376365
0.382589
0.386774
0.389464
0.391089
0.391867
0.391846
0.171401
0.174244
0.17997
0.188288
0.200029
0.215528
0.234738
0.257509
0.283497
0.312128
0.338735
0.35923
0.3743
0.385353
0.393367
0.399051
0.402955
0.405503
0.406819
0.406818
0.107718
0.11548
0.128042
0.144115
0.164062
0.187494
0.214121
0.243676
0.275749
0.309811
0.340813
0.364639
0.382414
0.395847
0.406058
0.413821
0.419688
0.424147
0.426398
0.426175
0.0310133
0.0447688
0.0693615
0.0968008
0.12664
0.158801
0.19325
0.229797
0.268163
0.308034
0.344044
0.371992
0.393382
0.410181
0.423635
0.434577
0.443648
0.450968
0.454378
0.455793
-0.045198
-0.0196399
0.0154389
0.0527779
0.0917808
0.132261
0.174118
0.217234
0.26147
0.306737
0.347387
0.379033
0.403482
0.422966
0.438843
0.451933
0.462767
0.471682
0.477199
0.479115
-0.095879
-0.0675135
-0.0271088
0.0166629
0.0622968
0.109259
0.157215
0.20588
0.255038
0.304664
0.348825
0.383064
0.409417
0.43025
0.446992
0.460552
0.47156
0.48042
0.485958
0.487856
-0.132937
-0.102504
-0.0586912
-0.0110794
0.0388282
0.0903646
0.142895
0.195869
0.248892
0.301899
0.348679
0.384698
0.412195
0.433719
0.450833
0.464557
0.475595
0.484403
0.490058
0.491932
-0.15977
-0.128806
-0.0829551
-0.0325956
0.0204584
0.0753669
0.131322
0.187522
0.243365
0.298714
0.347234
0.384423
0.412669
0.434622
0.451936
0.465711
0.476709
0.485454
0.491206
0.493083
-0.181178
-0.149421
-0.102021
-0.0496801
0.00575311
0.0632807
0.121837
0.180383
0.23814
0.294942
0.344528
0.382532
0.411372
0.433704
0.451213
0.465059
0.476048
0.48476
0.490589
0.49247
-0.198655
-0.166074
-0.117292
-0.0633067
-0.00599261
0.0535577
0.11408
0.174275
0.233162
0.290588
0.340649
0.379257
0.4087
0.431507
0.449326
0.463331
0.474387
0.483101
0.489
0.490884
-0.213143
-0.179832
-0.129799
-0.0743734
-0.0154345
0.0457752
0.107792
0.169052
0.228337
0.285585
0.335559
0.374659
0.404883
0.428415
0.446761
0.461101
0.472335
0.481115
0.487131
0.48905
-0.225587
-0.191421
-0.140201
-0.0834433
-0.023075
0.0395555
0.102743
0.164599
0.22363
0.27986
0.329134
0.36868
0.400006
0.424681
0.443922
0.458852
0.470431
0.479372
0.485512
0.487474
-0.236412
-0.20133
-0.149048
-0.0909627
-0.0292531
0.0346539
0.0987812
0.16087
0.21903
0.273344
0.321159
0.36111
0.394024
0.42048
0.44116
0.457082
0.46926
0.478519
0.484871
0.486907
-0.246025
-0.210094
-0.15661
-0.0972827
-0.0342617
0.0308599
0.0958051
0.157855
0.214586
0.265987
0.31137
0.351587
0.386754
0.415895
0.438827
0.456317
0.469466
0.479246
0.485873
0.487982
-0.25484
-0.217956
-0.163274
-0.102692
-0.0383286
0.0280008
0.0937247
0.155576
0.210389
0.257787
0.299444
0.339609
0.377835
0.41091
0.437228
0.457131
0.471783
0.482409
0.489431
0.491676
-0.262999
-0.225179
-0.169283
-0.10741
-0.0416745
0.0259229
0.0924697
0.154078
0.206597
0.248824
0.285055
0.324479
0.366701
0.405384
0.436694
0.460163
0.477054
0.488931
0.496553
0.498948
-0.27071
-0.231965
-0.174829
-0.111611
-0.0444642
0.0244816
0.0919553
0.153388
0.203386
0.239281
0.267913
0.305324
0.352531
0.399044
0.437485
0.466101
0.486255
0.499966
0.508442
0.510821
-0.278205
-0.238465
-0.180076
-0.11547
-0.046843
0.0235402
0.0920924
0.153527
0.20096
0.229439
0.247809
0.281108
0.334242
0.391412
0.439881
0.47577
0.500444
0.516718
0.526342
0.528702
-0.285648
-0.244848
-0.185169
-0.119139
-0.0489625
0.0229781
0.092792
0.154475
0.199499
0.219693
0.224648
0.250595
0.310407
0.38185
0.443946
0.489807
0.520618
0.540182
0.551254
0.553909
-0.293062
-0.2512
-0.190187
-0.122713
-0.0509517
0.022646
0.0939423
0.156209
0.199151
0.210522
0.198511
0.212522
0.279171
0.369126
0.449634
0.509145
0.548267
0.572026
0.584906
0.587449
-0.300582
-0.257594
-0.195226
-0.126278
-0.0528915
0.0224258
0.0954056
0.158676
0.200047
0.202414
0.169728
0.165762
0.237751
0.351529
0.457208
0.534666
0.584691
0.613575
0.627442
0.628988
-0.308134
-0.264051
-0.200298
-0.129886
-0.0548888
0.0222285
0.0970482
0.161721
0.202255
0.195875
0.138956
0.108699
0.182095
0.327398
0.467542
0.566908
0.629929
0.665485
0.677739
0.675043
-0.315895
-0.270603
-0.205398
-0.133556
-0.0569871
0.0219508
0.0987839
0.165222
0.205735
0.191395
0.106878
0.0391602
0.107596
0.293239
0.477714
0.604867
0.682832
0.729585
0.742617
0.709653
-0.32385
-0.277202
-0.210527
-0.137369
-0.0593023
0.0215255
0.100517
0.169197
0.210619
0.18931
0.0727106
-0.0506066
-0.00305249
0.240149
0.491022
0.649225
0.732858
0.786945
0.814194
0.810581
-0.332322
-0.2837
-0.2156
-0.141381
-0.0618725
0.0208739
0.102109
0.173491
0.216901
0.190364
0.0375899
-0.168302
-0.17153
0.146094
0.492537
0.673058
0.742793
0.76519
0.712474
0.659416
-0.342544
-0.289662
-0.220254
-0.145333
-0.0643906
0.0202215
0.103525
0.178039
0.224557
0.195232
0.00431509
-0.327066
-0.455951
-0.0329613
0.464182
0.678195
0.718607
0.668622
0.554488
0.479473
-0.35543
-0.293905
-0.224231
-0.148639
-0.066527
0.0196629
0.104942
0.182673
0.233375
0.204091
-0.0248606
-0.549698
-0.948852
-0.388758
0.351473
0.578607
0.550499
0.46059
0.335399
0.257982
0.0623231
0.149053
0.220999
0.24857
0.132282
-0.371538
-1.33373
-0.0419277
-0.337858
-0.31511
-0.270817
-0.19874
-0.118556
-0.0312922
0.0594925
0.1489
0.225914
0.261708
0.152117
-0.444895
-1.83938
-2.13952
-0.925694
-0.323362
-0.262913
-0.2515
-0.28396
-0.350222
-0.330203
-0.277268
-0.204187
-0.12267
-0.0337467
0.0589211
0.15135
0.233106
0.277409
0.180596
-0.460759
-2.17165
-2.58969
-1.39315
-0.857695
-0.723569
-0.690899
-0.716237
-0.370712
-0.349347
-0.289289
-0.214011
-0.130424
-0.0395652
0.055747
0.151653
0.238807
0.294056
0.220723
-0.387422
-2.08532
-2.51082
-1.63877
-1.22818
-1.13116
-1.13507
-1.18964
-0.391497
-0.367998
-0.30301
-0.224763
-0.138905
-0.0460366
0.0517365
0.150777
0.24321
0.30966
0.265252
-0.247372
-1.64186
-2.05146
-1.5506
-1.38646
-1.43397
-1.554
-1.69539
-0.410775
-0.386135
-0.317517
-0.236467
-0.148251
-0.0532029
0.046918
0.148914
0.246597
0.323616
0.310866
-0.0662456
-1.04702
-1.43242
-1.3255
-1.42515
-1.63264
-1.89803
-2.15478
-0.429235
-0.404365
-0.33314
-0.249641
-0.159049
-0.061733
0.0406843
0.145723
0.24809
0.334453
0.351242
0.10965
-0.510001
-0.897228
-1.07552
-1.37221
-1.74641
-2.08694
-2.28532
-2.38777
-0.448595
-0.423426
-0.350166
-0.26452
-0.171643
-0.0721243
0.0327107
0.140662
0.247026
0.342048
0.38611
0.259796
-0.0910777
-0.458811
-0.835695
-1.30135
-1.80626
-2.16588
-2.1715
-2.21209
-0.469003
-0.44367
-0.368844
-0.281245
-0.186241
-0.0845498
0.0226481
0.133072
0.243532
0.34595
0.411289
0.367935
0.17515
-0.163067
-0.61098
-1.20484
-1.90804
-2.47929
-2.3425
-2.32392
-0.491277
-0.465718
-0.389444
-0.299986
-0.202939
-0.0991126
0.0102005
0.123288
0.236708
0.344406
0.426649
0.436007
0.324856
0.0377367
-0.405297
-1.0727
-2.00452
-3.02554
-3.21985
-2.88803
-0.516071
-0.490138
-0.412279
-0.320944
-0.221899
-0.115999
-0.00456269
0.110476
0.226716
0.339562
0.433142
0.471749
0.409455
0.194192
-0.179044
-0.791242
-1.64265
-2.50889
-2.69777
-2.46232
-0.543652
-0.517219
-0.437622
-0.344308
-0.243256
-0.135335
-0.0218513
0.0955232
0.214175
0.33043
0.43187
0.488305
0.463582
0.326481
0.0807053
-0.283724
-0.713095
-1.027
-1.11468
-1.05596
-0.573808
-0.546893
-0.465541
-0.370155
-0.26693
-0.156825
-0.041303
0.0778666
0.198716
0.318641
0.426839
0.497829
0.507582
0.450209
0.345031
0.209277
0.0895856
0.0379867
0.056589
0.0833128
-0.606529
-0.57922
-0.495894
-0.398239
-0.292804
-0.180627
-0.0630405
0.0584007
0.181667
0.30489
0.419754
0.504863
0.546284
0.549779
0.536585
0.523284
0.531056
0.567865
0.611325
0.628925
-0.641615
-0.614061
-0.528431
-0.428422
-0.320559
-0.20599
-0.0860942
0.0375064
0.163212
0.290118
0.412294
0.510686
0.577222
0.621643
0.658309
0.698795
0.747967
0.801167
0.845196
0.864463
-0.678383
-0.650455
-0.562363
-0.459837
-0.349453
-0.232442
-0.110151
0.0158172
0.144439
0.275545
0.404831
0.51482
0.599181
0.667384
0.727897
0.785383
0.840737
0.891338
0.930054
0.948114
-0.71563
-0.686998
-0.597025
-0.491829
-0.378741
-0.259079
-0.134283
-0.00571186
0.126117
0.261764
0.397859
0.516947
0.612625
0.692394
0.761213
0.821418
0.873648
0.917803
0.95164
0.969079
-0.752219
-0.72259
-0.630887
-0.522889
-0.407022
-0.284794
-0.157476
-0.0261328
0.108917
0.24873
0.390252
0.516719
0.618776
0.703365
0.774092
0.8332
0.882179
0.922156
0.953113
0.969444
-0.785919
-0.755149
-0.661947
-0.551314
-0.432842
-0.30816
-0.178422
-0.044497
0.0934801
0.236985
0.383191
0.513644
0.618812
0.704783
0.775255
0.832924
0.8799
0.917925
0.9473
0.963149
-0.812761
-0.78169
-0.687624
-0.574604
-0.454077
-0.327387
-0.195797
-0.0600152
0.0799983
0.225962
0.374536
0.50703
0.612932
0.698655
0.768166
0.82448
0.870069
0.906931
0.935003
0.950633
-0.828671
-0.799181
-0.704514
-0.590084
-0.468258
-0.340563
-0.208295
-0.0719717
0.0686574
0.215304
0.364303
0.496583
0.601444
0.685818
0.753916
0.808925
0.853383
0.889351
0.916492
0.932291
-0.831029
-0.803038
-0.70883
-0.594293
-0.4728
-0.345803
-0.214573
-0.0794863
0.0595423
0.204618
0.35162
0.481449
0.583884
0.666046
0.732368
0.786003
0.829427
0.864684
0.891119
0.907213
-0.81324
-0.786069
-0.695837
-0.583227
-0.464285
-0.340626
-0.21306
-0.0816325
0.0526905
0.19355
0.335772
0.460716
0.559132
0.638119
0.702122
0.754174
0.796561
0.83115
0.857049
0.873281
-0.767502
-0.742535
-0.658355
-0.551749
-0.439207
-0.322541
-0.20229
-0.0786504
0.0489119
0.181942
0.316126
0.433429
0.525717
0.600001
0.660607
0.710332
0.751108
0.784788
0.810328
0.826973
-0.686894
-0.666803
-0.590079
-0.495215
-0.394183
-0.289302
-0.180755
-0.0684363
0.0480979
0.16985
0.29246
0.399004
0.482357
0.549339
0.604266
0.649811
0.68749
0.718295
0.743625
0.759586
-0.565795
-0.551989
-0.488984
-0.410194
-0.327162
-0.239754
-0.147704
-0.0509889
0.0506538
0.157639
0.265322
0.357913
0.429121
0.48521
0.530288
0.567367
0.598142
0.622718
0.641136
0.652401
-0.381556
-0.374658
-0.341086
-0.29325
-0.237858
-0.174825
-0.10467
-0.0273317
0.0570516
0.148245
0.241432
0.321657
0.382613
0.429528
0.465795
0.493485
0.514607
0.531688
0.545877
0.554326
-0.201997
-0.200436
-0.189547
-0.169417
-0.140952
-0.103353
-0.0560222
0.00102524
0.0674889
0.142698
0.221564
0.289789
0.340962
0.379154
0.407404
0.428269
0.443367
0.453381
0.459106
0.461733
-0.084577
-0.0848625
-0.0820139
-0.0742823
-0.0606685
-0.039706
-0.00979468
0.0301008
0.0802262
0.14007
0.20498
0.261814
0.304052
0.334869
0.356746
0.37152
0.380859
0.386498
0.389616
0.390719
-0.0167499
-0.0171654
-0.0172848
-0.0144542
-0.00709585
0.00602286
0.0261119
0.0544604
0.0920048
0.138836
0.191142
0.237402
0.271532
0.295851
0.312558
0.323654
0.330677
0.334663
0.336456
0.336924
0.0224559
0.0223168
0.0225013
0.0242686
0.0287727
0.0373033
0.0512649
0.0719386
0.100315
0.136789
0.178467
0.215701
0.243123
0.262537
0.275765
0.284344
0.289543
0.292432
0.293816
0.29426
0.0483009
0.0482913
0.0486306
0.0500708
0.0533956
0.0595067
0.0695257
0.084709
0.106168
0.134479
0.167452
0.197161
0.219016
0.234354
0.244656
0.251273
0.255303
0.257565
0.258657
0.259016
0.0653816
0.0654079
0.0657678
0.0669305
0.0694423
0.0740017
0.0814908
0.0929221
0.109289
0.131236
0.157176
0.180728
0.198061
0.210193
0.218326
0.223537
0.226696
0.228466
0.229327
0.229613
0.0764987
0.0765371
0.0768788
0.0778344
0.07979
0.0832624
0.0889353
0.0976333
0.110199
0.127237
0.147594
0.166191
0.179894
0.189472
0.195874
0.199966
0.202447
0.203839
0.20452
0.204747
0.0832768
0.0833131
0.0836002
0.0843627
0.0858863
0.0885636
0.0929172
0.0995937
0.109285
0.122526
0.13847
0.153109
0.163912
0.171461
0.176503
0.179724
0.181674
0.182769
0.183302
0.183478
0.086762
0.0867934
0.0870278
0.0876301
0.0888171
0.0908879
0.0942471
0.0994017
0.106905
0.117207
0.129684
0.141184
0.149683
0.155624
0.159589
0.162121
0.163653
0.164512
0.164929
0.165066
0.0877268
0.0877523
0.0879422
0.0884139
0.0893377
0.0909449
0.0935472
0.0975407
0.103365
0.111387
0.121144
0.130165
0.136842
0.14151
0.144626
0.146614
0.147815
0.148486
0.148812
0.148918
0.0867518
0.0867725
0.0869204
0.0872899
0.0880098
0.0892587
0.0912796
0.0943805
0.0989083
0.105161
0.112788
0.119856
0.125094
0.128757
0.1312
0.132759
0.1337
0.134226
0.134479
0.134561
0.0842728
0.0842892
0.0844048
0.0846932
0.0852538
0.0862252
0.087796
0.0902077
0.0937326
0.0986068
0.104566
0.110099
0.114202
0.117072
0.118988
0.12021
0.120946
0.121356
0.121553
0.121616
0.0806285
0.0806414
0.0807319
0.0809567
0.0813932
0.0821492
0.0833717
0.0852483
0.0879925
0.0917925
0.0964459
0.100773
0.103985
0.106233
0.107731
0.108686
0.109262
0.109582
0.109735
0.109784
0.0760787
0.0760888
0.0761593
0.0763342
0.0766739
0.0772623
0.0782135
0.0796742
0.0818115
0.0847736
0.0884054
0.0917856
0.0942956
0.0960528
0.0972251
0.0979707
0.0984192
0.0986684
0.0987873
0.0988251
0.0708259
0.0708336
0.0708884
0.0710243
0.0712885
0.0717461
0.0724857
0.0736213
0.0752847
0.0775916
0.0804226
0.0830598
0.0850185
0.0863889
0.0873028
0.0878854
0.0882367
0.0884313
0.0885236
0.0885527
0.0650253
0.0650313
0.0650738
0.0651794
0.0653844
0.0657392
0.0663137
0.0671968
0.0684901
0.0702838
0.0724869
0.0745405
0.0760657
0.0771334
0.0778457
0.0782985
0.0785705
0.0787209
0.078792
0.0788143
0.058801
0.0588055
0.0588381
0.0589195
0.0590782
0.0593535
0.0597984
0.0604816
0.0614832
0.0628746
0.0645843
0.0661787
0.0673644
0.0681949
0.0687478
0.0690982
0.0693082
0.0694242
0.0694788
0.0694956
0.0522465
0.0522499
0.052275
0.0523377
0.0524596
0.0526709
0.0530138
0.0535418
0.0543152
0.0553897
0.0567106
0.0579426
0.0588584
0.0594985
0.0599246
0.060196
0.0603591
0.0604487
0.0604908
0.0605039
0.0454382
0.0454407
0.0454596
0.0455073
0.0456001
0.0457615
0.0460237
0.0464279
0.0470206
0.047844
0.0488564
0.0498003
0.0505011
0.0509914
0.0513184
0.0515261
0.0516506
0.0517192
0.0517511
0.0517607
0.038436
0.0384381
0.0384516
0.0384867
0.0385566
0.0386784
0.0388761
0.0391808
0.0396281
0.04025
0.0410158
0.041731
0.0422632
0.0426359
0.042884
0.0430403
0.0431332
0.043184
0.0432073
0.0432141
0.0312855
0.031287
0.0312968
0.0313224
0.0313732
0.0314629
0.0316095
0.0318355
0.0321669
0.0326275
0.0331946
0.0337236
0.0341158
0.0343889
0.0345697
0.0346847
0.0347542
0.0347919
0.0348096
0.034815
0.0240246
0.0240255
0.0240316
0.024049
0.0240854
0.0241496
0.0242535
0.0244132
0.0246484
0.0249761
0.0253783
0.0257531
0.0260308
0.0262247
0.0263537
0.0264345
0.0264818
0.0265076
0.0265188
0.0265217
0.0166832
0.0166838
0.0166883
0.0167003
0.0167238
0.0167651
0.0168319
0.0169356
0.0170885
0.0173013
0.0175639
0.0178095
0.0179927
0.0181209
0.0182051
0.0182579
0.0182881
0.0183032
0.0183089
0.0183102
0.00929021
0.00929049
0.00929322
0.00929987
0.00931229
0.0093339
0.0093698
0.00942533
0.00950675
0.00961932
0.00975883
0.00988936
0.00998498
0.0100506
0.0100947
0.0101228
0.0101394
0.0101483
0.0101526
0.010154
0.00557905
0.00557929
0.00558104
0.00558623
0.00559603
0.00561198
0.00563761
0.00567714
0.00573425
0.00581259
0.00589541
0.00596109
0.00600906
0.00604189
0.00606246
0.00607432
0.00608122
0.00608474
0.00608581
0.00202972
-1.73328
-1.12044
-0.684038
-0.337184
-0.0495497
0.189726
0.387362
0.552824
0.688073
0.713079
-0.76694
-0.461913
-0.213111
0.00132537
0.18737
0.34523
0.476695
0.581009
0.648232
0.669152
-0.244954
-0.0687959
0.0833972
0.220079
0.341102
0.444548
0.528843
0.591841
0.631604
0.649795
0.0721666
0.178616
0.277423
0.367533
0.446421
0.513203
0.566396
0.605898
0.632888
0.647218
0.277526
0.345969
0.411124
0.469488
0.521457
0.565988
0.602866
0.630466
0.647777
0.656875
0.42058
0.464179
0.506126
0.547245
0.585173
0.618919
0.646221
0.666141
0.677255
0.680929
0.52369
0.551329
0.587576
0.621285
0.651859
0.677306
0.698076
0.713544
0.72458
0.727295
0.599143
0.62405
0.656191
0.686315
0.714199
0.740384
0.763431
0.7821
0.794525
0.797171
0.667515
0.699397
0.737423
0.774534
0.808434
0.837372
0.85979
0.876461
0.887238
0.891278
0.767881
0.808963
0.853632
0.89217
0.924043
0.949991
0.971482
0.988509
1.00054
1.00752
0.91077
0.955085
0.993495
1.02836
1.05683
1.08105
1.10124
1.11744
1.12986
1.14014
1.08796
1.12616
1.15551
1.18028
1.20127
1.22023
1.23837
1.25557
1.27146
1.28565
1.28694
1.30829
1.32317
1.33904
1.35549
1.37089
1.38454
1.39764
1.41308
1.43159
1.47769
1.48499
1.49576
1.50729
1.5172
1.52648
1.53673
1.54783
1.55935
1.56812
1.69027
1.6921
1.68431
1.66817
1.65727
1.65663
1.66877
1.69336
1.72735
1.75182
2.11083
1.91702
1.81588
1.75766
1.7281
1.7217
1.73684
1.77755
1.85355
1.99666
-0.309377
-0.314811
-0.264145
-0.193243
-0.113156
-0.0269598
-1.41266
-0.352316
0.181867
0.225673
0.15582
0.0783931
-0.35655
-0.791312
-1.32559
-1.97338
-2.76617
)
;

boundaryField
{
    wall-4
    {
        type            zeroGradient;
    }
    pressure-outlet-7
    {
        type            fixedValue;
        value           uniform 0;
    }
    velocity-inlet-6
    {
        type            zeroGradient;
    }
    velocity-inlet-5
    {
        type            zeroGradient;
    }
    frontAndBackPlanes
    {
        type            empty;
    }
}


// ************************************************************************* //
