2	0.0542040536
2	0.0542040536
2	0.0542040536
3	0.16177026
4	0.114653141
4	0.114653141
5	0.107574105
5	0.107574105
6	0.0953205725
7	0.0902540923
7	0.0902540923
8	0.0820279497
8	0.0820279497
8	0.0820279497
9	0.0702891857
9	0.0702891857
9	0.0702891857
10	0.0548717346
10	0.0548717346
11	0.12718896
11	0.12718896
12	0.057214656
12	0.057214656
13	0.0987402913
13	0.0987402913
14	0.0416101594
15	0.076360923
15	0.076360923
16	0.0827766101
17	0.0760331857
18	0.0645535235
19	0.0581476436
20	0.0527405875
21	0.0479215207
23	0.041363635
24	0.0412803038
25	0.0436508407
30	0.0693059653
30	0.0693059653
31	0.0729363884
31	0.0729363884
32	0.0753102992
32	0.0753102992
33	0.0767398607
33	0.0767398607
34	0.0773072177
34	0.0773072177
36	0.0758764432
37	0.0744081573
37	0.0744081573
38	0.0731461218
38	0.0731461218
39	0.0725727907
39	0.0725727907
41	0.0737496547
42	0.0747754842
43	0.0752291807
43	0.0752291807
44	0.0742610926
45	0.0712101472
45	0.0712101472
45	0.0712101472
46	0.0663146237
46	0.0663146237
47	0.0607526156
47	0.0607526156
48	0.0556303199
49	0.0511697389
50	0.0472701484
51	0.0438828071
52	0.0412335587
52	0.0412335587
52	0.0393413062
53	0.0393413062
53	0.0376015182
54	0.0368582731
56	0.0368582731
56	0.0366242133
57	0.0374603278
58	0.0366599827
59	0.0353652789
62	0.0337512491
63	0.0332215654
64	0.0316233161
65	0.0316233161
66	0.0311973954
67	0.0303107917
68	0.0303107917
68	0.0295750232
69	0.0295750232
69	0.0284288429
70	0.0284288429
70	0.0284288429
71	0.0270314959
72	0.0257909581
73	0.0249430633
74	0.023717809
75	0.023717809
78	0.0209715361
78	0.0209715361
79	0.0206861102
79	0.0206861102
80	0.0207917676
80	0.0207917676
81	0.0211397829
82	0.0210512548
82	0.0211397829
84	0.0190517013
85	0.0199901665
85	0.0190517013
88	0.0177103104
90	0.0175659489
91	0.0173927079
91	0.0168988527
97	0.0135197314
98	0.01263232
101	0.012312706
101	0.012312706
102	0.0121890428
103	0.011982047
103	0.0117067484
104	0.0117067484
105	0.0109678197
107	0.0105460031
108	0.0105460031
109	0.01012389
111	0.00899649305
112	0.00872691627
114	0.0082627461
114	0.00802304665
116	0.00802304665
117	0.00724633306
118	0.00724633306
118	0.0075145604
118	0.00672867737
120	0.00697593908
121	0.00672867737
122	0.00613359912
123	0.00631620276
123	0.00595919522
126	0.00564701895
126	0.00539797692
127	0.00527363135
128	0.00539797692
131	0.00527363135
129	0.00527363135
130	0.00495477253
131	0.00505536532
132	0.00505536532
132	0.00505536532
133	0.00495477253
134	0.00464138244
136	0.00441890213
137	0.00430948596
139	0.00420265306
139	0.00399835433
141	0.00381512718
141	0.00390260025
143	0.00373521586
142	0.00381512718
144	0.00366137038
149	0.00345994596
148	0.00325536924
150	0.00311859844
153	0.00298132892
154	0.00291882123
158	0.00298132892
158	0.00286162389
161	0.00267128331
162	0.00262759306
164	0.00253991735
168	0.00232733692
169	0.00232733692
171	0.00228500672
173	0.00219966314
175	0.00211621695
175	0.00199195027
178	0.00199195027
179	0.00195005905
180	0.00190835293
181	0.00186790995
183	0.00179236898
183	0.00179236898
182	0.00175875745
185	0.00172757863
186	0.00169760113
190	0.00158321328
189	0.00155412027
191	0.00143558429
192	0.00152446957
192	0.0014071983
193	0.00149443387
192	0.0014071983
194	0.0013527839
195	0.0014071983
197	0.00130203209
201	0.00127787737
202	0.00132698161
203	0.00130203209
201	0.00125431323
204	0.00120893948
204	0.00120893948
205	0.00118690792
204	0.00118690792
204	0.00114361839
205	0.00112280377
208	0.00108280423
209	0.00106353696
210	0.00110260146
208	0.00108280423
212	0.00104483017
211	0.00102660354
212	0.000991569213
215	0.00102660354
214	0.000957747379
214	0.000974479366
215	0.000991569213
216	0.000974479366
220	0.000877154347
221	0.000877154347
222	0.000853807562
224	0.000803891903
225	0.000789404247
226	0.000781108062
229	0.000770577413
231	0.000725518853
232	0.000725518853
234	0.000718006155
238	0.000670709871
239	0.000670709871
239	0.000646126048
240	0.000656760041
243	0.000646126048
243	0.000632583561
243	0.000632583561
245	0.000600180015
246	0.000616626673
246	0.000616626673
245	0.000600180015
258	0.000570141372
261	0.000552696506
262	0.000541374853
259	0.000552696506
260	0.000521034592
263	0.000525703314
267	0.000514333355
270	0.000506535681
271	0.000500218343
272	0.000496925954
276	0.000475273055
272	0.000454975341
276	0.000467431986
278	0.000459873592
280	0.000459873592
280	0.000452593019
282	0.000431552709
282	0.00043480127
283	0.000431552709
287	0.00044545163
281	0.00043480127
282	0.000431552709
285	0.00043480127
286	0.000422058611
284	0.000425181273
287	0.000428349332
285	0.000422058611
292	0.000428349332
286	0.000418985799
291	0.000422058611
293	0.000418985799
288	0.000412972667
295	0.000418985799
289	0.000410037707
293	0.000404398857
294	0.000399024364
296	0.000396406496
297	0.000393832868
297	0.000393832868
298	0.000388844054
300	0.000386427014
301	0.000384059941
302	0.000381743431
303	0.000381743431
304	0.000375208669
309	0.000375208669
307	0.0003669297
307	0.000362876726
311	0.000360977857
312	0.0003669297
315	0.000364983877
313	0.000359143697
313	0.000355616587
315	0.000353877334
319	0.000355616587
316	0.000353877334
317	0.000350468154
321	0.000355616587
317	0.000353877334
319	0.00034404895
318	0.00035216026
324	0.000350468154
325	0.000348814574
326	0.00034252741
321	0.00034404895
323	0.00034404895
327	0.000341034287
325	0.00034252741
323	0.00034252741
325	0.00034404895
324	0.000345607054
324	0.00034252741
325	0.000341034287
327	0.00034252741
328	0.000338119114
327	0.000336703229
330	0.00033533178
329	0.000338119114
329	0.000339561942
330	0.00033533178
332	0.000332669168
330	0.000326673345
333	0.000333971746
336	0.000327812921
336	0.000326673345
337	0.000324472659
344	0.000320351964
345	0.000321347167
346	0.000317493327
347	0.000320351964
348	0.000315692931
345	0.000312254952
349	0.000314812267
350	0.000313944353
350	0.000316584642
346	0.000313944353
352	0.000313944353
347	0.000313096961
353	0.000311429564
355	0.000304406123
357	0.000309029159
362	0.000304646367
360	0.000304406123
361	0.000302448106
359	0.000303115826
362	0.000304646367
360	0.000302448106
364	0.000303770864
366	0.000299123845
370	0.000299780175
367	0.000296556373
371	0.000299123845
368	0.000297831638
372	0.000296556373
376	0.000295927345
374	0.000296556373
375	0.000294151113
379	0.000294700315
376	0.000292434029
380	0.000294151113
377	0.00029187376
378	0.000294151113
378	0.000291317378
379	0.00029187376
379	0.00029187376
380	0.000291317378
385	0.000290768544
387	0.000290226102
385	0.000289184115
389	0.000290768544
394	0.000289699868
389	0.000287050775
395	0.000289184115
396	0.000287050775
391	0.000285967987
397	0.000288137072
392	0.000283952167
393	0.000284931225
394	0.000286504078
394	0.000282978734
395	0.000285967987
396	0.000283466587
397	0.000284439221
397	0.000284931225
394	0.00028249398
401	0.000282978734
395	0.000283466587
399	0.000282019661
400	0.000282978734
400	0.000281553452
401	0.000282978734
400	0.000279727098
399	0.000279258887
408	0.000281097336
406	0.000277481463
403	0.000280193992
409	0.000278799163
411	0.000275201351
412	0.000279258887
414	0.000278360008
419	0.000277924359
419	0.000274768491
420	0.000274345605
417	0.00027280334
421	0.000271338155
421	0.000271755414
422	0.000270915311
422	0.00027280334
431	0.000270493444
424	0.000270493444
425	0.000270076157
431	0.000267896771
433	0.000268790562
435	0.000265972021
436	0.000265476012
437	0.000265972021
438	0.000260858876
439	0.000263991467
440	0.000265476012
437	0.000263991467
442	0.000263991467
441	0.000261405294
439	0.000262979725
442	0.000260858876
444	0.000262460188
445	0.00026349602
441	0.000257332847
446	0.000262979725
442	0.000256738434
447	0.000262460188
454	0.000258521259
455	0.000260858876
449	0.000261405294
456	0.000257332847
446	0.000254231678
458	0.000258521259
450	0.000256128665
459	0.000257921187
460	0.000257332847
451	0.000254869938
452	0.000254869938
462	0.000256128665
454	0.000254231678
452	0.000253587698
454	0.000252296786
466	0.000255502953
467	0.000252943609
461	0.000246896548
469	0.000253587698
470	0.000248272256
463	0.000249630783
464	0.000252296786
464	0.000244098074
472	0.000249630783
464	0.000247586108
469	0.000250973099
470	0.000248272256
471	0.000245499749
479	0.000242705429
478	0.000242705429
476	0.000235257194
481	0.000238335289
479	0.000241280492
482	0.000236054992
493	0.000233624809
495	0.000231932819
485	0.000231057426
486	0.000230160663
494	0.000214811933
495	0.000223599406
496	0.000212868692
497	0.00022163714
511	0.000203750539
521	0.000209910167
522	0.000208903429
524	0.000200607025
517	0.000201663055
525	0.000199547064
518	0.000203750539
526	0.00020685518
519	0.000202708455
517	0.000200607025
528	0.000196340701
518	0.000199547064
519	0.000198482195
530	0.000194182597
520	0.00019741375
527	0.000199547064
528	0.000200607025
520	0.000195260939
527	0.000186602184
529	0.000199547064
521	0.000194182597
530	0.000196340701
524	0.000194182597
531	0.00019741375
532	0.000190945404
533	0.000180127943
534	0.000179053346
532	0.000187692387
534	0.000182263428
536	0.000180127943
537	0.000179053346
540	0.000176901687
538	0.000177977238
539	0.000180127943
546	0.000181197032
542	0.000173654829
547	0.000180127943
543	0.000166022923
554	0.000168203204
549	0.000173654829
549	0.000170390428
550	0.000169297885
559	0.000164939004
560	0.000163862306
553	0.000155398817
554	0.000154362926
564	0.000159595323
554	0.000161721133
561	0.000147367053
558	0.000157485516
562	0.000146361254
559	0.000148255022
563	0.000154362926
569	0.000154362926
570	0.000148377
569	0.000151276924
571	0.000151548357
578	0.000143387327
570	0.000149385681
579	0.000142413908
571	0.000148377
580	0.000141449875
574	0.000145361718
572	0.000149385681
573	0.000148377
574	0.000134890039
570	0.000143387327
575	0.000144369959
571	0.000142413908
576	0.000143387327
578	0.000130640326
579	0.000130656722
580	0.000142413908
575	0.000133970455
582	0.000129858294
589	0.000130640326
585	0.000132147433
581	0.00013305554
586	0.000130640326
583	0.000130640326
588	0.00012126978
584	0.000130656722
594	0.000129858294
586	0.000128762473
587	0.000127710761
588	0.000124319133
603	0.000121779789
604	0.000121103985
605	0.000117642527
606	0.000119119205
601	0.000117662264
607	0.000117662264
602	0.000117642527
605	0.000108100664
606	0.000108055586
607	0.000107370683
608	0.000117642527
609	0.000114403904
611	0.000112647359
609	0.000111197952
620	0.00011115052
614	0.00011115052
615	0.000110446346
608	0.000105087168
616	0.000108100664
616	0.000109507968
617	0.000108100664
618	0.000108055586
616	0.000105087168
622	0.000101463181
623	0.000104375398
620	0.000102109978
618	0.000101463181
622	0.000100600608
626	0.000102109978
622	0.000100600608
625	9.88846799e-05
626	0.000101463181
625	9.68922419e-05
