1	2.14
2	2.2
2	2.23
2	2.24
2	2.23
2	2.24
2	2.29
2	2.27
2	3.2
3	3.3
3	3.29
3	3.3
3	3.33
3	3.35
3	3.38
3	3.38
3	4.32
4	4.42
4	4.47
4	4.48
4	4.52
4	4.52
4	4.54
4	4.56
4	5.5
5	5.57
5	5.65
5	5.67
5	5.69
5	5.71
5	5.71
5	5.73
5	6.71
6	6.75
6	6.83
6	6.87
6	6.85
6	6.88
6	6.86
6	6.94
6	7.89
7	7.93
7	8.02
7	8.02
7	8.07
7	8.04
7	8.09
7	8.11
7	9.05
8	9.17
8	9.14
8	9.21
8	9.23
8	9.26
8	9.29
8	9.28
8	10.22
9	10.33
9	10.39
9	10.31
9	10.43
9	10.43
9	10.46
9	10.44
9	11.38
10	11.43
10	11.54
10	11.49
10	11.58
10	11.59
10	11.63
10	11.64
10	12.49
11	12.54
11	12.62
11	12.7
11	12.71
11	12.72
11	12.75
11	12.77
11	13.68
12	13.86
12	13.69
12	13.79
12	13.89
12	13.89
12	13.9
12	13.91
12	14.75
13	14.92
13	14.76
13	14.87
13	14.97
13	14.98
13	15.02
13	15.04
13	15.84
14	15.86
14	16.03
14	15.97
14	16.09
14	16.14
14	16.12
14	16.13
14	16.87
15	17.11
15	17.15
15	16.98
15	17.09
15	17.2
15	17.19
15	17.26
15	17.96
16	18.17
16	18.08
16	18.26
16	18.26
16	18.21
16	18.29
16	18.34
16	19.04
17	19.26
17	19.16
17	19.36
17	19.36
17	19.27
17	19.35
17	19.43
17	20.08
18	20.33
18	20.25
18	20.44
18	20.49
18	20.39
18	20.48
18	21.14
19	21.43
19	21.35
19	21.5
19	21.5
19	21.57
19	21.48
19	21.57
19	22.2
20	22.5
20	22.57
20	22.47
20	22.59
20	22.64
20	22.58
20	22.69
20	23.29
21	23.58
21	23.66
21	23.7
21	23.68
21	23.61
21	23.66
21	23.76
21	24.38
22	24.7
22	24.74
22	24.77
22	24.79
22	24.67
22	24.77
22	24.84
22	25.49
23	25.79
23	25.84
23	25.85
23	25.89
23	25.75
23	25.84
23	25.94
23	26.57
24	26.86
24	26.94
24	26.98
24	26.98
24	26.86
24	26.94
24	27.02
24	27.66
25	27.96
25	28.08
25	28.05
25	28.11
25	27.93
25	28.05
25	28.13
25	28.78
26	29.1
26	29.19
26	29.17
26	29.22
26	29.07
26	29.16
26	29.24
26	29.9
27	30.2
27	30.3
27	30.26
27	30.35
27	30.23
27	30.28
27	30.38
27	30.97
28	31.32
28	31.39
28	31.33
28	31.43
28	31.32
28	31.37
28	31.48
28	32.08
29	32.44
29	32.51
29	32.45
29	32.58
29	32.44
29	32.49
29	32.58
29	33.21
30	33.56
30	33.6
30	33.52
30	33.73
30	33.69
30	33.66
30	33.6
30	34.34
31	34.65
31	34.72
31	34.64
31	34.91
31	34.83
31	34.75
31	34.85
31	35.43
32	35.8
32	35.89
32	35.78
32	36.04
32	36
32	35.87
32	35.97
32	36.54
33	36.94
33	36.91
33	37.03
33	37.19
33	37.14
33	37
33	37.15
33	37.65
34	38.05
34	37.98
34	38.13
34	38.29
34	38.26
34	38.15
34	38.25
34	38.73
35	39.16
35	39.09
35	39.27
35	39.41
35	39.38
35	39.37
35	39.29
35	39.82
36	40.3
36	40.19
36	40.38
36	40.48
36	40.52
36	40.36
36	40.48
36	40.91
37	41.44
37	41.3
37	41.45
37	41.61
37	41.58
37	41.65
37	41.51
37	42.01
38	42.55
38	42.39
38	42.55
38	42.72
38	42.67
38	42.76
38	42.59
38	43.11
39	43.66
39	43.66
39	43.51
39	43.79
39	43.79
39	43.86
39	43.7
39	44.23
40	44.74
40	44.74
40	44.63
40	44.89
40	44.9
40	44.96
40	44.84
40	45.33
41	45.85
41	45.88
41	45.72
41	45.98
41	46.01
41	46.07
41	45.95
41	46.41
42	46.93
42	46.99
42	46.85
42	47.08
42	47.12
42	47.18
42	47.04
42	47.53
43	47.96
43	48.09
43	48.07
43	48.25
43	48.21
43	48.28
43	48.16
43	48.6
44	49.2
44	49.08
44	49.17
44	49.33
44	49.3
44	49.36
44	49.26
44	49.69
45	50.3
45	50.22
45	50.32
45	50.42
45	50.39
45	50.45
45	50.32
45	50.78
46	51.38
46	51.4
46	51.32
46	51.51
46	51.49
46	51.55
46	51.43
46	51.85
47	52.5
47	52.4
47	52.51
47	52.64
47	52.65
47	52.58
47	52.53
47	52.91
48	53.57
48	53.52
48	53.66
48	53.75
48	53.62
48	53.78
48	53.71
48	54.03
49	54.63
49	54.74
49	54.6
49	54.88
49	54.73
49	54.88
49	54.84
49	55.11
50	55.75
50	55.85
50	55.72
50	56
50	56
50	55.96
50	55.88
50	56.22
51	56.88
51	56.97
51	56.82
51	57.13
51	57.11
51	57.06
51	57.03
51	57.36
52	58.02
52	58.13
52	57.93
52	58.25
52	58.28
52	58.19
52	58.18
52	58.48
53	59.13
53	59.06
53	59.32
53	59.4
53	59.45
53	59.57
54	59.36
53	59.33
53	60.24
54	60.19
54	60.47
54	60.53
54	60.59
54	60.7
55	60.47
54	60.47
54	61.36
55	61.35
55	61.63
55	61.64
55	61.69
55	61.82
56	61.59
55	61.62
55	62.45
56	62.46
56	62.75
56	62.76
56	62.82
56	62.94
57	62.7
56	62.74
56	63.59
57	63.6
57	63.89
57	63.93
57	63.88
57	63.88
57	64.1
58	63.9
57	64.71
58	64.76
58	65.07
58	65.05
58	65.02
58	65
58	65.24
59	65.06
58	65.84
59	65.92
59	66.22
59	66.2
59	66.23
59	66.12
59	66.34
60	66.21
59	66.98
60	67.08
60	67.39
60	67.38
60	67.39
60	67.26
60	67.51
61	67.39
60	68.2
61	68.24
61	68.56
61	68.59
61	68.43
61	68.57
61	68.68
62	68.59
61	69.33
62	69.46
62	69.76
62	69.77
62	69.65
62	69.77
62	69.89
63	69.82
62	70.5
63	70.64
63	70.93
63	70.97
63	70.93
63	70.85
63	71.11
64	70.99
63	71.65
64	71.84
64	72.13
64	72.15
64	72.13
64	72.04
64	72.25
65	72.2
64	72.82
65	72.98
65	73.31
65	73.33
65	73.18
65	73.41
66	73.36
65	73.39
65	73.98
66	74.17
66	74.46
66	74.34
66	74.52
66	74.6
67	74.57
66	74.56
66	75.16
67	75.4
67	75.64
67	75.51
67	75.69
67	75.78
68	75.77
67	75.76
67	76.31
68	76.57
68	76.78
68	76.84
68	76.69
68	76.96
69	76.94
68	76.95
68	77.49
69	77.79
69	77.99
69	78.02
69	77.86
69	78.13
70	78.08
69	78.15
69	78.7
70	78.95
70	79.18
70	79.18
70	79.03
70	79.26
71	79.29
70	79.33
70	79.89
71	80.15
71	80.37
71	80.43
72	80.2
71	80.39
71	80.48
71	80.51
71	81.09
72	81.32
72	81.58
72	81.59
72	81.4
72	81.63
73	81.67
72	81.71
72	82.28
73	82.52
73	82.76
73	82.79
73	82.6
73	82.83
74	82.86
73	83.47
74	82.97
73	83.65
74	83.96
74	83.8
74	84
75	84.03
74	84.04
74	84.63
75	84.14
74	84.81
75	84.95
75	85.21
75	85.17
75	85.23
76	85.25
75	85.83
76	85.32
75	85.97
76	86.14
76	86.36
77	86.42
76	86.38
76	86.43
76	87.01
77	86.51
76	87.15
77	87.36
77	87.55
78	87.61
77	87.57
77	87.6
77	88.17
78	87.71
77	88.32
78	88.74
79	88.53
78	88.79
78	88.74
78	88.78
78	89.33
79	88.88
78	89.52
79	89.96
79	89.71
79	89.94
80	89.95
79	89.98
79	90.52
80	90.07
79	90.68
80	91.15
80	90.9
80	91.09
81	91.11
80	91.19
80	91.7
81	91.23
80	91.85
81	92.07
81	92.24
82	92.33
81	92.3
81	92.4
81	92.93
82	92.43
81	93.02
82	93.26
82	93.43
83	93.51
82	93.5
82	93.58
82	94.14
83	93.66
82	94.2
83	94.58
84	94.49
83	94.73
83	94.73
83	94.79
83	95.29
84	94.84
83	95.41
84	95.66
84	95.78
85	95.93
84	95.92
84	95.96
84	96.44
85	95.99
84	96.55
85	96.92
86	96.85
85	97.09
85	97.08
85	97.16
85	97.63
86	97.14
85	97.73
86	98.07
87	98.02
86	98.24
86	98.29
86	98.31
86	98.78
87	98.28
86	98.89
87	99.18
88	99.39
87	99.19
87	99.48
87	99.52
87	99.98
88	99.44
87	100.04
88	100.37
89	100.35
88	100.6
88	100.69
88	100.68
88	101.19
89	100.61
88	101.21
89	101.52
90	101.54
89	101.79
89	101.84
89	101.87
89	102.38
90	101.8
89	102.38
90	102.67
91	102.95
90	102.74
90	103.05
90	103.07
90	103.58
91	102.95
90	103.55
91	103.81
92	104.14
91	103.95
91	104.23
91	104.27
91	104.73
92	104.72
92	104.14
91	105.02
93	105.33
92	105.12
92	105.42
92	105.41
92	105.95
93	105.87
93	105.32
92	106.21
94	106.53
93	106.32
93	106.6
93	106.64
93	107.11
94	107.06
94	106.54
93	107.42
95	107.69
94	107.49
94	107.8
94	107.84
94	108.31
95	108.24
95	107.67
94	108.61
96	108.88
95	108.7
95	109.02
95	109.03
95	109.5
96	109.43
96	108.88
95	109.79
97	110.08
96	109.89
96	110.19
96	110.24
96	110.68
97	110.61
97	110.03
96	110.98
98	111.08
97	111.3
97	111.41
97	111.42
97	111.85
98	111.79
98	111.24
97	112.17
99	112.3
98	112.6
98	112.53
98	112.65
98	113.04
99	112.98
99	112.43
98	113.38
100	113.49
99	113.8
99	113.78
99	113.85
99	114.25
100	114.18
100	113.58
99	114.57
101	114.69
100	115.02
100	115
100	115.07
100	115.45
101	114.77
100	115.39
101	115.8
102	115.9
101	116.23
101	116.21
101	116.66
102	116.3
101	116
101	116.61
102	117
103	117.11
102	117.49
102	117.43
102	117.88
103	117.55
102	117.18
102	117.84
103	118.19
104	118.32
103	118.71
103	118.64
103	119.11
104	118.78
103	118.42
103	119.39
105	119.52
104	119.86
104	119.94
104	120.31
105	119.98
104	120.24
105	119.66
104	120.58
106	120.72
105	121.14
105	121.09
105	121.5
106	121.21
105	120.84
105	121.45
106	121.77
107	121.92
106	122.36
106	122.34
106	122.73
107	122.43
106	122.64
107	122.05
106	123.01
108	123.12
107	123.54
107	123.54
107	123.93
108	123.26
107	123.63
107	123.87
108	124.22
109	124.28
108	124.73
108	124.76
108	125.16
109	124.85
108	124.46
108	125.09
109	125.36
110	125.51
109	125.93
109	126
109	126.37
110	125.66
109	126.08
109	126.32
110	126.56
111	126.71
110	127.14
110	127.15
110	127.61
111	126.88
110	127.28
110	127.52
111	127.78
112	127.91
111	128.39
111	128.36
111	128.83
112	128.11
111	128.74
112	128.53
111	128.97
113	129.13
112	129.6
112	129.57
112	130.05
113	129.31
112	129.97
113	129.76
112	130.19
114	130.34
113	130.78
113	130.79
113	131.28
114	130.52
113	131.18
114	131.01
113	131.39
115	131.56
114	131.98
114	132
114	132.54
115	131.76
114	132.24
114	132.39
115	132.59
116	132.78
115	133.21
115	133.23
115	133.74
116	132.99
115	133.6
116	133.8
117	133.49
115	134.02
116	134.43
116	134.49
116	134.98
117	134.24
116	134.83
117	134.73
116	135.04
118	135.26
117	135.63
117	135.72
117	136.24
118	135.47
117	136.02
118	136.26
119	135.98
117	136.5
118	136.88
118	137
118	137.48
119	137.23
119	136.69
118	137.47
120	137.19
118	137.74
119	138.13
119	138.23
119	138.73
120	138.46
120	137.92
119	138.67
121	138.43
119	138.93
120	139.34
120	139.45
120	139.95
121	139.69
121	139.18
120	139.87
122	139.64
120	140.17
121	140.57
121	140.68
121	141.18
122	140.9
122	140.43
121	141.1
123	140.89
121	141.43
122	141.81
122	141.95
122	142.39
123	142.11
123	142.33
124	141.66
122	142.11
122	142.68
123	143.08
123	143.22
123	143.62
124	143.31
124	143.53
125	142.92
123	143.39
123	143.92
124	144.35
124	144.44
124	144.52
125	144.84
125	144.76
126	144.13
124	144.63
124	145.14
125	145.6
125	145.64
125	145.72
126	146.06
126	145.99
127	145.35
125	145.88
125	146.37
126	146.82
126	146.93
127	146.89
126	147.34
127	147.17
128	146.61
126	147.11
126	147.54
127	148.08
127	148.17
128	148.13
127	148.57
128	148.42
129	147.83
127	148.36
127	148.77
128	149.29
128	149.38
129	149.36
128	149.83
129	149.06
128	149.66
130	149.62
128	150.02
129	150.54
129	150.61
130	150.65
129	150.86
131	151.07
130	150.32
129	151.24
130	150.89
129	151.78
130	151.84
131	151.85
130	151.51
130	152.08
132	152.32
131	152.13
130	152.47
131	153.02
131	153.03
131	153.09
132	153.32
133	152.76
131	153.55
132	153.71
132	153.39
131	154.24
132	154.23
132	154.34
133	154.01
132	154.57
134	154.83
133	154.94
133	154.67
132	155.48
133	155.45
133	155.57
134	155.77
135	155.28
133	156.1
134	156.2
134	155.94
133	156.71
134	156.71
134	156.75
135	157.01
136	156.5
134	157.33
135	157.43
135	157.17
134	157.98
135	157.94
135	157.97
136	158.18
137	157.73
135	158.55
136	158.68
136	158.42
135	159.23
136	159.2
136	159.19
137	159.39
138	158.96
136	159.83
137	159.93
137	159.68
136	160.44
137	160.48
137	160.43
138	160.6
139	160.19
137	161.04
138	161.17
138	160.94
137	161.75
138	161.74
138	161.64
139	161.84
140	161.46
138	162.31
139	162.4
139	162.19
138	163.01
139	162.89
140	163.01
139	163.09
141	162.7
139	163.58
140	163.62
140	163.44
139	164.24
140	164.12
141	164.25
140	164.31
142	163.94
140	164.86
141	164.85
141	164.72
140	165.34
142	165.5
141	165.53
141	165.52
143	165.21
141	166.09
142	166.15
142	165.98
141	166.57
143	166.74
144	166.75
142	166.79
142	166.42
142	167.33
143	167.38
143	167.26
142	167.79
144	167.98
143	168
145	168.02
143	167.64
143	168.57
144	168.62
144	168.55
143	169.04
145	169.21
146	169.25
144	169.3
144	168.9
144	169.79
145	169.86
145	169.84
144	170.27
146	170.44
147	170.51
145	170.54
145	170.17
145	171.03
146	171.1
146	171.09
145	171.52
147	171.66
148	171.74
146	171.79
146	171.43
146	172.29
147	172.39
147	172.35
146	172.78
148	172.93
149	173.01
147	173.08
147	172.69
147	173.53
148	173.67
148	173.61
147	174.05
149	174.22
150	174.26
148	174.33
148	173.96
148	174.77
149	174.94
149	174.86
148	175.28
150	175.43
151	175.52
149	175.57
149	175.22
149	175.98
150	176.2
150	176.13
149	176.52
151	176.68
152	176.77
150	176.83
150	176.47
150	177.23
151	177.46
151	177.4
150	177.78
152	177.93
153	177.99
151	178.06
151	177.74
151	178.47
152	178.72
152	178.64
151	179.14
154	179.08
153	179.27
152	179.33
152	178.99
152	179.72
153	179.98
153	179.93
152	180.37
155	180.31
154	180.53
153	180.56
153	180.28
153	180.99
154	181.28
154	181.62
156	181.21
153	181.55
155	181.79
154	181.82
154	181.55
154	182.27
155	182.55
155	182.84
157	182.46
154	182.8
156	183.05
155	183.11
155	182.78
155	183.53
156	183.83
156	184.08
158	184.02
157	183.74
155	184.31
156	184.38
156	184.02
156	184.79
157	185.07
157	185.32
159	185.27
158	185.02
156	185.57
157	185.63
157	185.29
157	185.99
158	186.33
158	186.55
160	186.53
159	186.81
158	186.34
157	186.86
158	186.57
158	187.24
159	187.57
159	187.81
161	187.77
160	188.09
159	187.63
158	188.12
159	187.84
159	188.52
160	188.83
160	189.06
162	189.05
161	189.3
160	188.88
159	189.39
160	189.1
160	189.81
161	190.26
163	190.09
161	190.25
162	190.56
161	190.12
160	190.64
161	190.35
161	191.06
162	191.49
164	191.3
162	191.48
163	191.83
162	191.89
162	191.41
161	191.59
162	192.3
163	192.74
165	192.55
163	192.73
164	193.08
163	193.16
163	192.67
162	192.86
163	193.53
164	194.01
166	193.8
164	194.02
165	194.33
164	194.41
164	193.93
163	194.16
164	194.75
165	195.22
167	195.07
165	195.31
166	195.55
165	195.61
165	195.22
164	195.43
165	196.04
166	196.51
168	196.32
166	196.58
167	196.82
166	196.91
166	196.51
165	196.68
166	197.3
167	197.8
169	197.6
167	197.83
168	198.07
167	198.16
167	197.77
166	197.9
167	198.57
168	199.03
170	198.88
168	199.28
168	199.08
169	199.4
168	199.06
167	199.16
168	199.82
169	200.26
171	200.19
169	200.33
170	200.55
169	200.69
169	200.35
168	200.39
169	201.09
170	201.49
172	201.57
171	201.47
170	201.81
170	201.91
170	201.61
169	201.66
170	202.34
171	202.73
173	202.81
172	202.73
171	203.08
171	203.16
171	202.87
170	202.93
171	203.58
172	203.96
174	204.06
173	203.96
172	204.28
172	204.44
172	204.12
171	204.16
172	204.82
173	205.18
175	205.3
174	205.23
173	205.56
173	205.7
173	205.37
172	205.42
173	206.1
174	206.43
176	206.55
175	206.54
174	206.82
174	206.94
174	206.64
173	206.69
174	207.34
175	207.64
177	207.8
176	208.08
175	207.82
175	208.21
175	207.9
174	207.96
175	208.59
176	208.86
178	209.04
177	209.36
176	209.11
176	209.48
176	209.16
175	209.24
176	209.84
177	210.09
179	210.24
178	210.35
177	210.61
177	210.76
177	210.43
176	210.52
177	211.13
178	211.32
180	211.54
179	211.64
178	211.91
178	212.03
178	211.74
177	211.82
178	212.44
179	212.6
181	212.79
180	213.17
179	212.92
179	213.31
179	213.02
178	213.08
179	213.71
180	213.86
182	214.04
181	214.42
180	214.17
180	214.57
180	214.3
179	214.34
180	214.97
181	215.12
183	215.28
182	215.65
181	215.41
181	215.84
181	215.55
180	215.58
181	216.33
184	216.24
182	216.53
183	216.67
182	216.95
182	217.07
182	216.79
181	216.83
182	217.56
185	217.52
183	217.72
184	218.18
183	217.94
183	218.32
183	218.07
182	218.79
186	218.12
183	218.77
184	218.98
185	219.43
184	219.19
184	219.59
184	219.36
183	220.05
187	219.4
184	220.02
185	220.2
186	220.74
185	220.5
185	220.87
185	220.64
184	221.31
188	221.23
186	220.67
185	221.46
187	221.96
186	221.75
186	222.11
186	221.85
185	222.5
189	221.88
186	222.46
187	222.69
188	223.17
187	222.98
187	223.33
187	223.12
186	223.76
190	223.13
187	223.7
188	223.92
189	224.44
188	224.21
188	224.58
188	224.36
187	225.03
191	224.91
189	224.4
188	225.16
190	225.48
189	225.74
189	225.83
189	225.6
188	226.25
192	226.16
190	226.4
191	225.66
189	226.74
190	226.99
190	227.04
190	226.81
189	227.47
193	227.4
191	227.64
192	226.95
190	227.96
191	228.25
191	228.29
191	228.07
190	228.66
194	228.63
192	228.89
193	228.2
191	229.16
192	229.52
192	229.51
192	229.35
191	229.91
195	229.86
193	230.14
194	229.46
192	230.38
193	230.74
193	230.76
193	231.14
196	230.63
192	231.12
194	231.4
195	230.74
193	231.59
194	232
194	232.05
194	232.4
197	231.88
193	232.62
196	232.39
195	232.01
194	232.85
195	233.26
195	233.66
198	233.33
195	233.17
194	233.87
197	233.66
196	233.3
195	234.08
196	234.55
196	234.91
199	234.64
196	234.42
195	235.14
198	234.91
197	234.58
196	235.32
197	235.85
197	236.15
200	235.92
197	235.71
196	236.41
199	236.19
198	235.87
197	236.56
198	237.1
198	237.41
201	237.22
198	237.66
200	236.97
197	237.47
199	237.12
198	237.84
199	238.35
199	238.65
202	238.93
201	238.24
198	238.52
199	238.74
200	238.41
199	239.12
200	239.65
200	239.93
203	240.21
202	239.51
199	239.77
200	239.99
201	239.68
200	240.38
201	240.91
201	241.2
204	241.03
201	241.48
203	240.81
200	241.2
202	240.96
201	241.64
202	242.16
202	242.48
205	242.26
202	242.75
204	242.11
201	242.48
203	242.18
202	242.9
203	243.42
203	243.74
206	243.53
203	244.02
205	243.4
202	243.77
204	243.46
203	244.15
204	244.69
204	245.02
207	244.8
204	245.29
206	245.01
205	244.71
203	244.72
204	245.41
205	245.93
205	246.27
208	246.05
205	246.54
207	246.26
206	245.97
204	246.01
205	246.68
206	247.18
206	247.48
209	247.31
206	247.46
207	247.83
208	247.22
205	247.27
206	247.91
207	248.41
207	248.7
210	248.57
207	248.72
208	248.46
206	249.09
209	249.14
208	248.54
207	249.67
208	249.93
211	249.8
208	249.95
209	249.75
207	250.34
210	250.34
209	249.73
208	250.88
209	251.13
212	251.02
209	251.17
210	251.55
211	250.96
208	251.54
210	250.93
209	252.06
210	252.35
213	252.2
210	252.4
211	252.78
212	252.23
209	252.81
211	252.17
210	253.33
211	253.57
214	253.46
211	254.01
213	253.65
212	253.48
210	253.43
211	254.08
212	254.6
212	254.78
215	254.73
212	255.23
214	254.88
213	254.78
211	254.71
212	255.36
213	255.84
213	256.02
216	255.96
213	256.14
214	256.48
215	255.95
213	256.07
212	256.6
214	257.11
214	257.26
217	257.21
214	257.38
215	257.74
216	257.2
214	257.35
213	257.82
215	258.35
215	258.49
218	258.45
215	258.61
216	258.98
217	258.46
215	259.12
216	258.65
214	259.56
216	259.71
219	259.71
216	259.85
217	260.23
218	259.72
216	260.38
217	259.93
215	260.85
217	260.97
220	260.95
217	261.09
218	261.5
219	260.97
217	261.61
218	261.21
216	262.1
218	262.18
221	262.23
218	262.33
219	262.72
220	262.21
218	262.89
219	262.49
217	263.34
219	263.44
222	263.5
219	263.57
220	263.91
221	263.45
219	264.16
220	263.75
218	264.58
220	264.67
223	264.75
220	265.14
222	264.82
221	264.71
220	265.4
221	265.81
221	265.02
219	265.93
224	265.98
221	266.37
223	266.08
222	266.64
222	265.99
221	267.07
222	266.3
220	267.16
225	267.23
222	267.61
224	267.34
223	267.91
223	267.22
222	268.33
223	267.56
221	268.38
226	268.46
223	268.81
225	268.56
224	269.15
224	268.46
223	269.58
224	268.83
222	269.63
227	269.68
224	269.75
225	270.04
226	270.37
225	269.67
224	270.81
225	270.83
228	270.11
223	270.9
225	270.98
226	271.27
227	271.63
226	270.91
225	272.07
226	272.09
229	271.35
224	272.14
226	272.22
227	272.52
228	272.16
226	272.9
227	273.31
227	273.32
230	272.6
225	273.38
227	273.45
228	273.76
229	273.41
227	274.14
228	274.55
228	274.54
231	273.86
226	274.63
228	274.7
229	274.98
230	274.64
228	275.39
229	275.78
229	275.75
232	275.13
227	275.85
229	276.21
231	275.96
230	275.89
229	276.63
230	277.02
230	276.99
233	276.35
228	277.08
230	277.2
231	277.48
232	277.13
230	277.85
231	278.29
231	278.22
234	277.62
229	278.32
231	278.44
232	278.74
233	278.34
231	279.11
232	279.44
235	279.57
232	278.87
230	279.56
232	279.7
233	279.95
234	279.6
232	280.32
233	280.67
236	280.82
233	280.09
231	280.8
233	280.93
234	281.2
235	280.86
233	281.5
234	281.89
237	282.07
234	281.34
232	282.02
234	282.19
235	282.45
236	282.08
234	283.09
238	282.78
235	283.3
235	282.63
233	283.29
235	283.67
237	283.45
236	283.34
235	284.03
236	284.36
239	284.54
236	283.85
234	284.54
236	284.91
238	284.65
237	284.61
236	285.26
237	285.54
240	285.79
237	285.1
235	285.75
237	285.88
238	286.16
239	285.85
237	286.5
238	286.78
241	287.04
238	286.37
236	286.97
238	287.13
239	287.39
240	287.1
238	287.74
239	288.01
242	288.27
239	287.62
237	288.24
239	288.64
241	288.37
240	288.32
239	289.2
243	288.95
240	289.47
240	288.85
238	289.43
240	289.85
242	289.59
241	289.56
240	290.22
241	290.43
244	290.73
241	290.13
239	290.68
241	290.83
242	291.07
243	290.79
241	291.44
242	291.67
245	291.96
242	291.39
240	291.95
242	292.08
243	292.32
244	292.04
242	292.65
243	292.91
246	293.18
243	292.63
241	293.18
243	293.35
244	293.54
245	293.27
243	293.91
244	294.12
247	294.39
244	293.89
242	294.55
245	294.44
244	294.77
246	294.52
244	295.3
248	295.13
245	295.65
245	295.1
243	295.8
246	295.68
245	296.02
247	295.73
245	296.33
246	296.53
249	296.85
246	296.33
244	296.92
246	297.06
247	297.25
248	296.96
246	297.73
250	297.59
247	298.07
247	297.59
245	298.14
247	298.44
249	298.29
248	298.23
247	298.97
251	298.85
248	299.28
248	298.83
246	299.65
250	299.38
248	299.51
249	299.47
248	300.18
252	300.08
249	300.53
249	300.07
247	300.86
251	300.58
249	300.76
250	301.37
253	300.69
249	301.31
250	301.78
250	301.33
248	302.06
252	301.99
251	301.86
250	302.59
254	301.93
250	302.56
251	303.04
251	302.55
249	303.3
253	303.18
252	303.11
251	303.8
255	303.19
251	303.77
252	304.27
252	303.75
250	304.54
254	304.43
253	304.35
252	304.99
256	304.39
252	304.98
253	305.5
253	304.96
251	305.74
255	305.69
254	305.61
253	306.23
257	305.62
253	306.22
254	306.73
254	306.2
252	306.96
256	306.91
255	306.88
254	307.45
258	307.46
255	306.92
254	307.92
255	307.47
253	308.23
257	308.21
256	308.12
255	308.68
259	308.13
255	308.73
256	309.18
256	308.75
254	309.47
258	309.43
257	309.38
256	309.94
260	309.37
256	309.98
257	310.4
257	310
255	310.71
259	310.63
258	310.65
257	311.16
261	311.19
258	310.63
257	311.61
258	311.92
260	311.25
256	311.85
259	311.91
258	312.38
262	311.85
258	312.43
259	312.84
259	313.14
261	312.47
257	313.11
260	313.17
259	313.55
263	313.67
260	313.12
259	314.04
260	313.71
258	314.4
262	314.29
261	314.37
260	314.74
264	314.89
261	315.23
261	314.4
260	314.96
259	315.63
263	315.57
262	315.56
261	315.99
265	316.11
262	315.57
261	316.47
262	316.81
264	316.23
260	316.77
263	316.78
262	317.19
266	317.33
263	317.69
263	316.82
262	318
265	317.47
261	317.92
264	317.97
263	318.37
267	318.55
264	318.88
264	318.08
263	319.2
266	318.69
262	319.13
265	319.2
264	319.55
268	319.78
265	320.15
265	319.32
264	320.4
267	319.96
263	320.35
266	320.47
265	320.77
269	321.04
266	321.39
266	320.58
265	321.63
268	321.18
264	321.57
267	321.71
266	322
270	322.25
267	322.62
267	321.82
266	322.89
269	322.43
265	322.79
268	322.95
267	323.23
271	323.83
268	323.54
268	323.08
267	324.11
270	324.02
269	323.7
266	324.15
268	324.49
272	325.07
269	324.8
269	324.32
268	325.32
271	325.25
270	324.95
267	325.37
269	325.72
273	326.34
270	326.04
270	325.58
269	326.58
272	326.49
271	326.19
268	326.6
270	326.9
274	327.56
271	327.26
271	326.79
270	327.81
273	327.72
272	327.46
269	327.83
271	328.13
275	328.47
272	328.84
272	328.02
271	329
274	328.97
273	328.73
270	329.1
272	329.33
276	329.72
273	330.07
273	329.3
272	330.26
275	330.23
274	329.94
271	330.33
273	330.56
277	330.93
274	331.32
274	330.51
273	331.47
276	331.44
275	331.17
272	331.56
274	331.75
278	332.13
275	332.58
275	331.73
274	332.7
277	332.64
276	332.4
273	332.77
275	332.98
279	333.36
276	333.78
276	333.9
278	332.97
275	333.84
277	333.64
274	334
276	334.21
280	334.6
277	335
277	335.11
279	334.21
276	335.03
278	334.88
275	335.21
277	335.42
281	335.82
278	336.24
278	336.33
280	335.42
277	336.24
279	336.11
276	336.43
278	336.66
282	337.01
279	337.49
279	337.55
281	336.65
278	337.49
280	337.69
279	337.41
277	337.88
283	338.28
280	338.72
280	338.81
282	337.89
279	338.75
281	338.66
278	338.95
280	339.09
284	339.51
281	339.95
281	340.04
283	339.12
280	339.98
282	339.87
279	340.23
285	340.18
281	340.72
282	341.16
282	340.33
281	341.24
284	341.18
283	341.43
286	341.09
280	341.4
282	341.97
283	342.38
283	342.46
285	341.56
282	342.41
284	342.63
287	342.62
283	342.33
281	343.62
284	343.22
284	342.76
283	343.67
286	343.67
285	343.85
288	343.82
284	343.56
282	344.87
285	344.47
285	344.88
287	343.98
284	344.87
286	345.07
289	345.06
285	344.79
283	346.08
286	345.71
286	345.18
285	346.11
288	346.08
287	346.26
290	346.24
286	346.04
284	346.91
287	347.31
287	347.35
289	346.43
286	347.28
288	347.47
291	347.47
287	347.26
285	348.14
288	348.51
288	348.55
290	347.65
287	348.51
289	348.72
292	348.71
288	348.5
286	349.4
289	349.72
289	349.77
291	349.69
290	348.88
288	349.92
293	349.95
289	349.73
287	350.63
290	350.98
290	351
292	350.89
291	350.1
289	351.12
294	351.17
290	350.94
288	351.9
291	352.23
291	352.21
293	352.08
292	351.36
290	352.33
295	352.43
291	352.2
289	353.13
292	353.5
292	353.43
294	353.32
293	352.59
291	353.55
296	353.67
292	353.43
290	354.37
293	354.76
293	354.68
295	354.52
294	353.83
292	354.77
297	354.92
293	354.69
291	355.59
294	356.01
294	355.76
295	355.9
296	355.09
293	355.99
298	356.14
294	355.93
292	356.82
295	357.23
295	357.12
297	357
296	356.29
294	357.24
299	357.1
293	357.36
295	358.06
296	358.44
296	358.32
298	358.19
297	357.53
295	358.45
300	358.3
294	358.59
296	359.27
297	359.64
297	359.55
299	359.42
298	358.75
296	359.64
301	359.51
295	359.78
297	360.5
298	360.76
300	360.62
299	359.95
297	360.82
302	360.7
296	361.01
298	361.71
299	362.09
299	361.96
301	361.86
300	361.14
298	362.02
303	361.88
297	362.21
299	362.89
300	363.26
300	363.18
302	363.05
301	362.33
299	363.22
304	363.13
298	363.46
300	364.1
301	364.48
301	364.38
303	364.27
302	363.54
300	364.45
305	364.35
299	364.71
301	365.34
302	365.74
302	365.49
303	365.63
304	364.77
301	365.67
306	365.57
300	365.96
302	366.6
303	366.98
303	366.85
305	366.78
304	365.97
302	366.87
307	366.81
301	367.18
303	367.82
304	368.22
304	368.1
306	368.01
305	367.15
303	368.09
308	368.05
302	368.4
304	369.04
305	369.32
307	369.22
306	369.5
305	368.36
304	369.26
309	369.25
303	369.62
305	370.23
306	370.41
307	370.53
308	370.72
306	369.56
305	370.42
310	370.4
304	371.4
307	370.87
306	371.63
308	371.76
309	371.92
307	370.74
306	371.6
311	371.57
305	372.61
308	372.11
307	372.85
309	372.95
310	371.92
307	372.83
312	373.16
308	372.79
306	373.84
309	373.31
308	374.05
310	374.16
311	374.36
309	374.04
313	373.17
308	374.02
307	375.03
310	374.49
309	375.26
311	375.36
312	375.59
310	375.26
314	374.39
309	375.23
308	376.22
311	375.71
310	376.46
312	376.57
313	376.45
315	375.59
310	376.84
311	376.47
309	377.46
312	376.93
311	377.65
313	377.78
314	377.65
316	376.83
311	378.07
312	377.69
310	378.7
313	378.19
312	378.86
314	378.99
315	378.83
317	378.04
312	379.3
313	378.94
311	379.89
314	379.4
313	380.11
315	380.21
316	380.02
318	379.22
313	380.52
314	380.14
312	381.13
315	381.2
319	381.41
317	381.33
316	380.66
314	380.43
314	381.72
315	381.35
313	382.34
316	382.41
320	382.55
317	382.65
318	381.86
315	381.63
315	382.95
316	382.59
314	383.56
317	383.87
319	383.62
321	383.81
318	383.11
316	382.81
316	384.15
317	383.82
315	384.79
318	385.11
320	384.86
322	384.32
317	385.07
319	384.04
317	385.38
318	385.07
316	386
319	386.34
321	386.09
323	385.52
318	386.32
320	385.28
318	386.59
319	386.32
317	387.26
320	387.3
324	387.59
322	386.79
319	386.52
319	387.57
321	387.79
320	387.54
318	388.46
321	388.48
325	388.81
323	388.03
320	387.73
320	388.79
322	389
321	388.77
319	389.69
322	389.71
326	388.97
321	390.05
324	389.28
321	390.21
322	390.04
323	389.98
320	390.92
323	390.92
327	390.2
322	391.28
325	390.54
322	391.27
324	391.45
323	391.25
321	392.18
324	392.15
328	391.44
323	392.5
326	392.51
325	391.8
323	392.67
324	393.42
325	392.51
322	393.39
329	393.68
327	392.7
324	393.75
326	393.93
325	393.04
324	394.67
326	393.77
323	394.61
330	394.92
328	393.96
325	395.16
326	394.27
325	395.01
327	395.92
327	394.98
324	395.83
331	396.14
329	395.21
326	396.23
328	395.54
326	396.43
327	396.2
325	397.16
328	397.03
332	397.38
330	396.41
327	397.41
329	397.63
328	396.75
327	398.37
329	398.28
333	397.46
326	398.56
331	397.62
328	398.63
330	397.99
328	398.88
329	399.6
330	399.48
334	398.69
327	399.74
332	399.82
331	398.87
329	400.12
330	399.26
329	400.8
331	400.68
335	399.92
328	400.95
333	401.05
332	400.12
330	401.36
331	400.49
330	402.06
332	401.9
336	401.15
329	402.15
334	402.3
333	401.33
331	402.6
332	401.75
331	403.14
337	403.32
333	403.37
335	402.43
330	403.53
334	402.52
332	403.84
333	402.98
332	404.35
338	404.58
334	404.61
336	403.67
331	404.79
335	403.77
333	405.07
334	404.22
333	405.58
339	405.82
335	405.84
337	404.9
332	406.04
336	405.02
334	406.31
335	405.47
334	406.76
340	407.02
336	407.03
338	406.12
333	407.25
337	406.24
335	407.56
336	406.68
335	407.95
341	408.2
337	408.24
339	407.35
334	408.47
338	407.45
336	408.8
337	407.91
336	409.11
342	409.41
338	409.47
340	408.6
335	409.72
339	408.68
337	409.13
337	410.07
338	410.33
343	410.65
339	410.64
341	409.85
336	410.93
340	409.88
338	410.34
338	411.35
339	411.56
344	411.88
340	411.87
342	411.02
337	412.15
341	411.12
339	411.56
339	412.6
340	412.76
345	413.06
343	413.1
341	412.26
338	413.38
342	412.33
340	412.8
340	413.83
341	413.98
346	414.3
342	414.28
344	413.5
339	414.58
343	413.49
341	414.01
341	415.04
342	415.19
347	415.51
343	415.47
345	414.73
340	415.8
344	414.7
342	415.27
342	416.26
343	416.37
348	416.72
344	416.67
346	415.97
341	417.01
345	415.94
343	417.49
344	416.56
343	417.57
349	417.91
345	417.88
347	417.21
342	418.23
346	417.17
344	418.72
345	417.8
344	418.75
350	419.14
346	419.1
348	418.46
343	419.5
347	418.36
345	419.99
346	419.96
351	419.04
345	420.37
347	420.33
349	419.7
344	420.73
348	419.57
346	421.21
347	421.2
352	420.28
346	421.58
348	421.57
350	420.97
345	421.97
349	420.8
347	422.46
348	422.43
353	421.53
347	422.82
349	422.8
351	423.17
350	422
348	422.23
346	423.6
354	423.7
349	422.77
348	424.06
350	424
352	424.4
351	423.18
349	423.49
347	424.83
355	424.91
350	423.97
349	425.31
351	425.19
353	425.62
352	424.44
350	424.73
348	426.02
356	426.15
351	425.2
350	426.55
352	426.42
354	426.83
353	425.67
351	425.98
349	427.23
357	427.36
352	426.42
351	427.73
353	427.63
355	428.06
354	426.89
352	427.28
350	428.42
358	428.56
353	428.95
354	427.66
352	428.87
356	429.29
355	428.08
353	428.51
351	429.62
359	429.77
354	430.19
355	428.89
353	430.06
357	430.48
356	429.33
354	429.75
352	430.79
360	430.97
355	431.41
356	430.12
354	431.26
358	431.66
357	430.54
355	430.98
353	432
361	432.17
356	432.63
357	432.45
359	431.36
355	432.85
358	431.75
356	433.16
362	432.24
354	433.42
357	433.82
358	433.64
360	432.58
356	434.06
359	432.94
357	434.34
363	433.46
355	434.67
358	435.03
359	434.84
361	433.8
357	435.25
360	434.17
358	435.54
364	434.67
356	435.88
359	436.24
360	436.03
362	435.01
358	436.44
361	435.4
359	436.76
365	435.9
357	437.05
360	437.46
361	437.23
363	436.24
359	437.62
362	437.95
366	436.65
360	437.16
358	438.29
361	438.68
362	438.41
364	437.43
360	438.79
363	439.1
367	437.84
361	439.5
362	438.37
359	439.6
365	439.89
363	438.65
361	440.01
364	440.29
368	439.07
362	440.68
363	439.56
360	440.78
366	441.08
364	439.87
362	441.19
365	441.46
369	440.27
363	440.8
361	441.93
364	441.98
367	442.31
365	441.11
363	442.4
366	442.68
370	441.52
364	443.12
365	442.02
362	443.17
368	443.54
366	442.34
364	443.66
367	443.87
371	442.74
365	443.21
363	444.37
366	444.43
369	444.76
367	443.54
365	444.85
368	445.1
372	443.96
366	444.42
364	445.58
367	445.66
370	446.01
368	444.74
366	446.08
369	446.32
373	445.17
367	445.65
365	446.79
368	446.85
371	447.2
369	445.95
367	447.28
370	447.52
374	446.39
368	446.87
366	448.07
372	448.05
369	448.41
370	448.49
371	447.18
368	448.73
375	447.63
369	448.08
367	449.26
370	449.29
373	449.58
371	449.72
372	448.41
369	449.91
376	448.84
370	449.32
368	450.52
374	450.53
371	450.82
372	449.63
370	450.93
373	451.12
377	450.04
371	450.54
369	451.71
375	451.77
372	452.07
373	452.1
374	450.85
371	452.33
378	451.25
372	451.78
370	452.94
376	453.31
374	453.02
373	453.34
375	452.1
372	453.51
379	452.44
373	452.99
371	454.16
377	454.56
375	454.26
374	454.58
376	453.33
373	454.66
380	453.66
374	454.23
372	455.39
378	455.79
376	455.48
375	455.84
377	454.57
374	455.88
381	454.88
375	455.46
373	456.62
379	457
377	456.66
376	457.05
378	455.8
375	457.09
382	456.11
376	456.72
374	457.84
380	458.23
378	457.87
377	458.27
379	457
376	458.28
383	457.34
377	457.95
375	459.06
381	459.48
379	459.12
378	459.46
380	458.18
377	459.48
384	458.57
378	459.19
376	460.29
382	460.69
380	460.32
379	459.37
378	460.7
381	460.65
385	459.76
379	461.49
383	461.89
381	460.4
377	461.55
380	461.81
386	461.89
382	460.62
379	460.96
380	463.07
382	462.7
384	461.64
378	462.74
381	462.97
387	463.12
383	461.79
380	462.12
381	463.9
385	462.8
379	464.31
383	463.91
382	464.11
388	464.31
384	463
381	463.28
382	465.11
386	463.99
380	465.13
383	465.51
384	465.28
389	465.51
385	464.17
382	464.43
383	466.27
387	465.21
381	466.31
384	466.43
390	466.74
385	465.34
383	466.7
386	465.62
384	467.46
388	466.42
382	467.5
385	467.62
391	467.97
386	466.51
384	467.9
387	466.81
385	468.66
389	468.79
392	467.64
383	468.73
386	469.17
387	467.73
385	469.11
388	468.02
386	469.87
390	469.97
393	468.87
384	469.97
387	470.4
388	468.98
386	470.34
389	469.28
387	471.09
391	471.2
394	471.18
388	470.1
385	471.63
389	471.54
390	470.23
387	470.54
388	472.31
392	472.38
395	472.41
389	471.33
386	472.82
390	472.76
391	471.49
388	471.77
389	473.52
393	473.57
396	472.56
387	473.63
390	474.07
391	472.7
389	473.99
392	472.98
390	474.74
394	474.75
397	474.88
391	473.83
388	475.31
392	473.92
390	475.22
393	474.21
391	475.94
395	475.97
398	476.09
392	475.08
389	476.54
393	476.43
394	475.18
391	475.42
392	477.18
399	477.18
396	477.33
393	476.36
390	477.79
394	477.68
395	476.44
392	476.64
393	478.35
400	478.4
397	478.5
394	479.02
395	477.61
391	478.88
396	477.65
393	477.87
394	479.59
398	479.7
395	480.21
396	478.79
392	480.02
397	478.83
394	478.99
395	480.71
399	480.78
396	479.91
393	481.36
397	481.11
398	479.92
395	480.09
396	481.8
400	481.88
397	482.46
398	481.04
394	481.04
396	482.24
399	481.19
397	482.89
401	482.99
398	483.57
399	482.18
395	483.35
400	482.15
397	482.34
398	484
402	484.14
399	483.3
396	484.7
400	483.28
398	483.45
399	485.06
403	485.21
400	484.33
397	484.36
399	484.49
400	486.07
404	486.22
401	485.35
398	485.33
400	487.01
405	487.2
402	486.32
399	487.75
401	487.88
406	488.11
403	487.23
400	488.78
407	488.98
401	488.68
402	489.05
404	489.4
401	489.7
408	489.66
403	489.98
402	488.66
401	490.02
405	490.41
402	490.67
409	490.99
403	490.7
404	489.44
401	489.71
402	491.08
406	491.71
410	491.51
403	491.77
405	492.1
404	490.62
402	490.82
403	492.21
407	491.38
401	492.79
411	492.66
404	493.24
405	492.96
406	491.77
403	491.98
404	493.38
408	492.6
402	494
412	493.84
405	494.4
406	494.2
407	493.07
404	493.23
405	494.61
409	495.19
413	493.87
403	495.07
406	495.63
407	495.43
408	494.32
405	494.44
406	495.85
410	495.09
404	496.43
414	496.3
407	496.89
408	496.67
409	495.57
406	495.69
407	497.1
411	496.38
405	497.68
415	497.57
408	498.1
409	497.89
410	496.82
407	496.95
408	498.34
412	498.94
416	497.62
406	498.8
409	499.35
410	499.14
411	498.08
408	498.18
409	499.57
413	498.86
407	500.18
417	500.05
410	500.6
411	500.42
412	499.3
409	499.4
410	500.79
414	501.39
418	500.1
408	501.28
411	501.83
412	501.66
413	500.52
410	500.63
411	502.01
415	502.59
419	502.49
412	501.37
409	503.07
413	502.86
414	501.74
411	501.85
412	503.23
416	503.79
420	503.73
413	502.6
410	504.28
414	504.04
415	502.94
412	503.08
413	504.39
417	504.96
421	504.95
414	503.82
411	505.5
415	505.27
416	504.14
413	504.27
414	505.62
418	506.15
422	506.18
415	505.05
412	506.72
416	506.51
417	505.34
414	505.48
415	506.85
419	507.36
423	507.39
416	506.32
413	507.97
417	507.73
418	506.59
415	506.71
416	508.09
420	508.61
424	508.61
417	507.54
414	508.93
419	509.22
418	507.83
416	507.97
417	509.35
421	509.81
425	509.83
418	508.79
415	510.14
420	509.06
417	510.47
419	509.21
418	510.55
422	511.02
426	511.07
419	511.34
421	510.06
416	510.28
418	511.69
420	510.42
419	511.77
423	512.25
427	512.3
420	512.56
422	511.28
417	511.52
419	512.89
421	511.65
420	512.97
424	513.48
428	513.52
421	512.49
418	513.77
423	512.75
420	514.16
422	512.89
421	514.19
425	514.69
429	514.75
422	514.98
424	513.73
419	513.98
421	515.39
423	514.12
422	515.43
426	515.91
430	515.99
423	516.19
425	514.99
420	515.19
422	516.65
424	515.32
423	516.68
427	517.12
431	517.24
424	517.4
426	516.23
421	516.41
423	517.86
425	516.55
424	517.93
428	518.35
432	518.45
425	518.62
427	517.46
422	517.65
424	519.08
426	517.79
425	519.19
429	519.56
433	519.83
428	519.7
426	518.7
423	518.91
425	520.3
427	519
426	520.43
430	520.74
434	521.05
429	520.93
427	519.93
424	520.17
426	521.52
428	520.24
427	521.62
431	521.93
435	522.27
430	522.15
428	521.2
425	522.75
429	521.41
427	521.47
428	522.83
432	523.12
436	523.52
431	523.37
429	522.41
426	523.97
430	522.65
428	522.74
429	524.04
433	524.34
437	524.74
432	524.62
430	523.65
427	525.21
431	523.85
429	523.95
430	525.28
434	525.52
438	525.96
433	525.84
431	524.9
428	526.42
432	525.1
430	525.17
431	526.49
435	526.71
439	527.18
434	527.07
432	526.12
429	527.65
433	526.32
431	526.38
432	527.7
436	527.92
440	528.4
435	528.3
433	527.52
432	527.37
430	528.89
434	527.57
433	528.91
437	529.16
441	529.63
436	529.53
434	528.72
433	530.09
435	528.63
431	528.78
434	530.13
438	530.35
442	530.82
437	530.73
435	529.96
434	531.3
436	529.87
432	530.01
435	531.33
439	531.55
443	532.03
438	531.95
436	531.19
435	532.51
437	531.11
433	531.21
436	532.57
440	532.76
444	533.23
439	533.17
437	533.75
438	532.43
436	532.33
434	532.43
437	533.94
445	533.79
441	534.42
440	534.41
438	535
439	533.68
437	533.57
435	533.67
438	534.99
442	535.16
446	535.64
441	535.65
439	534.74
436	536.25
440	534.93
438	534.89
439	536.34
447	536.23
443	536.82
442	536.84
440	537.48
441	536.02
437	536.21
439	536.12
440	537.59
448	537.44
444	538.04
443	538.07
441	538.7
442	537.3
438	537.43
440	537.36
441	538.83
449	538.64
445	539.28
444	539.32
442	539.9
443	538.54
439	538.73
441	538.63
442	540.08
450	539.91
446	540.53
445	540.56
443	541.12
444	539.83
440	539.83
443	540.01
442	541.33
451	541.17
447	541.75
446	541.84
444	542.39
445	541.07
444	541.1
441	541.23
443	542.53
452	542.41
448	543.03
447	543.11
445	543.63
446	542.35
445	542.37
442	542.51
444	543.8
453	543.63
449	544.27
448	544.34
446	544.88
447	543.61
446	543.63
443	545.02
454	543.78
445	544.86
450	545.53
449	545.63
447	546.14
448	544.86
447	544.88
444	546.26
455	546.1
451	545.04
446	546.74
450	546.85
448	547.4
449	546.13
445	546.14
448	547.48
456	546.27
447	547.35
452	547.91
451	548.08
449	548.58
450	547.33
446	547.34
449	548.72
457	547.47
448	548.56
453	549.12
452	549.25
450	549.81
451	549.88
458	548.53
447	548.53
450	548.66
449	549.74
454	550.31
453	550.43
451	551.01
452	551.04
459	549.73
448	549.73
451	549.86
450	551.48
454	550.97
455	551.61
452	552.19
453	552.24
460	550.94
449	550.94
452	551.07
451	552.68
455	552.14
456	552.82
453	553.39
454	553.43
461	552.17
450	552.15
453	552.27
452	553.31
457	553.88
456	554.02
454	554.58
455	554.63
462	553.4
451	553.36
454	555.09
457	554.51
458	553.56
453	555.25
455	555.77
456	555.83
463	554.56
455	554.64
452	556.33
458	555.75
459	554.78
454	556.5
456	556.99
457	557.04
464	555.73
456	555.83
453	557.54
459	556.98
460	556.04
455	557.74
457	558.18
458	558.24
465	556.95
457	557.04
454	558.18
461	558.78
460	557.29
456	558.96
458	559.41
459	559.48
466	558.18
458	558.23
455	559.39
462	560.03
461	558.53
457	560.13
459	560.66
460	560.71
467	559.46
456	559.44
459	560.6
463	561.22
462	559.74
458	561.34
460	561.91
461	560.63
460	561.96
468	560.68
457	561.81
464	562.42
463	560.97
459	562.57
461	563.13
462	563.17
469	561.87
461	561.93
458	562.99
465	563.62
464	562.17
460	563.78
462	564.35
470	564.16
466	563.12
459	564.41
463	563.11
462	564.84
465	563.4
461	565.05
463	565.54
471	565.58
464	565.4
467	564.37
460	564.32
463	566.07
466	564.64
462	566.24
464	566.78
465	566.76
472	566.63
468	565.54
464	565.63
461	567.28
467	565.85
463	567.44
465	567.95
473	568.02
466	567.82
469	566.76
465	566.86
462	568.51
468	567.07
464	568.67
466	569.16
474	569.22
467	569.03
470	569.68
469	567.98
466	568.09
463	568.31
465	569.87
467	570.36
475	570.43
468	570.28
471	569.21
467	570.94
470	569.33
464	569.56
466	571.08
468	571.6
469	571.59
476	571.5
472	572.13
471	570.47
468	570.63
465	570.77
467	572.29
469	572.82
470	572.84
477	572.72
473	573.34
472	571.71
469	571.87
466	572.02
468	573.55
470	574.04
471	574.03
478	573.93
474	574.55
473	572.95
470	573.08
467	573.27
469	574.77
471	575.25
472	575.27
479	575.16
475	575.73
474	574.17
471	574.33
468	574.54
470	576.03
472	576.48
473	576.52
480	576.37
476	576.99
475	575.39
472	575.57
469	575.82
471	577.29
473	577.71
474	577.75
481	577.59
477	578.25
476	576.62
473	576.83
470	577.06
472	578.5
474	578.96
475	578.95
482	578.88
478	579.51
477	577.85
474	578.07
471	578.3
473	579.79
475	580.18
476	580.16
483	580.14
479	579.11
475	580.79
478	579.33
472	579.56
474	581.02
476	581.42
477	581.39
484	581.4
480	580.35
476	582.05
479	580.59
473	580.82
475	582.32
477	582.64
478	582.62
485	582.63
481	581.64
477	583.3
480	581.83
474	582.09
476	583.58
478	583.84
486	583.91
479	583.86
482	582.88
478	584.54
481	583.06
475	583.3
477	584.8
479	585.13
480	585.09
487	585.05
483	584.11
479	585.81
482	584.24
476	584.57
478	586.02
480	586.37
481	586.33
488	586.27
484	585.34
480	587.04
483	585.54
477	585.81
479	587.24
481	587.57
482	587.51
489	587.45
485	586.54
481	588.2
484	586.77
478	586.98
480	588.45
482	588.69
490	588.77
483	588.66
486	587.68
482	589.4
485	587.97
479	588.16
481	589.63
483	589.9
491	590
484	589.85
487	588.86
483	590.62
486	589.22
480	589.37
482	590.83
484	591.1
492	591.21
485	591.06
488	590.05
484	591.82
487	590.42
481	590.6
483	592.04
485	592.32
493	592.28
489	592.45
486	591.31
485	593.08
488	591.63
482	591.81
484	593.26
486	593.5
494	593.64
487	593.49
490	592.54
486	594.35
489	592.86
483	593.06
485	594.52
487	594.72
495	594.72
491	594.91
488	593.79
487	595.57
490	594.1
484	594.33
486	595.79
488	595.93
496	595.95
492	596.16
489	595.03
488	596.84
491	595.34
485	595.57
487	597
489	597.14
497	597.15
493	597.38
490	596.25
489	598.1
492	596.57
486	596.81
488	598.22
490	598.35
498	598.37
494	598.6
491	597.48
490	599.34
493	597.81
487	598.01
489	599.45
491	599.56
499	599.58
495	599.81
492	598.72
491	600.55
494	599.05
488	599.25
490	600.69
492	600.8
500	600.81
496	601.02
493	600
492	601.79
495	600.3
489	600.5
491	601.96
493	602.05
501	602.04
497	602.3
494	601.24
493	603.05
496	601.54
490	601.76
492	603.21
494	603.25
502	603.27
498	603.57
495	602.49
494	604.28
497	602.77
491	603.01
493	604.44
503	604.48
495	604.53
499	604.81
496	603.7
495	605.52
498	604.03
492	604.23
494	605.7
504	605.73
496	605.79
500	606.04
497	604.97
496	606.75
499	605.27
493	605.5
495	606.93
505	606.96
497	607.06
501	607.32
498	606.23
497	608.01
500	606.53
494	606.77
496	608.17
506	608.23
498	608.31
502	608.55
499	607.49
498	609.22
501	607.77
495	609.41
507	608.04
497	609.46
499	609.54
503	609.84
500	608.68
499	610.49
502	609.08
496	609.28
498	610.66
508	610.68
500	610.74
504	611.08
501	609.92
500	611.73
503	610.34
497	611.9
509	610.56
499	611.93
501	611.98
505	612.34
502	611.14
501	612.96
504	611.61
498	613.14
510	613.18
502	611.87
500	613.22
506	613.56
503	612.38
502	614.19
505	612.85
499	614.36
511	613.12
501	614.5
503	614.44
507	614.84
504	613.6
503	615.43
506	614.11
500	615.58
512	614.38
502	615.75
504	615.7
508	616.06
505	614.86
504	616.64
507	615.35
501	616.81
513	615.61
503	616.91
509	617.06
505	617.34
506	616.09
505	617.89
508	616.61
502	618.04
514	616.82
504	618.15
510	618.33
506	618.58
507	617.32
506	619.16
509	617.85
503	619.31
515	618.06
505	619.36
511	619.62
507	619.83
508	618.54
507	620.4
510	619.13
504	620.56
516	619.32
506	620.58
512	620.85
508	621.08
509	619.77
508	621.62
511	620.37
505	621.76
517	620.53
507	621.83
513	622.12
509	622.35
510	621.02
509	622.89
512	622.99
518	621.64
506	621.74
508	623.06
514	623.38
510	623.59
511	622.27
510	624.14
513	624.23
519	622.9
507	623.01
509	624.32
515	624.63
511	624.83
512	623.52
511	625.39
514	625.47
520	624.17
508	624.28
510	625.55
516	625.87
512	626.08
513	624.78
512	626.64
515	626.66
521	625.39
509	625.45
511	626.77
517	627.11
513	627.29
514	626.01
513	627.87
516	627.88
522	626.65
510	626.7
512	628.03
518	628.35
514	628.57
515	627.26
514	629.12
517	629.12
523	627.97
513	627.93
511	629.25
519	629.63
515	629.82
516	628.5
515	630.34
518	630.32
524	629.12
512	630.41
520	629.18
514	630.83
516	631.02
517	629.74
516	631.54
519	631.54
525	630.35
513	631.62
521	630.44
515	632.04
517	632.3
518	632.77
520	631.01
517	632.79
526	632.83
522	631.6
514	631.71
516	633.27
518	633.51
519	633.98
521	632.2
518	633.97
527	634.01
523	632.82
515	632.88
517	634.54
519	634.71
520	635.2
522	633.46
519	635.16
528	634.02
516	635.26
524	634.13
518	635.75
520	635.94
521	636.41
523	634.68
520	636.35
529	635.22
517	636.46
525	635.32
519	636.97
521	637.16
522	637.63
524	635.9
521	637.53
530	636.46
518	637.65
526	636.48
520	638.19
522	638.36
523	638.81
525	637.11
522	638.7
531	638.83
527	637.7
519	637.68
521	639.54
524	639.45
523	640.01
526	638.32
523	639.87
532	640.04
528	638.91
522	638.95
520	640.62
524	640.75
525	641.26
527	639.54
524	641.05
533	641.26
529	640.11
523	640.19
521	641.83
525	641.97
526	642.46
528	642.23
534	640.75
525	642.45
530	641.39
522	641.34
524	643.2
527	643.07
526	643.67
529	643.42
535	641.98
526	643.63
531	642.58
525	642.64
523	644.41
528	644.31
527	644.89
530	644.64
536	643.2
527	644.86
532	643.8
526	643.89
524	645.66
529	645.56
528	646.11
531	645.85
537	644.43
528	646.05
533	645.03
527	645.15
525	646.77
529	646.91
530	647.32
532	647.09
538	645.63
529	647.23
534	646.2
528	646.31
526	648.08
531	647.93
530	648.47
533	646.72
530	648.18
539	648.37
535	647.36
529	647.49
527	649.18
532	649.09
531	649.67
534	647.88
531	649.36
540	649.53
536	648.51
530	648.7
528	650.36
533	650.31
532	650.89
535	649.07
532	650.58
541	650.71
537	649.72
531	649.91
529	651.59
534	651.56
533	650.3
533	652.11
536	651.84
542	651.91
538	650.96
532	651.17
530	652.8
535	652.82
534	651.53
534	653.3
537	653.06
543	653.11
539	652.22
533	652.38
531	654.03
536	654.05
535	652.75
535	654.57
538	654.3
544	654.35
540	653.43
534	653.64
532	655.26
537	655.3
536	653.98
536	655.77
539	655.55
545	655.58
541	654.66
535	654.87
533	656.49
538	656.54
537	655.26
537	657
540	656.79
546	656.84
542	655.92
536	656.08
534	657.74
539	657.77
538	656.5
538	658.24
541	658.01
547	658.05
543	657.14
537	657.34
535	658.98
540	659
539	657.74
539	659.48
542	659.24
548	659.32
544	658.41
538	658.57
536	660.23
541	660.26
540	658.96
540	660.72
543	660.45
549	660.54
545	659.68
539	659.84
537	661.51
542	661.52
541	660.23
541	662
544	661.68
550	661.81
546	660.91
540	661.07
538	662.76
543	662.79
542	661.45
542	662.9
551	663.26
545	662.99
547	662.17
541	662.31
539	664.03
544	664.04
543	662.68
543	664.15
552	664.49
546	664.2
548	663.4
542	663.57
540	665.27
545	665.25
544	663.91
544	665.37
553	665.75
547	665.4
549	664.65
543	664.81
541	666.52
546	666.51
545	665.14
545	666.63
554	667
548	666.65
550	665.9
544	666.06
542	667.78
547	667.73
546	666.35
546	667.87
555	667.89
551	668.27
549	667.33
543	667.22
545	669.03
548	668.97
547	667.58
547	669.13
556	669.15
552	669.53
550	668.57
544	668.53
546	670.29
549	670.25
548	668.79
548	670.4
557	670.4
553	670.79
551	669.88
545	669.83
547	671.54
550	670.06
549	671.52
549	671.64
558	671.68
554	672.05
552	671.08
546	671.06
548	672.79
551	671.3
550	672.76
550	672.86
559	672.95
555	673.31
553	672.38
547	672.35
549	674.05
552	672.54
551	674.04
551	674.07
560	674.23
556	674.58
554	673.63
548	673.6
550	675.34
553	673.78
552	675.31
552	675.3
561	675.48
557	675.85
555	674.88
549	674.89
551	676.61
554	675.03
553	676.56
553	676.53
562	676.75
558	677.13
556	676.16
550	676.16
552	677.85
555	676.31
554	677.82
554	677.8
563	678.01
559	678.35
557	677.42
551	677.45
553	679.1
556	677.55
555	679.08
555	679.08
564	679.27
560	679.57
558	678.67
552	678.73
554	680.35
557	678.81
556	680.34
556	680.36
565	680.83
559	680.54
561	679.97
553	680.02
555	681.63
558	680.07
557	681.62
557	681.61
566	682.09
560	681.8
562	681.28
554	682.85
559	681.33
556	681.34
558	682.89
558	682.91
567	682.99
563	683.38
561	682.56
555	684.12
560	682.6
557	682.61
559	684.15
559	684.2
568	684.25
564	684.64
562	683.83
556	685.38
561	683.88
558	683.88
560	685.42
560	685.44
569	685.53
565	685.92
563	685.14
557	686.62
562	685.16
559	685.15
561	686.69
561	686.7
570	686.74
566	687.16
564	686.41
558	687.92
563	686.37
560	686.42
562	687.98
562	687.98
571	687.97
567	688.45
565	687.67
559	689.18
564	687.63
561	687.68
563	689.22
572	689.24
563	689.24
568	689.71
566	688.93
560	690.44
565	688.91
562	688.93
564	690.49
573	690.55
564	690.5
569	690.95
567	690.17
561	691.71
566	690.16
563	690.19
565	691.79
565	691.76
574	691.73
570	692.22
568	691.5
562	693
567	691.44
564	691.43
566	693.08
566	693.03
575	692.97
571	693.49
569	692.82
563	694.26
568	692.71
565	692.68
567	694.33
567	694.31
576	694.22
572	694.74
570	694.11
564	695.54
569	693.89
568	694.02
566	695.55
577	695.62
568	695.49
573	696.02
571	696.79
570	695.4
565	695.14
569	695.26
567	696.77
578	696.93
569	696.78
574	697.28
572	698.04
571	696.38
570	696.69
566	696.52
568	698.04
579	698.22
570	698.06
575	698.53
573	699.33
572	697.63
571	697.98
567	697.81
569	699.28
580	699.51
571	699.34
576	699.79
574	700.62
573	698.91
572	699.3
568	699.11
570	700.46
581	700.58
577	700.78
572	701.05
575	701.89
574	700.18
573	700.39
571	700.58
569	701.68
582	701.81
578	702.06
573	702.31
576	703.14
575	701.46
574	701.67
572	702.94
583	701.88
570	703.28
574	703.08
579	703.59
577	704.42
576	702.7
575	704.18
584	702.92
573	703.12
571	704.32
580	704.54
575	704.82
578	705.69
577	703.97
576	705.41
585	704.18
574	704.38
572	705.59
581	705.84
576	706.12
579	705.22
577	706.98
578	706.69
586	705.46
575	705.65
573	706.86
582	707.12
577	707.37
580	706.47
578	708.28
579	707.92
587	706.75
576	706.97
574	708.12
583	708.38
578	708.65
581	707.71
579	709.16
588	709.55
580	708.06
577	708.25
575	709.64
579	709.44
584	709.91
582	708.98
580	710.4
589	710.81
581	709.34
578	709.53
576	710.67
585	710.93
580	711.17
583	710.25
581	712.05
582	711.71
590	710.61
579	710.84
577	711.95
586	712.18
581	712.44
584	711.52
582	713.35
583	712.95
591	711.88
580	712.08
578	713.2
587	713.45
582	713.72
585	712.8
583	714.19
592	714.63
584	713.15
581	713.37
579	714.45
588	714.74
583	714.99
586	714.04
584	715.45
593	715.9
585	714.41
582	714.68
580	715.7
589	716.01
584	716.24
587	715.32
585	716.7
594	717.16
586	715.67
583	716.98
590	715.99
581	717.5
588	717.29
585	716.58
586	717.96
595	718.4
587	716.95
584	718.27
591	717.29
582	718.75
589	718.58
586	717.81
587	719.23
596	719.69
588	718.23
585	719.52
592	718.54
583	719.81
587	720.06
590	719.05
588	720.5
597	720.94
589	719.49
586	720.75
593	719.85
584	721.34
591	721.09
588	720.31
589	721.77
598	722.25
590	720.73
587	722
594	721.15
585	722.37
589	722.63
592	721.56
590	723.03
599	723.51
591	721.99
588	723.29
595	722.4
586	723.68
590	723.92
593	722.85
591	724.26
600	724.77
592	723.25
589	724.54
596	723.69
587	725.17
594	724.94
591	724.11
592	725.56
601	726.07
593	724.56
590	725.78
597	724.95
588	726.23
592	726.47
595	725.36
593	726.76
602	727.3
594	725.82
591	727.05
598	727.48
593	727.69
596	726.25
589	726.57
594	727.98
603	728.5
595	727.02
592	728.27
599	728.9
597	728.74
594	727.51
590	727.84
595	729.21
604	729.77
596	728.3
593	729.52
600	730.14
598	730.03
595	728.83
591	729.1
596	730.47
605	731.01
597	729.55
594	730.78
601	731.43
599	731.29
596	730.07
592	730.36
597	731.75
606	732.26
598	730.82
595	732.04
602	732.71
600	732.56
597	731.38
593	731.62
598	733.02
607	733.54
599	732.12
596	733.32
603	733.99
601	733.84
598	732.66
594	732.89
599	734.26
608	734.8
600	733.39
597	734.58
604	735.24
602	735.11
599	733.97
595	734.13
600	735.52
609	736.07
601	734.66
598	735.86
605	736.5
603	736.39
600	735.26
596	735.39
601	736.75
610	737.32
602	735.99
599	737.13
606	737.78
604	737.67
601	736.55
597	736.67
602	737.99
611	738.6
603	737.24
600	738.41
607	739.06
605	738.96
602	737.86
598	737.96
603	739.22
612	739.86
604	738.52
601	739.7
608	740.3
606	740.25
603	739.22
604	739.15
599	740.49
613	741.17
605	739.81
602	740.99
609	741.6
607	741.56
604	740.46
605	740.43
600	741.71
614	742.41
606	741.09
603	742.26
610	742.88
608	742.86
605	741.71
606	741.69
601	742.96
615	743.71
607	742.34
604	743.51
611	744.14
609	744.13
606	742.98
607	742.95
602	744.23
616	745.01
608	743.61
605	744.74
612	745.35
610	745.39
607	744.24
608	745.48
617	744.24
603	746.28
609	746.01
613	744.9
606	746.63
611	746.67
608	745.48
609	746.66
618	745.49
604	747.51
610	747.19
614	746.2
607	747.86
612	747.92
609	746.72
610	747.88
619	746.76
605	748.76
611	748.43
615	747.41
608	749.1
613	749.12
620	749.18
610	747.98
611	748.02
606	750
612	749.68
616	748.69
609	750.34
614	750.39
621	750.43
611	749.24
612	749.28
607	751.29
613	750.93
617	749.96
610	751.6
615	751.65
622	751.71
612	750.54
613	750.57
608	752.55
614	752.15
618	751.27
611	752.85
616	752.92
623	751.8
614	753.03
613	751.86
609	753.43
619	753.86
615	752.53
612	754.09
617	754.2
624	754.26
614	753.13
615	753.15
610	754.7
620	755.13
616	755.34
618	753.83
613	755.5
625	755.58
615	754.4
616	754.41
611	755.98
621	756.43
617	756.63
619	755.14
614	756.74
626	756.84
616	755.68
617	755.71
612	757.23
622	757.7
618	757.95
620	756.46
615	757.98
627	758.11
617	756.95
618	757.03
613	758.47
623	758.99
619	759.25
621	757.74
616	759.22
618	758.24
619	758.2
614	759.69
624	760.2
620	760.39
622	758.92
617	760.5
619	759.38
620	759.33
615	760.84
625	761.38
621	761.56
623	760.03
618	761.67
620	760.51
621	760.51
616	761.97
626	762.56
622	761.22
619	762.77
624	761.63
622	762.87
621	761.68
617	763.12
627	763.73
623	763.92
625	762.4
620	764
622	762.82
623	762.84
618	764.27
624	765
626	763.52
621	763.91
624	765.14
623	763.92
619	765.95
625	766.05
627	764.57
622	766.18
624	765
625	765.01
620	767
626	767.1
623	766.03
626	767.24
625	766.04
621	768
627	766.6
624	767
627	768.21
626	767.02
622	768.94
625	767.93
627	767.93
623	768.37
626	770
624	769.14
627	769.54
625	769.87
626	770.89
627	771.44
