3	0.0295916886
5	0.00671760595
6	0.00476985679
8	0.00315610074
9	0.00247867361
10	0.0018044301
14	0.00112807577
15	0.00199818442
17	0.00186905788
18	0.00154420336
24	0.000866310367
33	0.00138452681
36	0.00130066215
41	0.00117741978
43	0.00117283614
44	0.0011446607
45	0.00108533072
46	0.000999692683
47	0.000906253315
48	0.000821642685
50	0.000685924073
52	0.000589608262
53	0.000559107791
54	0.000518572833
56	0.000512920162
64	0.000429524497
69	0.000397176536
70	0.000361342716
71	0.000361342716
72	0.000343865267
74	0.000314374895
78	0.0002766042
79	0.000272400254
80	0.000276433544
81	0.000276433544
82	0.000277262722
86	0.000249035491
97	0.000174820202
99	0.000163161657
107	0.000141105696
115	9.63126765e-05
128	6.9062992e-05
137	5.36780074e-05
139	5.23436821e-05
192	2.02048459e-05
194	1.86907622e-05
202	1.66140795e-05
203	1.63055216e-05
204	1.63055216e-05
212	1.3567934e-05
226	9.82904927e-06
302	4.83500717e-06
304	4.80663673e-06
309	4.64743841e-06
313	4.48290654e-06
315	4.52724597e-06
316	4.50493276e-06
317	4.52724597e-06
319	4.37888847e-06
325	4.43999571e-06
326	4.41921272e-06
325	4.37888847e-06
326	4.37888847e-06
324	4.34024356e-06
325	4.30288413e-06
326	4.30288413e-06
327	4.21690264e-06
364	3.81454291e-06
376	3.7348049e-06
378	3.72011972e-06
379	3.68492831e-06
379	3.74222313e-06
385	3.70574868e-06
414	3.52176781e-06
433	3.39464673e-06
447	3.25657755e-06
449	3.24048743e-06
450	3.23232925e-06
451	3.28717255e-06
454	3.26437333e-06
452	3.25657755e-06
461	3.23232925e-06
470	3.18215869e-06
464	3.18215869e-06
470	3.18215869e-06
471	3.17353047e-06
524	2.62771336e-06
531	2.27338483e-06
532	2.25967391e-06
543	2.10737106e-06
569	1.92547894e-06
573	1.72464221e-06
594	1.60167738e-06
596	1.62143543e-06
612	1.41265994e-06
614	1.40309248e-06
615	1.39113722e-06
