3	3
5	3
6	3
8	3
9	3
10	3
14	3
15	2
17	2
18	2
24	2
33	2
36	2
41	2
43	2
44	2
45	2
46	2
47	2
48	2
50	2
52	2
53	2
54	2
56	2
64	2
69	2
70	2
71	2
72	2
74	2
78	2
79	2
80	2
81	2
82	2
86	2
97	2
99	2
107	2
115	2
128	2
137	2
139	2
192	2
194	2
202	2
203	2
204	2
212	2
226	2
302	2
304	2
309	2
313	2
315	2
316	2
317	2
319	2
325	2
326	2
325	2
326	2
324	2
325	2
326	2
327	2
364	2
376	2
378	2
379	2
379	2
385	2
414	2
433	2
447	2
449	2
450	2
451	2
454	2
452	2
461	2
470	2
464	2
470	2
471	2
524	2
531	2
532	2
543	2
569	2
573	2
594	2
596	2
612	2
614	2
615	2
