1	1
2	0.0825792769
3	0.046402632
4	0.0355493354
5	0.0300152674
6	0.0248276236
7	0.021201914
8	0.0184809021
9	0.0162749518
10	0.0143588875
11	0.0133411107
12	0.0120096775
13	0.0109552808
14	0.00997407315
15	0.00928252935
16	0.00878945235
17	0.00823656787
18	0.00773743482
19	0.00739869457
20	0.00717938582
21	0.00707667019
22	0.00707968121
23	0.00718560049
24	0.00738143282
25	0.00765323021
26	0.00799111768
27	0.00836524752
28	0.0087518844
29	0.00912255899
30	0.0094483383
32	0.00971256289
41	0.0100819279
43	0.0100391898
44	0.00989186767
45	0.00965067805
46	0.00931498575
47	0.00891903047
48	0.00850614625
49	0.00811325282
50	0.0074628106
51	0.0074628106
52	0.00720133598
53	0.0069721613
53	0.00676553654
54	0.00676553654
55	0.00656586403
56	0.00636993147
56	0.00617806219
57	0.00604582851
58	0.00590783527
60	0.00565253382
62	0.00535956286
63	0.00522278043
64	0.00508678461
65	0.00495009561
66	0.00481008953
67	0.00467194017
68	0.00454410695
69	0.00443752912
70	0.00435069758
71	0.00427689121
71	0.00419627174
73	0.00410686206
82	0.00326632187
83	0.00314222832
84	0.00301281018
111	0.00115543917
112	0.00111465881
117	0.000945279692
123	0.000819221968
124	0.000799043311
125	0.000778870189
126	0.000758535212
127	0.000691257
128	0.000691257
129	0.000644588607
129	0.00066754298
131	0.000644588607
131	0.000622278055
132	0.00057852735
141	0.000451714762
148	0.000422163474
156	0.000387449609
158	0.000383262186
182	0.000203393845
188	0.000187543161
189	0.000185987738
194	0.00018194504
195	0.000180580311
196	0.000179118177
197	0.00017572469
198	0.00017572469
199	0.000171577461
200	0.000171577461
201	0.000166644617
202	0.000163912021
203	0.000163912021
204	0.000161036838
205	0.000158036091
206	0.000151721567
207	0.000145148132
208	0.000145148132
209	0.0001418534
210	0.000145148132
211	0.0001418534
215	0.000132123189
219	0.000120411822
221	0.000120411822
223	0.000110919727
241	9.00509108e-05
273	6.01893748e-05
295	5.28879308e-05
297	5.20775264e-05
300	5.09340501e-05
301	5.05717663e-05
302	5.0217782e-05
303	4.98733476e-05
305	4.88915359e-05
306	4.88915359e-05
307	4.82837804e-05
308	4.82837804e-05
309	4.77102983e-05
310	4.7436551e-05
305	4.66529542e-05
308	4.69083157e-05
308	4.66529542e-05
309	4.64021314e-05
311	4.6156248e-05
312	4.59153208e-05
313	4.59153208e-05
314	4.54507379e-05
315	4.59153208e-05
316	4.56801729e-05
317	4.54507379e-05
318	4.52257515e-05
319	4.50041723e-05
320	4.47859165e-05
321	4.45716035e-05
323	4.37443834e-05
323	4.41527134e-05
324	4.39474177e-05
324	4.31527231e-05
327	4.29605256e-05
327	4.27716384e-05
327	4.25842964e-05
329	4.23988128e-05
329	4.22158673e-05
330	4.20337619e-05
331	4.18534848e-05
332	4.25842964e-05
333	4.23988128e-05
334	4.22158673e-05
335	4.13300707e-05
336	4.1159513e-05
358	3.87142127e-05
355	3.85956788e-05
362	3.78106505e-05
363	3.79192513e-05
364	3.78106505e-05
365	3.77028285e-05
366	3.75963267e-05
369	3.72816236e-05
370	3.71795857e-05
368	3.71795857e-05
380	3.66927283e-05
381	3.6600644e-05
382	3.64213495e-05
383	3.64213495e-05
384	3.63339884e-05
385	3.624826e-05
379	3.61635478e-05
380	3.60793398e-05
381	3.5915272e-05
383	3.54529024e-05
384	3.5915272e-05
385	3.56796127e-05
386	3.57571482e-05
387	3.56796127e-05
388	3.56029212e-05
389	3.53062531e-05
390	3.54529024e-05
391	3.51634186e-05
392	3.50932962e-05
395	3.48809087e-05
396	3.50228424e-05
402	3.48809087e-05
405	3.44693039e-05
406	3.44028334e-05
411	3.42060448e-05
417	3.38810667e-05
422	3.34338848e-05
423	3.33728479e-05
424	3.33096078e-05
425	3.32479026e-05
426	3.31862652e-05
440	3.23039638e-05
441	3.22383543e-05
440	3.19735936e-05
443	3.21068692e-05
442	3.17665673e-05
443	3.14043731e-05
444	3.16956756e-05
445	3.16237199e-05
446	3.18365248e-05
447	3.17665673e-05
448	3.16956756e-05
449	3.16237199e-05
450	3.15514718e-05
451	3.14786497e-05
452	3.14043731e-05
453	3.13291441e-05
454	3.12533622e-05
455	3.08599548e-05
456	3.10981966e-05
455	3.11764469e-05
456	3.10981966e-05
459	3.08599548e-05
460	3.07789433e-05
459	3.08599548e-05
462	3.06141308e-05
461	3.03614827e-05
464	3.0101795e-05
465	3.00141837e-05
466	2.99261703e-05
467	3.03614827e-05
468	3.02755502e-05
469	3.01888903e-05
470	2.99261703e-05
471	2.98378522e-05
470	2.9387272e-05
524	2.28167981e-05
539	2.03971956e-05
540	2.07791555e-05
541	2.06517966e-05
542	2.05242778e-05
556	2.01443568e-05
561	1.97674477e-05
562	1.96425012e-05
561	1.95179597e-05
562	1.93939814e-05
563	1.92703872e-05
564	1.91473318e-05
565	1.90247562e-05
566	1.78423737e-05
567	1.87933343e-05
568	1.86758919e-05
569	1.85627771e-05
570	1.84421458e-05
571	1.85627771e-05
572	1.84421458e-05
573	1.83211495e-05
574	1.82003775e-05
575	1.80802217e-05
576	1.66938909e-05
577	1.78423737e-05
578	1.77245836e-05
579	1.76076459e-05
580	1.7491403e-05
581	1.73758063e-05
582	1.72608389e-05
583	1.7146448e-05
584	1.70325379e-05
585	1.69191465e-05
586	1.6806318e-05
587	1.66938909e-05
585	1.58108176e-05
586	1.57023009e-05
590	1.56101692e-05
588	1.55004295e-05
592	1.53884347e-05
593	1.52796539e-05
591	1.51836581e-05
603	1.4086727e-05
607	1.27639425e-05
616	1.37983319e-05
618	1.26855893e-05
619	1.25003108e-05
620	1.24096733e-05
622	1.26855893e-05
