1	1
2	0.0825792769
3	0.046402632
4	0.0355493354
5	0.0300152674
6	0.0248276236
7	0.021201914
8	0.0184809021
9	0.0162749518
10	0.0143588875
11	0.0133411107
12	0.0120096775
13	0.0109552808
14	0.00997407315
15	0.00928252935
16	0.00878945235
17	0.00823656787
18	0.00773743482
21	0.00707667019
22	0.00707968121
23	0.00718560049
24	0.00738143282
25	0.00765323021
26	0.00799111768
28	0.0087518844
29	0.00912255899
47	0.00891903047
48	0.00850614625
319	4.47859165e-05
320	4.43609563e-05
321	4.43609563e-05
323	4.41527134e-05
323	4.37443834e-05
324	4.39474177e-05
324	4.37443834e-05
327	4.3544258e-05
327	4.33474634e-05
327	4.29605256e-05
329	4.27716384e-05
329	4.25842964e-05
330	4.23988128e-05
331	4.22158673e-05
332	4.20337619e-05
333	4.18534848e-05
334	4.16770812e-05
568	1.80802217e-05
569	1.79608649e-05
570	1.78423737e-05
571	1.77245836e-05
572	1.76076459e-05
573	1.7491403e-05
574	1.73758063e-05
575	1.78423737e-05
576	1.77245836e-05
577	1.76076459e-05
578	1.7491403e-05
579	1.73758063e-05
580	1.72608389e-05
581	1.7146448e-05
582	1.70325379e-05
584	1.6806318e-05
585	1.66938909e-05
586	1.65821015e-05
