1	0.0667132779
2	0.00758217303
3	0.00387255919
4	0.00305098048
5	0.00251470547
6	0.00210246254
7	0.00178584873
8	0.00152242222
9	0.00160684651
10	0.00137889321
11	0.00110266273
12	0.00106127882
13	0.00102739646
14	0.000809704763
15	0.000792243133
16	0.000722857257
17	0.000785151942
18	0.000692152253
19	0.000632072388
20	0.000609241708
21	0.00061024614
22	0.000628113308
23	0.000655070048
24	0.000686639006
25	0.000720660582
26	0.000756275838
27	0.000789767879
28	0.000816323202
29	0.000834238971
30	0.000844876595
31	0.000844876595
31	0.000850432775
32	0.000850432775
32	0.00085418626
33	0.00085418626
33	0.000859522135
34	0.000859522135
34	0.000866214401
36	0.000876425482
37	0.000876425482
37	0.000875343674
38	0.000875343674
38	0.00086997663
39	0.000859035975
41	0.00084274896
41	0.000822237352
42	0.000822237352
42	0.000801028524
43	0.000801028524
43	0.000780535489
44	0.000780535489
44	0.000759961689
45	0.000759961689
45	0.000739451218
46	0.000739451218
47	0.000723343576
48	0.00071194096
49	0.00070166539
49	0.00069008574
50	0.00069008574
50	0.00069008574
51	0.000676963057
52	0.000662031199
53	0.000644924037
53	0.000644924037
53	0.00062814695
54	0.00062814695
55	0.000598003684
56	0.000585567892
56	0.000585567892
57	0.000585567892
57	0.000583346886
58	0.000578636716
59	0.000578636716
59	0.000576465937
60	0.000445462069
60	0.000445462069
62	0.000438538659
63	0.000432947241
64	0.000427049974
65	0.000420724657
66	0.000413635865
67	0.000405187322
68	0.000395226763
69	0.000384804348
70	0.000375691245
71	0.000369461021
71	0.000366318937
72	0.00036471969
73	0.000362425003
74	0.00035786479
75	0.0003512306
77	0.000335561672
78	0.000327031793
79	0.000318197118
81	0.000300533503
82	0.000300533503
83	0.000290245929
84	0.000277788306
85	0.000262832814
86	0.000246184633
87	0.000229818343
96	0.000156645729
97	0.000155234941
98	0.000154178856
98	0.000154178856
100	0.000151681845
99	0.000151681845
101	0.000149641084
102	0.000149641084
102	0.000147088826
103	0.000144133953
103	0.000140751626
107	0.000132389925
106	0.000127746517
108	0.000127746517
108	0.000118501351
109	0.000113693671
110	0.000109038536
111	0.000104717809
112	0.00010074501
113	9.70592955e-05
114	9.09766442e-05
115	8.86666677e-05
116	9.09766442e-05
117	8.50836961e-05
118	8.67068124e-05
119	8.50836961e-05
120	8.35415949e-05
121	8.19967456e-05
122	8.04023004e-05
123	7.4957742e-05
124	7.27677265e-05
125	7.03835112e-05
126	6.78564793e-05
127	6.78564793e-05
128	6.26183453e-05
129	6.26183453e-05
129	5.7230504e-05
131	5.45595045e-05
131	5.20133354e-05
132	5.45595045e-05
133	4.96954937e-05
134	4.7673774e-05
135	4.5962868e-05
137	4.44861971e-05
137	4.31798211e-05
138	4.20318672e-05
139	4.09609005e-05
141	4.09609005e-05
142	3.99422321e-05
144	3.80839483e-05
145	3.73578043e-05
146	3.67632926e-05
146	3.54855724e-05
147	3.62540387e-05
148	3.5834068e-05
150	3.523093e-05
151	3.50769383e-05
152	3.5004814e-05
153	3.50079668e-05
154	3.50642007e-05
154	3.52263475e-05
155	3.5264226e-05
156	3.52263475e-05
158	3.5264226e-05
159	3.51549432e-05
161	3.35467099e-05
164	3.40055541e-05
163	3.24031211e-05
165	3.35467099e-05
164	3.17143297e-05
165	3.09537134e-05
169	2.9270753e-05
170	2.83573879e-05
177	2.03862539e-05
178	1.96967007e-05
179	1.90645008e-05
180	1.84886719e-05
181	1.84886719e-05
182	1.84886719e-05
183	1.75138109e-05
184	1.71146602e-05
186	1.64978384e-05
187	1.62791598e-05
188	1.62791598e-05
189	1.62791598e-05
189	1.58369267e-05
190	1.61118423e-05
190	1.57942489e-05
191	1.59893578e-05
192	1.58989138e-05
193	1.58369267e-05
194	1.57582053e-05
195	1.57250935e-05
196	1.56841339e-05
197	1.57250935e-05
197	1.56841339e-05
198	1.55534476e-05
199	1.5628334e-05
200	1.533406e-05
201	1.54561742e-05
202	1.533406e-05
203	1.4806128e-05
204	1.50072014e-05
205	1.4806128e-05
206	1.45820634e-05
207	1.43389312e-05
208	1.31773359e-05
209	1.28471346e-05
210	1.25087605e-05
211	1.21658407e-05
214	1.25087605e-05
212	1.21658407e-05
215	1.21658407e-05
213	1.14856238e-05
216	1.18232767e-05
217	1.14856238e-05
218	1.18232767e-05
219	1.11581238e-05
220	1.11581238e-05
221	1.02604886e-05
222	1.05429955e-05
220	9.53332029e-06
223	1.02604886e-05
219	9.53332029e-06
224	9.53332029e-06
227	9.12814547e-06
228	8.9565231e-06
227	8.4413058e-06
229	8.80945403e-06
228	8.34292251e-06
230	8.66921922e-06
234	8.25451389e-06
235	7.8470919e-06
233	7.91228696e-06
237	7.97786576e-06
240	7.71915845e-06
241	7.58473624e-06
245	7.15870275e-06
243	7.22745994e-06
249	7.08242144e-06
244	7.15870275e-06
247	7.08242144e-06
245	7.08242144e-06
253	6.69292216e-06
255	6.23237347e-06
259	5.96784068e-06
257	6.16144615e-06
260	5.90853252e-06
262	6.16144615e-06
260	5.85189831e-06
263	6.09375384e-06
262	5.79635903e-06
260	6.03013676e-06
262	5.74357474e-06
264	5.96784068e-06
267	5.79635903e-06
273	5.69319196e-06
273	5.46492828e-06
274	5.26181339e-06
275	5.22231077e-06
279	5.30161603e-06
276	5.18247713e-06
280	5.26181339e-06
277	5.14321172e-06
281	5.22231077e-06
278	5.10485689e-06
282	5.18247713e-06
279	5.06737918e-06
283	5.14321172e-06
280	5.03027893e-06
284	5.10485689e-06
281	4.99343452e-06
281	5.06737918e-06
282	5.10485689e-06
282	5.03027893e-06
283	5.14321172e-06
281	4.99343452e-06
284	5.10485689e-06
282	4.95687768e-06
285	5.06737918e-06
283	4.92062295e-06
284	4.88477206e-06
287	4.99343452e-06
285	4.84937122e-06
295	4.68138847e-06
296	4.65009831e-06
297	4.61946496e-06
298	4.61946496e-06
299	4.58944415e-06
300	4.53148334e-06
301	4.50349333e-06
302	4.47610063e-06
303	4.44932053e-06
304	4.44932053e-06
305	4.42323797e-06
306	4.37322709e-06
307	4.39781741e-06
308	4.32644625e-06
309	4.32644625e-06
310	4.30416503e-06
304	4.24159605e-06
305	4.32644625e-06
308	4.2618652e-06
306	4.282706e-06
308	4.24159605e-06
307	4.282706e-06
309	4.2216475e-06
308	4.2618652e-06
311	4.20192496e-06
309	4.2216475e-06
312	4.18271365e-06
310	4.20192496e-06
313	4.1454831e-06
314	4.0926413e-06
315	4.07588178e-06
316	4.05943917e-06
317	4.04333901e-06
318	4.0276405e-06
319	4.04333901e-06
320	3.99738714e-06
321	3.98286679e-06
323	3.96866019e-06
323	3.95470295e-06
324	3.9408791e-06
324	3.92704152e-06
327	3.91315719e-06
327	3.89921934e-06
327	3.88517695e-06
329	3.96866019e-06
329	3.95470295e-06
330	3.9408791e-06
331	3.92704152e-06
332	3.84230948e-06
333	3.8280171e-06
334	3.81386965e-06
335	3.87098076e-06
336	3.85666708e-06
338	3.78627131e-06
340	3.73452952e-06
341	3.72233292e-06
342	3.7597914e-06
346	3.71047748e-06
348	3.72233292e-06
349	3.71047748e-06
350	3.69894335e-06
351	3.68776291e-06
352	3.67692706e-06
353	3.66646966e-06
355	3.63769071e-06
356	3.62908054e-06
357	3.62090772e-06
358	3.57287498e-06
355	3.62908054e-06
359	3.57287498e-06
360	3.56583466e-06
361	3.55849865e-06
362	3.56583466e-06
363	3.54389498e-06
364	3.53656079e-06
365	3.52917257e-06
366	3.52177071e-06
367	3.5143852e-06
368	3.50705635e-06
369	3.49977914e-06
370	3.5143852e-06
368	3.48538764e-06
379	3.47826427e-06
380	3.46414663e-06
374	3.42932239e-06
381	3.45712168e-06
375	3.42236409e-06
382	3.45712168e-06
376	3.41540865e-06
383	3.44321122e-06
377	3.40847328e-06
384	3.4362655e-06
378	3.40154761e-06
385	3.45712168e-06
379	3.44321122e-06
379	3.45016347e-06
380	3.4362655e-06
380	3.44321122e-06
381	3.42932239e-06
381	3.4362655e-06
382	3.42236409e-06
383	3.40154761e-06
384	3.39461498e-06
385	3.39461498e-06
386	3.38064721e-06
387	3.37357799e-06
387	3.37357799e-06
388	3.35933812e-06
389	3.35933812e-06
390	3.35223618e-06
391	3.34519914e-06
392	3.36646355e-06
393	3.35933812e-06
398	3.33154822e-06
395	3.31820908e-06
396	3.31150739e-06
397	3.33154822e-06
402	3.29222445e-06
403	3.30479024e-06
404	3.28670576e-06
405	3.28155268e-06
406	3.27663255e-06
407	3.28155268e-06
408	3.27663255e-06
409	3.27185695e-06
406	3.26237258e-06
407	3.25760059e-06
411	3.26237258e-06
412	3.25760059e-06
413	3.25274116e-06
414	3.24777077e-06
415	3.24278825e-06
412	3.24777077e-06
416	3.23787979e-06
417	3.21924286e-06
418	3.22833791e-06
419	3.22375948e-06
420	3.21924286e-06
421	3.2038354e-06
422	3.21032832e-06
423	3.2038354e-06
424	3.20080172e-06
425	3.19717716e-06
426	3.19305005e-06
427	3.17954416e-06
428	3.17467517e-06
429	3.16968024e-06
430	3.16457263e-06
431	3.16968024e-06
438	3.15398569e-06
439	3.14850703e-06
440	3.15398569e-06
441	3.14850703e-06
442	3.14288368e-06
440	3.12535993e-06
438	3.08777504e-06
441	3.10705703e-06
439	3.08116083e-06
442	3.10073874e-06
440	3.06745204e-06
443	3.10705703e-06
441	3.06745204e-06
442	3.02257439e-06
443	3.08116083e-06
446	3.08777504e-06
444	3.03796077e-06
447	3.08116083e-06
445	3.03028815e-06
446	2.99135963e-06
447	3.01482529e-06
448	2.97552898e-06
449	2.96765743e-06
450	3.02257439e-06
451	3.01482529e-06
452	3.0070543e-06
453	2.9992453e-06
454	2.99135963e-06
455	2.99135963e-06
454	2.97552898e-06
456	2.94438867e-06
455	2.96765743e-06
457	2.97552898e-06
456	2.95986789e-06
458	2.96765743e-06
457	2.95211357e-06
459	2.92908886e-06
458	2.96765743e-06
460	2.92145e-06
459	2.93673108e-06
461	2.94438867e-06
460	2.95211357e-06
462	2.90629476e-06
461	2.94438867e-06
464	2.93673108e-06
465	2.92908886e-06
466	2.92145e-06
467	2.89107083e-06
468	2.88333669e-06
469	2.8754809e-06
468	2.83488802e-06
470	2.89107083e-06
469	2.8264766e-06
471	2.88333669e-06
470	2.8179144e-06
473	2.86751592e-06
474	2.85946575e-06
475	2.85135466e-06
476	2.84317364e-06
478	2.8264766e-06
479	2.8179144e-06
480	2.80917335e-06
481	2.80026865e-06
478	2.72348408e-06
482	2.791208e-06
479	2.71344806e-06
480	2.70334048e-06
481	2.69312064e-06
485	2.76292112e-06
482	2.68275935e-06
483	2.67228224e-06
489	2.59597402e-06
490	2.58485218e-06
493	2.65095989e-06
494	2.64010715e-06
495	2.62916189e-06
497	2.60707885e-06
499	2.58485218e-06
507	2.50600282e-06
506	2.52887932e-06
510	2.48280696e-06
511	2.4710512e-06
513	2.44728673e-06
514	2.43527917e-06
515	2.34972454e-06
516	2.337301e-06
517	2.39887561e-06
518	2.38666085e-06
519	2.37439642e-06
517	2.23671824e-06
520	2.36208779e-06
518	2.22405766e-06
521	2.34972454e-06
519	2.21138571e-06
522	2.337301e-06
520	2.19871497e-06
523	2.32482281e-06
521	2.18603877e-06
523	2.31229975e-06
520	2.17336187e-06
525	2.32482281e-06
521	2.27456549e-06
526	2.31229975e-06
524	2.26196122e-06
526	2.27456549e-06
523	2.24935228e-06
524	2.23671824e-06
525	2.16068464e-06
527	2.19871497e-06
528	2.07212447e-06
529	2.05943019e-06
530	2.04672561e-06
536	1.97042335e-06
537	1.95775215e-06
538	2.021262e-06
539	2.00852924e-06
540	1.91998792e-06
541	1.98311526e-06
542	1.97042335e-06
549	1.99581489e-06
545	1.95775215e-06
550	1.98311526e-06
546	1.94512066e-06
551	1.97042335e-06
547	1.93253556e-06
552	1.95775215e-06
553	1.94512066e-06
554	1.93253556e-06
555	1.91998792e-06
556	1.79734084e-06
557	1.89499828e-06
558	1.882566e-06
561	1.87018961e-06
562	1.8578712e-06
561	1.84561829e-06
562	1.83343808e-06
563	1.82133322e-06
564	1.80930202e-06
565	1.79734084e-06
566	1.78545457e-06
567	1.77326871e-06
568	1.78545457e-06
569	1.74202396e-06
570	1.7643581e-06
571	1.73029845e-06
572	1.7643581e-06
573	1.75362034e-06
574	1.74202396e-06
575	1.73029845e-06
576	1.69521794e-06
577	1.56252701e-06
578	1.55183763e-06
579	1.54121338e-06
580	1.53064984e-06
581	1.52200183e-06
582	1.594928e-06
583	1.58407726e-06
584	1.48811572e-06
585	1.56252701e-06
586	1.55183763e-06
587	1.54121338e-06
585	1.56252701e-06
586	1.55183763e-06
587	1.53064984e-06
590	1.54121338e-06
588	1.48811572e-06
588	1.53064984e-06
589	1.51067307e-06
592	1.52200183e-06
590	1.49906835e-06
593	1.51067307e-06
591	1.49906835e-06
592	1.47774075e-06
595	1.48811572e-06
602	1.46949597e-06
603	1.37299557e-06
604	1.41151244e-06
613	1.3344556e-06
605	1.4009122e-06
614	1.32449854e-06
615	1.31436831e-06
616	1.30479447e-06
608	1.37299557e-06
603	1.29728746e-06
609	1.36272681e-06
604	1.28765753e-06
610	1.30479447e-06
611	1.29728746e-06
606	1.20745821e-06
607	1.28765753e-06
608	1.19165716e-06
618	1.31436831e-06
615	1.30479447e-06
616	1.25179794e-06
612	1.15823352e-06
613	1.15094602e-06
617	1.21680551e-06
618	1.20745821e-06
619	1.19860874e-06
620	1.19165716e-06
621	1.16510114e-06
622	1.15823352e-06
623	1.18276161e-06
