1	0.0667132779
2	0.00758217303
3	0.00387255919
4	0.00305098048
5	0.00251470547
6	0.00210246254
7	0.00178584873
8	0.00152242222
9	0.00160684651
10	0.00137889321
11	0.00110266273
12	0.00106127882
13	0.00102739646
14	0.000809704763
15	0.000792243133
16	0.000722857257
17	0.000785151942
18	0.000692152253
19	0.000632072388
20	0.000609241708
21	0.00061024614
22	0.000628113308
23	0.000655070048
24	0.000686639006
25	0.000720660582
26	0.000756275838
27	0.000789767879
28	0.000816323202
29	0.000834238971
30	0.000844876595
47	0.000723343576
48	0.00071194096
52	0.000662031199
55	0.000612230034
56	0.000598003684
66	0.000413635865
67	0.000405187322
68	0.000395226763
69	0.000384804348
70	0.000375691245
71	0.000369461021
124	7.69141812e-05
127	7.03835112e-05
128	6.78564793e-05
129	6.52686402e-05
129	5.99330815e-05
131	5.7230504e-05
131	5.45595045e-05
194	1.57582053e-05
195	1.57250935e-05
196	1.56841339e-05
198	1.55534476e-05
199	1.55534476e-05
200	1.533406e-05
201	1.533406e-05
202	1.5183247e-05
203	1.4806128e-05
204	1.45820634e-05
205	1.43389312e-05
210	1.28471346e-05
219	1.14856238e-05
307	4.37322709e-06
308	4.37322709e-06
309	4.34942079e-06
305	4.30416503e-06
313	4.10983374e-06
314	4.1454831e-06
315	4.12746988e-06
316	4.10983374e-06
317	4.0926413e-06
318	4.10983374e-06
319	4.05943917e-06
320	4.0276405e-06
321	4.01227484e-06
323	4.04333901e-06
323	3.98286679e-06
324	3.96866019e-06
324	3.99738714e-06
327	3.98286679e-06
327	3.96866019e-06
327	3.95470295e-06
329	3.91315719e-06
329	3.89921934e-06
330	3.88517695e-06
331	3.87098076e-06
332	3.85666708e-06
333	3.84230948e-06
334	3.8280171e-06
335	3.84230948e-06
383	3.39461498e-06
384	3.38765268e-06
385	3.40154761e-06
386	3.37357799e-06
387	3.36646355e-06
389	3.37357799e-06
390	3.34519914e-06
391	3.35933812e-06
395	3.33154822e-06
396	3.30479024e-06
405	3.28670576e-06
406	3.28670576e-06
442	3.06031705e-06
443	3.04554165e-06
446	3.02257439e-06
447	3.02257439e-06
448	3.0070543e-06
449	2.9992453e-06
450	2.99135963e-06
451	2.98344305e-06
452	2.98344305e-06
453	2.96765743e-06
454	2.95986789e-06
455	2.95211357e-06
461	2.92145e-06
464	2.92145e-06
465	2.91385312e-06
466	2.90629476e-06
467	2.89870788e-06
468	2.89107083e-06
469	2.88333669e-06
561	1.7643581e-06
562	1.75362034e-06
561	1.74202396e-06
562	1.73029845e-06
563	1.71854242e-06
564	1.70683358e-06
565	1.69521794e-06
566	1.78545457e-06
567	1.67233586e-06
568	1.7643581e-06
569	1.75362034e-06
570	1.74202396e-06
571	1.62774781e-06
572	1.61676641e-06
573	1.60582649e-06
574	1.594928e-06
575	1.58407726e-06
576	1.71854242e-06
577	1.70683358e-06
578	1.69521794e-06
579	1.68371787e-06
580	1.67233586e-06
581	1.66106142e-06
582	1.64987944e-06
583	1.63878034e-06
584	1.62774781e-06
585	1.61676641e-06
586	1.60582649e-06
587	1.49906835e-06
585	1.58407726e-06
618	1.18276161e-06
619	1.18276161e-06
620	1.17368921e-06
