1	3
2	7
3	9
4	9
5	9
6	9
7	9
8	9
9	8
10	8
11	9
12	8
13	8
14	8
15	8
16	8
17	7
18	7
19	7
20	7
21	7
22	7
23	7
24	7
25	7
26	7
27	7
28	7
29	7
30	7
32	7
41	7
43	7
44	7
45	7
46	7
47	7
48	7
49	7
50	7
51	7
52	7
53	7
53	7
54	7
55	7
56	7
56	7
57	7
58	7
60	8
62	8
63	8
64	8
65	8
66	8
67	8
68	8
69	8
70	8
71	8
71	8
73	8
82	8
83	8
84	8
111	8
112	8
117	8
123	8
124	8
125	8
126	8
127	8
128	8
129	8
129	8
131	8
131	8
132	8
141	8
148	8
156	8
158	8
182	8
188	8
189	8
194	8
195	8
196	8
197	8
198	8
199	8
200	8
201	8
202	8
203	8
204	8
205	8
206	8
207	8
208	8
209	8
210	8
211	8
215	8
219	8
221	8
223	8
241	8
273	8
295	8
297	8
300	8
301	8
302	8
303	8
305	8
306	8
307	8
308	8
309	8
310	8
305	8
308	8
308	8
309	8
311	8
312	8
313	8
314	8
315	8
316	8
317	8
318	8
319	8
320	8
321	8
323	8
323	8
324	8
324	8
327	8
327	8
327	8
329	8
329	8
330	8
331	8
332	8
333	8
334	8
335	8
336	8
358	8
355	8
362	8
363	8
364	8
365	8
366	8
369	8
370	8
368	8
380	8
381	8
382	8
383	8
384	8
385	8
379	8
380	8
381	8
383	8
384	8
385	8
386	8
387	8
388	8
389	8
390	8
391	8
392	8
395	8
396	8
402	8
405	8
406	8
411	8
417	8
422	8
423	8
424	8
425	8
426	8
440	8
441	8
440	8
443	8
442	8
443	8
444	8
445	8
446	8
447	8
448	8
449	8
450	8
451	8
452	8
453	8
454	8
455	8
456	8
455	8
456	8
459	8
460	8
459	8
462	8
461	8
464	8
465	8
466	8
467	8
468	8
469	8
470	8
471	8
470	8
524	8
539	8
540	8
541	8
542	8
556	8
561	8
562	8
561	8
562	8
563	8
564	8
565	8
566	8
567	8
568	8
569	8
570	8
571	8
572	8
573	8
574	8
575	8
576	8
577	8
578	8
579	8
580	8
581	8
582	8
583	8
584	8
585	8
586	8
587	8
585	8
586	8
590	8
588	8
592	8
593	8
591	8
603	8
607	8
616	8
618	8
619	8
620	8
622	8
