1	1
2	0.0826115815
3	0.0464044696
4	0.0355330162
5	0.0300092054
6	0.0248136978
7	0.0211944777
8	0.0184745249
9	0.0162750898
10	0.0143623138
11	0.0133344763
12	0.0120128662
13	0.0109554182
14	0.0099839644
15	0.00929114582
16	0.00879746149
17	0.00824264144
18	0.00774422585
19	0.00774422585
19	0.00740814978
20	0.00740814978
20	0.00719406921
21	0.00709919023
22	0.00711143904
23	0.00722798938
24	0.00743467339
25	0.00771799252
26	0.00806654342
27	0.00844857334
28	0.00883593526
29	0.00883593526
29	0.00920142199
30	0.0095154058
31	0.0097625157
32	0.0097625157
32	0.00993388732
33	0.00993388732
33	0.0100229278
34	0.0100229278
34	0.0100426785
36	0.00996939612
37	0.00992634183
38	0.00989305314
40	0.00987934168
41	0.00987934168
41	0.00986216224
42	0.00986216224
42	0.0097968223
43	0.0097968223
43	0.0096594301
44	0.0096594301
44	0.0096594301
45	0.00944559201
46	0.00915551285
47	0.00881736788
48	0.00846976567
48	0.00846976567
49	0.00814572875
49	0.00814572875
50	0.00786642004
50	0.00786642004
51	0.00762905034
52	0.00742863413
52	0.00742863413
53	0.00724797637
53	0.00724797637
53	0.00708059235
54	0.00708059235
54	0.00691575859
55	0.0067420786
55	0.0067420786
56	0.00654518623
57	0.00654518623
58	0.00632081655
59	0.0060790671
60	0.00584327393
61	0.00561267844
62	0.0054236066
63	0.00524215042
64	0.00507224233
65	0.00491970162
66	0.00477595072
67	0.00463349077
68	0.00449155454
69	0.0043464413
70	0.00419404383
71	0.00404372792
72	0.00390034173
73	0.00376523402
73	0.00364650829
74	0.00354807646
75	0.00340448378
76	0.00340448378
77	0.00333976186
78	0.00326921779
79	0.00318878452
80	0.0030255802
81	0.0030255802
83	0.00294944396
83	0.00288621705
84	0.0028341543
85	0.00278570782
86	0.0027361766
87	0.00267383932
90	0.00251242933
91	0.00241543901
91	0.0023181854
92	0.00222494324
94	0.00213865334
95	0.00206261376
95	0.00199202725
96	0.00199202725
96	0.00192213424
97	0.00185183195
98	0.00178138782
99	0.00170989943
100	0.00170989943
101	0.00163725016
102	0.00156396901
103	0.00149184525
107	0.00124542078
106	0.00129934593
108	0.00115290225
109	0.00111365407
110	0.00107797065
111	0.00107797065
112	0.00104497217
113	0.000983913858
114	0.000983913858
115	0.000894346423
116	0.000894346423
117	0.000894346423
118	0.000866969824
119	0.000840327801
120	0.000815531694
121	0.000791660699
122	0.000727696006
123	0.000727696006
123	0.000746075673
124	0.00071189481
124	0.000727696006
125	0.000698094984
126	0.000685525456
127	0.000685525456
128	0.00067410728
129	0.000647197832
129	0.000655156664
131	0.000647197832
131	0.000632245556
132	0.000614168521
133	0.000603872458
134	0.000603872458
135	0.000593118235
136	0.000582005952
137	0.000570405807
138	0.000570405807
139	0.000558431995
140	0.000546186695
142	0.000507659798
143	0.000494283293
144	0.000507659798
145	0.000494283293
146	0.00048076019
147	0.000467105933
148	0.000453428956
149	0.00043977835
150	0.000426225284
151	0.000412984666
152	0.000400143097
153	0.000387709818
154	0.000364839638
155	0.000354440786
156	0.000354440786
157	0.000344597543
158	0.000344597543
159	0.000335180816
160	0.000326282814
160	0.000303837716
161	0.000297801415
163	0.000288272648
166	0.000284706127
167	0.000281817553
168	0.00027945456
169	0.000275911321
170	0.000275911321
171	0.000274463493
172	0.000273015972
172	0.00027143041
173	0.000269649699
176	0.000257212298
177	0.000253993688
178	0.000250433532
179	0.000246495569
180	0.000242170982
181	0.000246495569
182	0.000242170982
183	0.000237425898
184	0.000237425898
185	0.000232342361
186	0.000226978629
187	0.000204199705
188	0.000198470545
189	0.000192844315
189	0.000204199705
190	0.000192844315
191	0.000192844315
192	0.00018735017
193	0.000182010941
194	0.00018735017
195	0.000182010941
196	0.0001768429
197	0.00017190348
198	0.000167188481
199	0.000158515897
200	0.000154597332
201	0.000154597332
202	0.000150938995
203	0.000139168178
204	0.000139168178
205	0.000136964747
206	0.00013505186
207	0.000136964747
208	0.00013505186
209	0.000133398264
212	0.000131962375
210	0.000128442718
213	0.000130690586
214	0.000129535162
215	0.000129535162
216	0.000127368742
217	0.000126301733
218	0.00012522946
215	0.000124140586
216	0.00012522946
217	0.000124140586
218	0.00012301834
223	0.000119354909
221	0.000113415066
224	0.000116649339
222	0.000111717784
225	0.000115075094
223	0.000110104413
226	0.000111717784
224	0.00010834259
226	0.000106541451
227	0.000104845963
228	0.000111717784
229	0.000106541451
231	0.000106541451
230	0.000104845963
232	0.000101294694
230	9.79694018e-05
233	9.96511957e-05
232	9.63261997e-05
233	9.96511957e-05
234	9.79694018e-05
235	9.63261997e-05
236	9.48056017e-05
235	9.17664381e-05
236	9.32663969e-05
236	9.17664381e-05
237	9.17664381e-05
237	9.03717022e-05
239	8.63418762e-05
240	8.89631068e-05
240	8.76004208e-05
240	8.50910895e-05
241	8.28351683e-05
241	8.3907741e-05
243	8.50910895e-05
242	8.28351683e-05
244	8.08174692e-05
243	8.28351683e-05
245	8.28351683e-05
244	8.08174692e-05
246	8.17858779e-05
245	7.99484462e-05
247	8.08174692e-05
246	7.90880146e-05
248	7.99484462e-05
248	7.90880146e-05
248	7.82845158e-05
249	7.82845158e-05
252	7.54542958e-05
259	7.16328037e-05
260	7.09850335e-05
260	7.03379958e-05
261	7.09850335e-05
260	6.97283031e-05
262	6.90672446e-05
262	6.90672446e-05
264	6.7774251e-05
270	6.4457686e-05
271	6.5122605e-05
273	6.25353706e-05
274	6.19091361e-05
275	6.13257635e-05
276	6.07158653e-05
277	6.01190962e-05
281	6.01190962e-05
283	5.59706773e-05
282	5.55229082e-05
284	5.46648771e-05
286	5.38537296e-05
288	5.38537296e-05
287	5.42538233e-05
288	5.38537296e-05
289	5.34631881e-05
290	5.30848769e-05
304	5.00106475e-05
299	4.93887534e-05
300	4.90862436e-05
301	4.87880897e-05
308	4.87880897e-05
302	4.87880897e-05
309	4.84947188e-05
310	4.84947188e-05
304	4.82049e-05
305	4.73541052e-05
306	4.70775842e-05
308	4.76343063e-05
310	4.76343063e-05
309	4.73541052e-05
311	4.73541052e-05
311	4.70775842e-05
312	4.68064482e-05
312	4.68064482e-05
313	4.65388856e-05
313	4.65388856e-05
311	4.52694254e-05
312	4.5762531e-05
315	4.47954087e-05
313	4.55135482e-05
316	4.50304757e-05
314	4.5762531e-05
317	4.47954087e-05
318	4.45644557e-05
319	4.38999035e-05
320	4.36871538e-05
321	4.34786977e-05
323	4.32758087e-05
323	4.30775142e-05
324	4.38999035e-05
324	4.288444e-05
324	4.2694503e-05
327	4.25090314e-05
327	4.23271354e-05
327	4.21496732e-05
329	4.32758087e-05
329	4.30775142e-05
330	4.288444e-05
331	4.2694503e-05
332	4.16366575e-05
333	4.14716729e-05
334	4.13097277e-05
335	4.11515546e-05
336	4.09972456e-05
341	4.11515546e-05
339	4.14716729e-05
343	3.99814789e-05
346	3.95683168e-05
347	4.02618169e-05
347	4.0121061e-05
346	3.95683168e-05
349	3.99814789e-05
346	3.92978771e-05
352	3.88979637e-05
347	3.91642206e-05
353	3.98429968e-05
348	3.90307945e-05
354	3.86368697e-05
349	3.88979637e-05
355	3.85095045e-05
356	3.83843548e-05
357	3.82627746e-05
358	3.81401325e-05
361	3.81401325e-05
362	3.8022723e-05
366	3.76730087e-05
371	3.74526572e-05
369	3.734585e-05
374	3.7140735e-05
375	3.70412122e-05
376	3.70412122e-05
377	3.69445892e-05
372	3.66702757e-05
373	3.67597131e-05
374	3.66702757e-05
375	3.65832433e-05
376	3.64151582e-05
377	3.625535e-05
384	3.625535e-05
378	3.61763743e-05
379	3.625535e-05
380	3.57136845e-05
381	3.6097806e-05
382	3.60196312e-05
383	3.59422823e-05
384	3.58654467e-05
385	3.53414346e-05
386	3.57136845e-05
387	3.58654467e-05
388	3.54894006e-05
389	3.54150427e-05
390	3.53414346e-05
391	3.52683882e-05
392	3.51959855e-05
394	3.53414346e-05
399	3.49048484e-05
400	3.50506925e-05
401	3.47602173e-05
402	3.46894917e-05
403	3.48323282e-05
402	3.43429459e-05
403	3.46195249e-05
404	3.45500011e-05
405	3.45500011e-05
406	3.44805108e-05
407	3.44114981e-05
408	3.43429459e-05
409	3.43429459e-05
410	3.42751331e-05
411	3.42082881e-05
412	3.40759602e-05
413	3.40105249e-05
414	3.40105249e-05
415	3.38809819e-05
416	3.38164679e-05
417	3.40105249e-05
418	3.36889307e-05
419	3.36260905e-05
420	3.35640051e-05
421	3.36260905e-05
422	3.33808979e-05
423	3.36260905e-05
424	3.32568739e-05
425	3.31958475e-05
426	3.31352482e-05
427	3.33808979e-05
428	3.33183687e-05
429	3.32568739e-05
435	3.30147428e-05
436	3.29540935e-05
437	3.28934791e-05
435	3.28327799e-05
435	3.22586378e-05
436	3.21922225e-05
439	3.25823062e-05
437	3.21253313e-05
438	3.17810851e-05
439	3.22586378e-05
440	3.22586378e-05
441	3.23247057e-05
442	3.20581025e-05
443	3.20581025e-05
444	3.19904143e-05
445	3.19214543e-05
446	3.19904143e-05
447	3.19214543e-05
448	3.16367762e-05
449	3.15639761e-05
450	3.17093044e-05
451	3.16367762e-05
452	3.15639761e-05
453	3.14905015e-05
454	3.1416375e-05
455	3.11093049e-05
456	3.10305197e-05
455	3.02885986e-05
457	3.06262345e-05
458	3.05431653e-05
459	3.10305197e-05
460	3.0708731e-05
461	2.99395461e-05
462	3.07906297e-05
463	3.01153743e-05
464	3.00278963e-05
465	2.99395461e-05
466	2.98508059e-05
467	2.97613355e-05
468	2.9671068e-05
469	2.95809166e-05
470	2.95809166e-05
471	2.97613355e-05
472	2.93982289e-05
473	2.95809166e-05
474	2.92120233e-05
475	2.93982289e-05
476	2.90219814e-05
477	2.89253323e-05
478	2.88281518e-05
479	2.87297693e-05
478	2.85288217e-05
479	2.84271223e-05
485	2.84271223e-05
485	2.79041326e-05
486	2.77968678e-05
494	2.64711607e-05
499	2.68064182e-05
500	2.66949251e-05
504	2.61304916e-05
505	2.6015048e-05
506	2.5899085e-05
507	2.62448985e-05
508	2.61304916e-05
511	2.57821661e-05
509	2.5899085e-05
510	2.57821661e-05
514	2.5426834e-05
514	2.45811045e-05
515	2.4457797e-05
516	2.47038592e-05
519	2.50676876e-05
517	2.45811045e-05
520	2.49468618e-05
521	2.38347546e-05
522	2.37093999e-05
520	2.42094392e-05
525	2.43337419e-05
521	2.37093999e-05
526	2.42094392e-05
524	2.37093999e-05
523	2.35837089e-05
524	2.34579827e-05
525	2.33320187e-05
526	2.32058504e-05
527	2.19360748e-05
533	2.18085059e-05
534	2.16808478e-05
535	2.15531827e-05
536	2.14253379e-05
537	2.12973027e-05
538	2.11693687e-05
539	2.10415125e-05
540	2.09136911e-05
539	2.24449609e-05
541	2.07861158e-05
542	2.11693687e-05
543	2.12973027e-05
544	2.09136911e-05
540	2.02779864e-05
541	2.01517999e-05
542	2.00259905e-05
548	2.06587527e-05
549	2.05313982e-05
549	1.91545031e-05
550	2.01517999e-05
551	1.89095993e-05
552	1.87902553e-05
561	1.97748854e-05
562	1.9649928e-05
561	1.97748854e-05
562	1.9649928e-05
563	1.95254932e-05
564	1.94014451e-05
565	1.89095993e-05
566	1.91545031e-05
567	1.90317664e-05
568	1.89095993e-05
569	1.87902553e-05
570	1.86691001e-05
571	1.83134483e-05
572	1.86691001e-05
573	1.85545756e-05
574	1.84338879e-05
575	1.83134483e-05
576	1.79566662e-05
577	1.65891091e-05
578	1.64784577e-05
579	1.63684062e-05
580	1.62588107e-05
581	1.61644037e-05
582	1.69240921e-05
583	1.59328052e-05
584	1.58196282e-05
585	1.65891091e-05
586	1.64784577e-05
587	1.63684062e-05
585	1.62588107e-05
586	1.52881626e-05
590	1.5185149e-05
588	1.59328052e-05
590	1.57112151e-05
592	1.58196282e-05
591	1.59328052e-05
593	1.57112151e-05
592	1.58196282e-05
591	1.56195261e-05
594	1.52881626e-05
607	1.3703429e-05
608	1.36028413e-05
616	1.38856907e-05
612	1.32292298e-05
603	1.3802417e-05
604	1.41906005e-05
614	1.38856907e-05
615	1.3802417e-05
616	1.3703429e-05
607	1.38856907e-05
617	1.36028413e-05
608	1.33275412e-05
618	1.36028413e-05
609	1.32292298e-05
615	1.34241998e-05
616	1.33275412e-05
611	1.30542382e-05
617	1.32292298e-05
612	1.34241998e-05
618	1.31339956e-05
613	1.33275412e-05
614	1.32292298e-05
615	1.26923451e-05
621	1.33275412e-05
616	1.2599959e-05
622	1.32292298e-05
623	1.31339956e-05
618	1.2863384e-05
624	1.30542382e-05
619	1.27703091e-05
620	1.26923451e-05
626	1.2863384e-05
621	1.23404911e-05
622	1.22504357e-05
