1	0.0667094575
2	0.00759632294
3	0.00387972146
4	0.00305908447
5	0.00251941692
6	0.00210752862
7	0.001790726
8	0.00152667148
9	0.00161165696
10	0.00138361078
11	0.00110454236
12	0.00106411769
13	0.00102954228
14	0.000812846633
15	0.000794979212
16	0.000725102915
17	0.000787208651
20	0.000611094402
21	0.000613646274
22	0.000633229775
23	0.000661724468
24	0.000695407354
25	0.000732089632
26	0.00076957095
45	0.000732273976
46	0.000728215606
47	0.000727216014
57	0.000510358481
67	0.000385692955
68	0.000374540568
69	0.000363116695
70	0.000351419708
71	0.000339713963
73	0.00031695011
127	5.85534783e-05
129	5.6885194e-05
137	5.32605972e-05
187	2.03918089e-05
188	1.97885754e-05
189	1.91688909e-05
194	1.72694786e-05
195	1.66444483e-05
196	1.60359372e-05
305	4.24580335e-06
320	4.08647168e-06
321	4.06808658e-06
324	3.98222001e-06
324	3.99850658e-06
327	3.95078383e-06
327	3.93559347e-06
327	3.92075661e-06
329	3.93559347e-06
329	3.92075661e-06
331	3.89190705e-06
332	3.87796813e-06
376	3.42893131e-06
379	3.45682818e-06
381	3.42185321e-06
382	3.41472728e-06
383	3.40756734e-06
384	3.42185321e-06
385	3.41472728e-06
386	3.40756734e-06
387	3.40031481e-06
425	3.19826633e-06
440	3.07920955e-06
441	3.07204343e-06
442	3.06471824e-06
446	3.03418838e-06
447	3.06471824e-06
448	3.0184405e-06
449	3.0104663e-06
450	3.00245163e-06
451	3.00245163e-06
452	2.99444318e-06
453	2.97863903e-06
454	2.97863903e-06
455	3.00245163e-06
456	2.955358e-06
459	2.94002592e-06
460	2.9323992e-06
461	2.92478401e-06
462	2.91719211e-06
463	2.90958699e-06
464	2.90187692e-06
465	2.8940385e-06
466	2.88608243e-06
467	2.92478401e-06
468	2.91719211e-06
469	2.90958699e-06
564	1.71064959e-06
568	1.66543749e-06
569	1.65438799e-06
570	1.74579676e-06
571	1.7339777e-06
574	1.69917102e-06
575	1.63249019e-06
577	1.61076987e-06
578	1.59996173e-06
579	1.58919312e-06
