1	3
2	7
3	9
4	9
5	9
6	9
7	9
8	9
9	8
10	8
11	9
12	8
13	8
14	8
15	8
16	8
17	7
18	7
19	7
20	7
21	7
22	7
23	7
24	7
25	7
26	7
27	7
28	7
29	7
30	7
31	7
32	7
32	7
33	7
41	7
43	7
44	7
45	7
46	7
47	7
48	7
49	7
53	7
54	7
55	7
56	7
57	8
59	8
60	8
61	8
62	8
63	8
64	8
65	8
66	8
67	8
68	8
69	8
70	8
71	8
72	8
73	8
73	8
74	8
75	8
76	8
77	8
78	8
80	8
83	8
86	8
118	8
119	8
120	8
121	8
122	8
125	8
126	8
127	8
128	8
129	8
129	8
131	8
131	8
132	8
133	8
134	8
135	8
136	8
137	8
138	8
139	8
143	8
144	8
145	8
146	8
147	8
148	8
149	8
150	8
151	8
152	8
154	8
158	8
159	8
170	8
183	8
184	8
185	8
186	8
187	8
188	8
189	8
190	8
191	8
192	8
193	8
194	8
195	8
196	8
197	8
198	8
199	8
200	8
201	8
202	8
203	8
204	8
205	8
206	8
207	8
208	8
214	8
215	8
216	8
226	8
227	8
229	8
230	8
230	8
232	8
233	8
234	8
235	8
236	8
237	8
239	8
241	8
260	8
260	8
262	8
271	8
309	8
304	8
305	8
306	8
312	8
316	8
317	8
318	8
319	8
320	8
321	8
323	8
323	8
324	8
324	8
327	8
327	8
327	8
329	8
329	8
330	8
331	8
332	8
333	8
334	8
335	8
336	8
352	8
353	8
362	8
376	8
377	8
372	8
373	8
374	8
375	8
376	8
377	8
378	8
379	8
380	8
381	8
382	8
383	8
384	8
385	8
386	8
387	8
399	8
400	8
401	8
402	8
404	8
405	8
406	8
407	8
408	8
409	8
410	8
411	8
412	8
413	8
414	8
415	8
416	8
417	8
418	8
419	8
420	8
421	8
422	8
423	8
424	8
425	8
426	8
427	8
428	8
429	8
435	8
436	8
438	8
439	8
440	8
441	8
442	8
443	8
444	8
445	8
446	8
447	8
448	8
449	8
450	8
451	8
452	8
453	8
454	8
455	8
456	8
457	8
458	8
459	8
460	8
461	8
462	8
463	8
464	8
465	8
466	8
467	8
468	8
469	8
470	8
471	8
472	8
474	8
485	8
520	8
521	8
527	8
535	8
536	8
537	8
538	8
539	8
543	8
540	8
541	8
561	8
562	8
563	8
564	8
565	8
566	8
567	8
568	8
569	8
570	8
571	8
572	8
573	8
574	8
575	8
576	8
577	8
578	8
579	8
580	8
581	8
582	8
583	8
584	8
585	8
586	8
587	8
585	8
586	8
590	8
588	8
592	8
593	8
591	8
604	8
607	8
611	8
615	8
619	8
622	8
