1	3
2	7
3	9
4	9
5	9
6	9
7	9
8	9
9	8
10	8
11	8
11	9
12	8
13	8
14	8
15	8
15	8
16	8
16	8
17	8
17	7
18	7
18	7
19	7
19	7
19	7
20	7
20	7
20	7
21	7
21	7
21	7
22	7
22	7
22	7
23	7
23	7
23	7
24	7
24	7
24	7
25	7
25	7
26	7
26	7
26	7
27	7
27	7
28	7
28	7
28	7
29	7
29	7
29	7
30	7
30	7
30	7
31	7
31	7
31	7
32	7
32	7
33	7
33	7
33	7
34	7
34	7
34	7
34	7
35	7
35	7
35	7
35	7
36	7
36	7
36	7
36	7
36	7
37	7
37	7
37	7
37	7
37	7
38	7
38	7
38	7
38	7
39	7
39	7
39	7
39	7
39	7
40	7
40	7
40	7
40	7
41	7
41	7
41	7
42	7
42	7
42	7
42	7
43	7
43	7
44	7
44	7
44	7
45	7
45	7
45	7
46	7
46	7
46	7
47	7
47	7
47	7
48	7
48	7
48	7
49	7
49	7
49	7
50	7
50	7
50	7
51	7
51	7
51	7
51	7
52	7
52	7
52	7
53	7
53	7
53	7
53	7
54	7
54	7
55	7
55	7
56	7
56	8
57	8
58	8
57	8
58	8
58	8
59	8
58	8
59	8
59	8
60	8
59	8
60	8
60	8
61	8
60	8
61	8
61	8
62	8
61	8
62	8
62	8
62	8
62	8
62	8
63	8
63	8
63	8
63	8
63	8
64	8
64	8
64	8
64	8
65	8
65	8
65	8
66	8
66	8
66	8
66	8
67	8
67	8
67	8
68	8
68	8
69	8
69	8
70	8
71	8
71	8
71	8
71	8
72	8
73	8
72	8
73	8
74	8
73	8
73	8
74	8
74	8
74	8
75	8
76	8
75	8
75	8
76	8
76	8
76	8
76	8
77	8
77	8
77	8
77	8
78	8
78	8
78	8
79	8
79	8
79	8
80	8
80	8
80	8
80	8
81	8
81	8
81	8
81	8
82	8
82	8
82	8
83	8
82	8
83	8
83	8
83	8
83	8
84	8
84	8
84	8
84	8
85	8
85	8
85	8
85	8
86	8
86	8
86	8
86	8
87	8
87	8
87	8
87	8
87	8
88	8
88	8
88	8
88	8
89	8
88	8
89	8
90	8
89	8
89	8
89	8
90	8
90	8
91	8
90	8
90	8
90	8
91	8
92	8
91	8
91	8
92	8
91	8
93	8
92	8
92	8
92	8
93	8
92	8
94	8
93	8
93	8
94	8
94	8
93	8
95	8
94	8
95	8
95	8
94	8
96	8
95	8
95	8
95	8
97	8
96	8
97	8
96	8
98	8
97	8
97	8
98	8
97	8
99	8
98	8
98	8
99	8
98	8
100	8
99	8
99	8
100	8
99	8
100	8
100	8
101	8
101	8
101	8
101	8
101	8
102	8
102	8
102	8
102	8
103	8
103	8
103	8
104	8
103	8
105	8
104	8
104	8
104	8
104	8
106	8
105	8
105	8
105	8
106	8
106	8
107	8
106	8
107	8
106	8
108	8
107	8
107	8
108	8
108	8
109	8
108	8
108	8
108	8
109	8
110	8
109	8
109	8
109	8
110	8
111	8
110	8
110	8
110	8
110	8
112	8
111	8
111	8
111	8
111	8
113	8
112	8
112	8
112	8
112	8
114	8
113	8
113	8
113	8
115	8
114	8
114	8
114	8
116	8
115	8
115	8
115	8
115	8
116	8
116	8
116	8
118	8
117	8
117	8
118	8
117	8
118	8
118	8
118	8
119	8
119	8
120	8
119	8
120	8
120	8
121	8
120	8
121	8
121	8
122	8
121	8
122	8
122	8
122	8
122	8
123	8
123	8
125	8
123	8
124	8
124	8
126	8
124	8
125	8
125	8
127	8
125	8
126	8
126	8
127	8
126	8
127	8
128	8
127	8
128	8
128	8
129	8
128	8
128	8
129	8
129	8
130	8
129	8
129	8
130	8
131	8
131	8
132	8
131	8
132	8
133	8
133	8
132	8
133	8
134	8
135	8
134	8
133	8
134	8
135	8
136	8
134	8
135	8
137	8
135	8
135	8
136	8
138	8
136	8
136	8
137	8
139	8
137	8
137	8
140	8
138	8
139	8
141	8
139	8
140	8
142	8
140	8
141	8
140	8
143	8
141	8
142	8
141	8
142	8
142	8
143	8
142	8
143	8
143	8
144	8
143	8
144	8
144	8
144	8
145	8
144	8
145	8
145	8
146	8
145	8
146	8
146	8
147	8
146	8
147	8
147	8
148	8
147	8
148	8
149	8
149	8
148	8
149	8
150	8
150	8
151	8
150	8
150	8
151	8
151	8
150	8
151	8
151	8
152	8
152	8
154	8
152	8
152	8
153	8
153	8
154	8
153	8
154	8
154	8
155	8
154	8
155	8
155	8
154	8
155	8
155	8
156	8
156	8
155	8
156	8
156	8
157	8
157	8
158	8
157	8
157	8
158	8
158	8
158	8
158	8
159	8
160	8
159	8
159	8
160	8
160	8
160	8
160	8
160	8
161	8
161	8
161	8
161	8
161	8
162	8
162	8
163	8
161	8
162	8
163	8
165	8
163	8
164	8
162	8
163	8
164	8
166	8
164	8
164	8
164	8
163	8
164	8
165	8
167	8
165	8
165	8
165	8
164	8
166	8
166	8
166	8
166	8
165	8
166	8
167	8
167	8
167	8
166	8
168	8
170	8
168	8
169	8
167	8
169	8
171	8
169	8
169	8
169	8
170	8
171	8
170	8
170	8
170	8
171	8
173	8
171	8
171	8
171	8
172	8
174	8
172	8
171	8
172	8
173	8
174	8
173	8
172	8
173	8
174	8
175	8
174	8
173	8
174	8
175	8
176	8
175	8
175	8
175	8
176	8
178	8
177	8
176	8
175	8
179	8
178	8
177	8
176	8
180	8
179	8
178	8
177	8
181	8
180	8
179	8
178	8
182	8
181	8
180	8
179	8
183	8
182	8
181	8
181	8
180	8
182	8
183	8
182	8
181	8
183	8
183	8
183	8
184	8
184	8
184	8
185	8
186	8
185	8
187	8
186	8
186	8
186	8
187	8
187	8
188	8
189	8
188	8
188	8
190	8
189	8
189	8
190	8
190	8
190	8
191	8
191	8
194	8
191	8
192	8
192	8
195	8
194	8
193	8
193	8
192	8
195	8
194	8
193	8
196	8
195	8
195	8
197	8
196	8
199	8
197	8
197	8
200	8
198	8
198	8
198	8
201	8
197	8
199	8
199	8
202	8
199	8
200	8
200	8
203	8
201	8
201	8
201	8
204	8
202	8
202	8
202	8
205	8
203	8
203	8
206	8
204	8
204	8
204	8
207	8
205	8
205	8
205	8
208	8
204	8
206	8
206	8
209	8
205	8
207	8
207	8
210	8
209	8
207	8
208	8
211	8
209	8
208	8
209	8
212	8
210	8
209	8
210	8
213	8
211	8
210	8
211	8
214	8
211	8
212	8
212	8
215	8
212	8
212	8
213	8
216	8
213	8
212	8
214	8
217	8
214	8
215	8
214	8
215	8
218	8
215	8
217	8
216	8
219	8
216	8
217	8
218	8
217	8
220	8
217	8
218	8
219	8
218	8
221	8
218	8
219	8
220	8
219	8
222	8
219	8
220	8
221	8
220	8
223	8
220	8
221	8
224	8
221	8
222	8
225	8
222	8
223	8
226	8
223	8
225	8
224	8
224	8
227	8
225	8
226	8
225	8
223	8
226	8
227	8
226	8
229	8
224	8
227	8
228	8
230	8
225	8
229	8
231	8
230	8
232	8
231	8
230	8
233	8
230	8
232	8
234	8
229	8
233	8
232	8
230	8
234	8
236	8
233	8
231	8
234	8
235	8
237	8
234	8
234	8
236	8
234	8
235	8
233	8
236	8
236	8
236	8
237	8
237	8
239	8
241	8
238	8
238	8
240	8
238	8
242	8
239	8
239	8
240	8
239	8
240	8
241	8
240	8
241	8
241	8
243	8
241	8
242	8
240	8
244	8
243	8
243	8
243	8
245	8
244	8
244	8
242	8
246	8
244	8
245	8
243	8
247	8
245	8
246	8
246	8
248	8
250	8
247	8
247	8
249	8
248	8
251	8
248	8
248	8
249	8
252	8
249	8
249	8
249	8
250	8
250	8
250	8
252	8
250	8
251	8
251	8
253	8
252	8
251	8
252	8
252	8
254	8
253	8
252	8
253	8
253	8
255	8
254	8
253	8
254	8
254	8
256	8
255	8
254	8
255	8
254	8
255	8
257	8
256	8
255	8
256	8
256	8
258	8
257	8
256	8
257	8
257	8
259	8
258	8
257	8
257	8
258	8
256	8
259	8
259	8
259	8
257	8
260	8
260	8
262	8
261	8
260	8
263	8
262	8
262	8
260	8
263	8
262	8
263	8
262	8
265	8
264	8
263	8
267	8
264	8
263	8
266	8
265	8
264	8
265	8
264	8
267	8
266	8
269	8
266	8
265	8
268	8
267	8
266	8
270	8
267	8
267	8
266	8
268	8
267	8
271	8
268	8
268	8
267	8
270	8
266	8
268	8
272	8
269	8
269	8
268	8
271	8
269	8
273	8
270	8
269	8
270	8
274	8
271	8
270	8
271	8
275	8
272	8
272	8
271	8
274	8
272	8
276	8
273	8
272	8
273	8
277	8
274	8
273	8
272	8
278	8
275	8
275	8
277	8
273	8
275	8
279	8
276	8
275	8
274	8
276	8
280	8
277	8
276	8
278	8
281	8
278	8
278	8
280	8
279	8
278	8
282	8
279	8
281	8
280	8
277	8
283	8
280	8
282	8
281	8
278	8
284	8
281	8
283	8
282	8
281	8
282	8
282	8
284	8
283	8
286	8
282	8
283	8
283	8
282	8
287	8
281	8
284	8
286	8
288	8
282	8
285	8
284	8
286	8
289	8
283	8
286	8
286	8
288	8
287	8
290	8
284	8
287	8
286	8
288	8
291	8
285	8
288	8
288	8
287	8
289	8
292	8
286	8
291	8
288	8
293	8
287	8
292	8
289	8
294	8
288	8
291	8
290	8
295	8
289	8
292	8
291	8
296	8
290	8
293	8
292	8
297	8
291	8
294	8
294	8
296	8
293	8
298	8
292	8
295	8
295	8
294	8
299	8
295	8
296	8
298	8
297	8
300	8
296	8
297	8
298	8
301	8
297	8
298	8
299	8
302	8
298	8
299	8
300	8
303	8
299	8
300	8
301	8
304	8
298	8
301	8
301	8
302	8
305	8
299	8
302	8
304	8
306	8
300	8
303	8
302	8
307	8
301	8
303	8
304	8
308	8
302	8
304	8
305	8
309	8
303	8
305	8
310	8
304	8
307	8
311	8
305	8
308	8
306	8
309	8
308	8
307	8
310	8
309	8
308	8
311	8
311	8
309	8
312	8
312	8
310	8
313	8
313	8
311	8
314	8
313	8
314	8
312	8
315	8
315	8
313	8
316	8
316	8
314	8
317	8
317	8
315	8
318	8
318	8
316	8
319	8
319	8
317	8
320	8
320	8
318	8
321	8
321	8
322	8
323	8
320	8
323	8
323	8
324	8
324	8
322	8
324	8
326	8
327	8
324	8
327	8
325	8
328	8
327	8
329	8
329	8
330	8
334	8
329	8
335	8
330	8
336	8
329	8
331	8
333	8
332	8
338	8
336	8
333	8
339	8
335	8
334	8
336	8
338	8
335	8
341	8
339	8
336	8
342	8
338	8
340	8
337	8
338	8
343	8
341	8
338	8
339	8
344	8
342	8
337	8
339	8
339	8
340	8
345	8
341	8
338	8
340	8
340	8
341	8
346	8
342	8
344	8
343	8
341	8
341	8
342	8
347	8
343	8
340	8
344	8
342	8
342	8
348	8
346	8
345	8
343	8
349	8
347	8
346	8
344	8
345	8
346	8
348	8
347	8
345	8
347	8
349	8
348	8
346	8
348	8
350	8
349	8
347	8
349	8
351	8
350	8
346	8
350	8
352	8
347	8
353	8
352	8
348	8
352	8
354	8
351	8
349	8
353	8
355	8
354	8
352	8
350	8
352	8
356	8
355	8
353	8
351	8
353	8
357	8
356	8
354	8
360	8
356	8
358	8
357	8
355	8
361	8
357	8
355	8
358	8
356	8
362	8
358	8
356	8
359	8
357	8
363	8
359	8
357	8
360	8
358	8
364	8
362	8
358	8
361	8
359	8
357	8
361	8
359	8
362	8
360	8
361	8
360	8
363	8
367	8
361	8
359	8
363	8
361	8
364	8
368	8
360	8
364	8
362	8
365	8
369	8
363	8
364	8
365	8
366	8
370	8
364	8
362	8
368	8
366	8
367	8
371	8
366	8
367	8
368	8
372	8
366	8
364	8
367	8
368	8
369	8
373	8
367	8
365	8
369	8
370	8
374	8
368	8
366	8
370	8
368	8
375	8
367	8
371	8
369	8
376	8
368	8
372	8
373	8
377	8
369	8
373	8
371	8
378	8
372	8
373	8
375	8
379	8
373	8
377	8
374	8
380	8
374	8
378	8
375	8
381	8
375	8
373	8
378	8
382	8
376	8
379	8
383	8
377	8
377	8
384	8
378	8
385	8
379	8
382	8
379	8
380	8
387	8
381	8
388	8
382	8
389	8
383	8
385	8
384	8
386	8
385	8
389	8
387	8
386	8
390	8
388	8
387	8
391	8
389	8
387	8
388	8
392	8
395	8
390	8
388	8
389	8
396	8
391	8
392	8
390	8
397	8
392	8
393	8
391	8
398	8
393	8
391	8
392	8
396	8
394	8
392	8
393	8
400	8
397	8
395	8
393	8
394	8
398	8
395	8
394	8
395	8
399	8
396	8
395	8
396	8
400	8
397	8
399	8
397	8
401	8
398	8
397	8
398	8
402	8
399	8
398	8
399	8
403	8
400	8
397	8
400	8
404	8
401	8
398	8
400	8
402	8
399	8
403	8
400	8
404	8
408	8
405	8
409	8
406	8
403	8
407	8
401	8
404	8
404	8
408	8
405	8
406	8
409	8
406	8
407	8
410	8
407	8
408	8
411	8
408	8
409	8
410	8
408	8
412	8
409	8
411	8
409	8
413	8
410	8
411	8
414	8
411	8
413	8
411	8
415	8
409	8
414	8
412	8
416	8
413	8
410	8
414	8
417	8
414	8
411	8
416	8
414	8
418	8
422	8
412	8
416	8
415	8
419	8
423	8
413	8
418	8
416	8
420	8
414	8
418	8
417	8
421	8
415	8
420	8
418	8
422	8
419	8
416	8
419	8
423	8
417	8
420	8
424	8
428	8
423	8
425	8
419	8
426	8
430	8
425	8
420	8
423	8
427	8
431	8
426	8
423	8
424	8
428	8
432	8
427	8
424	8
425	8
429	8
433	8
426	8
425	8
426	8
430	8
434	8
427	8
424	8
427	8
431	8
435	8
428	8
427	8
432	8
436	8
429	8
428	8
433	8
437	8
430	8
429	8
434	8
438	8
433	8
431	8
430	8
435	8
439	8
434	8
432	8
433	8
436	8
435	8
433	8
430	8
437	8
441	8
436	8
434	8
433	8
434	8
438	8
437	8
435	8
435	8
439	8
438	8
436	8
436	8
444	8
439	8
437	8
437	8
441	8
440	8
438	8
435	8
446	8
441	8
439	8
440	8
447	8
440	8
441	8
444	8
441	8
442	8
445	8
442	8
443	8
446	8
445	8
443	8
444	8
451	8
446	8
444	8
445	8
448	8
447	8
445	8
446	8
449	8
446	8
447	8
450	8
447	8
446	8
448	8
452	8
449	8
457	8
450	8
450	8
451	8
450	8
452	8
452	8
453	8
457	8
454	8
453	8
455	8
454	8
456	8
455	8
457	8
460	8
456	8
458	8
461	8
459	8
462	8
460	8
463	8
461	8
464	8
462	8
465	8
463	8
466	8
464	8
467	8
465	8
468	8
466	8
463	8
467	8
475	8
464	8
468	8
476	8
468	8
469	8
477	8
469	8
468	8
470	8
478	8
470	8
469	8
471	8
479	8
471	8
470	8
472	8
476	8
472	8
471	8
473	8
474	8
477	8
473	8
472	8
474	8
475	8
482	8
474	8
473	8
475	8
483	8
478	8
474	8
476	8
484	8
480	8
479	8
475	8
477	8
485	8
481	8
480	8
476	8
478	8
479	8
482	8
475	8
477	8
479	8
480	8
483	8
476	8
478	8
480	8
481	8
484	8
483	8
479	8
481	8
489	8
481	8
484	8
478	8
480	8
482	8
483	8
482	8
485	8
479	8
481	8
483	8
487	8
483	8
486	8
480	8
482	8
484	8
488	8
484	8
487	8
481	8
485	8
486	8
485	8
482	8
484	8
486	8
494	8
490	8
486	8
483	8
485	8
487	8
495	8
488	8
487	8
490	8
484	8
486	8
488	8
492	8
489	8
488	8
485	8
489	8
490	8
489	8
486	8
490	8
491	8
490	8
493	8
487	8
489	8
499	8
492	8
491	8
494	8
488	8
500	8
493	8
492	8
495	8
489	8
497	8
494	8
493	8
496	8
490	8
498	8
495	8
494	8
491	8
499	8
496	8
495	8
498	8
492	8
500	8
497	8
496	8
499	8
493	8
495	8
497	8
501	8
498	8
497	8
500	8
494	8
502	8
499	8
498	8
501	8
495	8
499	8
503	8
500	8
499	8
496	8
500	8
501	8
500	8
497	8
501	8
505	8
502	8
501	8
504	8
498	8
506	8
503	8
502	8
505	8
511	8
507	8
504	8
503	8
506	8
500	8
508	8
505	8
504	8
507	8
513	8
505	8
506	8
505	8
508	8
514	8
506	8
507	8
506	8
509	8
503	8
515	8
511	8
507	8
508	8
507	8
510	8
504	8
516	8
512	8
508	8
508	8
511	8
517	8
513	8
509	8
509	8
512	8
518	8
508	8
514	8
510	8
510	8
513	8
519	8
507	8
515	8
511	8
511	8
514	8
508	8
516	8
512	8
513	8
512	8
515	8
521	8
511	8
517	8
514	8
513	8
516	8
522	8
512	8
518	8
515	8
514	8
517	8
523	8
511	8
519	8
516	8
515	8
520	8
514	8
517	8
516	8
519	8
521	8
515	8
518	8
520	8
517	8
522	8
516	8
519	8
518	8
515	8
517	8
520	8
519	8
524	8
518	8
521	8
520	8
525	8
519	8
522	8
524	8
526	8
520	8
525	8
521	8
523	8
526	8
528	8
522	8
520	8
525	8
527	8
529	8
521	8
525	8
526	8
528	8
530	8
522	8
524	8
526	8
535	8
531	8
523	8
527	8
536	8
532	8
526	8
524	8
528	8
537	8
527	8
525	8
530	8
532	8
529	8
534	8
528	8
526	8
530	8
533	8
539	8
529	8
527	8
531	8
534	8
540	8
536	8
530	8
533	8
532	8
541	8
537	8
529	8
534	8
533	8
536	8
538	8
530	8
535	8
537	8
539	8
531	8
536	8
538	8
540	8
532	8
537	8
536	8
539	8
541	8
533	8
538	8
537	8
540	8
542	8
534	8
539	8
538	8
541	8
543	8
535	8
540	8
539	8
544	8
536	8
541	8
540	8
543	8
545	8
537	8
542	8
541	8
541	8
546	8
538	8
543	8
542	8
542	8
547	8
539	8
544	8
543	8
546	8
548	8
540	8
545	8
544	8
547	8
549	8
541	8
546	8
545	8
548	8
550	8
542	8
547	8
551	8
549	8
545	8
548	8
552	8
550	8
546	8
549	8
553	8
551	8
545	8
547	8
550	8
558	8
552	8
546	8
548	8
551	8
559	8
553	8
547	8
549	8
552	8
560	8
554	8
548	8
550	8
553	8
561	8
555	8
549	8
554	8
553	8
562	8
556	8
550	8
555	8
554	8
563	8
557	8
551	8
556	8
564	8
558	8
552	8
557	8
565	8
561	8
553	8
558	8
560	8
562	8
554	8
556	8
561	8
555	8
557	8
562	8
556	8
558	8
563	8
557	8
562	8
559	8
564	8
558	8
560	8
565	8
559	8
564	8
561	8
566	8
560	8
565	8
562	8
567	8
561	8
566	8
563	8
568	8
562	8
564	8
569	8
565	8
570	8
566	8
571	8
569	8
572	8
571	8
568	8
573	8
571	8
567	8
574	8
573	8
572	8
575	8
573	8
576	8
575	8
574	8
577	8
575	8
578	8
576	8
579	8
577	8
578	8
580	8
578	8
587	8
581	8
579	8
580	8
582	8
580	8
581	8
583	8
581	8
582	8
590	8
584	8
582	8
583	8
585	8
583	8
592	8
586	8
584	8
593	8
585	8
587	8
585	8
586	8
585	8
586	8
587	8
586	8
587	8
588	8
590	8
588	8
589	8
588	8
589	8
590	8
592	8
590	8
591	8
593	8
591	8
592	8
591	8
592	8
601	8
593	8
588	8
595	8
593	8
594	8
598	8
589	8
594	8
595	8
592	8
599	8
590	8
595	8
596	8
593	8
600	8
595	8
591	8
596	8
597	8
594	8
601	8
592	8
597	8
598	8
595	8
602	8
597	8
593	8
598	8
599	8
596	8
603	8
598	8
594	8
599	8
608	8
600	8
597	8
604	8
599	8
595	8
600	8
609	8
601	8
598	8
605	8
600	8
596	8
610	8
602	8
599	8
606	8
601	8
611	8
603	8
607	8
602	8
612	8
604	8
608	8
603	8
613	8
605	8
602	8
609	8
605	8
614	8
606	8
603	8
610	8
606	8
615	8
607	8
604	8
611	8
607	8
616	8
608	8
612	8
608	8
603	8
609	8
606	8
604	8
614	8
607	8
619	8
605	8
611	8
615	8
608	8
611	8
606	8
612	8
616	8
609	8
607	8
617	8
610	8
613	8
608	8
618	8
611	8
613	8
609	8
615	8
617	8
615	8
610	8
616	8
613	8
611	8
617	8
614	8
617	8
612	8
618	8
615	8
618	8
613	8
623	8
619	8
621	8
619	8
614	8
620	8
622	8
615	8
621	8
621	8
616	8
622	8
621	8
617	8
627	8
623	8
623	8
618	8
624	8
619	8
627	8
620	8
626	8
621	8
627	8
622	8
625	8
623	8
626	8
624	8
627	8
625	8
626	8
627	8
