1	0.0947314461
2	0.0355017807
3	0.045208598
4	0.0421278195
5	0.0235933605
6	0.0197985325
7	0.0167343681
8	0.0141330713
9	0.0121626452
10	0.0107336893
11	0.00979402276
12	0.00915716821
13	0.00867138827
14	0.008558887
15	0.00839295457
16	0.0085271423
17	0.00872910358
19	0.00883408813
20	0.00904871419
20	0.00935093317
21	0.00971271003
22	0.00726839586
23	0.00722181806
24	0.0072798528
25	0.00740441277
26	0.00755283955
27	0.00769468034
28	0.0077889579
29	0.00781545173
30	0.00777084146
31	0.00766123255
33	0.00716259069
38	0.00591047654
41	0.00556837679
43	0.00547896035
44	0.0054045049
45	0.00527674225
45	0.00509110403
46	0.00509110403
46	0.00487419181
47	0.00487419181
47	0.00465608089
49	0.00445294563
52	0.00302038973
66	0.00245142045
67	0.00239404338
68	0.00233804105
69	0.00229040687
70	0.00224138863
71	0.00214851054
72	0.00214851054
73	0.00209898271
73	0.0020454972
74	0.00192892204
79	0.00178706814
80	0.00174113692
81	0.00174113692
82	0.00171654142
83	0.00168940176
84	0.00166016963
85	0.00162692473
86	0.00158778498
109	0.000755096849
117	0.000603942831
122	0.000519239143
123	0.000504951471
125	0.000467041295
132	0.000384933227
133	0.000376848859
134	0.000369119779
135	0.000361609775
136	0.000354225954
137	0.000346954139
138	0.000339767084
139	0.000332521483
140	0.000325371939
141	0.000332521483
146	0.000305386747
147	0.000298972574
148	0.000292599464
149	0.000286434023
150	0.000280564339
151	0.000275003111
152	0.000269680616
153	0.000264579577
157	0.000245692569
158	0.000241363517
159	0.000237082261
170	0.000192467577
173	0.000178049155
177	0.000164222478
178	0.000154161789
181	0.0001448351
182	0.00014184224
183	0.000147899995
184	0.0001448351
185	0.00014184224
186	0.000138884512
187	0.000135971853
188	0.000130300064
189	0.000127508694
190	0.000124786872
191	0.000122110643
192	0.000119501496
193	0.00011694707
194	0.000112005221
195	0.000109615025
196	0.000107289279
197	0.000105018059
198	0.000109615025
199	0.000105018059
200	0.000102815371
201	9.65015218e-05
202	0.000100671641
203	9.85666602e-05
204	9.25568555e-05
205	9.06557457e-05
206	8.70325436e-05
212	8.36133363e-05
221	6.90884833e-05
221	7.03648532e-05
222	6.90884833e-05
223	9.46724438e-05
224	6.89204237e-05
226	8.51887437e-05
227	6.18117483e-05
228	5.99201743e-05
229	8.1461641e-05
230	5.91416669e-05
230	5.73779887e-05
232	7.80550714e-05
234	5.73779887e-05
235	7.80550714e-05
236	5.50739147e-05
237	7.49630432e-05
239	5.45280714e-05
240	5.29745034e-05
240	7.21447489e-05
241	5.25042351e-05
243	5.10296333e-05
245	5.0627298e-05
246	4.92380683e-05
247	6.71390246e-05
248	4.8891708e-05
248	4.7556199e-05
249	6.48466058e-05
308	2.83252813e-05
310	2.87226625e-05
311	2.84556924e-05
312	2.83252813e-05
313	2.81967451e-05
314	2.81967451e-05
312	2.78267046e-05
313	2.77099239e-05
314	2.75958414e-05
322	2.71643197e-05
323	2.69603635e-05
323	2.70611295e-05
324	2.69603635e-05
324	2.66695514e-05
324	2.65781527e-05
327	2.6488778e-05
327	2.64016269e-05
327	2.63150929e-05
329	2.62288258e-05
329	2.61435592e-05
330	2.60590791e-05
331	2.59746904e-05
332	2.63150929e-05
333	2.62288258e-05
334	2.61435592e-05
335	2.60590791e-05
345	2.50158049e-05
346	2.49396345e-05
347	2.48641163e-05
346	2.4789348e-05
362	2.42218741e-05
375	2.33925822e-05
373	2.32224164e-05
374	2.31654262e-05
375	2.31086966e-05
376	2.29958314e-05
377	2.29958314e-05
378	2.29434861e-05
379	2.28934762e-05
380	2.28447483e-05
381	2.27961994e-05
382	2.26990449e-05
383	2.26508763e-05
384	2.23816185e-05
385	2.26035147e-05
386	2.25566372e-05
387	2.26508763e-05
388	2.26035147e-05
389	2.25566372e-05
390	2.23816185e-05
391	2.24656776e-05
396	2.23405293e-05
404	2.19365982e-05
405	2.18520954e-05
406	2.18088535e-05
408	2.17661167e-05
409	2.17245036e-05
410	2.16835181e-05
411	2.1642833e-05
412	2.16021319e-05
413	2.15607099e-05
414	2.15187064e-05
415	2.14760439e-05
416	2.14330172e-05
417	2.13898457e-05
419	2.1301382e-05
420	2.12189757e-05
421	2.11629359e-05
422	2.11186123e-05
423	2.10740767e-05
424	2.10299404e-05
425	2.12189757e-05
426	2.11629359e-05
427	2.11186123e-05
428	2.10740767e-05
429	2.10299404e-05
433	2.03586042e-05
434	2.03054178e-05
435	2.04599456e-05
436	2.04099222e-05
437	2.03586042e-05
438	2.03054178e-05
439	2.02511306e-05
440	2.01968193e-05
441	2.0143268e-05
442	2.0143268e-05
443	2.00902063e-05
444	2.00369872e-05
445	1.99824427e-05
446	1.94111501e-05
447	1.93518555e-05
448	1.92927084e-05
449	1.9233582e-05
450	1.96459997e-05
451	1.97582755e-05
452	1.95304205e-05
453	1.94708474e-05
454	1.94111501e-05
455	1.95304205e-05
456	1.94708474e-05
457	1.94111501e-05
458	1.93518555e-05
459	1.91166187e-05
460	1.9233582e-05
461	1.91753118e-05
462	1.89360579e-05
463	1.88747946e-05
464	1.88130885e-05
465	1.87508475e-05
466	1.86882111e-05
467	1.86251669e-05
468	1.83693464e-05
469	1.83058213e-05
470	1.82424253e-05
471	1.81781297e-05
472	1.81126786e-05
473	1.82424253e-05
474	1.79810011e-05
484	1.74974957e-05
507	1.58608613e-05
514	1.47070405e-05
517	1.47070405e-05
518	1.46221689e-05
524	1.33530392e-05
524	1.31856246e-05
544	1.22677792e-05
545	1.21857061e-05
546	1.21043895e-05
564	1.11627752e-05
565	1.1087425e-05
567	1.09479675e-05
568	1.08647918e-05
569	1.07979358e-05
570	1.07285348e-05
571	1.07979358e-05
572	1.07285348e-05
573	1.06578651e-05
574	1.07285348e-05
575	1.05153678e-05
576	9.67966909e-06
577	9.61297689e-06
578	1.0301159e-05
579	9.48064659e-06
580	1.01595255e-05
581	1.00894341e-05
582	1.00198502e-05
583	9.95073908e-06
584	9.88219819e-06
585	9.81420999e-06
586	9.74672155e-06
587	9.67966909e-06
585	9.61297689e-06
592	9.67616219e-06
608	1.16488879e-05
609	7.71858389e-06
610	1.07022681e-05
611	7.80894573e-06
618	7.50264238e-06
622	7.37945343e-06
