1	2
2	2
3	2
4	2
5	3
6	3
7	3
8	3
9	3
10	3
10	3
11	3
11	3
11	3
12	3
12	3
13	3
13	3
14	3
14	3
15	3
15	3
16	3
16	3
16	3
17	3
17	3
18	3
18	3
18	3
19	3
19	3
19	3
20	3
20	3
20	3
21	3
21	3
21	3
22	3
22	3
22	3
22	4
23	4
23	4
23	4
23	4
24	4
24	4
24	4
25	4
25	4
25	4
26	4
26	4
26	4
27	4
27	4
27	4
28	4
28	4
28	4
28	4
29	4
29	4
29	4
29	4
30	4
30	4
30	4
31	4
31	4
31	4
32	4
32	4
32	4
33	4
33	4
33	4
33	4
33	4
34	4
34	4
34	4
35	4
35	4
35	4
35	4
35	4
36	4
36	4
36	4
36	4
36	4
36	4
37	4
37	4
37	4
37	4
37	4
38	4
38	4
38	4
39	4
39	4
39	4
39	4
39	4
40	4
40	4
40	4
40	4
41	4
41	4
41	4
42	4
42	4
42	4
42	4
43	4
43	4
44	4
44	4
45	4
45	4
46	4
46	4
47	4
47	4
48	4
48	4
48	4
48	4
49	4
49	4
49	4
50	4
50	4
50	4
50	4
51	4
51	4
51	4
52	4
52	4
52	4
53	5
53	5
53	5
53	5
53	4
54	4
54	4
54	4
54	5
55	5
55	5
55	5
55	5
56	5
56	5
56	5
57	5
57	5
57	5
58	5
58	5
58	5
58	5
59	5
59	5
59	5
60	5
59	5
60	5
60	5
60	5
61	5
60	5
61	5
61	5
61	5
62	5
62	5
62	5
62	5
63	5
63	5
63	5
63	5
64	5
64	5
64	5
64	5
65	5
65	5
65	5
65	5
66	5
66	5
66	5
66	5
67	5
67	5
67	5
68	5
68	5
68	5
69	5
69	5
69	5
70	5
70	5
70	5
71	5
71	5
71	5
71	5
72	5
72	5
73	5
73	5
73	5
74	5
74	5
75	5
74	5
75	5
75	5
76	5
75	5
76	5
76	5
77	5
76	5
77	5
77	5
78	5
77	5
78	5
78	5
79	5
78	5
79	5
79	5
80	5
80	5
80	5
81	5
81	5
81	5
81	5
82	5
82	5
83	5
83	5
84	5
84	5
85	5
85	5
85	5
85	5
86	5
86	5
86	5
87	5
86	5
87	5
88	5
87	5
87	5
88	5
87	5
88	5
88	5
88	5
88	5
88	5
89	5
90	5
89	5
89	5
90	5
90	5
91	5
90	5
90	5
91	5
91	5
92	5
91	5
91	5
92	5
91	5
93	5
92	5
92	5
93	5
92	5
94	5
93	5
93	5
94	5
93	5
94	5
94	5
94	5
95	5
94	5
95	5
95	5
95	5
96	5
95	5
97	5
96	5
96	5
97	5
96	5
98	5
97	5
97	5
98	5
97	5
99	5
98	5
98	5
99	5
98	5
99	5
99	5
99	5
101	5
100	5
100	5
101	5
102	5
101	5
101	5
102	5
103	5
102	5
102	5
103	5
104	5
103	5
103	5
103	5
103	5
105	5
104	5
104	5
104	5
104	5
106	5
105	5
105	5
105	5
106	5
107	5
106	5
106	5
107	5
106	5
108	5
107	5
107	5
108	5
108	5
109	5
108	5
108	5
108	5
109	5
109	5
110	5
109	5
109	5
110	5
110	5
111	5
110	5
110	5
110	5
111	5
111	5
112	5
111	5
111	5
111	5
111	5
113	5
112	5
112	5
112	5
112	5
114	5
113	5
113	5
113	5
114	5
115	5
114	5
114	5
114	5
114	5
116	5
115	5
115	5
115	5
116	5
115	5
116	5
116	5
116	5
117	5
118	5
117	5
117	5
117	5
119	5
117	5
118	5
118	5
118	5
118	5
119	5
119	5
119	5
121	5
119	5
120	5
120	5
120	5
120	5
120	5
121	5
121	5
121	5
123	5
121	5
122	5
122	5
122	5
122	5
123	5
123	5
123	5
123	5
124	5
124	5
124	5
124	5
125	5
125	5
126	5
125	5
125	5
126	5
126	5
126	5
126	5
127	5
127	5
127	5
127	5
128	5
128	5
128	5
128	5
129	5
129	5
131	5
129	5
130	5
132	5
131	5
131	5
132	5
133	5
131	5
132	5
132	5
132	5
134	5
132	5
133	5
133	5
135	5
133	5
133	5
134	5
135	5
134	5
134	5
136	5
135	5
135	5
137	5
136	5
136	5
138	5
137	5
137	5
139	5
140	5
138	5
138	5
139	5
141	5
139	5
139	5
142	5
140	5
140	5
142	5
143	5
141	5
141	5
142	5
142	5
143	5
142	5
144	5
143	5
143	5
144	5
143	5
145	5
144	5
144	5
145	5
145	5
144	5
146	5
145	5
146	5
145	5
148	5
146	5
147	5
146	5
148	5
147	5
148	5
147	5
149	5
148	5
149	5
148	5
149	5
149	5
150	5
150	5
150	5
150	5
150	5
151	5
151	5
151	5
151	5
151	5
152	5
152	5
152	5
152	5
153	5
153	5
153	5
153	5
154	5
154	5
154	5
154	5
154	5
155	5
155	5
155	5
155	5
155	5
156	5
156	5
156	5
156	5
156	5
157	5
157	5
157	5
157	5
158	5
160	5
157	5
158	5
159	5
159	5
161	5
158	5
159	5
159	5
160	5
162	5
159	5
160	5
160	5
161	5
161	5
161	5
161	5
161	5
162	5
163	5
162	5
161	5
162	5
163	5
165	5
164	5
163	5
162	5
163	5
164	5
164	5
164	5
163	5
164	5
165	5
167	5
165	5
165	5
164	5
165	5
166	5
166	5
167	5
166	5
165	5
166	5
167	5
167	5
168	5
167	5
167	5
167	5
168	5
168	5
169	5
168	5
168	5
169	5
171	5
169	5
169	5
170	5
172	5
170	5
170	5
170	5
171	5
172	5
171	5
171	5
171	5
172	5
173	5
172	5
172	5
172	5
173	5
173	5
173	5
174	5
175	5
174	5
174	5
173	5
175	5
177	5
175	5
175	5
174	5
176	5
178	5
176	5
176	5
176	5
177	5
179	5
177	5
177	5
178	5
180	5
179	5
178	5
178	5
181	5
179	5
179	5
179	5
179	5
182	5
180	5
180	5
180	5
180	5
183	5
181	5
181	5
182	5
182	5
181	5
183	5
184	5
183	5
182	5
184	5
185	5
184	5
184	5
186	5
185	5
187	5
186	5
188	5
187	5
189	5
188	5
190	5
189	5
189	5
190	5
190	5
191	5
191	5
192	5
192	5
193	5
192	5
193	5
193	5
192	5
193	5
194	5
197	5
193	5
195	5
195	5
195	5
197	5
196	5
196	5
199	5
195	5
196	5
197	5
200	5
197	5
198	5
198	5
201	5
197	5
199	5
199	5
202	5
199	5
200	5
200	5
203	5
202	5
200	5
201	5
201	5
203	5
200	5
202	5
202	5
202	5
204	5
203	5
203	5
203	5
204	5
204	5
204	5
203	5
205	5
208	5
205	5
204	5
206	5
209	5
206	5
205	5
207	5
207	5
210	5
207	5
209	5
207	5
208	5
211	5
208	5
210	5
208	5
209	5
212	5
209	5
211	5
210	5
213	5
210	5
212	5
211	5
214	5
211	5
212	5
212	5
212	5
215	5
212	5
213	5
213	5
213	5
216	5
213	5
215	5
214	5
217	5
214	5
216	5
215	5
218	5
215	5
216	5
217	5
215	5
219	5
216	5
217	5
218	5
217	5
217	5
220	5
217	5
218	5
219	5
217	4
221	5
219	5
220	5
218	5
222	5
221	5
219	5
223	5
221	5
224	4
222	5
225	5
223	5
226	5
224	5
227	5
226	4
225	5
223	4
227	5
224	5
228	5
225	5
229	5
226	4
230	4
228	5
227	5
230	5
229	4
228	5
232	5
230	5
229	4
232	4
233	5
231	5
230	5
234	5
232	4
231	5
235	5
233	5
234	4
232	5
236	4
234	5
233	5
236	5
235	4
236	5
234	5
237	5
236	5
237	4
235	5
239	4
237	5
238	5
236	5
240	5
239	4
239	5
240	5
240	5
240	4
241	4
241	5
241	5
243	5
242	4
242	5
243	5
244	4
243	5
243	4
245	4
247	5
244	5
246	5
245	4
245	4
247	5
249	5
246	4
248	4
247	5
247	5
248	5
248	4
248	5
249	5
249	5
249	5
250	5
253	5
250	5
250	4
251	5
250	5
254	5
251	4
251	4
252	4
251	5
255	4
252	5
252	5
253	5
252	4
256	5
253	5
253	5
251	5
255	5
254	5
253	5
257	5
254	4
254	4
252	5
256	4
254	5
258	4
254	5
255	5
253	4
257	5
255	4
259	5
256	5
256	4
254	5
258	5
256	5
257	4
255	5
258	4
257	4
258	5
256	4
259	5
258	5
259	4
257	5
260	5
259	5
260	4
262	5
261	4
260	5
260	5
259	4
263	5
262	5
261	4
262	4
264	5
260	5
263	5
262	5
262	5
265	5
261	4
263	4
267	5
264	5
263	5
266	4
262	5
264	5
268	5
265	4
264	5
267	5
265	5
269	5
266	5
265	4
264	4
266	4
270	4
267	5
266	5
269	5
267	5
271	4
268	4
267	5
266	5
268	5
272	5
269	5
268	4
267	5
269	4
273	4
270	5
269	4
272	4
270	5
274	5
271	5
270	5
273	5
271	5
275	5
272	4
271	4
274	5
276	5
273	5
272	5
275	5
277	4
274	5
274	5
273	4
276	4
278	5
275	4
275	5
277	5
275	5
279	5
276	4
276	5
275	5
277	5
276	5
280	5
277	5
277	5
276	5
278	5
277	4
281	4
278	5
278	5
277	5
279	5
278	5
282	5
279	5
279	5
278	5
280	5
277	5
280	5
280	5
279	4
281	5
280	5
284	5
281	5
280	5
282	5
281	5
282	5
284	5
283	5
282	5
283	5
282	5
284	5
281	5
284	5
286	5
285	5
284	5
282	5
285	5
284	5
286	5
285	5
283	5
286	5
288	5
287	5
286	5
287	5
287	5
289	5
288	5
291	5
287	5
285	5
288	5
288	5
287	5
289	5
292	5
286	5
289	5
291	5
288	5
293	5
287	5
290	5
290	5
291	5
289	5
294	5
290	5
288	5
291	5
292	5
290	5
295	5
289	5
292	5
294	5
291	5
296	5
292	5
290	5
293	5
292	5
297	5
291	5
294	5
296	5
293	5
298	5
294	5
292	5
295	5
296	5
294	5
299	5
295	5
296	5
297	5
295	5
300	5
294	5
296	5
297	5
298	5
296	5
301	5
295	5
297	5
298	5
299	5
302	5
296	5
298	5
301	5
300	5
303	5
297	5
299	5
300	5
301	5
299	5
304	5
298	5
300	5
301	5
302	5
300	5
305	5
299	5
302	5
304	5
301	5
306	5
300	5
303	5
307	5
301	5
303	5
304	5
308	5
302	5
304	5
305	5
309	5
303	5
306	5
310	5
304	5
307	5
311	5
305	5
308	5
308	5
306	5
309	5
308	5
307	5
310	5
309	5
308	5
311	5
311	5
309	5
312	5
312	5
310	5
313	5
313	5
311	5
314	5
314	5
312	5
315	5
315	5
313	5
316	5
316	5
314	5
317	5
317	5
315	5
318	5
318	5
316	5
319	5
319	5
317	5
320	5
320	5
318	5
321	5
321	5
322	5
323	5
323	5
323	5
324	5
324	5
322	5
329	5
324	5
326	5
323	5
330	5
327	5
324	5
331	5
327	5
328	5
332	5
327	5
329	5
326	5
329	5
330	5
327	5
329	5
331	5
335	5
328	5
330	5
332	5
336	5
329	5
334	5
331	5
337	5
333	5
330	5
332	5
338	5
336	5
331	5
333	5
339	5
337	5
332	5
334	5
336	5
338	5
333	5
335	5
337	5
339	5
334	5
336	5
342	5
338	5
340	5
335	5
338	5
343	5
339	5
341	5
340	5
339	5
344	5
342	5
337	5
341	5
339	5
340	5
345	5
341	5
338	5
342	5
340	5
341	5
346	5
344	5
343	5
341	5
341	5
342	5
347	5
343	5
345	5
344	5
342	5
343	5
344	5
346	5
345	5
343	5
343	5
345	5
347	5
346	5
344	5
350	5
346	5
348	5
345	5
345	5
347	5
349	5
346	5
352	5
350	5
347	5
353	5
351	5
346	5
349	5
352	5
349	5
347	5
350	5
353	5
352	5
348	5
356	5
354	5
353	5
349	5
357	5
355	5
354	5
352	5
350	5
358	5
356	5
355	5
353	5
351	5
359	5
357	5
356	5
354	5
352	5
360	5
358	5
357	5
355	5
361	5
355	5
358	5
356	5
362	5
354	5
360	5
356	5
359	5
357	5
363	5
355	5
361	5
357	5
360	5
358	5
364	5
356	5
362	5
358	5
361	5
359	5
365	5
360	5
363	5
362	5
360	5
364	5
360	5
363	5
367	5
361	5
359	5
363	5
361	5
364	5
368	5
362	5
360	5
364	5
362	5
365	5
369	5
363	5
367	5
365	5
363	5
366	5
370	5
364	5
368	5
366	5
367	5
371	5
365	5
369	5
365	5
368	5
372	5
366	5
367	5
370	5
366	5
369	5
373	5
367	5
368	5
371	5
370	5
374	5
368	5
366	5
369	5
371	5
368	5
375	5
373	5
371	5
369	5
376	5
370	5
371	5
372	5
373	5
377	5
371	5
375	5
373	5
371	5
378	5
372	5
376	5
373	5
372	5
373	5
371	5
374	5
373	5
374	5
372	5
375	5
374	5
375	5
373	5
379	5
376	5
375	5
376	5
378	5
377	5
383	5
377	5
379	5
384	5
378	5
380	5
385	5
379	5
377	5
379	5
380	5
384	5
380	5
381	5
385	5
382	5
384	5
382	5
386	5
383	5
389	5
383	5
387	5
385	5
384	5
388	5
382	5
384	5
385	5
389	5
385	5
386	5
393	5
386	5
387	5
394	5
387	5
388	5
395	5
391	5
389	5
396	5
391	5
390	5
397	5
392	5
391	5
398	5
393	5
392	5
396	5
394	5
393	5
397	5
394	5
391	5
393	5
394	5
398	5
395	5
392	5
395	5
399	5
396	5
396	5
400	5
397	5
394	5
397	5
401	5
398	5
399	5
397	5
398	5
402	5
399	5
400	5
398	5
403	5
400	5
397	5
399	5
404	5
401	5
400	5
402	5
399	5
406	5
403	5
400	5
402	5
404	5
402	5
405	5
409	5
403	5
406	5
403	5
404	5
407	5
401	5
404	5
406	5
408	5
402	5
405	5
406	5
407	5
409	5
403	5
406	5
407	5
408	5
410	5
414	5
408	5
409	5
411	5
409	5
410	5
412	5
409	5
410	5
411	5
413	5
417	5
410	5
411	5
412	5
414	5
418	5
411	5
412	5
413	5
415	5
409	5
413	5
414	5
416	5
410	5
415	5
417	5
421	5
411	5
415	5
416	5
414	5
418	5
422	5
416	5
414	5
419	5
423	5
416	5
417	5
415	5
420	5
424	5
418	5
416	5
421	5
425	5
418	5
420	5
419	5
422	5
426	5
419	5
416	5
420	5
423	5
427	5
417	5
421	5
424	5
428	5
423	5
420	5
425	5
422	5
421	5
426	5
430	5
423	5
420	5
422	5
427	5
426	5
421	5
425	5
428	5
432	5
425	5
422	5
426	5
429	5
433	5
428	5
426	5
427	5
426	5
430	5
434	5
429	5
427	5
428	5
427	5
431	5
435	5
430	5
428	5
427	5
428	5
432	5
436	5
429	5
426	5
428	5
433	5
437	5
432	5
430	5
427	5
429	5
434	5
438	5
433	5
431	5
432	5
430	5
435	5
439	5
434	5
432	5
429	5
431	5
436	5
440	5
435	5
433	5
434	5
437	5
441	5
436	5
434	5
431	5
438	5
442	5
435	5
436	5
432	5
439	5
443	5
436	5
437	5
436	5
444	5
437	5
436	5
437	5
441	5
438	5
438	5
446	5
439	5
439	5
443	5
440	5
439	5
444	5
441	5
440	5
445	5
442	5
439	5
446	5
443	5
444	5
443	5
446	5
444	5
445	5
448	5
445	5
446	5
449	5
446	5
447	5
450	5
447	5
448	5
450	5
448	5
449	5
451	5
449	5
450	5
452	5
450	5
453	5
451	5
455	5
452	5
456	5
453	5
456	5
454	5
453	5
455	5
454	5
456	5
455	5
457	5
465	5
456	5
458	5
459	5
466	5
457	5
459	5
467	5
458	5
460	5
461	5
459	5
461	5
462	5
460	5
462	5
470	5
461	5
463	5
464	5
466	5
464	5
472	5
467	5
465	5
466	5
468	5
466	5
467	5
463	5
467	5
471	5
464	5
468	5
472	5
465	5
469	5
470	5
473	5
466	5
470	5
478	5
473	5
467	5
471	5
479	5
474	5
468	5
472	5
480	5
475	5
469	5
471	5
473	5
481	5
473	5
470	5
474	5
482	5
474	5
471	5
473	5
475	5
476	5
483	5
475	5
472	5
474	5
476	5
484	5
476	5
473	5
475	5
477	5
478	5
485	5
480	5
474	5
476	5
478	5
486	5
479	5
481	5
475	5
477	5
479	5
480	5
487	5
479	5
476	5
478	5
480	5
488	5
483	5
477	5
479	5
481	5
489	5
485	5
484	5
478	5
480	5
482	5
483	5
486	5
485	5
479	5
481	5
483	5
491	5
483	5
486	5
484	5
492	5
484	5
487	5
483	5
485	5
493	5
486	5
488	5
484	5
486	5
490	5
489	5
483	5
487	5
495	5
488	5
490	5
484	5
488	5
496	5
489	5
491	5
485	5
487	5
489	5
497	5
490	5
492	5
486	5
488	5
490	5
498	5
491	5
490	5
493	5
487	5
489	5
491	5
499	5
492	5
491	5
494	5
488	5
490	5
493	5
492	5
495	5
489	5
491	5
494	5
493	5
496	5
490	5
494	5
498	5
495	5
497	5
491	5
503	5
499	5
496	5
498	5
492	5
504	5
500	5
497	5
499	5
493	5
497	5
501	5
498	5
500	5
494	5
506	5
502	5
499	5
501	5
495	5
499	5
503	5
500	5
502	5
496	5
500	5
504	5
501	5
503	5
497	5
501	5
505	5
502	5
501	5
504	5
498	5
502	5
506	5
503	5
502	5
505	5
499	5
511	5
507	5
504	5
503	5
506	5
500	5
512	5
508	5
505	5
504	5
507	5
503	5
505	5
505	5
508	5
502	5
504	5
506	5
507	5
506	5
509	5
515	5
505	5
511	5
508	5
507	5
510	5
516	5
506	5
512	5
509	5
508	5
511	5
517	5
507	5
509	5
510	5
509	5
512	5
506	5
514	5
510	5
510	5
513	5
507	5
509	5
511	5
512	5
511	5
514	5
520	5
516	5
512	5
513	5
512	5
515	5
511	5
517	5
513	5
513	5
516	5
512	5
518	5
514	5
515	5
517	5
511	5
519	5
515	5
516	5
518	5
514	5
517	5
519	5
515	5
517	5
518	5
517	5
514	5
516	5
518	5
519	5
518	5
517	5
520	5
522	5
519	5
518	5
521	5
523	5
520	5
519	5
522	5
524	5
521	5
520	5
523	5
525	5
522	5
521	5
523	5
526	5
523	5
520	5
525	5
527	5
533	5
521	5
526	5
528	5
525	5
524	5
526	5
529	5
526	5
523	5
528	5
527	5
530	5
527	5
524	5
528	5
531	5
528	5
525	5
530	5
532	5
538	5
529	5
528	5
526	5
531	5
530	5
539	5
527	5
532	5
531	5
540	5
530	5
528	5
533	5
532	5
541	5
537	5
529	5
534	5
533	5
536	5
542	5
538	5
530	5
535	5
534	5
543	5
539	5
531	5
536	5
535	5
538	5
540	5
532	5
537	5
536	5
539	5
545	5
541	5
533	5
538	5
537	5
540	5
542	5
534	5
539	5
538	5
541	5
547	5
543	5
535	5
540	5
539	5
542	5
548	5
544	5
536	5
541	5
540	5
549	5
545	5
537	5
542	5
541	5
550	5
546	5
538	5
543	5
542	5
545	5
541	5
539	5
544	5
546	5
542	5
540	5
545	5
549	5
543	5
541	5
546	5
550	5
544	5
542	5
547	5
549	5
545	5
548	5
547	5
550	5
546	5
549	5
551	5
547	5
550	5
552	5
548	5
551	5
550	5
553	5
549	5
551	5
556	5
554	5
548	5
550	5
552	5
561	5
555	5
549	5
551	5
553	5
562	5
556	5
550	5
552	5
554	5
563	5
559	5
557	5
551	5
553	5
555	5
555	5
558	5
552	5
554	5
556	5
561	5
553	5
555	5
557	5
562	5
554	5
556	5
558	5
561	5
555	5
557	5
559	5
562	5
556	5
558	5
560	5
563	5
557	5
562	5
559	5
564	5
558	5
560	5
562	5
565	5
559	5
561	5
566	5
560	5
565	5
562	5
567	5
561	5
566	5
563	5
565	5
568	5
562	5
564	5
566	5
569	5
568	5
565	5
567	5
570	5
569	5
566	5
571	5
565	5
569	5
567	5
572	5
571	5
566	5
568	5
573	5
569	5
574	5
572	5
570	5
575	5
573	5
571	5
582	5
576	5
574	5
583	5
577	5
575	5
573	5
578	5
576	5
574	5
579	5
578	5
586	5
573	5
580	5
578	5
587	5
576	5
581	5
580	5
577	5
582	5
581	5
583	5
590	5
584	5
591	4
585	5
583	5
592	5
584	5
586	5
584	5
593	5
585	5
587	5
594	5
586	5
585	5
587	5
584	5
586	4
587	5
596	4
588	5
590	5
588	5
589	5
588	5
589	4
587	5
592	5
599	5
588	5
593	5
591	5
600	5
589	4
591	4
592	5
593	5
590	4
595	5
593	5
602	5
591	5
596	5
589	5
594	4
603	5
592	4
597	5
590	5
595	5
604	5
596	5
593	5
600	5
598	5
591	5
596	5
605	5
597	5
594	5
601	4
599	4
592	4
597	5
606	4
598	5
595	4
602	5
593	5
598	5
607	5
599	5
603	5
594	5
599	5
608	4
600	4
597	5
604	5
599	5
600	5
609	5
601	5
598	5
605	5
600	4
601	4
610	5
602	4
606	4
601	5
602	5
611	5
603	5
600	4
607	5
602	5
603	5
612	5
604	5
608	5
603	5
599	5
613	4
605	5
602	5
609	5
607	4
614	4
606	5
603	5
610	4
615	5
607	5
604	4
611	5
616	5
608	4
612	5
610	5
603	5
609	5
606	5
611	5
604	4
610	5
607	5
612	5
605	5
615	5
608	4
606	5
616	4
609	5
614	5
607	5
617	5
610	5
615	5
608	4
618	5
611	5
616	5
609	5
615	5
612	4
617	4
610	5
616	5
613	5
611	5
617	4
614	5
612	4
622	5
618	5
615	5
618	5
613	5
623	5
619	5
616	4
614	5
624	5
620	5
622	5
617	5
615	5
625	5
621	5
618	5
616	4
626	5
622	4
624	5
617	5
627	5
623	5
620	4
618	5
624	5
626	5
619	5
625	5
622	5
620	4
626	4
623	5
621	5
627	5
624	4
622	5
625	5
623	4
626	5
624	5
627	5
625	5
626	5
627	5
