0.0005	-7.7238039e-09
0.001	1.8334571e-08
0.0015	-2.3763598e-09
0.002	1.2814476e-09
0.0025	-9.3227491e-10
0.003	2.2545624e-10
0.0035	-1.2352809e-10
0.004	-1.2328036e-10
0.0045	-9.1220221e-11
0.005	-7.5666089e-11
0.0055	-2.4769598e-11
0.006	-4.1562533e-11
0.0065	-3.2209944e-11
0.007	-8.7637913e-11
0.0075	3.2815865e-11
0.008	1.0270655e-11
0.0085	2.3546443e-11
0.009	5.122675e-11
0.0095	4.3653352e-11
0.01	9.3908419e-11
0.0105	8.5487958e-11
0.011	6.7053633e-11
0.0115	5.4425846e-11
0.012	8.8202928e-11
0.0125	3.9100323e-11
0.013	3.2743904e-11
0.0135	-5.0005342e-11
0.014	-3.8562859e-11
0.0145	-4.0221315e-11
0.015	7.7186249e-12
0.0155	-2.5906093e-11
0.016	-1.4886884e-11
0.0165	-1.2722495e-11
0.017	1.7469894e-11
0.0175	2.9945325e-12
0.018	-1.7105341e-11
0.0185	-2.6243896e-11
0.019	-7.3993096e-12
0.0195	-4.2218174e-12
0.02	3.2708259e-11
0.0205	3.5013673e-11
0.021	3.4698993e-11
0.0215	2.8438841e-11
0.022	3.465019e-11
0.0225	1.4294045e-11
0.023	-5.0436727e-12
0.0235	5.2295752e-11
0.024	2.6574665e-12
0.0245	4.7135479e-12
0.025	1.5334529e-11
0.0255	2.8611277e-12
0.026	-1.5282371e-11
0.0265	1.7276457e-11
0.027	-9.9073245e-12
0.0275	-3.5584308e-12
0.028	-3.0541263e-11
0.0285	-2.4141556e-11
0.029	7.99519e-12
0.0295	1.9275045e-11
0.03	2.229905e-11
0.0305	-1.4465634e-11
0.031	5.0002833e-11
0.0315	-3.7896962e-11
0.032	-5.7426204e-12
0.0325	2.3044881e-11
0.033	8.9084644e-12
0.0335	-5.791886e-12
0.034	-1.3390134e-11
0.0345	3.42086e-12
0.035	3.8266245e-11
0.0355	-7.9623866e-12
0.036	-1.7548472e-12
0.0365	2.5470285e-11
0.037	1.4816876e-11
0.0375	-2.5314555e-12
0.038	2.7969733e-11
0.0385	2.9550639e-11
0.039	1.8817505e-11
0.0395	3.9269979e-11
0.04	1.2637449e-11
0.0405	-4.630791e-11
0.041	3.0960872e-11
0.0415	-1.6042742e-11
0.042	6.9281524e-11
0.0425	1.0282362e-11
0.043	-9.7580523e-12
0.0435	-4.4283631e-12
0.044	-4.0167394e-11
0.0445	2.5401442e-11
0.045	-2.2548283e-11
0.0455	2.215925e-11
0.046	-4.5591199e-12
0.0465	2.670028e-11
0.047	2.8823004e-11
0.0475	-2.7162977e-11
0.048	-2.763829e-13
0.0485	6.2427718e-12
0.049	-4.0149129e-11
0.0495	-2.405805e-10
0.05	4.3767891e-10
0.0505	-1.2234034e-11
0.051	5.7223908e-11
0.0515	3.4213385e-10
0.052	3.5119557e-11
0.0525	1.5827552e-10
0.053	6.5795358e-10
0.0535	-8.9081946e-11
0.054	-5.1625701e-10
0.0545	-8.9783308e-11
0.055	3.2738274e-10
0.0555	6.0111105e-11
0.056	-1.7023053e-10
0.0565	3.6247304e-10
0.057	-1.842355e-10
0.0575	4.7279421e-11
0.058	2.6767005e-10
0.0585	2.3824493e-11
0.059	-3.5446159e-10
0.0595	-1.3584143e-11
0.06	5.4246845e-11
0.0605	-3.6764085e-10
0.061	-2.5317305e-10
0.0615	-1.439873e-10
0.062	8.6138508e-11
0.0625	2.3381887e-10
0.063	3.0426095e-10
0.0635	4.0590376e-10
0.064	4.9303397e-10
0.0645	3.4989107e-10
0.065	2.9698428e-10
0.0655	1.2146148e-10
0.066	7.5793906e-11
0.0665	-1.430142e-10
0.067	1.7133641e-11
0.0675	-4.3175903e-11
0.068	2.4456814e-11
0.0685	-1.4004109e-10
0.069	-2.2623961e-10
0.0695	-1.9007387e-10
0.07	-1.2492413e-10
0.0705	8.6639754e-12
0.071	7.7235582e-11
0.0715	1.4506709e-10
0.072	2.2046305e-10
0.0725	2.8487119e-10
0.073	4.0275029e-10
0.0735	4.1832702e-10
0.074	3.8266466e-10
0.0745	2.1181033e-10
0.075	3.0496315e-10
0.0755	2.2822501e-10
0.076	3.69786e-10
0.0765	3.3313431e-10
0.077	3.3760291e-10
0.0775	3.3946889e-10
0.078	3.9378135e-10
0.0785	1.7789001e-10
0.079	1.9891059e-10
0.0795	1.788369e-10
0.08	1.6619583e-10
0.0805	1.285233e-10
0.081	5.3659818e-11
0.0815	4.8117331e-11
0.082	-1.8685372e-12
0.0825	-1.4335106e-11
0.083	-8.0398724e-11
0.0835	-6.3007786e-11
0.084	-1.106063e-10
0.0845	-8.2821166e-11
0.085	-1.1520818e-10
0.0855	-9.2542043e-11
0.086	-8.7394281e-11
0.0865	-9.6463395e-11
0.087	-9.9355189e-11
0.0875	-1.0147829e-10
0.088	-1.0396954e-10
0.0885	-1.065938e-10
0.089	-1.110672e-10
0.0895	-1.1734145e-10
0.09	-1.2625947e-10
0.0905	-1.3538473e-10
0.091	-1.4490996e-10
0.0915	-1.5492252e-10
0.092	-1.6524442e-10
0.0925	-1.757202e-10
0.093	-1.8684988e-10
0.0935	-1.9888772e-10
0.094	-2.1162998e-10
0.0945	-2.2510607e-10
0.095	-2.3172639e-10
0.0955	-2.4117415e-10
0.096	-2.5090875e-10
0.0965	-2.6081955e-10
0.097	-2.7078523e-10
0.0975	-2.8068224e-10
0.098	-2.9039503e-10
0.0985	-2.9982451e-10
0.099	-3.0889343e-10
0.0995	-3.1754915e-10
0.1	-3.2567928e-10
0.1005	-3.330878e-10
0.101	-3.4024787e-10
0.1015	-3.4682472e-10
0.102	-3.5279922e-10
0.1025	-3.5825333e-10
0.103	-3.6322996e-10
0.1035	-3.677563e-10
0.104	-3.7184616e-10
0.1045	-3.7550344e-10
0.105	-3.7779996e-10
0.1055	-3.8346703e-10
0.106	-3.8891227e-10
0.1065	-3.9387142e-10
0.107	-3.9818368e-10
0.1075	-4.0165026e-10
0.108	-4.04216e-10
0.1085	-4.0590872e-10
0.109	-4.0705179e-10
0.1095	-4.0763643e-10
0.11	-4.0748215e-10
0.1105	-4.0678824e-10
0.111	-4.0532819e-10
0.1115	-4.0335104e-10
0.112	-4.0079403e-10
0.1125	-3.976333e-10
0.113	-3.9436521e-10
0.1135	-3.9082678e-10
0.114	-3.8828654e-10
0.1145	-3.8560584e-10
0.115	-3.8385622e-10
0.1155	-3.8288019e-10
0.116	-3.8247984e-10
0.1165	-3.828304e-10
0.117	-3.8403643e-10
0.1175	-3.8595436e-10
0.118	-3.8882251e-10
0.1185	-3.9209949e-10
0.119	-3.9541661e-10
0.1195	-3.9881002e-10
0.12	-4.0264737e-10
0.1205	-4.066539e-10
0.121	-4.1086563e-10
0.1215	-4.1520895e-10
0.122	-4.1975818e-10
0.1225	-4.2448914e-10
0.123	-4.2945783e-10
0.1235	-4.3469643e-10
0.124	-4.4028852e-10
0.1245	-4.4585419e-10
0.125	-4.5195982e-10
0.1255	-4.5812067e-10
0.126	-4.64088e-10
0.1265	-4.6995864e-10
0.127	-4.7570262e-10
0.1275	-4.8099868e-10
0.128	-4.8617356e-10
0.1285	-4.909783e-10
0.129	-4.9564649e-10
0.1295	-5.0031629e-10
0.13	-5.0472719e-10
0.1305	-5.0864384e-10
0.131	-5.1222492e-10
0.1315	-5.1543884e-10
0.132	-5.1857706e-10
0.1325	-5.2096561e-10
0.133	-5.2281914e-10
0.1335	-5.2412012e-10
0.134	-5.2465182e-10
0.1345	-5.2477952e-10
0.135	-5.2425172e-10
0.1355	-5.2284254e-10
0.136	-5.2115703e-10
0.1365	-5.1892081e-10
0.137	-5.1664909e-10
0.1375	-5.1398041e-10
0.138	-5.1163483e-10
0.1385	-5.0942343e-10
0.139	-5.0745929e-10
0.1395	-5.0583794e-10
0.14	-5.0448599e-10
0.1405	-5.033497e-10
0.141	-5.0228793e-10
0.1415	-5.0129956e-10
0.142	-4.9995212e-10
0.1425	-4.9811391e-10
0.143	-4.9582298e-10
0.1435	-4.9303277e-10
0.144	-4.9007531e-10
0.1445	-4.8657248e-10
0.145	-4.8262225e-10
0.1455	-4.7875131e-10
0.146	-4.751251e-10
0.1465	-4.7186574e-10
0.147	-4.6931549e-10
0.1475	-4.6737356e-10
0.148	-4.6594119e-10
0.1485	-4.6514016e-10
0.149	-4.6525115e-10
0.1495	-4.6588506e-10
0.15	-4.6667789e-10
0.1505	-4.6773135e-10
0.151	-4.6870482e-10
0.1515	-4.6971352e-10
0.152	-4.7049861e-10
0.1525	-4.712175e-10
0.153	-4.7177874e-10
0.1535	-4.7227096e-10
0.154	-4.727832e-10
0.1545	-4.73412e-10
0.155	-4.7431343e-10
0.1555	-4.7570042e-10
0.156	-4.7742505e-10
0.1565	-4.7943622e-10
0.157	-4.8160196e-10
0.1575	-4.8369045e-10
0.158	-4.8556616e-10
0.1585	-4.8709667e-10
0.159	-4.8828298e-10
0.1595	-4.8907307e-10
0.16	-4.8956591e-10
0.1605	-4.898732e-10
0.161	-4.9014933e-10
0.1615	-4.9244419e-10
0.162	-5.1328275e-10
0.1625	-5.1466405e-10
0.163	-5.2368101e-10
0.1635	-5.2171874e-10
0.164	-5.2175308e-10
0.1645	-5.2468799e-10
0.165	-5.2875219e-10
0.1655	-5.3313111e-10
0.166	-5.3657539e-10
0.1665	-5.3893231e-10
0.167	-5.4020181e-10
0.1675	-5.4041177e-10
0.168	-5.4037278e-10
0.1685	-5.3996139e-10
0.169	-5.3907854e-10
0.1695	-5.3776395e-10
0.17	-5.3597394e-10
0.1705	-5.3374543e-10
0.171	-5.3105423e-10
0.1715	-5.2792015e-10
0.172	-5.2436958e-10
0.1725	-5.2040125e-10
0.173	-5.1609373e-10
0.1735	-5.11434e-10
0.174	-5.0654864e-10
0.1745	-5.014056e-10
0.175	-4.9617126e-10
0.1755	-4.9078558e-10
0.176	-4.8543627e-10
0.1765	-4.8003395e-10
0.177	-4.7477417e-10
0.1775	-4.6970858e-10
0.178	-4.6464796e-10
0.1785	-4.5965677e-10
0.179	-4.5481648e-10
0.1795	-4.5000418e-10
0.18	-4.4542827e-10
0.1805	-4.4093814e-10
0.181	-4.3682871e-10
0.1815	-4.3301123e-10
0.182	-4.2978287e-10
0.1825	-4.2720962e-10
0.183	-4.2500862e-10
0.1835	-4.2360575e-10
0.184	-4.2270833e-10
0.1845	-4.2186598e-10
0.185	-4.2171877e-10
0.1855	-4.2195323e-10
0.186	-4.2217483e-10
0.1865	-4.2241641e-10
0.187	-4.2271826e-10
0.1875	-4.2311802e-10
0.188	-4.2361609e-10
0.1885	-4.2405149e-10
0.189	-4.2460066e-10
0.1895	-4.2504099e-10
0.19	-4.2529702e-10
0.1905	-4.2544113e-10
0.191	-4.2568969e-10
0.1915	-4.2590919e-10
0.192	-4.2566253e-10
0.1925	-4.2594943e-10
0.193	-4.257426e-10
0.1935	-4.2591182e-10
0.194	-4.2609963e-10
0.1945	-4.2572126e-10
0.195	-4.257454e-10
0.1955	-4.2544397e-10
0.196	-4.2542583e-10
0.1965	-4.2503939e-10
0.197	-4.2464256e-10
0.1975	-4.2408683e-10
0.198	-4.2367941e-10
0.1985	-4.2313588e-10
0.199	-4.2265806e-10
0.1995	-4.2215739e-10
0.2	-4.2171666e-10
