0.0005	3.2111193e-05
0.001	5.9708996e-05
0.0015	0.00016572957
0.002	5.2653077e-05
0.0025	2.3500954e-05
0.003	1.319796e-05
0.0035	1.0164109e-05
0.004	7.1888593e-06
0.0045	6.3575343e-06
0.005	5.4678635e-06
0.0055	5.4487316e-06
0.006	4.6100977e-06
0.0065	4.3624009e-06
0.007	3.4111775e-06
0.0075	3.1563742e-06
0.008	3.3982332e-06
0.0085	2.5672231e-06
0.009	2.2536424e-06
0.0095	2.5395008e-06
0.01	2.4052598e-06
0.0105	2.0114359e-06
0.011	1.6877922e-06
0.0115	1.8688726e-06
0.012	1.2476096e-06
0.0125	1.1575186e-06
0.013	1.4066813e-06
0.0135	6.7000691e-07
0.014	6.5459211e-07
0.0145	5.772926e-07
0.015	9.6612043e-07
0.0155	8.364947e-07
0.016	9.3272635e-07
0.0165	9.9162715e-07
0.017	9.6752667e-07
0.0175	7.6136713e-07
0.018	7.6727029e-07
0.0185	6.8490039e-07
0.019	9.2524776e-07
0.0195	8.0612485e-07
0.02	7.5513857e-07
0.0205	5.7144924e-07
0.021	7.0015154e-07
0.0215	9.6718351e-07
0.022	9.7073859e-07
0.0225	9.3319327e-07
0.023	7.0995008e-07
0.0235	9.3396432e-07
0.024	8.3206306e-07
0.0245	8.3989271e-07
0.025	9.0300215e-07
0.0255	9.6359281e-07
0.026	8.8616881e-07
0.0265	8.8244908e-07
0.027	8.6057777e-07
0.0275	8.9464965e-07
0.028	7.6713583e-07
0.0285	8.262129e-07
0.029	9.8318649e-07
0.0295	9.9021879e-07
0.03	9.4340142e-07
0.0305	8.0600037e-07
0.031	5.8462195e-07
0.0315	9.1399206e-07
0.032	8.4302257e-07
0.0325	9.8372907e-07
0.033	7.6845181e-07
0.0335	9.7416211e-07
0.034	9.2770885e-07
0.0345	7.9777358e-07
0.035	9.7377138e-07
0.0355	6.3452489e-07
0.036	6.7655932e-07
0.0365	8.8252451e-07
0.037	7.5147521e-07
0.0375	6.9300058e-07
0.038	7.1665778e-07
0.0385	7.0004146e-07
0.039	8.9506028e-07
0.0395	6.6311296e-07
0.04	8.8756495e-07
0.0405	6.1533793e-07
0.041	7.8298797e-07
0.0415	9.588456e-07
0.042	6.5004834e-07
0.0425	9.5210928e-07
0.043	8.3635777e-07
0.0435	9.8799335e-07
0.044	8.9329847e-07
0.0445	9.5766779e-07
0.045	9.2592567e-07
0.0455	6.2746686e-07
0.046	9.6094762e-07
0.0465	8.0983755e-07
0.047	6.8556992e-07
0.0475	9.1009798e-07
0.048	7.8089024e-07
0.0485	7.9846814e-07
0.049	9.3885328e-07
0.0495	9.4586395e-07
0.05	7.8926007e-07
0.0505	8.318137e-07
0.051	7.1140464e-07
0.0515	8.3372167e-07
0.052	8.9264154e-07
0.0525	9.7528967e-07
0.053	7.7961261e-07
0.0535	9.1330662e-07
0.054	9.4465637e-07
0.0545	8.6874073e-07
0.055	9.7632203e-07
0.0555	8.5000011e-07
0.056	9.3869022e-07
0.0565	8.7873976e-07
0.057	7.7935642e-07
0.0575	7.9564521e-07
0.058	7.26264e-07
0.0585	9.5683443e-07
0.059	5.5664853e-07
0.0595	9.2282691e-07
0.06	7.4299094e-07
0.0605	9.7677604e-07
0.061	9.7584485e-07
0.0615	5.8617385e-07
0.062	9.3045044e-07
0.0625	8.6907139e-07
0.063	7.3316469e-07
0.0635	7.6457151e-07
0.064	9.8124053e-07
0.0645	8.2705742e-07
0.065	9.2913765e-07
0.0655	7.0157142e-07
0.066	7.3676669e-07
0.0665	7.5579775e-07
0.067	8.7986115e-07
0.0675	8.8578042e-07
0.068	9.506521e-07
0.0685	9.6810327e-07
0.069	8.2214864e-07
0.0695	8.3694746e-07
0.07	8.8644171e-07
0.0705	8.8852706e-07
0.071	8.1300559e-07
0.0715	6.9406827e-07
0.072	7.8200885e-07
0.0725	7.727771e-07
0.073	7.7844434e-07
0.0735	9.055487e-07
0.074	8.4773081e-07
0.0745	8.8249691e-07
0.075	8.2458083e-07
0.0755	9.910198e-07
0.076	7.5635466e-07
0.0765	8.4844294e-07
0.077	8.9888492e-07
0.0775	8.0546811e-07
0.078	8.1799886e-07
0.0785	7.3670563e-07
0.079	6.4855319e-07
0.0795	7.8274606e-07
0.08	6.2143634e-07
0.0805	6.3408202e-07
0.081	9.9899029e-07
0.0815	6.3313166e-07
0.082	7.9293613e-07
0.0825	8.9950055e-07
0.083	9.3347796e-07
0.0835	5.4542416e-07
0.084	8.6393756e-07
0.0845	9.0086667e-07
0.085	9.3550097e-07
0.0855	8.2681307e-07
0.086	8.9190415e-07
0.0865	8.093218e-07
0.087	7.9555713e-07
0.0875	6.2084129e-07
0.088	6.1688032e-07
0.0885	8.2375121e-07
0.089	8.307826e-07
0.0895	6.7026054e-07
0.09	6.6812853e-07
0.0905	8.5252909e-07
0.091	9.8445822e-07
0.0915	7.4412401e-07
0.092	9.3468801e-07
0.0925	9.2361514e-07
0.093	7.8519551e-07
0.0935	7.7055737e-07
0.094	7.8888944e-07
0.0945	8.110718e-07
0.095	8.2238443e-07
0.0955	8.1895634e-07
0.096	8.0995444e-07
0.0965	7.9975334e-07
0.097	7.8767206e-07
0.0975	7.730895e-07
0.098	7.5632692e-07
0.0985	7.3944553e-07
0.099	7.2396657e-07
0.0995	7.1066477e-07
0.1	9.9998994e-07
0.1005	9.9791147e-07
0.101	7.3742847e-07
0.1015	8.3001464e-07
0.102	8.8311895e-07
0.1025	9.2176975e-07
0.103	9.4977743e-07
0.1035	9.7129301e-07
0.104	9.8873638e-07
0.1045	7.3300861e-07
0.105	5.177241e-07
0.1055	7.4752153e-07
0.106	7.183149e-07
0.1065	8.9900916e-07
0.107	6.4306833e-07
0.1075	9.325179e-07
0.108	7.8513023e-07
0.1085	7.5736607e-07
0.109	7.0585521e-07
0.1095	6.9600005e-07
0.11	7.1899911e-07
0.1105	7.5370582e-07
0.111	7.9646261e-07
0.1115	9.0701736e-07
0.112	8.5961549e-07
0.1125	5.5560024e-07
0.113	8.7958567e-07
0.1135	8.5059738e-07
0.114	7.2164382e-07
0.1145	6.695678e-07
0.115	5.8590268e-07
0.1155	4.7437074e-07
0.116	7.4761288e-07
0.1165	3.5207208e-07
0.117	9.7901097e-07
0.1175	7.7482218e-07
0.118	6.7622818e-07
0.1185	3.9646448e-07
0.119	7.3023701e-07
0.1195	4.8521931e-07
0.12	4.6220379e-07
0.1205	4.4412155e-07
0.121	4.3337331e-07
0.1215	4.1103032e-07
0.122	4.1314753e-07
0.1225	3.8868998e-07
0.123	9.677678e-07
0.1235	6.3304712e-07
0.124	3.8216921e-07
0.1245	9.7541619e-07
0.125	6.3649543e-07
0.1255	6.331464e-07
0.126	7.5282316e-07
0.1265	7.0740892e-07
0.127	8.4734866e-07
0.1275	9.7191062e-07
0.128	3.2986018e-07
0.1285	6.5945482e-07
0.129	9.960065e-07
0.1295	8.5288578e-07
0.13	3.9582876e-07
0.1305	7.5039656e-07
0.131	3.9669952e-07
0.1315	8.4056059e-07
0.132	9.0302059e-07
0.1325	5.2479938e-07
0.133	4.4833683e-07
0.1335	8.9362389e-07
0.134	9.9735676e-07
0.1345	3.5730987e-07
0.135	8.7580214e-07
0.1355	9.6978754e-07
0.136	4.7799428e-07
0.1365	9.1376572e-07
0.137	4.4914936e-07
0.1375	8.9907041e-07
0.138	3.3526653e-07
0.1385	8.4316197e-07
0.139	5.3568811e-07
0.1395	4.6187334e-07
0.14	9.986389e-07
0.1405	3.8156806e-07
0.141	8.0322161e-07
0.1415	4.9217754e-07
0.142	4.9005581e-07
0.1425	9.4687802e-07
0.143	4.0066e-07
0.1435	7.514229e-07
0.144	9.8028985e-07
0.1445	4.9073838e-07
0.145	4.9981529e-07
0.1455	6.1972113e-07
0.146	9.6084637e-07
0.1465	4.5762592e-07
0.147	6.9366722e-07
0.1475	9.492361e-07
0.148	9.8819786e-07
0.1485	5.642029e-07
0.149	5.8748974e-07
0.1495	8.2124443e-07
0.15	7.8517284e-07
0.1505	8.417876e-07
0.151	9.0525442e-07
0.1515	9.7074891e-07
0.152	5.3055304e-07
0.1525	5.8568672e-07
0.153	7.09929e-07
0.1535	8.2143281e-07
0.154	9.1060389e-07
0.1545	9.8861487e-07
0.155	6.9301785e-07
0.1555	7.0735367e-07
0.156	6.9447615e-07
0.1565	6.6959338e-07
0.157	6.5985723e-07
0.1575	9.9875736e-07
0.158	9.8511052e-07
0.1585	6.787729e-07
0.159	7.7286439e-07
0.1595	8.3408675e-07
0.16	8.8637095e-07
0.1605	9.4091472e-07
0.161	9.9354464e-07
0.1615	7.5246321e-07
0.162	9.9905626e-07
0.1625	8.2466148e-07
0.163	6.9333458e-07
0.1635	8.5688034e-07
0.164	6.7306292e-07
0.1645	9.6185541e-07
0.165	8.7923791e-07
0.1655	9.190273e-07
0.166	7.9099163e-07
0.1665	9.5903705e-07
0.167	9.8058222e-07
0.1675	7.2772262e-07
0.168	7.3716337e-07
0.1685	8.458068e-07
0.169	5.8717499e-07
0.1695	7.8840423e-07
0.17	5.9071247e-07
0.1705	7.5374299e-07
0.171	5.8452922e-07
0.1715	7.2334863e-07
0.172	5.8275093e-07
0.1725	7.2361321e-07
0.173	6.0977569e-07
0.1735	7.3908163e-07
0.174	6.6427498e-07
0.1745	7.7851669e-07
0.175	7.3875452e-07
0.1755	8.3780444e-07
0.176	8.3444009e-07
0.1765	9.1189705e-07
0.177	9.5043266e-07
0.1775	8.0236045e-07
0.178	6.8399257e-07
0.1785	9.3298272e-07
0.179	9.5473025e-07
0.1795	9.6080382e-07
0.18	4.8150414e-07
0.1805	3.9846923e-07
0.181	9.7208517e-07
0.1815	9.3340334e-07
0.182	5.1098178e-07
0.1825	9.8033012e-07
0.183	4.9020932e-07
0.1835	6.3891311e-07
0.184	8.9821736e-07
0.1845	4.5387378e-07
0.185	3.9863021e-07
0.1855	9.4133824e-07
0.186	8.8802504e-07
0.1865	9.5137672e-07
0.187	1.8677883e-07
0.1875	7.0451779e-07
0.188	6.5220077e-07
0.1885	9.8207192e-07
0.189	2.3086269e-07
0.1895	8.4388471e-07
0.19	7.9735422e-07
0.1905	2.6566832e-07
0.191	9.113306e-07
0.1915	8.5257794e-07
0.192	3.4896756e-07
0.1925	7.1268917e-07
0.193	2.8782914e-07
0.1935	9.1492544e-07
0.194	7.7832534e-07
0.1945	4.0084776e-07
0.195	6.8633049e-07
0.1955	9.5805182e-07
0.196	3.8759467e-07
0.1965	8.4152358e-07
0.197	3.9468112e-07
0.1975	8.022507e-07
0.198	3.5451371e-07
0.1985	7.5161219e-07
0.199	3.4965755e-07
0.1995	7.2375247e-07
0.2	3.2794928e-07
