0.0005	0.008053357
0.001	0.00017874505
0.0015	0.00052452263
0.002	0.00012147164
0.0025	6.7851436e-05
0.003	3.7065296e-05
0.0035	3.393039e-05
0.004	2.0983525e-05
0.0045	1.906442e-05
0.005	1.6157891e-05
0.0055	1.2987101e-05
0.006	1.3393791e-05
0.0065	1.1862618e-05
0.007	7.8823392e-06
0.0075	8.7763499e-06
0.008	7.7297167e-06
0.0085	4.7978612e-06
0.009	4.457629e-06
0.0095	3.816095e-06
0.01	5.1825305e-06
0.0105	4.3013411e-06
0.011	4.1779595e-06
0.0115	3.2271696e-06
0.012	2.9443402e-06
0.0125	2.4785171e-06
0.013	1.9435199e-06
0.0135	1.7478933e-06
0.014	1.7143908e-06
0.0145	1.6333533e-06
0.015	9.0636983e-07
0.0155	1.1657177e-06
0.016	9.2615271e-07
0.0165	1.3176568e-06
0.017	9.8794577e-07
0.0175	1.0015417e-06
0.018	9.2484942e-07
0.0185	7.1391086e-07
0.019	7.2661519e-07
0.0195	7.5543771e-07
0.02	8.5240345e-07
0.0205	9.0319492e-07
0.021	9.0057821e-07
0.0215	8.6071041e-07
0.022	7.4952806e-07
0.0225	6.5772712e-07
0.023	8.7443255e-07
0.0235	7.5385454e-07
0.024	5.4679716e-07
0.0245	7.2330483e-07
0.025	8.2355676e-07
0.0255	7.7806962e-07
0.026	7.9475612e-07
0.0265	9.2025874e-07
0.027	8.061058e-07
0.0275	5.8621849e-07
0.028	9.2477069e-07
0.0285	6.7105907e-07
0.029	4.8420369e-07
0.0295	7.5805828e-07
0.03	7.3896877e-07
0.0305	6.6141099e-07
0.031	8.4680128e-07
0.0315	7.8330412e-07
0.032	6.552157e-07
0.0325	7.4460588e-07
0.033	8.0529447e-07
0.0335	6.3255194e-07
0.034	9.814333e-07
0.0345	5.0350364e-07
0.035	7.9943147e-07
0.0355	4.9906794e-07
0.036	8.3136762e-07
0.0365	9.3093581e-07
0.037	8.7622011e-07
0.0375	9.6872627e-07
0.038	9.549857e-07
0.0385	8.1942193e-07
0.039	7.6998961e-07
0.0395	8.9844047e-07
0.04	7.7316561e-07
0.0405	8.9723243e-07
0.041	6.1109073e-07
0.0415	9.8354317e-07
0.042	8.6088814e-07
0.0425	6.7613971e-07
0.043	9.4862175e-07
0.0435	9.1078702e-07
0.044	9.5310871e-07
0.0445	8.5693839e-07
0.045	7.8981073e-07
0.0455	7.8936717e-07
0.046	5.5650565e-07
0.0465	7.2027221e-07
0.047	9.9470771e-07
0.0475	9.8314094e-07
0.048	9.7751997e-07
0.0485	7.5592776e-07
0.049	7.6217353e-07
0.0495	8.9538799e-07
0.05	8.8059386e-07
0.0505	9.8558388e-07
0.051	9.9187756e-07
0.0515	9.750633e-07
0.052	8.5896343e-07
0.0525	8.7396088e-07
0.053	8.8211064e-07
0.0535	9.6931713e-07
0.054	8.9358932e-07
0.0545	9.5140376e-07
0.055	8.5994435e-07
0.0555	9.1860173e-07
0.056	6.7503118e-07
0.0565	8.8497396e-07
0.057	8.262974e-07
0.0575	9.2105479e-07
0.058	9.918041e-07
0.0585	9.2068614e-07
0.059	8.9484143e-07
0.0595	9.5964372e-07
0.06	8.1954594e-07
0.0605	9.1879983e-07
0.061	9.5376698e-07
0.0615	8.2468979e-07
0.062	8.7885656e-07
0.0625	9.7528858e-07
0.063	9.8618449e-07
0.0635	9.7342659e-07
0.064	9.1414701e-07
0.0645	9.97734e-07
0.065	6.9489836e-07
0.0655	9.705776e-07
0.066	7.7054469e-07
0.0665	9.8134887e-07
0.067	8.0080415e-07
0.0675	9.2885206e-07
0.068	9.2291888e-07
0.0685	9.0204856e-07
0.069	9.8084916e-07
0.0695	8.2789046e-07
0.07	7.8138837e-07
0.0705	7.163496e-07
0.071	8.4916212e-07
0.0715	7.995424e-07
0.072	9.5698638e-07
0.0725	9.2659398e-07
0.073	9.2286416e-07
0.0735	8.8181158e-07
0.074	9.9952072e-07
0.0745	8.9923144e-07
0.075	9.3111854e-07
0.0755	9.4495627e-07
0.076	8.8791386e-07
0.0765	8.4046529e-07
0.077	8.8805502e-07
0.0775	9.8893822e-07
0.078	9.894202e-07
0.0785	7.1780068e-07
0.079	9.2057544e-07
0.0795	9.5131055e-07
0.08	8.6360892e-07
0.0805	9.9477152e-07
0.081	9.9491231e-07
0.0815	8.0624299e-07
0.082	7.4908942e-07
0.0825	7.6638892e-07
0.083	8.8237023e-07
0.0835	9.8417642e-07
0.084	9.444743e-07
0.0845	8.6548067e-07
0.085	9.0982675e-07
0.0855	4.7920003e-07
0.086	6.6773044e-07
0.0865	6.6602448e-07
0.087	8.7725494e-07
0.0875	6.1692025e-07
0.088	7.5024093e-07
0.0885	7.2088989e-07
0.089	8.956376e-07
0.0895	8.42704e-07
0.09	8.9687272e-07
0.0905	6.4018387e-07
0.091	6.5462529e-07
0.0915	7.233416e-07
0.092	9.3381534e-07
0.0925	9.8005929e-07
0.093	9.4757969e-07
0.0935	9.1494827e-07
0.094	8.8095942e-07
0.0945	8.6643612e-07
0.095	8.2433099e-07
0.0955	8.1124835e-07
0.096	8.0636074e-07
0.0965	7.9924e-07
0.097	7.8877877e-07
0.0975	7.7558776e-07
0.098	7.5987845e-07
0.0985	7.4282113e-07
0.099	7.266726e-07
0.0995	7.1248512e-07
0.1	9.9587975e-07
0.1005	6.7173162e-07
0.101	6.051168e-07
0.1015	8.2425168e-07
0.102	8.7803916e-07
0.1025	9.1706023e-07
0.103	9.4498702e-07
0.1035	9.6679944e-07
0.104	9.8438258e-07
0.1045	9.9932988e-07
0.105	8.791185e-07
0.1055	6.9297094e-07
0.106	8.0983588e-07
0.1065	8.7887214e-07
0.107	9.2853092e-07
0.1075	9.3914375e-07
0.108	6.5266283e-07
0.1085	8.0498385e-07
0.109	7.3480472e-07
0.1095	7.4872219e-07
0.11	6.9552473e-07
0.1105	7.6025984e-07
0.111	7.9204749e-07
0.1115	8.3865205e-07
0.112	9.6461711e-07
0.1125	7.3186372e-07
0.113	8.3380007e-07
0.1135	8.6134431e-07
0.114	4.6072332e-07
0.1145	7.9313195e-07
0.115	5.478949e-07
0.1155	9.4141554e-07
0.116	7.4595899e-07
0.1165	8.2003964e-07
0.117	6.3859103e-07
0.1175	5.0552237e-07
0.118	4.7066899e-07
0.1185	8.3654194e-07
0.119	7.2700205e-07
0.1195	7.516807e-07
0.12	8.4257348e-07
0.1205	7.8597944e-07
0.121	7.5665677e-07
0.1215	7.3997696e-07
0.122	7.0081969e-07
0.1225	6.9311977e-07
0.123	6.542369e-07
0.1235	4.2118692e-07
0.124	7.6637212e-07
0.1245	9.7382601e-07
0.125	8.7335682e-07
0.1255	3.5527221e-07
0.126	5.6311521e-07
0.1265	4.2319601e-07
0.127	4.5026197e-07
0.1275	4.5947364e-07
0.128	4.9930881e-07
0.1285	6.5805871e-07
0.129	9.9469784e-07
0.1295	4.3104255e-07
0.13	6.5702584e-07
0.1305	4.1517712e-07
0.131	5.4657336e-07
0.1315	8.3955846e-07
0.132	4.6729593e-07
0.1325	8.0772937e-07
0.133	5.8557156e-07
0.1335	8.9141417e-07
0.134	6.1855701e-07
0.1345	8.0794906e-07
0.135	8.7221991e-07
0.1355	5.1235339e-07
0.136	9.7896781e-07
0.1365	5.4805336e-07
0.137	9.5218067e-07
0.1375	6.6935191e-07
0.138	8.1347388e-07
0.1385	8.378118e-07
0.139	5.2926444e-07
0.1395	7.1449504e-07
0.14	6.6754998e-07
0.1405	7.6689368e-07
0.141	7.9950608e-07
0.1415	6.0454753e-07
0.142	6.6246504e-07
0.1425	6.3996792e-07
0.143	6.8677911e-07
0.1435	7.5075123e-07
0.144	5.8207528e-07
0.1445	9.6867854e-07
0.145	6.0651247e-07
0.1455	9.9791298e-07
0.146	5.5861464e-07
0.1465	5.427396e-07
0.147	6.8900931e-07
0.1475	9.4505093e-07
0.148	5.8242172e-07
0.1485	8.3349934e-07
0.149	6.4047479e-07
0.1495	5.8073449e-07
0.15	4.9137494e-07
0.1505	4.9013738e-07
0.151	5.0905482e-07
0.1515	5.3159859e-07
0.152	5.4287583e-07
0.1525	5.8097972e-07
0.153	7.0208908e-07
0.1535	8.1406769e-07
0.154	9.0387266e-07
0.1545	9.7782682e-07
0.155	7.3662232e-07
0.1555	8.373376e-07
0.156	7.4120377e-07
0.1565	7.0346387e-07
0.157	6.6803687e-07
0.1575	9.9789381e-07
0.158	6.0405825e-07
0.1585	5.7255451e-07
0.159	7.5832509e-07
0.1595	8.251126e-07
0.16	8.7533251e-07
0.1605	9.2416171e-07
0.161	9.7568591e-07
0.1615	9.2852509e-07
0.162	5.1927548e-07
0.1625	5.3850157e-07
0.163	8.2325962e-07
0.1635	4.7254554e-07
0.164	6.9466071e-07
0.1645	7.611118e-07
0.165	9.2701592e-07
0.1655	4.6522567e-07
0.166	5.3150884e-07
0.1665	8.3611789e-07
0.167	5.5583497e-07
0.1675	8.9207152e-07
0.168	8.6457374e-07
0.1685	5.8485718e-07
0.169	7.0603294e-07
0.1695	5.1196101e-07
0.17	6.4328624e-07
0.1705	4.3863408e-07
0.171	5.7291159e-07
0.1715	4.1919455e-07
0.172	5.2729694e-07
0.1725	4.3215524e-07
0.173	5.2192272e-07
0.1735	4.5813104e-07
0.174	5.2823944e-07
0.1745	5.0529283e-07
0.175	5.4517163e-07
0.1755	5.6375526e-07
0.176	5.7609747e-07
0.1765	6.3289675e-07
0.177	6.1887507e-07
0.1775	3.0624644e-07
0.178	9.9215759e-07
0.1785	4.5723726e-07
0.179	5.7897582e-07
0.1795	3.6301306e-07
0.18	4.7759083e-07
0.1805	9.3988615e-07
0.181	9.7452082e-07
0.1815	3.7870659e-07
0.182	6.8830752e-07
0.1825	4.6641509e-07
0.183	6.3221584e-07
0.1835	4.9004506e-07
0.184	3.9536728e-07
0.1845	5.3903136e-07
0.185	7.8447766e-07
0.1855	6.7894255e-07
0.186	5.1536348e-07
0.1865	4.1350272e-07
0.187	3.9386627e-07
0.1875	7.0295571e-07
0.188	3.1440226e-07
0.1885	3.9059453e-07
0.189	4.7446369e-07
0.1895	8.423473e-07
0.19	3.563805e-07
0.1905	5.5228991e-07
0.191	9.1045672e-07
0.1915	4.0013602e-07
0.192	6.9643157e-07
0.1925	3.2978695e-07
0.193	4.6951616e-07
0.1935	9.134897e-07
0.194	3.3013599e-07
0.1945	6.0564857e-07
0.195	3.8540977e-07
0.1955	5.1582032e-07
0.196	8.0321307e-07
0.1965	3.9837201e-07
0.197	7.0391526e-07
0.1975	4.3322312e-07
0.198	6.8490433e-07
0.1985	3.7546204e-07
0.199	6.331909e-07
0.1995	3.9477777e-07
0.2	6.2015915e-07
