0.0005	564
0.001	561
0.0015	554
0.002	561
0.0025	553
0.003	560
0.0035	556
0.004	560
0.0045	560
0.005	560
0.0055	560
0.006	556
0.0065	555
0.007	555
0.0075	560
0.008	560
0.0085	561
0.009	561
0.0095	561
0.01	560
0.0105	560
0.011	557
0.0115	556
0.012	555
0.0125	554
0.013	547
0.0135	554
0.014	554
0.0145	554
0.015	546
0.0155	554
0.016	554
0.0165	551
0.017	547
0.0175	546
0.018	546
0.0185	546
0.019	546
0.0195	546
0.02	546
0.0205	546
0.021	546
0.0215	546
0.022	546
0.0225	546
0.023	545
0.0235	540
0.024	540
0.0245	539
0.025	539
0.0255	531
0.026	531
0.0265	531
0.027	530
0.0275	539
0.028	531
0.0285	530
0.029	530
0.0295	530
0.03	530
0.0305	530
0.031	530
0.0315	515
0.032	530
0.0325	523
0.033	530
0.0335	530
0.034	513
0.0345	530
0.035	525
0.0355	530
0.036	516
0.0365	523
0.037	523
0.0375	522
0.038	509
0.0385	495
0.039	523
0.0395	516
0.04	515
0.0405	523
0.041	470
0.0415	522
0.042	470
0.0425	515
0.043	499
0.0435	506
0.044	505
0.0445	515
0.045	505
0.0455	516
0.046	515
0.0465	509
0.047	515
0.0475	504
0.048	524
0.0485	506
0.049	505
0.0495	245
0.05	88
0.0505	522
0.051	46
0.0515	194
0.052	505
0.0525	418
0.053	71
0.0535	393
0.054	341
0.0545	107
0.055	220
0.0555	480
0.056	428
0.0565	142
0.057	332
0.0575	488
0.058	18
0.0585	481
0.059	159
0.0595	463
0.06	392
0.0605	220
0.061	158
0.0615	158
0.062	123
0.0625	124
0.063	107
0.0635	133
0.064	149
0.0645	142
0.065	148
0.0655	142
0.066	123
0.0665	71
0.067	53
0.0675	56
0.068	56
0.0685	56
0.069	20
0.0695	11
0.07	19
0.0705	6
0.071	2
0.0715	7
0.072	3
0.0725	37
0.073	46
0.0735	46
0.074	56
0.0745	56
0.075	53
0.0755	63
0.076	45
0.0765	56
0.077	56
0.0775	61
0.078	11
0.0785	37
0.079	45
0.0795	21
0.08	20
0.0805	17
0.081	11
0.0815	11
0.082	2
0.0825	11
0.083	12
0.0835	11
0.084	10
0.0845	10
0.085	10
0.0855	11
0.086	5
0.0865	2
0.087	2
0.0875	3
0.088	2
0.0885	2
0.089	2
0.0895	2
0.09	1
0.0905	1
0.091	1
0.0915	1
0.092	0
0.0925	1
0.093	1
0.0935	1
0.094	1
0.0945	1
0.095	1
0.0955	1
0.096	1
0.0965	1
0.097	1
0.0975	1
0.098	1
0.0985	1
0.099	1
0.0995	1
0.1	0
0.1005	1
0.101	1
0.1015	0
0.102	0
0.1025	0
0.103	0
0.1035	0
0.104	0
0.1045	0
0.105	2
0.1055	2
0.106	2
0.1065	2
0.107	2
0.1075	2
0.108	3
0.1085	2
0.109	2
0.1095	2
0.11	2
0.1105	2
0.111	2
0.1115	2
0.112	2
0.1125	2
0.113	2
0.1135	2
0.114	3
0.1145	2
0.115	2
0.1155	1
0.116	0
0.1165	1
0.117	1
0.1175	2
0.118	2
0.1185	1
0.119	0
0.1195	1
0.12	1
0.1205	1
0.121	1
0.1215	1
0.122	1
0.1225	1
0.123	1
0.1235	2
0.124	1
0.1245	0
0.125	1
0.1255	2
0.126	1
0.1265	1
0.127	1
0.1275	1
0.128	1
0.1285	0
0.129	0
0.1295	1
0.13	1
0.1305	1
0.131	1
0.1315	0
0.132	1
0.1325	1
0.133	1
0.1335	0
0.134	1
0.1345	1
0.135	0
0.1355	1
0.136	1
0.1365	1
0.137	1
0.1375	1
0.138	1
0.1385	0
0.139	1
0.1395	1
0.14	1
0.1405	1
0.141	0
0.1415	1
0.142	1
0.1425	1
0.143	1
0.1435	0
0.144	1
0.1445	1
0.145	1
0.1455	0
0.146	1
0.1465	1
0.147	0
0.1475	0
0.148	1
0.1485	1
0.149	1
0.1495	1
0.15	1
0.1505	1
0.151	1
0.1515	1
0.152	1
0.1525	0
0.153	0
0.1535	0
0.154	0
0.1545	0
0.155	1
0.1555	1
0.156	1
0.1565	1
0.157	1
0.1575	0
0.158	1
0.1585	1
0.159	0
0.1595	0
0.16	0
0.1605	0
0.161	0
0.1615	6
0.162	10
0.1625	11
0.163	10
0.1635	11
0.164	5
0.1645	5
0.165	4
0.1655	5
0.166	5
0.1665	5
0.167	5
0.1675	2
0.168	2
0.1685	2
0.169	2
0.1695	2
0.17	2
0.1705	2
0.171	2
0.1715	2
0.172	2
0.1725	2
0.173	2
0.1735	2
0.174	2
0.1745	2
0.175	2
0.1755	2
0.176	2
0.1765	2
0.177	2
0.1775	2
0.178	1
0.1785	2
0.179	2
0.1795	2
0.18	2
0.1805	1
0.181	0
0.1815	2
0.182	2
0.1825	2
0.183	2
0.1835	2
0.184	2
0.1845	2
0.185	1
0.1855	1
0.186	1
0.1865	1
0.187	1
0.1875	0
0.188	1
0.1885	1
0.189	1
0.1895	0
0.19	1
0.1905	1
0.191	0
0.1915	1
0.192	1
0.1925	1
0.193	1
0.1935	0
0.194	1
0.1945	1
0.195	1
0.1955	1
0.196	1
0.1965	1
0.197	1
0.1975	1
0.198	1
0.1985	1
0.199	1
0.1995	1
0.2	1
