0.0005	0
0.001	0.35050688
0.0015	0.17269507
0.002	0.070185328
0.0025	0.050516273
0.003	0.037475866
0.0035	0.030033827
0.004	0.024737014
0.0045	0.020825174
0.005	0.017776874
0.0055	0.015315853
0.006	0.013296444
0.0065	0.011628621
0.007	0.010239163
0.0075	0.0090666288
0.008	0.0080852754
0.0085	0.0072345673
0.009	0.0064839562
0.0095	0.0058179335
0.01	0.0052523548
0.0105	0.0048875006
0.011	0.0045584994
0.0115	0.0042123749
0.012	0.0038618405
0.0125	0.0035154018
0.013	0.0031823368
0.0135	0.0028775799
0.014	0.0026245344
0.0145	0.0023924501
0.015	0.0021670335
0.0155	0.0019551884
0.016	0.0017822679
0.0165	0.0016231512
0.017	0.0014706967
0.0175	0.001327375
0.018	0.0012081283
0.0185	0.0011032728
0.019	0.0010038295
0.0195	0.00091490882
0.02	0.00083922556
0.0205	0.00076890644
0.021	0.00070087129
0.0215	0.00063734373
0.022	0.00058525096
0.0225	0.00053750683
0.023	0.00049086036
0.0235	0.00044779369
0.024	0.00041186949
0.0245	0.00037706996
0.025	0.0003438173
0.0255	0.00031476323
0.026	0.00028829196
0.0265	0.00026355016
0.027	0.00024086573
0.0275	0.00022085685
0.028	0.00020220761
0.0285	0.00018450044
0.029	0.00016949042
0.0295	0.00015487182
0.03	0.00014186135
0.0305	0.00012980719
0.031	0.00011933013
0.0315	0.00010913847
0.032	9.9827223e-05
0.0325	9.2031183e-05
0.033	8.4339988e-05
0.0335	7.6858638e-05
0.034	7.0639007e-05
0.0345	6.4785921e-05
0.035	5.9673395e-05
0.0355	5.4431202e-05
0.036	4.9990335e-05
0.0365	4.6078081e-05
0.037	4.2266838e-05
0.0375	3.8622553e-05
0.038	3.5588289e-05
0.0385	3.2453189e-05
0.039	2.9863353e-05
0.0395	2.744998e-05
0.04	2.5248137e-05
0.0405	2.3271744e-05
0.041	2.1044283e-05
0.0415	1.9245939e-05
0.042	1.7762907e-05
0.0425	1.6327536e-05
0.043	1.549075e-05
0.0435	1.3782979e-05
0.044	1.272749e-05
0.0445	1.1935124e-05
0.045	1.1187438e-05
0.0455	1.1091802e-05
0.046	9.5754554e-06
0.0465	9.3113314e-06
0.047	8.3262346e-06
0.0475	7.1655466e-06
0.048	7.7907388e-06
0.0485	6.8735939e-06
0.049	6.2151383e-06
0.0495	5.8006682e-06
0.05	5.6436568e-06
0.0505	5.1111396e-06
0.051	4.5650054e-06
0.0515	4.7435696e-06
0.052	4.3233403e-06
0.0525	4.1123283e-06
0.053	3.7745193e-06
0.0535	3.7371708e-06
0.054	3.7301317e-06
0.0545	3.4087527e-06
0.055	3.0752558e-06
0.0555	3.3121456e-06
0.056	2.9916892e-06
0.0565	3.0805834e-06
0.057	2.7117717e-06
0.0575	2.4739333e-06
0.058	2.3441698e-06
0.0585	2.3299273e-06
0.059	2.3439127e-06
0.0595	2.3178276e-06
0.06	2.2944418e-06
0.0605	2.2368076e-06
0.061	2.1132642e-06
0.0615	2.0398871e-06
0.062	1.7444805e-06
0.0625	2.127692e-06
0.063	1.8670063e-06
0.0635	1.9926209e-06
0.064	1.9707575e-06
0.0645	2.4285562e-06
0.065	2.6061546e-06
0.0655	2.5017402e-06
0.066	1.9229491e-06
0.0665	1.846732e-06
0.067	1.6883735e-06
0.0675	1.9281098e-06
0.068	2.1214935e-06
0.0685	1.5310191e-06
0.069	2.3189486e-06
0.0695	2.6512496e-06
0.07	2.5354684e-06
0.0705	2.8977124e-06
0.071	1.4404334e-06
0.0715	1.0817727e-06
0.072	1.3814316e-06
0.0725	1.6052792e-06
0.073	1.8984689e-06
0.0735	1.8322602e-06
0.074	2.2829615e-06
0.0745	2.0692657e-06
0.075	1.5494598e-06
0.0755	1.9394409e-06
0.076	1.5003776e-06
0.0765	1.962288e-06
0.077	2.5284745e-06
0.0775	2.1896106e-06
0.078	1.4719296e-06
0.0785	1.566206e-06
0.079	1.5772035e-06
0.0795	1.4838193e-06
0.08	1.6148384e-06
0.0805	1.4436968e-06
0.081	1.4730556e-06
0.0815	2.921292e-06
0.082	1.3910459e-06
0.0825	1.0615167e-06
0.083	1.2402468e-06
0.0835	4.1895883e-06
0.084	2.026929e-06
0.0845	1.5304944e-06
0.085	2.6214803e-06
0.0855	2.2100003e-06
0.086	2.3730525e-06
0.0865	1.5006676e-06
0.087	1.7906727e-06
0.0875	2.1822952e-06
0.088	1.488803e-06
0.0885	1.5060739e-06
0.089	1.7040949e-06
0.0895	1.9516422e-06
0.09	1.3877781e-06
0.0905	6.0048201e-07
0.091	7.2690776e-07
0.0915	1.0197201e-06
0.092	3.7189919e-07
0.0925	2.6563578e-07
0.093	4.9297434e-07
0.0935	3.9564195e-07
0.094	3.9250802e-07
0.0945	4.0490978e-07
0.095	4.1404178e-07
0.0955	3.9494976e-07
0.096	3.8346164e-07
0.0965	3.8438443e-07
0.097	3.8558909e-07
0.0975	3.8162393e-07
0.098	3.7490929e-07
0.0985	3.6835456e-07
0.099	3.6241426e-07
0.0995	3.5649223e-07
0.1	3.5092162e-07
0.1005	2.0774829e-07
0.101	9.103478e-07
0.1015	1.5900455e-07
0.102	9.8534387e-08
0.1025	6.9106208e-08
0.103	5.1782461e-08
0.1035	4.1254457e-08
0.104	3.4083064e-08
0.1045	2.8846696e-08
0.105	1.8648699e-06
0.1055	1.1399744e-06
0.106	1.2064264e-06
0.1065	1.5568e-06
0.107	1.9567835e-06
0.1075	1.4732958e-06
0.108	2.4161895e-06
0.1085	1.6379766e-06
0.109	1.5989521e-06
0.1095	1.5472429e-06
0.11	1.4645966e-06
0.1105	1.6039452e-06
0.111	1.6579276e-06
0.1115	1.7915258e-06
0.112	2.0227975e-06
0.1125	1.8915584e-06
0.113	1.6370066e-06
0.1135	1.6982723e-06
0.114	2.330313e-06
0.1145	1.5925404e-06
0.115	1.3159601e-06
0.1155	1.074247e-06
0.116	6.4749633e-07
0.1165	5.2141787e-07
0.117	1.0270428e-06
0.1175	1.4170247e-06
0.118	1.1989764e-06
0.1185	9.0228927e-07
0.119	6.3130323e-07
0.1195	5.1550381e-07
0.12	1.0747556e-06
0.1205	9.3307477e-07
0.121	8.4938407e-07
0.1215	7.8701714e-07
0.122	7.1977873e-07
0.1225	6.910119e-07
0.123	6.5081532e-07
0.1235	1.1072938e-06
0.124	7.2639412e-07
0.1245	6.5008566e-07
0.125	5.0064552e-07
0.1255	1.2886679e-06
0.126	6.0945325e-07
0.1265	7.5339077e-07
0.127	9.2148805e-07
0.1275	1.0908816e-06
0.128	1.3390716e-06
0.1285	4.9951107e-07
0.129	3.4422481e-07
0.1295	2.5052059e-07
0.13	1.5649979e-06
0.1305	7.1499142e-07
0.131	8.998491e-07
0.1315	5.4762021e-07
0.132	4.0363246e-07
0.1325	1.5200719e-06
0.133	9.5970207e-07
0.1335	4.9890412e-07
0.134	3.5147445e-07
0.1345	1.3547658e-06
0.135	6.7724352e-07
0.1355	5.1406126e-07
0.136	1.8699907e-06
0.1365	9.1555436e-07
0.137	1.3247556e-06
0.1375	8.8156634e-07
0.138	1.0106475e-06
0.1385	7.286595e-07
0.139	5.7812537e-07
0.1395	9.3622718e-07
0.14	6.8873468e-07
0.1405	1.1146773e-06
0.141	6.8374852e-07
0.1415	5.3724404e-07
0.142	9.4624962e-07
0.1425	6.9963675e-07
0.143	1.0504947e-06
0.1435	6.2398257e-07
0.144	4.8399477e-07
0.1445	1.717614e-06
0.145	1.1969049e-06
0.1455	5.9597877e-07
0.146	1.0768342e-06
0.1465	9.8807925e-07
0.147	3.9810969e-07
0.1475	2.8633355e-07
0.148	2.1840984e-07
0.1485	1.5079026e-06
0.149	8.1229924e-07
0.1495	5.3154929e-07
0.15	7.4150657e-07
0.1505	9.1830364e-07
0.151	9.6561421e-07
0.1515	1.0615818e-06
0.152	1.1630902e-06
0.1525	3.0234939e-07
0.153	2.116264e-07
0.1535	1.5923633e-07
0.154	1.2625424e-07
0.1545	1.0359723e-07
0.155	8.6344776e-08
0.1555	6.0859833e-07
0.156	5.6713246e-07
0.1565	4.8031939e-07
0.157	4.2296735e-07
0.1575	4.0194916e-07
0.158	2.5332438e-07
0.1585	1.0415405e-06
0.159	2.0720054e-07
0.1595	1.4277387e-07
0.16	1.1256334e-07
0.1605	9.3485199e-08
0.161	7.952212e-08
0.1615	6.8212418e-08
0.162	1.1659689e-06
0.1625	2.5360646e-06
0.163	1.4305541e-06
0.1635	1.7144953e-06
0.164	2.0811682e-06
0.1645	2.3710186e-06
0.165	1.7098274e-06
0.1655	2.0456362e-06
0.166	2.4277086e-06
0.1665	2.5628958e-06
0.167	2.0059864e-06
0.1675	1.7470305e-06
0.168	1.4641331e-06
0.1685	1.5525836e-06
0.169	1.3364194e-06
0.1695	1.2665615e-06
0.17	1.3350167e-06
0.1705	1.2862275e-06
0.171	1.2461717e-06
0.1715	1.1372114e-06
0.172	1.2096327e-06
0.1725	1.1072601e-06
0.173	1.1835838e-06
0.1735	1.1433559e-06
0.174	1.2180983e-06
0.1745	1.2193716e-06
0.175	1.302424e-06
0.1755	1.3551409e-06
0.176	1.4296223e-06
0.1765	1.5379707e-06
0.177	1.6063077e-06
0.1775	1.0758014e-06
0.178	1.0112251e-06
0.1785	1.0250558e-06
0.179	1.491078e-06
0.1795	1.0742207e-06
0.18	1.8284361e-06
0.1805	1.0611977e-06
0.181	6.9903248e-07
0.1815	5.3289262e-07
0.182	2.1421968e-06
0.1825	9.7332569e-07
0.183	1.505717e-06
0.1835	1.0735033e-06
0.184	8.3099806e-07
0.1845	1.4544858e-06
0.185	8.9894685e-07
0.1855	6.3909264e-07
0.186	9.3101296e-07
0.1865	1.3322958e-06
0.187	1.4657876e-06
0.1875	6.1885967e-07
0.188	4.1550874e-07
0.1885	1.2515009e-06
0.189	1.6248013e-06
0.1895	7.5889458e-07
0.19	5.3075472e-07
0.1905	1.7168987e-06
0.191	8.3427367e-07
0.1915	6.1596412e-07
0.192	2.1394866e-06
0.1925	1.1604614e-06
0.193	1.4053016e-06
0.1935	8.3942321e-07
0.194	6.2847075e-07
0.1945	2.2104295e-06
0.195	1.1409021e-06
0.1955	1.2648598e-06
0.196	1.991454e-06
0.1965	1.335362e-06
0.197	1.7222406e-06
0.1975	1.2701662e-06
0.198	1.5752511e-06
0.1985	1.1428842e-06
0.199	1.4770715e-06
0.1995	1.0848504e-06
0.2	1.3789222e-06
