/*--------------------------------*- C++ -*----------------------------------*\
| =========                 |                                                 |
| \\      /  F ield         | OpenFOAM: The Open Source CFD Toolbox           |
|  \\    /   O peration     | Version:  2112                                  |
|   \\  /    A nd           | Website:  www.openfoam.com                      |
|    \\/     M anipulation  |                                                 |
\*---------------------------------------------------------------------------*/
FoamFile
{
    version     2.0;
    format      ascii;
    arch        "LSB;label=32;scalar=64";
    class       volScalarField;
    location    "56.5";
    object      p;
}
// * * * * * * * * * * * * * * * * * * * * * * * * * * * * * * * * * * * * * //

dimensions      [0 2 -2 0 0 0 0];

internalField   nonuniform List<scalar> 
8800
(
0.889726
0.841938
0.803249
0.774254
0.753392
0.738562
0.727969
0.720494
0.715681
0.713633
0.714913
0.719112
0.725764
0.735084
0.747867
0.765603
0.790382
0.824324
0.866874
0.925576
0.720975
0.728654
0.736129
0.739438
0.737935
0.732858
0.726373
0.720299
0.715582
0.712747
0.712479
0.714996
0.719492
0.725443
0.732216
0.738499
0.742141
0.741405
0.735986
0.727297
0.699379
0.705539
0.709666
0.71261
0.71466
0.715265
0.714161
0.712061
0.710052
0.709156
0.71013
0.712521
0.715327
0.717512
0.718122
0.716925
0.714585
0.711193
0.706635
0.702874
0.693572
0.696222
0.698974
0.701376
0.703011
0.704173
0.704916
0.705038
0.704751
0.704713
0.705478
0.706658
0.707505
0.707574
0.706967
0.705878
0.704063
0.701493
0.69909
0.697587
0.688194
0.689619
0.691397
0.693428
0.695212
0.696553
0.697544
0.698346
0.698969
0.699546
0.700211
0.700718
0.700824
0.700541
0.699846
0.698599
0.696905
0.695057
0.69375
0.692918
0.683122
0.684042
0.685283
0.686848
0.688479
0.690004
0.69129
0.692361
0.693334
0.694241
0.694946
0.695286
0.695251
0.694816
0.693937
0.692739
0.691412
0.690152
0.68933
0.688779
0.678222
0.678891
0.679852
0.681152
0.682559
0.684016
0.685456
0.686782
0.68799
0.689112
0.68995
0.69033
0.690253
0.689748
0.688944
0.687997
0.686985
0.686062
0.685477
0.685071
0.673445
0.673962
0.674743
0.675871
0.677146
0.678517
0.679963
0.681438
0.682874
0.684226
0.68525
0.685733
0.685715
0.685333
0.684732
0.684007
0.683234
0.682549
0.682115
0.681798
0.668723
0.669133
0.669787
0.67079
0.671992
0.673316
0.67476
0.676318
0.677947
0.679559
0.680823
0.681492
0.681662
0.681495
0.681113
0.680596
0.680024
0.679531
0.679208
0.67895
0.663968
0.664303
0.664868
0.665791
0.666943
0.668251
0.669728
0.671381
0.673193
0.67509
0.676665
0.677622
0.678062
0.678142
0.677984
0.677687
0.677307
0.676972
0.676733
0.676517
0.659095
0.659372
0.659876
0.660752
0.661885
0.663216
0.664764
0.666554
0.66859
0.670814
0.672782
0.67411
0.674874
0.675236
0.675324
0.675247
0.675055
0.674858
0.674687
0.6745
0.654015
0.654248
0.654712
0.655571
0.656725
0.658122
0.659783
0.661762
0.664087
0.666718
0.669167
0.670941
0.672084
0.672769
0.673131
0.673279
0.673275
0.673206
0.67309
0.672924
0.648637
0.648835
0.64928
0.650152
0.651368
0.652874
0.654704
0.656939
0.659631
0.662775
0.665808
0.668112
0.669698
0.670749
0.671416
0.671804
0.672006
0.672053
0.671983
0.671832
0.642864
0.643034
0.643475
0.64439
0.645709
0.647376
0.649441
0.652012
0.655172
0.658952
0.662693
0.665628
0.667734
0.669207
0.670221
0.670896
0.671297
0.671459
0.671429
0.671286
0.636579
0.636724
0.637178
0.638165
0.639633
0.641521
0.643897
0.646899
0.650649
0.655211
0.65981
0.663499
0.666222
0.668191
0.669598
0.670583
0.671213
0.671493
0.6715
0.671362
0.629646
0.629766
0.630248
0.631338
0.633007
0.635186
0.637961
0.641508
0.645994
0.651513
0.657151
0.661745
0.665197
0.667749
0.669619
0.67096
0.671846
0.672248
0.672289
0.672153
0.621891
0.621988
0.622512
0.623741
0.625669
0.628217
0.631503
0.63574
0.641137
0.647826
0.654719
0.660393
0.664708
0.667946
0.670371
0.672131
0.673298
0.673827
0.6739
0.673761
0.613084
0.613185
0.613762
0.615148
0.617407
0.620435
0.624371
0.629476
0.636008
0.644132
0.652531
0.659487
0.664819
0.668861
0.671945
0.674189
0.675676
0.676343
0.676445
0.6763
0.602924
0.603006
0.603674
0.605285
0.607976
0.61162
0.616381
0.622577
0.630519
0.640396
0.650603
0.659071
0.6656
0.670592
0.674429
0.677247
0.679097
0.679908
0.680038
0.679883
0.591045
0.591111
0.591879
0.593801
0.597049
0.601485
0.607301
0.614882
0.624583
0.636599
0.648964
0.659207
0.667128
0.673231
0.67794
0.681428
0.683675
0.684634
0.684788
0.684619
0.576903
0.576958
0.577867
0.580203
0.584185
0.589664
0.596856
0.606213
0.618116
0.632734
0.647657
0.659969
0.669489
0.676864
0.682592
0.68683
0.689505
0.69061
0.690779
0.690594
0.559736
0.559779
0.560902
0.563821
0.56881
0.575702
0.58473
0.596405
0.611091
0.628869
0.646779
0.66145
0.672781
0.681593
0.688456
0.693533
0.696652
0.697888
0.698061
0.697856
0.538407
0.538448
0.539916
0.543711
0.550151
0.55903
0.570574
0.585306
0.603495
0.62507
0.646427
0.663743
0.677088
0.687498
0.695581
0.701574
0.705118
0.706453
0.706614
0.706386
0.511196
0.511256
0.513306
0.518513
0.527195
0.538994
0.554083
0.572881
0.595451
0.621517
0.646766
0.666975
0.682483
0.694606
0.704019
0.710916
0.714821
0.716196
0.716324
0.716074
0.475075
0.475232
0.478482
0.486296
0.498768
0.515021
0.535161
0.559295
0.587233
0.618483
0.648011
0.671278
0.689043
0.702947
0.713728
0.721445
0.725575
0.726902
0.726971
0.726701
0.424288
0.425253
0.431711
0.444873
0.463932
0.487074
0.514182
0.545066
0.579335
0.616348
0.650393
0.676793
0.696827
0.712478
0.724572
0.732922
0.73707
0.738244
0.738239
0.737955
0.349963
0.357166
0.372109
0.395274
0.424162
0.456526
0.492144
0.530797
0.572094
0.615378
0.654306
0.684106
0.706623
0.724208
0.737665
0.746533
0.750603
0.751611
0.751557
0.75131
0.27
0.287073
0.311297
0.34513
0.384221
0.425952
0.470176
0.516825
0.565591
0.615879
0.660636
0.694715
0.720366
0.740347
0.755491
0.764772
0.768487
0.769234
0.769197
0.769046
0.203366
0.223489
0.255395
0.298281
0.346397
0.396958
0.449517
0.503998
0.560074
0.617167
0.667511
0.705607
0.73419
0.756265
0.772523
0.781812
0.785256
0.785926
0.785934
0.785833
0.148788
0.170561
0.207966
0.25726
0.312505
0.370508
0.430453
0.492139
0.555109
0.618696
0.674348
0.71621
0.747448
0.771322
0.78863
0.798167
0.801706
0.802447
0.80248
0.802414
0.103326
0.126284
0.16747
0.221857
0.282838
0.346993
0.413286
0.481373
0.550645
0.620299
0.680972
0.726395
0.760143
0.785802
0.804185
0.814424
0.818224
0.818889
0.818958
0.818925
0.0647197
0.0883537
0.132397
0.190829
0.25663
0.326016
0.397818
0.471598
0.546618
0.621924
0.68734
0.73616
0.772336
0.799756
0.819258
0.830212
0.834313
0.83504
0.835134
0.835127
0.0309536
0.0550367
0.10135
0.163107
0.232981
0.306916
0.383608
0.462528
0.542831
0.623417
0.693317
0.745364
0.78384
0.812921
0.833486
0.845096
0.849571
0.850452
0.850593
0.850607
0.000541358
0.0250216
0.0731879
0.137792
0.211178
0.2891
0.370174
0.453778
0.538979
0.624543
0.698711
0.753827
0.794456
0.825018
0.846586
0.858791
0.863604
0.864695
0.864834
0.864845
-0.0274696
-0.00262737
0.0471096
0.114176
0.190657
0.27211
0.357123
0.44502
0.534804
0.625107
0.703392
0.761441
0.804087
0.836005
0.85843
0.871131
0.876221
0.877451
0.877592
0.877589
-0.053871
-0.0286211
0.0226278
0.0917503
0.170996
0.255599
0.344175
0.436022
0.530104
0.624955
0.707263
0.768186
0.81276
0.845945
0.869025
0.8821
0.887365
0.888691
0.88884
0.888841
-0.0790323
-0.0533565
-0.000913467
0.0702173
0.151898
0.239327
0.33113
0.426615
0.524737
0.623983
0.710275
0.774074
0.820542
0.854885
0.878546
0.891803
0.897145
0.898524
0.898638
0.898597
-0.103362
-0.0771255
-0.0236553
0.0493065
0.133159
0.223123
0.317856
0.416687
0.518605
0.622105
0.712388
0.779136
0.827537
0.862986
0.887112
0.900451
0.905821
0.907188
0.907283
0.907217
-0.126989
-0.100357
-0.0457085
0.0288594
0.114657
0.206894
0.304276
0.406179
0.51165
0.619263
0.713575
0.78341
0.833858
0.870447
0.894972
0.908293
0.913578
0.914881
0.914961
0.914874
-0.150046
-0.122886
-0.067215
0.00879584
0.0963353
0.190603
0.290363
0.395061
0.503838
0.615407
0.713798
0.786927
0.839613
0.877425
0.902281
0.915457
0.920572
0.921775
0.921793
0.921679
-0.172658
-0.14492
-0.0882514
-0.0109163
0.0781677
0.174245
0.27613
0.383351
0.495169
0.610508
0.713011
0.789678
0.844897
0.884076
0.909181
0.922058
0.926851
0.927885
0.927841
0.927706
-0.194844
-0.166443
-0.108845
-0.0302786
0.0601829
0.157849
0.26162
0.37109
0.485668
0.604542
0.711156
0.791623
0.849763
0.890568
0.915867
0.928211
0.932494
0.933282
0.933173
0.933016
-0.216446
-0.187418
-0.128929
-0.0492711
0.042412
0.141476
0.24689
0.358347
0.475392
0.597532
0.708165
0.792686
0.854201
0.897052
0.922631
0.934184
0.93763
0.938031
0.937851
0.937694
-0.237446
-0.207822
-0.148493
-0.0678452
0.0249097
0.125185
0.232028
0.345199
0.464414
0.589501
0.703986
0.792741
0.858125
0.90361
0.929863
0.940487
0.942579
0.942225
0.941917
0.941812
-0.25791
-0.227618
-0.167513
-0.0859699
0.00773728
0.109055
0.217119
0.331746
0.452825
0.580513
0.69857
0.79164
0.861345
0.910142
0.937908
0.947992
0.948245
0.946267
0.945511
0.945682
-0.277666
-0.246784
-0.185932
-0.103586
-0.00904742
0.0931691
0.202258
0.318099
0.440739
0.570657
0.691901
0.789211
0.863573
0.916283
0.946726
0.95768
0.956615
0.952184
0.949456
0.948974
-0.29681
-0.265309
-0.203767
-0.120723
-0.0254776
0.0774844
0.187388
0.304202
0.42809
0.559861
0.683845
0.785179
0.86449
0.921499
0.955654
0.969793
0.970071
0.963791
0.955463
0.941336
-0.315267
-0.283181
-0.221137
-0.137578
-0.0418363
0.0616728
0.172101
0.289578
0.41435
0.547498
0.673766
0.77877
0.863526
0.925049
0.962949
0.98207
0.984415
0.971991
0.952301
0.940472
-0.332861
-0.300532
-0.237847
-0.153948
-0.0577771
0.0460757
0.156621
0.27455
0.39982
0.533824
0.661724
0.769503
0.859848
0.925784
0.964365
0.983302
0.98846
0.965338
0.897582
0.867142
-0.348924
-0.318605
-0.253563
-0.169328
-0.0725208
0.0311937
0.14126
0.259346
0.384717
0.518955
0.647649
0.757058
0.852042
0.923046
0.954938
0.968371
0.958061
0.903994
0.834876
0.792342
-0.404643
-0.334553
-0.267844
-0.18483
-0.0876765
0.01557
0.125951
0.243682
0.368668
0.502429
0.630936
0.74078
0.836257
0.91382
0.918862
0.921785
0.872423
0.80219
0.725525
0.682848
-0.366045
-0.34997
-0.289183
-0.205303
-0.110051
-0.00687375
0.102489
0.219558
0.343525
0.475811
0.602312
0.710362
0.797855
0.879933
0.867009
0.753836
0.648609
0.575371
0.501919
0.532499
-0.397101
-0.36768
-0.305949
-0.222868
-0.127623
-0.0245902
0.0850359
0.201461
0.324344
0.454794
0.578451
0.68226
0.760566
0.804253
0.755881
0.607013
0.479105
0.38765
0.28883
0.338956
-0.42104
-0.388678
-0.32569
-0.242431
-0.147081
-0.0441455
0.0653999
0.180989
0.30246
0.430479
0.550398
0.648038
0.717474
0.726895
0.620461
0.447554
0.294799
0.175934
0.0447468
0.0775661
-0.444488
-0.410574
-0.346386
-0.2622
-0.166742
-0.0639442
0.0450872
0.159714
0.279585
0.404802
0.520057
0.609945
0.664081
0.642306
0.483889
0.287632
0.0973371
-0.070579
-0.259165
-0.2775
-0.467351
-0.432973
-0.367877
-0.282901
-0.187273
-0.0846781
0.0237179
0.137263
0.255281
0.377305
0.487188
0.569319
0.604262
0.546368
0.354028
0.143658
-0.0735193
-0.262737
-0.50472
-0.803038
-0.49052
-0.456128
-0.39047
-0.304986
-0.209147
-0.106699
0.00113712
0.113572
0.229633
0.34821
0.452404
0.526327
0.540475
0.431471
0.241111
0.0313931
-0.172764
-0.344979
-0.414097
-0.493367
-0.514958
-0.480489
-0.414516
-0.328778
-0.232862
-0.130649
-0.0234615
0.0876957
0.201488
0.316102
0.414259
0.4772
0.466523
0.32394
0.140844
-0.0498571
-0.212499
-0.305267
-0.329302
-0.34522
-0.540974
-0.50637
-0.440189
-0.35436
-0.258551
-0.15674
-0.0504354
0.0591495
0.170264
0.280282
0.371892
0.420828
0.392571
0.224195
0.050015
-0.11557
-0.241927
-0.280879
-0.29375
-0.295073
-0.568775
-0.533949
-0.467556
-0.381729
-0.286164
-0.184977
-0.0798021
0.0278866
0.135898
0.240758
0.324885
0.359443
0.312055
0.132139
-0.0329511
-0.18116
-0.257225
-0.274266
-0.275539
-0.275336
-0.598426
-0.563293
-0.496643
-0.410886
-0.315719
-0.215349
-0.111564
-0.00610487
0.0984086
0.197607
0.273361
0.296465
0.213079
0.0480628
-0.108648
-0.23073
-0.267266
-0.265584
-0.264563
-0.263927
-0.629647
-0.594223
-0.52735
-0.441744
-0.347129
-0.247801
-0.145689
-0.0427948
0.0578386
0.150939
0.218172
0.224377
0.122807
-0.0301703
-0.168617
-0.243694
-0.254064
-0.256812
-0.257549
-0.257235
-0.661889
-0.626306
-0.559426
-0.474078
-0.380211
-0.282179
-0.182022
-0.0820477
0.0143788
0.101101
0.159778
0.150612
0.0413307
-0.0961215
-0.211854
-0.243028
-0.251333
-0.252848
-0.252709
-0.252448
-0.69469
-0.658989
-0.592437
-0.507496
-0.414627
-0.318163
-0.220285
-0.123572
-0.0316838
0.0487864
0.0972193
0.0803221
-0.0345565
-0.149418
-0.241025
-0.257301
-0.249576
-0.248738
-0.248775
-0.248628
-0.727161
-0.69155
-0.625484
-0.541427
-0.449836
-0.355289
-0.260035
-0.166882
-0.0798789
-0.00535405
0.0333713
0.0152519
-0.103395
-0.190654
-0.238881
-0.251698
-0.249175
-0.247553
-0.246911
-0.24669
-0.757729
-0.722819
-0.657625
-0.574944
-0.485086
-0.392865
-0.300626
-0.211295
-0.129389
-0.0607181
-0.0253521
-0.056959
-0.164336
-0.234925
-0.227208
-0.246432
-0.250835
-0.248319
-0.247086
-0.246487
-0.78481
-0.750996
-0.687741
-0.606862
-0.519351
-0.429979
-0.341208
-0.255974
-0.179042
-0.116321
-0.081183
-0.125456
-0.222852
-0.287205
-0.286607
-0.275276
-0.263063
-0.255979
-0.253263
-0.252078
-0.806287
-0.774211
-0.713833
-0.635798
-0.551379
-0.465499
-0.380723
-0.299912
-0.227701
-0.170753
-0.137701
-0.1772
-0.266623
-0.394648
-0.404313
-0.33737
-0.292694
-0.276303
-0.269951
-0.267017
-0.819942
-0.790588
-0.733932
-0.659917
-0.579685
-0.498156
-0.417988
-0.341958
-0.27433
-0.221871
-0.189553
-0.207325
-0.254193
-0.392117
-0.376988
-0.320205
-0.30204
-0.292677
-0.286643
-0.284927
-0.823155
-0.797886
-0.746158
-0.677397
-0.602606
-0.526574
-0.451752
-0.380968
-0.317843
-0.268482
-0.229747
-0.201313
-0.133065
-0.148088
-0.179613
-0.221798
-0.250614
-0.258923
-0.262288
-0.263335
-0.813736
-0.793389
-0.748339
-0.686655
-0.61869
-0.54931
-0.480785
-0.415717
-0.357442
-0.311165
-0.261052
-0.193834
0.00145792
0.315096
0.11044
-0.113925
-0.215004
-0.251598
-0.266227
-0.270741
-0.789674
-0.774347
-0.738656
-0.686479
-0.626955
-0.565341
-0.503906
-0.445103
-0.392667
-0.350604
-0.297897
-0.278909
-0.210998
-0.114213
-0.237553
-0.350689
-0.388972
-0.401657
-0.409821
-0.415024
-0.753463
-0.743586
-0.71788
-0.676987
-0.627321
-0.57431
-0.520389
-0.46808
-0.422026
-0.388137
-0.370621
-0.523641
-0.941918
-1.49157
-1.50766
-1.09333
-0.798166
-0.674015
-0.642861
-0.636306
-0.711737
-0.706173
-0.690811
-0.6609
-0.621546
-0.576799
-0.529874
-0.483443
-0.441877
-0.415053
-0.40829
-0.605996
-0.847287
-1.06548
-0.98144
-0.745933
-0.639146
-0.616057
-0.595871
-0.586426
-0.674178
-0.670887
-0.66356
-0.643528
-0.612377
-0.574405
-0.533033
-0.489916
-0.449688
-0.417232
-0.41197
-0.38921
-0.286569
-0.104173
-0.0289223
-0.16064
-0.308169
-0.315854
-0.291886
-0.296304
-0.64731
-0.645314
-0.641724
-0.629099
-0.604079
-0.570218
-0.531382
-0.488854
-0.444861
-0.404815
-0.387868
-0.352011
-0.285446
-0.256622
-0.308775
-0.452222
-0.558102
-0.526766
-0.453871
-0.409772
-0.626721
-0.625963
-0.624874
-0.618647
-0.599079
-0.567344
-0.52789
-0.482953
-0.434206
-0.38764
-0.356476
-0.340483
-0.214479
-0.11148
-0.033281
-0.00672431
-0.0199047
-0.016862
0.00749742
0.0260173
-0.614904
-0.614536
-0.613986
-0.611434
-0.597169
-0.56603
-0.523414
-0.473508
-0.41873
-0.356116
-0.299926
-0.233992
-0.0894134
0.0839149
0.205018
0.273417
0.340532
0.425197
0.490427
0.517138
-0.607597
-0.607376
-0.606905
-0.606784
-0.597904
-0.566688
-0.519679
-0.463897
-0.397639
-0.321663
-0.240084
-0.133115
0.0773887
0.294106
0.492229
0.652935
0.811301
0.959962
1.05986
1.10042
-0.602989
-0.60325
-0.603929
-0.605487
-0.599526
-0.568736
-0.517798
-0.455109
-0.379698
-0.291559
-0.186081
-0.0783486
0.153059
0.457593
0.777699
1.08014
1.32369
1.49246
1.58337
1.6127
-0.595787
-0.596631
-0.598592
-0.600667
-0.595863
-0.567996
-0.517661
-0.450489
-0.367148
-0.266307
-0.156135
-0.0532099
0.174037
0.494174
0.85842
1.18419
1.44521
1.60737
1.68192
1.70238
-0.591458
-0.590178
-0.583954
-0.573688
-0.569432
-0.561537
-0.523155
-0.453244
-0.362062
-0.255
-0.142083
-0.0268705
0.131086
0.444929
0.762045
1.04845
1.27004
1.40019
1.45753
1.47188
-0.623529
-0.61768
-0.600439
-0.579029
-0.574796
-0.582922
-0.546562
-0.464528
-0.361643
-0.248594
-0.137889
-0.0269041
0.0945139
0.316612
0.587861
0.81563
0.990754
1.08739
1.1277
1.13652
-0.710557
-0.711699
-0.720164
-0.734501
-0.730127
-0.703197
-0.603564
-0.482543
-0.362025
-0.24469
-0.138493
-0.0444129
0.0392329
0.197318
0.402674
0.574545
0.705076
0.774017
0.801271
0.804624
-0.825342
-0.844866
-0.88281
-0.907805
-0.895927
-0.82088
-0.65281
-0.491961
-0.355041
-0.237353
-0.142243
-0.0657037
-0.00719645
0.10447
0.248245
0.368364
0.456924
0.501324
0.517803
0.519964
-0.824152
-0.844199
-0.879213
-0.903155
-0.887678
-0.794317
-0.620606
-0.459146
-0.328105
-0.221317
-0.139995
-0.0782106
-0.0327714
0.0398698
0.130642
0.210658
0.261273
0.286538
0.295594
0.295484
-0.61306
-0.6326
-0.66418
-0.690049
-0.680143
-0.600771
-0.482406
-0.369626
-0.273151
-0.191916
-0.129584
-0.0819006
-0.0444789
0.0025
0.0502798
0.0887506
0.112781
0.123042
0.12666
0.126418
-0.285821
-0.296699
-0.316835
-0.339736
-0.350167
-0.332236
-0.294599
-0.247899
-0.200649
-0.153383
-0.113057
-0.0802585
-0.0526062
-0.0239495
-0.000545395
0.0123794
0.0169034
0.0158662
0.015832
0.0157302
-0.0138182
-0.0184013
-0.0314054
-0.055164
-0.0858953
-0.114168
-0.131508
-0.136009
-0.128637
-0.113111
-0.0969301
-0.0814284
-0.0656304
-0.0530039
-0.0431618
-0.0380844
-0.0399869
-0.042247
-0.0424679
-0.042465
0.129022
0.126605
0.116807
0.0937415
0.0560542
0.0125654
-0.0256198
-0.0536425
-0.0702217
-0.0780271
-0.0837184
-0.0906518
-0.0927479
-0.0811339
-0.0691042
-0.0638379
-0.0623174
-0.0623138
-0.0619952
-0.0622758
0.174718
0.172934
0.165271
0.146333
0.114206
0.0744604
0.0344809
-3.55609e-05
-0.0267934
-0.0478517
-0.0713841
-0.107175
-0.12553
-0.104438
-0.0819533
-0.0694034
-0.0645626
-0.0634904
-0.0631094
-0.0633182
0.174422
0.173119
0.167655
0.154053
0.130523
0.0999603
0.0664611
0.0345005
0.00617618
-0.0197461
-0.0505389
-0.094467
-0.117704
-0.0894462
-0.0653187
-0.0539281
-0.0495333
-0.0482827
-0.04789
-0.0481002
0.158266
0.157415
0.153831
0.144768
0.128709
0.106956
0.0816042
0.0559766
0.0320502
0.00972756
-0.0142325
-0.0447262
-0.0531245
-0.0327376
-0.0195566
-0.0164667
-0.0181191
-0.0198209
-0.0202846
-0.0203995
0.138762
0.138285
0.136109
0.130419
0.120015
0.105428
0.0878523
0.0696481
0.0531256
0.0404504
0.03151
0.025736
0.0341721
0.0428262
0.0393639
0.0330536
0.0267069
0.0235668
0.0228698
0.0227843
0.119812
0.119646
0.118463
0.115143
0.108803
0.0996689
0.0885289
0.0772839
0.0685218
0.0660425
0.0755168
0.0953022
0.121836
0.116252
0.101279
0.0884761
0.0808499
0.0789587
0.077557
0.0771057
0.102259
0.102207
0.101674
0.0999422
0.0964241
0.0912516
0.0850948
0.0796696
0.0778573
0.0850085
0.108119
0.143995
0.176859
0.16823
0.148707
0.134718
0.128306
0.126287
0.125591
0.124701
0.0855161
0.0855856
0.0854711
0.0847797
0.0831219
0.0807033
0.078127
0.0769208
0.0800823
0.0933745
0.123612
0.164803
0.196698
0.188104
0.170977
0.161633
0.158341
0.15794
0.156643
0.155453
0.0690417
0.06917
0.069284
0.0692205
0.0687954
0.0681327
0.0678329
0.0692454
0.0751401
0.0907368
0.121443
0.159128
0.184553
0.176677
0.165748
0.162186
0.164398
0.165207
0.164011
0.162729
0.0525117
0.0526496
0.0528675
0.0531427
0.0533945
0.0537565
0.054652
0.0572428
0.0637401
0.0783618
0.104463
0.133537
0.149007
0.142234
0.139188
0.142346
0.146617
0.148288
0.147352
0.146286
0.0358973
0.0360028
0.0362182
0.0366088
0.0371563
0.0379067
0.0391758
0.0417327
0.0475277
0.0587693
0.0771544
0.0944502
0.102028
0.0964669
0.0989721
0.106271
0.113038
0.115121
0.114436
0.113373
0.0195106
0.0195692
0.0197116
0.020039
0.0205677
0.0212406
0.0222263
0.0238125
0.027229
0.033808
0.0433915
0.0491517
0.0447441
0.0409184
0.0493721
0.0585673
0.0659842
0.067868
0.0669815
0.0660846
0.00367197
0.00368438
0.0036901
0.00377135
0.00403052
0.004249
0.00446298
0.00472638
0.00505123
0.00572582
0.0068078
0.00650218
0.00713241
0.00861079
0.00783023
0.011319
0.0113941
0.00821707
0.0097297
0.0108485
-0.0305379
0.13633
0.331178
0.501218
0.637088
0.744087
0.832567
0.907885
0.942191
0.918919
0.272113
0.392796
0.52264
0.634851
0.729419
0.807665
0.871018
0.916002
0.938522
0.950626
0.490913
0.573701
0.662452
0.740825
0.808227
0.86462
0.909475
0.942258
0.965968
0.983969
0.651672
0.710927
0.772548
0.829623
0.879267
0.921433
0.956076
0.983723
1.00651
1.02482
0.777086
0.820192
0.866146
0.909942
0.948637
0.982444
1.01139
1.03548
1.05587
1.07371
0.881391
0.914264
0.952374
0.987915
1.02054
1.0498
1.07537
1.09686
1.11471
1.13206
0.973932
1.00262
1.0366
1.06873
1.09868
1.12586
1.14961
1.16934
1.18484
1.20192
1.06252
1.09172
1.12573
1.15778
1.18738
1.21397
1.23684
1.25533
1.26871
1.28574
1.15783
1.19104
1.22769
1.26127
1.29132
1.3175
1.33946
1.35674
1.36861
1.38601
1.27283
1.31066
1.3493
1.38355
1.4129
1.43765
1.45802
1.47391
1.48538
1.50345
1.41777
1.45632
1.49246
1.52314
1.54882
1.57092
1.58998
1.60551
1.61793
1.63593
1.59285
1.62447
1.65065
1.6731
1.69308
1.7118
1.72951
1.74599
1.76134
1.77941
1.78147
1.79867
1.8137
1.82993
1.84584
1.86037
1.87358
1.8875
1.90504
1.9252
1.96318
1.97272
1.98426
1.99507
2.00436
2.01394
2.02472
2.03609
2.04745
2.06281
2.17042
2.17408
2.15914
2.14433
2.13805
2.14373
2.16221
2.19252
2.22469
2.25135
2.47674
2.34188
2.26524
2.22285
2.20543
2.2094
2.23679
2.29321
2.39583
2.62019
0.780325
0.778196
0.773712
0.765088
0.752864
0.740735
0.730506
0.722611
0.716995
0.713744
0.713392
0.716133
0.721238
0.728461
0.737849
0.749388
0.762039
0.773074
0.779185
0.782239
0.704777
0.710624
0.716957
0.721449
0.723919
0.723594
0.720857
0.717048
0.713539
0.711282
0.711138
0.713338
0.717002
0.72129
0.725097
0.72698
0.726043
0.722561
0.717398
0.710777
0.696351
0.698647
0.702051
0.705046
0.707121
0.708616
0.709372
0.709055
0.708031
0.707151
0.707329
0.708757
0.710573
0.711878
0.712058
0.711166
0.709616
0.707279
0.704016
0.701095
0.690839
0.691925
0.693757
0.696135
0.698157
0.699584
0.700604
0.701356
0.701759
0.701984
0.702478
0.703286
0.703883
0.703948
0.703534
0.702684
0.701213
0.699128
0.697041
0.695658
0.685634
0.686296
0.687404
0.689107
0.690888
0.692518
0.693813
0.694828
0.695712
0.696505
0.697236
0.697788
0.697979
0.69781
0.697241
0.696184
0.694753
0.693209
0.69189
0.691109
0.680656
0.681116
0.681901
0.683198
0.684683
0.686198
0.687661
0.688958
0.690094
0.691152
0.692068
0.692635
0.692777
0.6925
0.691798
0.690806
0.689677
0.688543
0.687626
0.687109
0.675824
0.676168
0.676778
0.677845
0.679136
0.680507
0.681943
0.683387
0.684759
0.68604
0.687151
0.687839
0.688012
0.687731
0.687127
0.686346
0.685491
0.684622
0.683948
0.683569
0.671085
0.671353
0.671845
0.672751
0.673917
0.67521
0.676601
0.678086
0.679624
0.681143
0.68249
0.683354
0.683649
0.683521
0.683121
0.682555
0.681902
0.68126
0.680766
0.680477
0.666358
0.666571
0.66698
0.667775
0.66886
0.670104
0.671484
0.673014
0.674681
0.676434
0.678062
0.679183
0.679711
0.679819
0.679646
0.679296
0.678847
0.678394
0.67804
0.677814
0.661555
0.661727
0.662077
0.662799
0.663837
0.665057
0.666463
0.668075
0.669895
0.671898
0.673863
0.675332
0.676176
0.676565
0.676638
0.676513
0.676273
0.67599
0.675751
0.675571
0.656589
0.656728
0.657037
0.657713
0.658734
0.659977
0.661448
0.663182
0.665209
0.667516
0.669892
0.671797
0.67302
0.673733
0.674086
0.674198
0.674167
0.674047
0.673905
0.67376
0.651373
0.651484
0.651765
0.652422
0.653459
0.654771
0.65635
0.658261
0.660561
0.663254
0.666137
0.668565
0.670234
0.671324
0.671992
0.672366
0.672539
0.672586
0.67253
0.672412
0.64581
0.645899
0.646164
0.646825
0.647916
0.649337
0.651079
0.653235
0.655884
0.659069
0.662576
0.665631
0.667829
0.669353
0.670374
0.671049
0.671459
0.67166
0.671678
0.671581
0.639797
0.639865
0.640122
0.640811
0.641993
0.643571
0.64554
0.648019
0.651117
0.654916
0.659186
0.662996
0.66582
0.667853
0.669281
0.670292
0.670958
0.671325
0.671414
0.671335
0.633204
0.633252
0.633512
0.634251
0.635564
0.637355
0.639624
0.642517
0.646182
0.65074
0.65594
0.660659
0.66423
0.666864
0.668768
0.670152
0.671117
0.671663
0.671822
0.671757
0.625882
0.625912
0.626176
0.626989
0.628478
0.630547
0.6332
0.636621
0.640999
0.646492
0.652822
0.658634
0.663092
0.666435
0.668901
0.67073
0.672034
0.672772
0.673
0.672947
0.617641
0.617658
0.617924
0.618834
0.620554
0.622966
0.626115
0.630206
0.635473
0.64212
0.649822
0.656943
0.662452
0.666629
0.669761
0.672126
0.673811
0.674758
0.675057
0.675011
0.60817
0.608157
0.608484
0.609532
0.611539
0.614405
0.618187
0.623124
0.629506
0.637578
0.646944
0.655621
0.662371
0.667527
0.67144
0.674428
0.676554
0.677735
0.678106
0.678066
0.597191
0.597153
0.597525
0.598767
0.601144
0.604596
0.609184
0.615193
0.622971
0.632801
0.644177
0.654703
0.662907
0.669216
0.674046
0.677752
0.680388
0.681819
0.682261
0.682223
0.584227
0.584162
0.584611
0.586106
0.588967
0.593185
0.598816
0.606204
0.615747
0.627743
0.641537
0.654242
0.664138
0.671779
0.677676
0.682211
0.685416
0.687113
0.687621
0.68758
0.568636
0.568542
0.569115
0.570959
0.574469
0.579708
0.586725
0.595915
0.607713
0.622395
0.639081
0.654318
0.666151
0.675302
0.682428
0.687897
0.69173
0.693695
0.694259
0.694208
0.549483
0.549362
0.550135
0.552493
0.55692
0.563582
0.572495
0.584087
0.598789
0.616786
0.636892
0.655032
0.669043
0.679892
0.688364
0.694881
0.699375
0.701592
0.702191
0.702124
0.52538
0.525241
0.526344
0.529496
0.535301
0.544041
0.555637
0.570498
0.588949
0.611005
0.635101
0.656495
0.672904
0.685607
0.69553
0.70319
0.70833
0.710752
0.711354
0.711262
0.494018
0.493899
0.495611
0.500139
0.508236
0.520207
0.535739
0.555087
0.578336
0.605269
0.633915
0.658873
0.677837
0.692504
0.703972
0.712789
0.718485
0.721018
0.721579
0.721455
0.451272
0.451314
0.45436
0.461755
0.474093
0.491339
0.512696
0.538089
0.567325
0.599966
0.633638
0.662358
0.683944
0.700616
0.713642
0.723543
0.729608
0.732096
0.732565
0.732406
0.389434
0.39062
0.398071
0.411858
0.431941
0.457572
0.487127
0.520215
0.556523
0.595514
0.634508
0.667074
0.691276
0.70989
0.724362
0.735124
0.74131
0.743516
0.743816
0.743633
0.316032
0.317765
0.332027
0.355706
0.386653
0.422182
0.460689
0.501996
0.545912
0.591944
0.637137
0.674477
0.702099
0.723224
0.739511
0.751236
0.757459
0.759487
0.759751
0.759662
0.240245
0.246372
0.267441
0.301301
0.342608
0.387752
0.435185
0.484771
0.536388
0.589577
0.641161
0.68346
0.714624
0.738431
0.756733
0.769246
0.775122
0.776728
0.776925
0.776897
0.178247
0.186666
0.212292
0.253137
0.30255
0.3559
0.411375
0.468703
0.527668
0.58776
0.645484
0.692464
0.726914
0.753077
0.772845
0.785866
0.791713
0.793153
0.793415
0.79345
0.127808
0.136821
0.165985
0.21205
0.267592
0.327559
0.389846
0.454026
0.519711
0.586264
0.649794
0.701205
0.738703
0.76704
0.788304
0.801956
0.807844
0.809644
0.809993
0.810073
0.0855562
0.0948541
0.126468
0.176524
0.237098
0.302558
0.37062
0.440783
0.512501
0.585008
0.653995
0.709606
0.750024
0.780474
0.803166
0.817732
0.824106
0.82622
0.826607
0.826695
0.0491394
0.0585546
0.0920149
0.145271
0.21
0.280142
0.353235
0.4287
0.50589
0.5839
0.658014
0.717611
0.760813
0.793292
0.817401
0.832883
0.839926
0.842204
0.842645
0.842719
0.0168941
0.0263537
0.0612337
0.117194
0.185407
0.259585
0.337131
0.417371
0.499569
0.582699
0.661652
0.725031
0.770878
0.805233
0.830671
0.847029
0.854673
0.857153
0.857628
0.857695
-0.012451
-0.00294236
0.033103
0.0914109
0.162605
0.240318
0.32182
0.406386
0.493204
0.58115
0.66472
0.731722
0.78006
0.816137
0.842757
0.859826
0.868042
0.870711
0.871203
0.871252
-0.039757
-0.0301919
0.00689996
0.067186
0.141057
0.221899
0.306938
0.395441
0.486548
0.579052
0.667076
0.737596
0.788316
0.826028
0.853661
0.871311
0.8799
0.882711
0.883223
0.883239
-0.0655786
-0.0559482
-0.0178862
0.0440924
0.120375
0.203999
0.292226
0.384322
0.479411
0.576248
0.668615
0.742618
0.795681
0.834923
0.863481
0.881585
0.890311
0.893235
0.893768
0.893768
-0.0904185
-0.0806185
-0.0417048
0.0218818
0.100289
0.186396
0.2775
0.372874
0.471669
0.572634
0.669268
0.74678
0.802216
0.842949
0.872305
0.890704
0.899515
0.902443
0.902974
0.902955
-0.114505
-0.104476
-0.0648103
0.000329301
0.0806183
0.168945
0.262643
0.361009
0.463239
0.568137
0.668979
0.750077
0.807988
0.85025
0.880348
0.898956
0.90775
0.910627
0.911114
0.911057
-0.137945
-0.127703
-0.0872252
-0.0207155
0.0612584
0.151578
0.247599
0.34868
0.454079
0.562697
0.667694
0.752516
0.813072
0.856976
0.887818
0.906525
0.915188
0.917954
0.918382
0.918306
-0.160895
-0.150347
-0.109109
-0.0413181
0.0421656
0.134259
0.232355
0.33588
0.444181
0.556296
0.665369
0.754075
0.817525
0.863264
0.894858
0.91353
0.921961
0.924535
0.92487
0.924759
-0.183319
-0.17249
-0.130508
-0.0615142
0.0233325
0.116999
0.21694
0.322645
0.433569
0.548925
0.661964
0.754702
0.821374
0.869239
0.901646
0.920115
0.928101
0.930382
0.930594
0.930454
-0.205273
-0.194132
-0.151358
-0.081291
0.00477955
0.0998318
0.201395
0.309031
0.422293
0.540606
0.657441
0.754326
0.824592
0.874999
0.908393
0.926505
0.933762
0.935566
0.935627
0.935464
-0.226581
-0.215199
-0.171653
-0.100606
-0.0134472
0.0828271
0.185786
0.295108
0.410426
0.531394
0.651779
0.75286
0.827093
0.88057
0.915351
0.933095
0.939239
0.940213
0.94002
0.939848
-0.247384
-0.235651
-0.19138
-0.119437
-0.0313162
0.0660235
0.170204
0.280958
0.398055
0.521369
0.644985
0.750199
0.828726
0.885857
0.922698
0.940458
0.945194
0.944671
0.943848
0.943663
-0.267516
-0.255464
-0.210507
-0.137741
-0.0487479
0.0495057
0.15473
0.2667
0.385289
0.510596
0.637098
0.746239
0.829285
0.890605
0.930358
0.949205
0.952943
0.950169
0.947629
0.946637
-0.287037
-0.274679
-0.228981
-0.155465
-0.0657058
0.0333431
0.139448
0.252414
0.372239
0.499209
0.628183
0.740881
0.828533
0.8944
0.937795
0.959364
0.964023
0.959863
0.953331
0.944812
-0.305864
-0.293253
-0.246894
-0.172763
-0.0823971
0.0172636
0.124026
0.237705
0.358463
0.486713
0.617713
0.73357
0.825967
0.896857
0.944308
0.970161
0.978685
0.974931
0.964704
0.959166
-0.323948
-0.311108
-0.264232
-0.189605
-0.0988256
0.00127242
0.108479
0.222555
0.343913
0.47299
0.605489
0.72392
0.820801
0.897173
0.94788
0.977192
0.988122
0.988549
0.950802
0.898903
-0.340995
-0.327465
-0.280853
-0.205917
-0.115092
-0.0147832
0.0927553
0.207077
0.328646
0.458092
0.591437
0.711683
0.811923
0.89475
0.946278
0.971143
0.982021
0.963816
0.907232
0.844997
-0.35733
-0.342888
-0.296625
-0.220987
-0.13072
-0.0304423
0.0766293
0.191326
0.312806
0.442188
0.575577
0.696622
0.7981
0.890177
0.937013
0.97585
0.94038
0.891694
0.820392
0.753359
-0.343325
-0.325104
-0.274772
-0.194751
-0.0984096
0.00486493
0.117264
0.234785
0.359472
0.492829
0.620953
0.730673
0.824648
0.921158
0.956532
0.874782
0.822183
0.755029
0.681229
0.632915
-0.367649
-0.351338
-0.315133
-0.244626
-0.154735
-0.0555233
0.0518519
0.165987
0.286825
0.415156
0.547015
0.666826
0.766455
0.850647
0.924605
0.912789
0.78766
0.701105
0.63624
0.553349
-0.387617
-0.371964
-0.330141
-0.258312
-0.167915
-0.0690875
0.0371844
0.150417
0.270321
0.397294
0.527556
0.645438
0.74189
0.814679
0.840683
0.760642
0.618529
0.521035
0.44469
0.356808
-0.408085
-0.395476
-0.349154
-0.276162
-0.185687
-0.0864326
0.0198158
0.132763
0.251793
0.377286
0.504774
0.618142
0.705253
0.764125
0.740418
0.607175
0.453952
0.335575
0.236909
0.101144
-0.431731
-0.418718
-0.370244
-0.296023
-0.205357
-0.105995
0.000136224
0.112529
0.230476
0.354091
0.478184
0.585999
0.66411
0.701622
0.642129
0.458474
0.276962
0.124143
-0.0161917
-0.212172
-0.454412
-0.44171
-0.392043
-0.316533
-0.225406
-0.126085
-0.0203394
0.0912228
0.207828
0.329165
0.449374
0.55088
0.621682
0.623965
0.514911
0.317364
0.10501
-0.09432
-0.268626
-0.658649
-0.477205
-0.464834
-0.414635
-0.338184
-0.246671
-0.147315
-0.0419647
0.0687428
0.183875
0.302664
0.418575
0.512814
0.572251
0.542094
0.391314
0.191712
-0.0245932
-0.235036
-0.41305
-0.686782
-0.500962
-0.488726
-0.438274
-0.361235
-0.269457
-0.170057
-0.0650598
0.0448113
0.158402
0.274442
0.385747
0.472395
0.516844
0.46997
0.280806
0.0883766
-0.107971
-0.273863
-0.345397
-0.383982
-0.526181
-0.514067
-0.463352
-0.385989
-0.294146
-0.194879
-0.0903909
0.0184117
0.130129
0.242922
0.348948
0.427419
0.455373
0.373948
0.182499
0.00223077
-0.161059
-0.266595
-0.304167
-0.313291
-0.553074
-0.540969
-0.490042
-0.412467
-0.320686
-0.221738
-0.117978
-0.0105076
0.0989661
0.208002
0.308014
0.378098
0.379563
0.268907
0.0927803
-0.0736733
-0.211937
-0.266862
-0.278829
-0.283715
-0.581844
-0.569639
-0.518433
-0.440692
-0.34908
-0.250637
-0.147826
-0.0419887
0.0648789
0.16971
0.263021
0.323867
0.30069
0.170769
0.00953192
-0.146876
-0.245092
-0.273659
-0.269722
-0.269722
-0.612198
-0.600183
-0.548491
-0.47063
-0.379294
-0.281534
-0.179924
-0.076016
0.0278873
0.128066
0.214249
0.263552
0.231731
0.0806305
-0.0660085
-0.202693
-0.242781
-0.255238
-0.260164
-0.260339
-0.643989
-0.631973
-0.580009
-0.502119
-0.411198
-0.314329
-0.214179
-0.11251
-0.0119414
0.0832549
0.161926
0.200235
0.162501
0.00372529
-0.1321
-0.226232
-0.270613
-0.257896
-0.255272
-0.255007
-0.676701
-0.664659
-0.61267
-0.534832
-0.444509
-0.348776
-0.250362
-0.151257
-0.0543927
0.0356319
0.106458
0.136063
0.0773251
-0.0631865
-0.184123
-0.23384
-0.24935
-0.25053
-0.250908
-0.250799
-0.709603
-0.6976
-0.645663
-0.568211
-0.478776
-0.384459
-0.288118
-0.191898
-0.0990863
-0.0144032
0.0491624
0.0639372
-0.00492155
-0.121286
-0.21439
-0.238179
-0.244085
-0.247626
-0.247761
-0.247779
-0.741437
-0.729885
-0.678079
-0.601599
-0.513306
-0.420777
-0.326884
-0.233881
-0.145373
-0.0663213
-0.00818101
-0.00702245
-0.0784282
-0.175373
-0.232686
-0.282865
-0.259138
-0.249417
-0.246911
-0.246391
-0.770761
-0.759708
-0.708911
-0.633569
-0.547156
-0.45689
-0.365897
-0.276475
-0.19239
-0.119108
-0.0653223
-0.0689329
-0.147341
-0.228962
-0.257063
-0.247233
-0.253664
-0.252233
-0.250025
-0.24908
-0.795885
-0.785526
-0.736214
-0.663004
-0.579097
-0.491703
-0.404165
-0.318752
-0.239154
-0.171326
-0.122707
-0.123477
-0.200974
-0.296844
-0.331235
-0.316966
-0.287131
-0.269472
-0.26156
-0.258865
-0.814447
-0.80502
-0.758028
-0.687981
-0.607654
-0.524
-0.44052
-0.359594
-0.284614
-0.221568
-0.178225
-0.169922
-0.230512
-0.341657
-0.449774
-0.371454
-0.317854
-0.297028
-0.286427
-0.28071
-0.824409
-0.815809
-0.772285
-0.706603
-0.631049
-0.552271
-0.473732
-0.397756
-0.327655
-0.268789
-0.227575
-0.200613
-0.209635
-0.224662
-0.274436
-0.280311
-0.279739
-0.280341
-0.278224
-0.276699
-0.821434
-0.814401
-0.777344
-0.716996
-0.64759
-0.575011
-0.502421
-0.432112
-0.367205
-0.312008
-0.268329
-0.220001
-0.133574
0.0455834
0.0119617
-0.0998918
-0.198459
-0.237231
-0.250546
-0.255256
-0.804177
-0.799367
-0.770281
-0.71781
-0.655987
-0.590934
-0.525353
-0.461411
-0.40233
-0.351489
-0.307581
-0.254384
-0.136693
0.128684
0.197076
-0.0546104
-0.220475
-0.285661
-0.30921
-0.318036
-0.773169
-0.769703
-0.749902
-0.708108
-0.655792
-0.599421
-0.541673
-0.484621
-0.43162
-0.387113
-0.359143
-0.36046
-0.45335
-0.704453
-0.860455
-0.79629
-0.658349
-0.564184
-0.539506
-0.536068
-0.732995
-0.730806
-0.719514
-0.68998
-0.647979
-0.600881
-0.551086
-0.500987
-0.453819
-0.416446
-0.396883
-0.482219
-0.834117
-1.39944
-1.59742
-1.32382
-0.958756
-0.779802
-0.702187
-0.677681
-0.692109
-0.690838
-0.685273
-0.667761
-0.636147
-0.596746
-0.554307
-0.509712
-0.466743
-0.431052
-0.420976
-0.440749
-0.507665
-0.458011
-0.296164
-0.134816
-0.194364
-0.333598
-0.400931
-0.410733
-0.659402
-0.658747
-0.656094
-0.645868
-0.623126
-0.590665
-0.552969
-0.511603
-0.46861
-0.429394
-0.402898
-0.363508
-0.313858
-0.222102
-0.214309
-0.339471
-0.51309
-0.556348
-0.505996
-0.444853
-0.636222
-0.635486
-0.634127
-0.630079
-0.613937
-0.585962
-0.549755
-0.508405
-0.463432
-0.417645
-0.378991
-0.37669
-0.311184
-0.225595
-0.177574
-0.194926
-0.253375
-0.279709
-0.247293
-0.191497
-0.620121
-0.619814
-0.619185
-0.617443
-0.608329
-0.583627
-0.546956
-0.502919
-0.453327
-0.399307
-0.351232
-0.32316
-0.233979
-0.0790157
0.045877
0.135072
0.17015
0.190401
0.227307
0.258701
-0.610836
-0.610695
-0.610268
-0.609592
-0.605685
-0.583912
-0.54512
-0.496153
-0.438598
-0.375301
-0.302441
-0.233571
-0.105032
0.0874277
0.263959
0.382108
0.483274
0.607148
0.716421
0.778703
-0.605242
-0.60521
-0.605106
-0.60545
-0.604621
-0.586436
-0.544616
-0.489549
-0.425331
-0.349323
-0.259301
-0.167678
0.0105821
0.265406
0.530945
0.77902
0.997578
1.18654
1.32225
1.38782
-0.599816
-0.600227
-0.601373
-0.60342
-0.603814
-0.587924
-0.544736
-0.486205
-0.414661
-0.3262
-0.225111
-0.119004
0.0323008
0.318619
0.6655
1.01529
1.31689
1.53348
1.65692
1.70532
-0.591347
-0.591989
-0.591915
-0.590648
-0.588286
-0.578153
-0.544897
-0.488025
-0.4091
-0.313338
-0.206178
-0.0864385
0.0469786
0.311776
0.660943
0.986422
1.26864
1.46546
1.56868
1.60616
-0.60091
-0.600149
-0.591703
-0.571588
-0.555427
-0.562165
-0.554928
-0.498352
-0.411821
-0.308059
-0.195658
-0.0802882
0.0281456
0.237567
0.535618
0.813969
1.04707
1.20187
1.27893
1.30505
-0.6613
-0.657433
-0.650693
-0.63956
-0.635675
-0.639937
-0.610194
-0.524356
-0.418229
-0.304629
-0.191738
-0.085698
0.0130421
0.142328
0.379752
0.596827
0.777444
0.8937
0.948241
0.966294
-0.775565
-0.775419
-0.795745
-0.829738
-0.837473
-0.811399
-0.708618
-0.56051
-0.422205
-0.299788
-0.189229
-0.0966187
-0.0182302
0.066844
0.23639
0.397069
0.526647
0.608257
0.645172
0.653279
-0.847654
-0.8567
-0.888726
-0.921816
-0.928428
-0.886016
-0.74395
-0.56195
-0.408612
-0.286052
-0.185034
-0.105856
-0.0431969
0.0136421
0.128347
0.239147
0.322698
0.373687
0.396092
0.402397
-0.740561
-0.749753
-0.781092
-0.814481
-0.824053
-0.775718
-0.638408
-0.488921
-0.358628
-0.25375
-0.169755
-0.106634
-0.0565499
-0.0144524
0.0532239
0.118452
0.165099
0.191536
0.201526
0.204178
-0.449016
-0.458437
-0.479844
-0.506959
-0.522329
-0.498347
-0.429644
-0.348876
-0.272535
-0.204809
-0.145961
-0.100564
-0.0625653
-0.0298454
0.00659062
0.0352417
0.0533484
0.0613527
0.0637522
0.0644558
-0.132793
-0.137602
-0.149001
-0.169426
-0.193823
-0.209653
-0.211265
-0.199018
-0.177043
-0.148349
-0.118476
-0.0924442
-0.0677807
-0.0476345
-0.0295874
-0.0179084
-0.0146047
-0.0179979
-0.0194502
-0.0192071
0.0745661
0.0723394
0.0659945
0.0489848
0.0181956
-0.0212698
-0.0572735
-0.0829667
-0.095617
-0.0969618
-0.0925853
-0.0876844
-0.0801834
-0.070774
-0.0628303
-0.0553355
-0.0540621
-0.0552625
-0.0556585
-0.0554056
0.161249
0.159805
0.155285
0.14086
0.111962
0.07111
0.0283274
-0.00900501
-0.0368159
-0.0553208
-0.0698844
-0.0877994
-0.106432
-0.104031
-0.0853888
-0.0722321
-0.0665984
-0.065235
-0.064747
-0.0646022
0.178384
0.177445
0.174063
0.163181
0.140974
0.108589
0.0717111
0.035514
0.00405864
-0.021727
-0.0470649
-0.0823288
-0.124765
-0.117685
-0.0901062
-0.0702378
-0.0612799
-0.0583998
-0.0575289
-0.057338
0.167505
0.16694
0.16461
0.157162
0.141742
0.118554
0.0903944
0.0607092
0.0326474
0.00738028
-0.0186117
-0.0531917
-0.0888698
-0.075449
-0.0523523
-0.040497
-0.0361443
-0.0355948
-0.0356606
-0.0356609
0.148662
0.148382
0.14692
0.142165
0.132058
0.116372
0.0964715
0.0744762
0.0530859
0.0338299
0.0173935
-0.000994996
-0.0156897
-0.00156909
0.00854759
0.00857716
0.00458639
0.000855312
-0.000714415
-0.000938745
0.129156
0.129079
0.128257
0.125433
0.119181
0.109154
0.0960599
0.0813616
0.0673987
0.0567292
0.053024
0.057677
0.0678049
0.0790428
0.0761031
0.0661906
0.0565929
0.0513745
0.0502191
0.0496878
0.110858
0.110867
0.110505
0.109005
0.105436
0.099476
0.0915991
0.0829897
0.0759354
0.0738111
0.0832475
0.107132
0.138157
0.151658
0.135813
0.120024
0.109451
0.105309
0.104044
0.103115
0.0937703
0.0938726
0.0937706
0.093111
0.0913222
0.0881952
0.0841293
0.0801857
0.0786333
0.083295
0.101926
0.136955
0.176917
0.19341
0.172455
0.155401
0.147097
0.144517
0.143779
0.142604
0.0772026
0.0773337
0.0774121
0.0773039
0.0767348
0.0753913
0.0739244
0.0731626
0.0752239
0.0839479
0.10668
0.144434
0.183067
0.196846
0.178628
0.167641
0.164689
0.165129
0.164611
0.163115
0.0607222
0.0608559
0.0610145
0.0611912
0.0612472
0.0611723
0.0612585
0.0623096
0.0661574
0.0762139
0.0983643
0.132105
0.161819
0.168541
0.157137
0.154293
0.155986
0.158443
0.15833
0.157207
0.0441233
0.0442392
0.0444026
0.0446853
0.0451065
0.0456142
0.0464512
0.0482049
0.0522512
0.061375
0.0795438
0.104588
0.124122
0.127524
0.11963
0.123528
0.129267
0.133373
0.133503
0.132419
0.027594
0.0276806
0.0278095
0.028139
0.0285788
0.0292373
0.0301774
0.0317575
0.0349205
0.0414721
0.0536313
0.0679763
0.0742872
0.0704837
0.0685829
0.0786512
0.0878515
0.0924173
0.0928339
0.0918552
0.00368481
0.00368106
0.00371738
0.00388579
0.00414274
0.0043566
0.00455433
0.00491528
0.00530127
0.00625165
0.0069771
0.00555466
0.00877314
0.00796317
0.00989037
0.0118621
0.00873372
0.00881376
0.0106111
0.0400358
-1.06612
-0.387225
0.0626235
0.321805
0.508302
0.651199
0.762094
0.852057
0.948456
1.04008
-0.0164592
0.17843
0.356256
0.506052
0.631271
0.733324
0.816428
0.884495
0.926763
0.930638
0.316426
0.431855
0.544922
0.64553
0.732039
0.804955
0.864686
0.910092
0.939338
0.95695
0.526871
0.605372
0.683239
0.754468
0.816567
0.8696
0.913262
0.947535
0.973626
0.992693
0.681141
0.734422
0.793277
0.846356
0.892815
0.933267
0.967621
0.996144
1.01951
1.0365
0.803188
0.843954
0.889635
0.929709
0.966892
1.00009
1.02917
1.05404
1.07484
1.08908
0.905724
0.940106
0.977066
1.01123
1.04338
1.07292
1.09919
1.12174
1.14038
1.15211
0.998787
1.02976
1.06365
1.09619
1.12686
1.15515
1.18022
1.20145
1.21837
1.2279
1.08965
1.12214
1.15739
1.19134
1.22259
1.25083
1.27535
1.29563
1.31107
1.31928
1.19151
1.22898
1.26722
1.30343
1.33544
1.36327
1.38668
1.40565
1.41978
1.42826
1.31836
1.3607
1.39986
1.4357
1.46607
1.49172
1.51325
1.53085
1.54435
1.55451
1.47984
1.52128
1.55496
1.58449
1.60901
1.63051
1.65008
1.66749
1.68223
1.69492
1.67022
1.70101
1.72223
1.74135
1.7594
1.77662
1.79282
1.80863
1.82514
1.84206
1.86805
1.87944
1.89048
1.90457
1.91884
1.93168
1.94303
1.95388
1.96678
1.98366
2.05384
2.06375
2.07238
2.07483
2.07569
2.07994
2.09073
2.10667
2.12429
2.12889
2.35488
2.29947
2.24864
2.20839
2.18599
2.18194
2.19544
2.22924
2.28568
2.36123
0.922538
0.863844
0.821364
0.787504
0.762847
0.745292
0.732782
0.723852
0.717738
0.714254
0.713863
0.71672
0.722158
0.730093
0.741014
0.756067
0.777077
0.806172
0.844935
0.892761
0.72409
0.732848
0.73838
0.739201
0.735716
0.729668
0.723231
0.717755
0.713913
0.712257
0.713425
0.717016
0.722294
0.728768
0.735534
0.740804
0.74243
0.739195
0.731855
0.724187
0.701124
0.703154
0.707758
0.711268
0.713777
0.715201
0.714909
0.713166
0.71097
0.709394
0.709403
0.711223
0.71394
0.716562
0.718041
0.717704
0.715849
0.71305
0.709001
0.704619
0.694214
0.695081
0.697563
0.700274
0.702282
0.703638
0.704617
0.705061
0.704911
0.704649
0.704992
0.706069
0.707159
0.707636
0.707331
0.706485
0.705076
0.702838
0.700201
0.698235
0.688563
0.689025
0.69042
0.692438
0.694374
0.695944
0.697081
0.697969
0.69868
0.699247
0.699869
0.700504
0.700822
0.700725
0.700252
0.699288
0.697782
0.695957
0.694312
0.693296
0.683381
0.683668
0.684584
0.686051
0.687672
0.689269
0.690684
0.691847
0.692858
0.6938
0.694626
0.695163
0.695312
0.695085
0.694424
0.693362
0.692074
0.690758
0.689673
0.689048
0.678416
0.678617
0.679304
0.680473
0.681851
0.683287
0.684749
0.686141
0.6874
0.688566
0.689576
0.690196
0.690346
0.690045
0.68937
0.688479
0.687498
0.686502
0.685718
0.685279
0.673596
0.673748
0.674294
0.675273
0.676495
0.677824
0.679235
0.680704
0.682168
0.683567
0.68479
0.685558
0.685777
0.685557
0.685051
0.684378
0.683626
0.682872
0.682294
0.681965
0.668841
0.668961
0.669407
0.670252
0.671373
0.672642
0.674025
0.675529
0.677131
0.678766
0.680248
0.681228
0.681627
0.68161
0.681323
0.680865
0.680311
0.679762
0.679343
0.679089
0.664063
0.664159
0.664536
0.66529
0.666348
0.667578
0.668969
0.670535
0.672273
0.674145
0.675934
0.677217
0.677894
0.678137
0.678085
0.677847
0.677499
0.67713
0.676836
0.676635
0.65917
0.659249
0.659576
0.660271
0.661297
0.662526
0.663963
0.66563
0.667545
0.66969
0.67185
0.673526
0.674551
0.675095
0.675307
0.675298
0.675156
0.674954
0.674765
0.674604
0.654073
0.654139
0.654432
0.655094
0.656119
0.657395
0.658918
0.660732
0.662885
0.665373
0.667989
0.670143
0.671579
0.672473
0.672983
0.673222
0.673287
0.673247
0.673149
0.673019
0.648682
0.648738
0.649008
0.649663
0.650722
0.652088
0.653745
0.655768
0.65823
0.661155
0.664334
0.667061
0.668983
0.670279
0.671124
0.671638
0.671928
0.672045
0.672026
0.671921
0.642896
0.642942
0.643202
0.643872
0.645002
0.646502
0.648353
0.65066
0.653518
0.656992
0.660861
0.664276
0.666773
0.668537
0.669762
0.6706
0.671129
0.671405
0.671458
0.671372
0.636599
0.636637
0.636893
0.637601
0.638841
0.640526
0.642641
0.645314
0.648677
0.652835
0.657546
0.66179
0.66497
0.667288
0.668954
0.670143
0.670942
0.671393
0.671518
0.671447
0.629651
0.629681
0.629942
0.63071
0.632102
0.634034
0.636489
0.639629
0.643629
0.648629
0.654366
0.659607
0.6636
0.666571
0.668759
0.670351
0.671463
0.672102
0.672297
0.672239
0.621889
0.621905
0.622178
0.623028
0.62462
0.626865
0.629757
0.633491
0.638286
0.644324
0.651306
0.657745
0.662706
0.666444
0.669249
0.671326
0.672794
0.673633
0.673899
0.673851
0.61306
0.613086
0.613391
0.614335
0.61618
0.618823
0.622276
0.626763
0.632554
0.639875
0.648369
0.656234
0.662339
0.666981
0.670509
0.673162
0.675035
0.676099
0.676436
0.676395
0.602883
0.602898
0.603245
0.604336
0.60651
0.609678
0.613844
0.619282
0.626319
0.635222
0.645545
0.655107
0.662558
0.668265
0.67264
0.675954
0.678305
0.679613
0.680023
0.679986
0.590984
0.590994
0.591379
0.592666
0.595273
0.599119
0.604201
0.610851
0.619457
0.630312
0.642841
0.654412
0.663433
0.670379
0.675749
0.679827
0.68272
0.684288
0.684768
0.68473
0.576816
0.576821
0.577269
0.578821
0.581999
0.58674
0.593022
0.601242
0.611838
0.625103
0.640279
0.654207
0.665044
0.67341
0.679937
0.684886
0.688378
0.690216
0.69076
0.690716
0.559616
0.559617
0.56016
0.562094
0.566065
0.572026
0.57992
0.590217
0.603371
0.619623
0.637948
0.654591
0.667488
0.67746
0.685279
0.69121
0.695351
0.697454
0.698045
0.697989
0.538241
0.538237
0.538946
0.54147
0.546603
0.554303
0.564438
0.577529
0.593981
0.613907
0.635935
0.655659
0.670851
0.68261
0.691828
0.69885
0.703659
0.705994
0.706607
0.706531
0.510965
0.510961
0.511954
0.515455
0.522425
0.532735
0.546103
0.563025
0.583729
0.608116
0.634417
0.65756
0.675236
0.688913
0.699638
0.707808
0.713239
0.715738
0.716334
0.716228
0.474738
0.474749
0.476363
0.481769
0.492008
0.506447
0.524609
0.546762
0.57285
0.602536
0.633644
0.660467
0.680744
0.696414
0.708714
0.718011
0.723935
0.726479
0.727006
0.726862
0.423776
0.424014
0.427696
0.437485
0.4538
0.475037
0.500174
0.529215
0.561864
0.597613
0.633919
0.664559
0.687472
0.705132
0.718966
0.729266
0.735467
0.737894
0.738301
0.738119
0.350493
0.352795
0.363591
0.382798
0.409253
0.439981
0.474004
0.511181
0.551232
0.593631
0.635551
0.670318
0.696107
0.715957
0.731479
0.742714
0.749077
0.751332
0.751631
0.751447
0.272424
0.278721
0.297909
0.327221
0.364363
0.404848
0.44784
0.493299
0.541077
0.590702
0.639112
0.678965
0.708398
0.730974
0.748587
0.760901
0.767172
0.769044
0.769244
0.769138
0.205491
0.212156
0.237917
0.275813
0.322053
0.371515
0.423098
0.476643
0.531989
0.588664
0.64335
0.68802
0.720865
0.745944
0.765202
0.778021
0.784075
0.785757
0.785955
0.785902
0.150789
0.157719
0.187476
0.231515
0.284535
0.341359
0.40037
0.461232
0.523639
0.58702
0.647687
0.69691
0.732909
0.7602
0.780881
0.794308
0.800468
0.802285
0.802482
0.802465
0.105321
0.112566
0.1448
0.193523
0.251935
0.314754
0.380023
0.447286
0.51606
0.585645
0.651943
0.705478
0.744451
0.773874
0.79596
0.810256
0.816937
0.818703
0.818947
0.818949
0.0666866
0.0741031
0.108086
0.160345
0.223255
0.291137
0.36178
0.434662
0.509174
0.584481
0.656068
0.713696
0.755525
0.787019
0.810546
0.82573
0.832943
0.834817
0.835114
0.835137
0.0328841
0.0404107
0.0756628
0.130855
0.197498
0.269722
0.345097
0.423006
0.502747
0.583357
0.65992
0.72143
0.765972
0.799418
0.824286
0.840365
0.848009
0.850191
0.850567
0.850605
0.00243859
0.0100734
0.0463602
0.104064
0.173873
0.249867
0.329439
0.411889
0.496439
0.582007
0.66329
0.728497
0.775608
0.810845
0.836942
0.853802
0.86189
0.864374
0.864812
0.864839
-0.0255911
-0.0178616
0.0193436
0.0791874
0.151746
0.231064
0.314375
0.400951
0.489951
0.580203
0.666015
0.734784
0.784321
0.821233
0.848419
0.865921
0.874378
0.877084
0.877576
0.877588
-0.0519535
-0.0441039
-0.00601893
0.0555321
0.130665
0.212934
0.2996
0.389938
0.483071
0.577765
0.667972
0.740233
0.792124
0.830615
0.858735
0.876746
0.885445
0.888294
0.88882
0.888835
-0.0771092
-0.0691027
-0.030159
0.0329157
0.110304
0.195201
0.284897
0.378669
0.475641
0.574564
0.669072
0.744822
0.799064
0.839056
0.868041
0.88636
0.895191
0.898117
0.898636
0.898615
-0.101404
-0.0932343
-0.0535702
0.011054
0.0904376
0.177682
0.270113
0.367017
0.46756
0.570516
0.66926
0.748552
0.805208
0.8467
0.876435
0.894989
0.903869
0.906785
0.907293
0.907252
-0.125007
-0.116583
-0.0762953
-0.0102345
0.0709274
0.160277
0.255163
0.35492
0.458767
0.56555
0.668476
0.751419
0.810626
0.853692
0.88417
0.902863
0.911662
0.914504
0.914971
0.914926
-0.148024
-0.139464
-0.0983775
-0.031057
0.0517031
0.14293
0.240015
0.342352
0.449238
0.55963
0.666677
0.75342
0.815388
0.860183
0.891403
0.910123
0.918726
0.921438
0.921833
0.921739
-0.17054
-0.161793
-0.119973
-0.0514591
0.0327362
0.125637
0.224681
0.32933
0.438971
0.552737
0.663813
0.754518
0.819538
0.866299
0.89829
0.916894
0.925149
0.927616
0.927901
0.927773
-0.19259
-0.183651
-0.141079
-0.0714518
0.0140321
0.108418
0.209188
0.315892
0.428016
0.544892
0.659852
0.754653
0.823077
0.872158
0.905027
0.92334
0.931018
0.933103
0.933254
0.933094
-0.214111
-0.204971
-0.161633
-0.0910048
-0.00436696
0.0913157
0.193605
0.302108
0.416436
0.536117
0.65476
0.753746
0.825952
0.877824
0.911848
0.929767
0.936529
0.937989
0.937948
0.937771
-0.235041
-0.225697
-0.181631
-0.110086
-0.0224202
0.0743995
0.177998
0.288062
0.404304
0.526487
0.648527
0.751694
0.828043
0.883275
0.918988
0.93666
0.942124
0.94246
0.942035
0.94186
-0.255388
-0.245828
-0.201052
-0.128661
-0.0400834
0.0577395
0.162455
0.273847
0.391719
0.516071
0.641183
0.748395
0.829167
0.888336
0.926526
0.944651
0.948771
0.947192
0.94573
0.945523
-0.275077
-0.265307
-0.219856
-0.146685
-0.0572902
0.0413889
0.147059
0.259554
0.378791
0.504972
0.632763
0.743746
0.829104
0.892667
0.934175
0.954167
0.958053
0.954344
0.950517
0.948929
-0.294136
-0.284164
-0.238026
-0.164161
-0.0740659
0.0253329
0.131789
0.245155
0.365495
0.493159
0.623198
0.737529
0.827554
0.895858
0.941276
0.964825
0.971093
0.967254
0.959533
0.943851
-0.31259
-0.3024
-0.255664
-0.181266
-0.090651
0.00926721
0.116267
0.230191
0.351287
0.480004
0.611828
0.729057
0.823796
0.897355
0.946632
0.974406
0.984896
0.979804
0.971564
0.927182
-0.330709
-0.319631
-0.27268
-0.197869
-0.106952
-0.00671157
0.100664
0.214877
0.336385
0.465702
0.598707
0.718148
0.816949
0.896344
0.947923
0.975873
0.986376
0.984204
0.932808
0.87275
-0.349512
-0.334772
-0.288836
-0.213812
-0.123193
-0.0228257
0.084719
0.199212
0.320772
0.450232
0.583701
0.704497
0.805707
0.892659
0.942353
0.956782
0.966723
0.93471
0.869447
0.805016
-0.368104
-0.36987
-0.309731
-0.226625
-0.136212
-0.0361883
0.0690386
0.183854
0.305183
0.434368
0.567434
0.688361
0.789708
0.888062
0.903082
0.919211
0.899721
0.838079
0.764044
0.693855
-0.343737
-0.342514
-0.283875
-0.201171
-0.10562
-0.00239556
0.107623
0.224977
0.349344
0.482227
0.609735
0.718908
0.810488
0.905396
0.91798
0.819716
0.736509
0.669696
0.596979
0.454797
-0.384748
-0.35835
-0.296948
-0.213402
-0.118193
-0.0150696
0.0943799
0.211152
0.334637
0.466099
0.59127
0.697484
0.77989
0.842278
0.812417
0.683666
0.564663
0.483027
0.39927
0.23787
-0.409272
-0.378093
-0.31567
-0.232653
-0.137331
-0.0343698
0.0752936
0.191317
0.31352
0.442793
0.564704
0.665576
0.739748
0.767158
0.689695
0.527779
0.38981
0.287313
0.172695
-0.0597438
-0.433225
-0.399694
-0.335998
-0.252271
-0.156868
-0.053989
0.0553432
0.170464
0.291156
0.417816
0.5355
0.62935
0.691885
0.684927
0.551784
0.366438
0.196656
0.0557703
-0.103238
-0.483552
-0.456251
-0.421831
-0.357047
-0.272392
-0.176855
-0.0741503
0.0345606
0.148659
0.267635
0.391299
0.503934
0.589846
0.634572
0.598422
0.417765
0.212476
0.000901508
-0.176389
-0.422103
-0.968191
-0.479094
-0.444593
-0.379075
-0.29378
-0.198037
-0.095526
0.0125753
0.125558
0.242604
0.362911
0.469953
0.54807
0.57349
0.488616
0.295134
0.0830289
-0.132
-0.330906
-0.49654
-1.08641
-0.502909
-0.46831
-0.402358
-0.316672
-0.220759
-0.118407
-0.0108805
0.100956
0.215929
0.332602
0.433807
0.502447
0.503974
0.376335
0.189695
-0.012294
-0.197495
-0.324521
-0.357072
-0.404003
-0.528127
-0.493436
-0.427218
-0.341366
-0.245464
-0.143432
-0.036652
0.0737589
0.186257
0.298645
0.393597
0.449637
0.429276
0.273129
0.0944704
-0.0827128
-0.22563
-0.286219
-0.308875
-0.314627
-0.555104
-0.520172
-0.453753
-0.367849
-0.272124
-0.170596
-0.0648235
0.0438483
0.153467
0.260964
0.348945
0.390235
0.355311
0.177069
0.00768492
-0.147716
-0.255671
-0.282013
-0.283097
-0.283476
-0.583942
-0.548662
-0.482012
-0.396112
-0.300708
-0.199905
-0.0953944
0.011221
0.117531
0.219616
0.299573
0.328632
0.262999
0.0891572
-0.0715371
-0.208486
-0.25447
-0.268708
-0.269812
-0.269365
-0.614537
-0.578853
-0.511959
-0.426147
-0.331205
-0.231332
-0.128348
-0.0241258
0.0784822
0.174674
0.246006
0.261452
0.165903
0.00766912
-0.138679
-0.24625
-0.259455
-0.259338
-0.26042
-0.260042
-0.646432
-0.610521
-0.543417
-0.457785
-0.363484
-0.264776
-0.163606
-0.0621278
0.0364388
0.126351
0.18916
0.187227
0.0814443
-0.0644255
-0.191936
-0.228906
-0.250989
-0.254704
-0.255122
-0.254871
-0.679282
-0.643054
-0.576044
-0.490727
-0.397291
-0.300008
-0.200953
-0.102566
-0.0083657
0.0751792
0.128669
0.114942
0.00236869
-0.123524
-0.226475
-0.266931
-0.254483
-0.2513
-0.250861
-0.250712
-0.712146
-0.675896
-0.609297
-0.524493
-0.432185
-0.336637
-0.24003
-0.145063
-0.0555765
0.0218909
0.0645722
0.0482148
-0.0702678
-0.168807
-0.242646
-0.24157
-0.246357
-0.247638
-0.247791
-0.247735
-0.744005
-0.708252
-0.641971
-0.558363
-0.467525
-0.374092
-0.280294
-0.189021
-0.104559
-0.0329282
0.00293045
-0.0201112
-0.134429
-0.211444
-0.226915
-0.251576
-0.250169
-0.247724
-0.246573
-0.246188
-0.773285
-0.738507
-0.673313
-0.591266
-0.502423
-0.411569
-0.321007
-0.233687
-0.154302
-0.0885556
-0.0536501
-0.0929673
-0.193782
-0.253676
-0.247496
-0.252626
-0.253819
-0.250967
-0.249447
-0.248655
-0.7983
-0.764984
-0.701632
-0.621923
-0.535741
-0.448047
-0.361202
-0.278132
-0.203599
-0.143824
-0.109802
-0.15354
-0.247654
-0.334214
-0.338875
-0.306651
-0.27676
-0.264537
-0.259862
-0.257934
-0.816733
-0.785583
-0.724895
-0.648689
-0.566123
-0.482292
-0.399744
-0.321273
-0.251372
-0.196921
-0.165109
-0.195951
-0.270968
-0.42562
-0.422901
-0.340533
-0.304842
-0.290958
-0.282939
-0.279569
-0.826263
-0.797827
-0.741244
-0.669685
-0.591935
-0.513017
-0.43542
-0.361938
-0.296546
-0.245821
-0.211458
-0.209653
-0.2043
-0.29804
-0.284374
-0.278258
-0.280905
-0.279338
-0.277325
-0.276553
-0.823991
-0.799854
-0.748849
-0.683121
-0.61159
-0.538759
-0.466978
-0.398972
-0.338119
-0.290185
-0.246619
-0.192186
-0.0510571
0.0821115
-0.0339585
-0.155691
-0.224161
-0.245272
-0.253577
-0.255914
-0.806382
-0.788408
-0.745973
-0.687669
-0.623815
-0.558227
-0.493172
-0.431198
-0.375747
-0.331142
-0.277256
-0.219471
-0.0138087
0.306022
0.070969
-0.154455
-0.261294
-0.300182
-0.314977
-0.319597
-0.775066
-0.76265
-0.731038
-0.682798
-0.627979
-0.57073
-0.513026
-0.45747
-0.408403
-0.370524
-0.341577
-0.391442
-0.553584
-0.782558
-0.863822
-0.72469
-0.600445
-0.546541
-0.536696
-0.536911
-0.734624
-0.72692
-0.706977
-0.669955
-0.624837
-0.576306
-0.526032
-0.476852
-0.43341
-0.403989
-0.394732
-0.619336
-1.10219
-1.58343
-1.51974
-1.10235
-0.85477
-0.730621
-0.68573
-0.672971
-0.69335
-0.689072
-0.678296
-0.653343
-0.617127
-0.576067
-0.53216
-0.487902
-0.447445
-0.419325
-0.414076
-0.499294
-0.477641
-0.414118
-0.175662
-0.143014
-0.261818
-0.380831
-0.405496
-0.409702
-0.660157
-0.657963
-0.652376
-0.635948
-0.607899
-0.572231
-0.53271
-0.490122
-0.448547
-0.41161
-0.401134
-0.349764
-0.259289
-0.196327
-0.267492
-0.430985
-0.552963
-0.53803
-0.469627
-0.447038
-0.635893
-0.634909
-0.632967
-0.62368
-0.601202
-0.568597
-0.529829
-0.486553
-0.439904
-0.397372
-0.374836
-0.356825
-0.263922
-0.197427
-0.17611
-0.22522
-0.273247
-0.271536
-0.212777
-0.193344
-0.62003
-0.619499
-0.618803
-0.614523
-0.597747
-0.566567
-0.525858
-0.478341
-0.427267
-0.3737
-0.33022
-0.29577
-0.153375
-0.0125567
0.0976313
0.16016
0.177455
0.2079
0.24629
0.266056
-0.610798
-0.610508
-0.609959
-0.608885
-0.597322
-0.566253
-0.521269
-0.468644
-0.40842
-0.33762
-0.269
-0.176703
-0.0121328
0.182854
0.329436
0.430784
0.542813
0.666477
0.755128
0.790616
-0.605227
-0.605158
-0.605082
-0.605644
-0.59869
-0.567643
-0.518395
-0.459221
-0.388006
-0.307142
-0.21159
-0.0966118
0.135203
0.395999
0.658371
0.890729
1.09714
1.26239
1.36446
1.39917
-0.599971
-0.60066
-0.602318
-0.604738
-0.599296
-0.568738
-0.517321
-0.452074
-0.372644
-0.276985
-0.167914
-0.0706094
0.168554
0.482864
0.843118
1.17523
1.43698
1.60654
1.68891
1.71305
-0.591763
-0.592061
-0.591395
-0.589983
-0.585699
-0.564367
-0.519412
-0.450881
-0.363649
-0.259546
-0.147774
-0.0343921
0.153189
0.486376
0.827143
1.13515
1.37994
1.52746
1.59402
1.61135
-0.60105
-0.597374
-0.583044
-0.560948
-0.555299
-0.563673
-0.531705
-0.457823
-0.361629
-0.251276
-0.139033
-0.0250249
0.115579
0.381993
0.679282
0.938181
1.13578
1.24871
1.29695
1.30811
-0.65979
-0.654571
-0.644751
-0.637017
-0.635818
-0.634055
-0.570927
-0.473081
-0.361981
-0.246802
-0.137767
-0.0340174
0.0668006
0.254496
0.493461
0.691881
0.84511
0.927111
0.960419
0.966083
-0.772551
-0.783062
-0.814638
-0.837865
-0.829769
-0.77183
-0.634616
-0.490215
-0.360169
-0.241626
-0.140324
-0.0556833
0.0140905
0.147278
0.320315
0.465989
0.574746
0.630863
0.652171
0.653979
-0.848199
-0.870339
-0.906872
-0.929906
-0.915717
-0.829525
-0.650919
-0.482019
-0.345016
-0.230983
-0.14233
-0.0731937
-0.0227087
0.0684853
0.186037
0.284029
0.35265
0.388002
0.399965
0.401073
-0.742412
-0.764724
-0.798581
-0.823918
-0.809458
-0.714761
-0.562278
-0.42114
-0.303795
-0.208145
-0.13573
-0.0810881
-0.0394074
0.0186237
0.0870978
0.144112
0.181283
0.197676
0.2038
0.203509
-0.452571
-0.467791
-0.493432
-0.51765
-0.516457
-0.467446
-0.389644
-0.309822
-0.237986
-0.17343
-0.121565
-0.0811205
-0.0485674
-0.0109781
0.0221643
0.0456802
0.0583098
0.0631521
0.064225
0.0640591
-0.134962
-0.142207
-0.158178
-0.181728
-0.203568
-0.211808
-0.206687
-0.18893
-0.163486
-0.132894
-0.104699
-0.0801291
-0.0579079
-0.0380394
-0.022537
-0.0154409
-0.0161188
-0.0190282
-0.019381
-0.0193982
0.0733534
0.0701448
0.0590749
0.0352557
-0.00110626
-0.0402251
-0.0714154
-0.0907309
-0.0973905
-0.0948059
-0.0899414
-0.0849714
-0.0769355
-0.0670509
-0.0585204
-0.0537527
-0.0547181
-0.05562
-0.0555011
-0.0556309
0.160421
0.158369
0.149631
0.128285
0.0925208
0.0494649
0.00876398
-0.023928
-0.0469143
-0.0624651
-0.0779258
-0.0981836
-0.111774
-0.0948921
-0.0774777
-0.069161
-0.0655175
-0.0649796
-0.0645993
-0.0648602
0.177901
0.176364
0.169819
0.153574
0.12574
0.0904553
0.0532554
0.0192235
-0.00924137
-0.0338174
-0.0628518
-0.105237
-0.13011
-0.10338
-0.0784021
-0.0645759
-0.0594097
-0.0578313
-0.0573472
-0.0575331
0.167256
0.166185
0.161716
0.150526
0.13096
0.104973
0.0755049
0.0464724
0.0198024
-0.0053307
-0.0341815
-0.0733818
-0.089926
-0.0645402
-0.0448015
-0.0375215
-0.0356686
-0.0356513
-0.035629
-0.0358225
0.148563
0.14791
0.145087
0.137849
0.124834
0.106889
0.085559
0.063622
0.0431905
0.025714
0.00827133
-0.0104076
-0.0120341
0.00413461
0.00882949
0.00693368
0.00248021
-0.00022308
-0.000906822
-0.000965779
0.129152
0.128816
0.127185
0.122791
0.1146
0.102953
0.0887792
0.0741603
0.0615518
0.0536826
0.0545257
0.0620008
0.0810506
0.0807365
0.0709288
0.0607722
0.0535323
0.0505532
0.0498585
0.0496093
0.110891
0.110772
0.109958
0.107519
0.102734
0.0957446
0.0872737
0.079118
0.0740377
0.0767138
0.0937497
0.122784
0.153404
0.146275
0.12798
0.113792
0.106405
0.104509
0.103729
0.10286
0.0938357
0.0938509
0.0935443
0.0923868
0.0899096
0.0862461
0.0820332
0.0789393
0.0799092
0.0905523
0.117934
0.157339
0.190657
0.182827
0.163197
0.150244
0.145519
0.143968
0.143199
0.142279
0.0772728
0.0773841
0.0774035
0.0770863
0.0760367
0.0746577
0.0733584
0.0736732
0.078466
0.0933387
0.124397
0.164629
0.194396
0.186213
0.171784
0.165512
0.164872
0.165089
0.163937
0.162588
0.0607917
0.0609282
0.061101
0.0612439
0.0612147
0.0611668
0.0615836
0.0637387
0.0701676
0.0856809
0.114303
0.148295
0.168901
0.1615
0.154681
0.154752
0.157496
0.158717
0.157804
0.156742
0.0441845
0.0443057
0.0445352
0.0448798
0.0453414
0.0459671
0.047148
0.0498458
0.0560625
0.069311
0.0919319
0.115731
0.127457
0.121241
0.120631
0.126359
0.131837
0.133691
0.132968
0.131916
0.0276423
0.0277286
0.0279426
0.0283526
0.028889
0.0296491
0.0308593
0.0330709
0.0377209
0.0468489
0.0611938
0.0727423
0.0730913
0.0682215
0.0725607
0.08382
0.0907004
0.0928786
0.0923396
0.0913391
0.0114859
0.0115421
0.0116157
0.0118146
0.0120854
0.0124957
0.0131083
0.0140313
0.0150867
0.0180847
0.0233282
0.0277546
0.024517
0.0187122
0.0204964
0.0292044
0.0378325
0.0398447
0.040231
0.0396225
-0.680837
-0.116366
0.204068
0.419311
0.583663
0.709137
0.809697
0.896196
1.00511
1.00314
0.126501
0.273825
0.434378
0.571893
0.685082
0.776856
0.852461
0.910165
0.933826
0.938067
0.390489
0.489773
0.597103
0.690527
0.770156
0.836479
0.889364
0.926582
0.949847
0.966972
0.577502
0.64593
0.720096
0.78665
0.844236
0.892616
0.931545
0.96142
0.984955
1.00368
0.717759
0.768913
0.82071
0.870369
0.9138
0.951193
0.98259
1.00837
1.03
1.04836
0.831309
0.868561
0.9099
0.948787
0.984
1.01514
1.04215
1.06486
1.08395
1.10174
0.928763
0.958982
0.994403
1.02759
1.05852
1.08649
1.11097
1.13151
1.14817
1.16554
1.01823
1.04671
1.08015
1.11178
1.14135
1.16812
1.19136
1.21044
1.22486
1.24199
1.10861
1.13958
1.17469
1.20731
1.23713
1.26359
1.28606
1.30398
1.31654
1.33379
1.21218
1.24792
1.28583
1.31994
1.34989
1.37554
1.39674
1.41332
1.42488
1.44271
1.34129
1.38033
1.41847
1.45152
1.47944
1.50297
1.52256
1.53804
1.54984
1.56809
1.50239
1.53841
1.57048
1.59724
1.62004
1.64052
1.65912
1.67513
1.68883
1.7067
1.68707
1.71211
1.73198
1.75048
1.76812
1.78486
1.80072
1.81671
1.83383
1.85296
1.87374
1.88459
1.8973
1.91185
1.92546
1.93753
1.94843
1.95977
1.97517
1.99461
2.05564
2.06907
2.07413
2.07514
2.07711
2.08447
2.09817
2.11576
2.1295
2.14084
2.3245
2.27392
2.22645
2.19486
2.18181
2.18636
2.2096
2.25466
2.32135
2.41547
0.779165
0.776156
0.770096
0.759169
0.746677
0.735364
0.726303
0.719544
0.715076
0.713178
0.714407
0.718394
0.724557
0.732842
0.743343
0.755662
0.768015
0.776726
0.781239
0.783405
0.707469
0.714115
0.719362
0.722978
0.72409
0.722453
0.718997
0.715202
0.712216
0.710903
0.711985
0.715025
0.719115
0.723341
0.726372
0.726903
0.724586
0.720208
0.713916
0.708091
0.697357
0.700318
0.703681
0.706169
0.707928
0.70911
0.709334
0.708585
0.70752
0.707067
0.70793
0.709671
0.711343
0.712134
0.711722
0.710472
0.708575
0.705707
0.702372
0.700085
0.691306
0.69273
0.694941
0.697213
0.698934
0.700126
0.701014
0.701597
0.701867
0.702178
0.702875
0.703641
0.70399
0.703794
0.703177
0.702042
0.700236
0.698015
0.696267
0.695183
0.685939
0.686757
0.68822
0.689993
0.691732
0.693206
0.694341
0.69528
0.696115
0.696884
0.697554
0.697933
0.697941
0.697587
0.696777
0.695505
0.693991
0.692477
0.691461
0.690794
0.680879
0.681433
0.682514
0.683927
0.685437
0.68694
0.68833
0.689537
0.690628
0.691647
0.69241
0.692759
0.692696
0.692201
0.69133
0.690255
0.6891
0.688029
0.687342
0.686874
0.675995
0.676409
0.677273
0.678482
0.679809
0.681216
0.682666
0.684081
0.685407
0.686639
0.687565
0.687989
0.687925
0.687462
0.686753
0.685923
0.685041
0.684244
0.683741
0.683384
0.671219
0.671544
0.672257
0.673316
0.674549
0.67589
0.67733
0.678849
0.680387
0.681867
0.683003
0.683567
0.68363
0.683349
0.682856
0.682233
0.681568
0.680985
0.680611
0.680326
0.666464
0.666728
0.667334
0.668292
0.669465
0.670773
0.672228
0.67383
0.675549
0.6773
0.67871
0.679511
0.67981
0.679762
0.679489
0.67908
0.678613
0.678201
0.677922
0.677686
0.661639
0.661859
0.662391
0.663288
0.664424
0.665734
0.66724
0.668957
0.670875
0.672928
0.674689
0.675822
0.67642
0.676634
0.676595
0.67641
0.676128
0.675864
0.67566
0.67546
0.656656
0.656843
0.657325
0.658191
0.659326
0.66068
0.662278
0.664156
0.666328
0.668745
0.670941
0.672483
0.673431
0.673947
0.674167
0.674202
0.67411
0.673979
0.673836
0.673661
0.651424
0.651587
0.65204
0.652904
0.654081
0.655522
0.657258
0.659357
0.661856
0.66473
0.667456
0.669484
0.670842
0.671702
0.672211
0.672467
0.672577
0.672571
0.672479
0.672321
0.645848
0.645994
0.646436
0.647328
0.648587
0.650161
0.652098
0.654492
0.657405
0.660851
0.664221
0.666826
0.668664
0.669916
0.670748
0.671281
0.671584
0.671691
0.671641
0.671495
0.639822
0.639954
0.640402
0.641352
0.642737
0.644498
0.646706
0.649482
0.652922
0.657074
0.661224
0.664519
0.666923
0.66863
0.669829
0.67066
0.67118
0.671402
0.67139
0.671251
0.633217
0.633339
0.633807
0.634847
0.636405
0.638418
0.640981
0.644241
0.648341
0.653358
0.658452
0.662574
0.66565
0.667893
0.669512
0.670683
0.671445
0.671786
0.671809
0.671672
0.625882
0.625997
0.626497
0.627661
0.629447
0.631787
0.634801
0.638676
0.643594
0.64967
0.655906
0.661016
0.664886
0.667762
0.669882
0.671446
0.672477
0.672941
0.672997
0.672859
0.617626
0.61774
0.618275
0.619605
0.621678
0.624434
0.628026
0.632674
0.638609
0.645981
0.653593
0.65988
0.664686
0.668307
0.671028
0.673054
0.674381
0.674975
0.675061
0.67492
0.608137
0.608263
0.608894
0.610422
0.612867
0.616166
0.62049
0.626112
0.633313
0.642272
0.651535
0.659214
0.665123
0.669615
0.673046
0.675599
0.677268
0.678003
0.678118
0.677968
0.59714
0.597264
0.598012
0.599814
0.602738
0.60673
0.611985
0.618835
0.62761
0.638506
0.649745
0.659064
0.666269
0.671786
0.676032
0.679211
0.681257
0.682138
0.682277
0.682116
0.584153
0.584295
0.585201
0.587363
0.590909
0.595803
0.60226
0.610677
0.621418
0.634671
0.648263
0.659502
0.668202
0.674911
0.680103
0.683995
0.686454
0.687481
0.68764
0.687464
0.568533
0.568713
0.569848
0.572499
0.576874
0.58297
0.591014
0.601456
0.614673
0.630799
0.647159
0.66061
0.671011
0.679075
0.685353
0.690043
0.692941
0.694107
0.694276
0.694081
0.549345
0.549601
0.551082
0.554436
0.559974
0.56773
0.577918
0.591019
0.607358
0.626952
0.646529
0.662485
0.674801
0.684381
0.691845
0.697417
0.700754
0.702036
0.702201
0.701986
0.525198
0.525596
0.527628
0.532049
0.539308
0.549453
0.562622
0.579248
0.599514
0.623249
0.646498
0.665231
0.679639
0.690878
0.699622
0.706118
0.709854
0.711209
0.711351
0.711114
0.493783
0.494478
0.497477
0.503721
0.513753
0.5275
0.544906
0.566203
0.591332
0.619908
0.647258
0.668979
0.685608
0.698591
0.708704
0.71607
0.720102
0.721459
0.721556
0.721299
0.450993
0.452398
0.457463
0.467299
0.48216
0.501485
0.524865
0.552208
0.583208
0.617285
0.649051
0.673876
0.692771
0.707531
0.719001
0.727095
0.731229
0.732485
0.732518
0.73225
0.38917
0.393602
0.404181
0.42111
0.444182
0.47185
0.503195
0.537936
0.575659
0.6157
0.65205
0.680011
0.701134
0.717594
0.730247
0.73882
0.742807
0.743797
0.743746
0.743486
0.315545
0.323557
0.342858
0.370331
0.403958
0.441011
0.48092
0.523564
0.568607
0.615419
0.657291
0.689258
0.71332
0.731929
0.74601
0.755036
0.75886
0.759721
0.759719
0.759597
0.24162
0.254914
0.28328
0.321134
0.364775
0.411108
0.459608
0.510241
0.562708
0.616435
0.664023
0.700144
0.727273
0.748223
0.763856
0.772943
0.776262
0.776899
0.776915
0.776885
0.180211
0.197326
0.231359
0.27699
0.328798
0.383292
0.439692
0.49788
0.557479
0.617876
0.670913
0.710922
0.740848
0.763733
0.780303
0.789609
0.792734
0.793345
0.793437
0.793459
0.129832
0.148993
0.187476
0.238893
0.297091
0.358328
0.421579
0.486573
0.552776
0.619455
0.677657
0.721323
0.753815
0.778533
0.796192
0.805724
0.80905
0.809901
0.810038
0.810103
0.0875568
0.10797
0.149781
0.205809
0.269289
0.336172
0.405316
0.476333
0.548548
0.621081
0.684163
0.731307
0.766277
0.792776
0.811557
0.821812
0.825505
0.826501
0.826658
0.826746
0.0511023
0.0723208
0.116791
0.176553
0.24447
0.316221
0.390544
0.466961
0.54468
0.622673
0.690364
0.740819
0.778159
0.806399
0.826274
0.837312
0.841418
0.842536
0.842691
0.842778
0.0188137
0.0406036
0.0872355
0.150138
0.221832
0.297836
0.376785
0.458103
0.540903
0.624013
0.696072
0.749674
0.789244
0.819062
0.840039
0.851801
0.856308
0.857532
0.857669
0.857747
-0.0105242
0.0116911
0.06014
0.125761
0.200738
0.280489
0.363587
0.449388
0.53692
0.624883
0.701127
0.757722
0.799371
0.830605
0.852522
0.864931
0.869816
0.871099
0.871234
0.87129
-0.0378662
-0.0152047
0.0348759
0.102791
0.1807
0.263779
0.35062
0.440539
0.532507
0.625109
0.705414
0.764903
0.808521
0.841078
0.863785
0.876593
0.881776
0.883117
0.883241
0.883249
-0.0637343
-0.0405962
0.0108536
0.0808548
0.161358
0.247417
0.337648
0.431356
0.527492
0.624558
0.708862
0.771218
0.816737
0.850505
0.873862
0.886941
0.892264
0.893659
0.893779
0.893768
-0.0885507
-0.0648663
-0.0123137
0.0596688
0.142463
0.231197
0.324507
0.421702
0.521753
0.623147
0.711429
0.776689
0.824116
0.859005
0.882891
0.896121
0.901479
0.902858
0.902981
0.902938
-0.112585
-0.0884353
-0.0347197
0.0390098
0.123858
0.214996
0.311088
0.411492
0.515217
0.620795
0.713087
0.781356
0.830759
0.866766
0.891084
0.904379
0.909687
0.911023
0.911096
0.91102
-0.136014
-0.111337
-0.0565084
0.018766
0.105454
0.198738
0.297343
0.400682
0.507841
0.617452
0.713797
0.78525
0.836785
0.873969
0.898661
0.911896
0.917063
0.918314
0.918356
0.918252
-0.158901
-0.133658
-0.0777883
-0.00111472
0.0872126
0.182415
0.283271
0.389267
0.4996
0.613077
0.713523
0.788386
0.842295
0.880763
0.905748
0.918785
0.923727
0.924838
0.924822
0.924692
-0.181235
-0.155503
-0.0986104
-0.0206528
0.0691359
0.166035
0.268893
0.377277
0.490507
0.607648
0.712208
0.790741
0.847368
0.887314
0.912514
0.925144
0.929698
0.930605
0.930526
0.930381
-0.203079
-0.176809
-0.118954
-0.0398303
0.051254
0.149641
0.254265
0.364763
0.480614
0.601161
0.709797
0.79226
0.852026
0.893788
0.919198
0.931167
0.935071
0.935682
0.935542
0.935394
-0.224337
-0.197542
-0.138777
-0.0586198
0.0336095
0.133304
0.239461
0.351806
0.469981
0.593632
0.706221
0.792837
0.856225
0.900307
0.926146
0.937222
0.940056
0.940144
0.939919
0.939789
-0.245024
-0.217664
-0.158076
-0.0769698
0.0162672
0.117086
0.224567
0.338502
0.458681
0.585115
0.701428
0.792336
0.859826
0.90688
0.933756
0.943994
0.945192
0.944166
0.943701
0.943672
-0.26505
-0.237174
-0.176799
-0.09484
-0.000720116
0.101068
0.209661
0.324931
0.446826
0.575684
0.695385
0.790592
0.862591
0.91328
0.942237
0.95249
0.951892
0.948696
0.94695
0.946711
-0.284478
-0.256041
-0.194902
-0.112177
-0.0172787
0.0853342
0.194863
0.311227
0.43454
0.565429
0.688098
0.78743
0.864197
0.918999
0.951188
0.963369
0.962519
0.956781
0.949701
0.932885
-0.303246
-0.274256
-0.212521
-0.129183
-0.0337012
0.0695585
0.179762
0.296938
0.421318
0.553836
0.679036
0.78228
0.864273
0.923548
0.959743
0.976215
0.977995
0.97155
0.956835
0.971513
-0.321473
-0.291797
-0.229595
-0.145824
-0.0499114
0.0537989
0.164364
0.282089
0.40715
0.540799
0.667983
0.774505
0.862054
0.925787
0.964646
0.984594
0.990087
0.980588
0.919719
0.903944
-0.339761
-0.30925
-0.245862
-0.161761
-0.0653497
0.0385011
0.14888
0.26694
0.39232
0.526516
0.654935
0.763665
0.856563
0.924865
0.960947
0.980207
0.976386
0.940199
0.872632
0.832024
-0.358801
-0.327592
-0.260904
-0.17669
-0.0796382
0.0238136
0.133697
0.251663
0.376906
0.51099
0.639733
0.749534
0.845503
0.919574
0.970265
0.94839
0.920535
0.85605
0.784103
0.740588
0.0624231
0.177079
0.298246
0.427137
0.559506
0.679633
0.779722
0.618604
-0.379274
-0.360521
-0.322177
-0.251228
-0.161124
-0.0622944
0.0444057
0.157971
0.278334
0.406005
0.537233
0.656503
0.755307
0.834363
0.886967
0.842719
0.699088
0.610013
0.540387
-0.396733
-0.38368
-0.339161
-0.266734
-0.176258
-0.0772015
0.0289943
0.142067
0.261549
0.387812
0.516791
0.632627
0.725119
0.791646
0.788696
0.683174
0.537677
0.430842
0.341148
-0.419773
-0.407042
-0.359521
-0.285998
-0.195477
-0.0961416
0.0101011
0.122832
0.241356
0.365967
0.491818
0.60251
0.684667
0.73387
0.694499
0.532524
0.366459
0.232794
0.114628
-0.443035
-0.430133
-0.380994
-0.306156
-0.215276
-0.11594
-0.00998404
0.102016
0.219308
0.341829
0.46405
0.568801
0.643947
0.665374
0.579446
0.386622
0.189163
0.0107318
-0.155932
-0.465519
-0.453087
-0.403142
-0.32717
-0.235862
-0.136525
-0.0309947
0.0801303
0.196009
0.316088
0.434176
0.532173
0.598078
0.58131
0.451572
0.251434
0.0335114
-0.172847
-0.3595
-0.488618
-0.476452
-0.426186
-0.349473
-0.257821
-0.15842
-0.0532393
0.0570686
0.171472
0.288953
0.402655
0.493208
0.545323
0.506532
0.334723
0.138257
-0.0716997
-0.268523
-0.390002
-0.429065
-0.513066
-0.501037
-0.450493
-0.373368
-0.281566
-0.182204
-0.0774409
0.0319317
0.144628
0.259112
0.36788
0.450569
0.48704
0.425355
0.230242
0.0426065
-0.13621
-0.270707
-0.316388
-0.340113
-0.538999
-0.527094
-0.476339
-0.398976
-0.307177
-0.208056
-0.103892
0.00427802
0.114918
0.225896
0.329018
0.40352
0.419584
0.320522
0.136988
-0.0362351
-0.187166
-0.269702
-0.289768
-0.295177
-0.566748
-0.554829
-0.50385
-0.426315
-0.334642
-0.235931
-0.13261
-0.0259259
0.0822948
0.18929
0.286026
0.351944
0.339028
0.219284
0.0504076
-0.112393
-0.230979
-0.275013
-0.274635
-0.275708
-0.596218
-0.584392
-0.533058
-0.455391
-0.363957
-0.26583
-0.163592
-0.058677
0.046755
0.14932
0.23912
0.294745
0.264862
0.12409
-0.0295301
-0.180748
-0.245839
-0.263693
-0.264716
-0.264341
-0.627266
-0.615454
-0.563863
-0.486121
-0.395034
-0.297699
-0.196781
-0.0939488
0.00832687
0.106055
0.188552
0.232272
0.199054
0.0413359
-0.10219
-0.215387
-0.264664
-0.257643
-0.257453
-0.257458
-0.659403
-0.647516
-0.596002
-0.518254
-0.427684
-0.33136
-0.232034
-0.131604
-0.0328395
0.0597928
0.134589
0.168979
0.120919
-0.0310307
-0.160833
-0.238305
-0.253888
-0.252718
-0.252793
-0.252596
-0.692125
-0.680159
-0.628903
-0.551362
-0.46154
-0.366482
-0.269058
-0.171353
-0.0764739
0.010912
0.0780202
0.101275
0.0348523
-0.0934116
-0.20505
-0.223917
-0.240914
-0.247763
-0.248794
-0.248727
-0.724436
-0.712477
-0.661686
-0.58484
-0.496039
-0.402571
-0.307397
-0.212742
-0.122059
-0.0401599
0.0205393
0.0275438
-0.0419423
-0.150016
-0.220994
-0.271096
-0.254194
-0.249066
-0.24715
-0.24679
-0.754498
-0.743401
-0.693437
-0.617634
-0.530362
-0.438906
-0.346392
-0.255131
-0.168828
-0.0926865
-0.0366094
-0.0390772
-0.11333
-0.202861
-0.249957
-0.254554
-0.253011
-0.249437
-0.247524
-0.246815
-0.781569
-0.770777
-0.722801
-0.648501
-0.563415
-0.474516
-0.385164
-0.297693
-0.215838
-0.145364
-0.0938967
-0.0969278
-0.176739
-0.262005
-0.282219
-0.273755
-0.266656
-0.258977
-0.254195
-0.252676
-0.802986
-0.792877
-0.747385
-0.676013
-0.593859
-0.508245
-0.422624
-0.339397
-0.262089
-0.196717
-0.150777
-0.148384
-0.219426
-0.330358
-0.413594
-0.361609
-0.310028
-0.282439
-0.272469
-0.268253
-0.816765
-0.807733
-0.765504
-0.698087
-0.620072
-0.538711
-0.457579
-0.379047
-0.306481
-0.245569
-0.203675
-0.187384
-0.227877
-0.315613
-0.386381
-0.340674
-0.309354
-0.296517
-0.289417
-0.28527
-0.820295
-0.812927
-0.775133
-0.71294
-0.640244
-0.564406
-0.488691
-0.415441
-0.347902
-0.290944
-0.248629
-0.210289
-0.174963
-0.0944447
-0.176534
-0.201565
-0.239832
-0.255899
-0.260921
-0.262931
-0.811774
-0.805856
-0.773963
-0.718694
-0.652912
-0.58386
-0.514642
-0.44744
-0.385344
-0.332293
-0.286902
-0.233384
-0.111517
0.146267
0.22255
-0.0202344
-0.176591
-0.238218
-0.260498
-0.269294
-0.787854
-0.783674
-0.759311
-0.713946
-0.657077
-0.596097
-0.534335
-0.473808
-0.417757
-0.369519
-0.33178
-0.286863
-0.253941
-0.169733
-0.169548
-0.302223
-0.376985
-0.39648
-0.406341
-0.412519
-0.751827
-0.749253
-0.733235
-0.698861
-0.652825
-0.60097
-0.547206
-0.49367
-0.443675
-0.403096
-0.377507
-0.421044
-0.697294
-1.25818
-1.55199
-1.30084
-0.924236
-0.718025
-0.653418
-0.637928
-0.710278
-0.708661
-0.70069
-0.677267
-0.642232
-0.599445
-0.553376
-0.506293
-0.461456
-0.425405
-0.413551
-0.487746
-0.724086
-0.974258
-1.05936
-0.862008
-0.671594
-0.625798
-0.60586
-0.590267
-0.67314
-0.672102
-0.668553
-0.655338
-0.629122
-0.593718
-0.554037
-0.511362
-0.469037
-0.432009
-0.414408
-0.383019
-0.356788
-0.206747
-0.04188
-0.0659421
-0.254175
-0.32006
-0.303743
-0.288144
-0.646668
-0.646113
-0.64388
-0.637223
-0.617891
-0.587988
-0.551404
-0.510365
-0.466447
-0.424645
-0.390728
-0.368652
-0.321833
-0.264671
-0.268252
-0.371246
-0.521608
-0.558557
-0.48733
-0.423528
-0.626887
-0.626418
-0.625546
-0.623165
-0.610706
-0.584522
-0.548083
-0.505805
-0.459212
-0.409176
-0.367396
-0.365567
-0.278637
-0.159195
-0.068582
-0.0141919
-0.0118297
-0.0217502
-0.0055864
0.0189931
-0.614966
-0.614759
-0.614284
-0.612972
-0.606726
-0.583366
-0.545716
-0.499707
-0.446252
-0.388025
-0.328122
-0.274754
-0.176583
0.00120698
0.152738
0.24075
0.304602
0.383406
0.462013
0.507888
-0.607624
-0.607524
-0.607175
-0.607139
-0.604954
-0.584977
-0.544697
-0.492674
-0.431472
-0.362135
-0.279708
-0.199818
-0.0347944
0.185578
0.400001
0.576625
0.731011
0.890098
1.01751
1.08695
-0.602954
-0.603082
-0.603519
-0.604514
-0.604618
-0.587859
-0.54497
-0.487408
-0.419732
-0.337006
-0.240343
-0.139563
0.0239249
0.304271
0.618857
0.934517
1.21074
1.41774
1.54705
1.60309
-0.595468
-0.596134
-0.597503
-0.599651
-0.599825
-0.585719
-0.544871
-0.486239
-0.410789
-0.318258
-0.214221
-0.100473
0.048974
0.322072
0.680748
1.02716
1.32569
1.53875
1.65334
1.69605
-0.590962
-0.591303
-0.58772
-0.578826
-0.570265
-0.568626
-0.546966
-0.49154
-0.409673
-0.310383
-0.200058
-0.0806955
0.0327825
0.28212
0.606445
0.910868
1.17007
1.34575
1.43597
1.46778
-0.62404
-0.621737
-0.610777
-0.588397
-0.57482
-0.580197
-0.573293
-0.509076
-0.414853
-0.306059
-0.193141
-0.0821231
0.0242658
0.18867
0.458798
0.706717
0.912517
1.04773
1.11273
1.13415
-0.712981
-0.70975
-0.714518
-0.730017
-0.734036
-0.723808
-0.660304
-0.543414
-0.421116
-0.302976
-0.190378
-0.0906854
-0.00226838
0.101616
0.303893
0.492434
0.647751
0.74605
0.7913
0.804895
-0.827294
-0.831642
-0.862974
-0.899138
-0.906817
-0.871312
-0.739895
-0.568089
-0.418999
-0.294529
-0.18803
-0.102181
-0.0323558
0.0372941
0.178289
0.311995
0.417787
0.483618
0.512422
0.52059
-0.821278
-0.831361
-0.862029
-0.894493
-0.902243
-0.854557
-0.709058
-0.536015
-0.38896
-0.272501
-0.178885
-0.107202
-0.0510482
-0.00326143
0.0862203
0.177052
0.239279
0.276395
0.291904
0.296508
-0.609425
-0.620719
-0.647803
-0.679471
-0.692052
-0.650835
-0.541907
-0.424132
-0.318697
-0.230889
-0.158567
-0.104346
-0.0601945
-0.0222643
0.0270331
0.0712561
0.102734
0.119377
0.125624
0.12693
-0.28299
-0.289985
-0.30586
-0.328612
-0.348082
-0.344646
-0.315193
-0.271514
-0.224164
-0.176681
-0.132326
-0.0963707
-0.0647668
-0.0379807
-0.0111971
0.00714933
0.0154658
0.0164475
0.0156368
0.0160138
-0.0122076
-0.0153392
-0.0235918
-0.0419575
-0.0702641
-0.101232
-0.124568
-0.135539
-0.133688
-0.121481
-0.105104
-0.0893589
-0.0722511
-0.0587706
-0.0479259
-0.039803
-0.0383755
-0.0414187
-0.0425735
-0.0423026
0.130065
0.128285
0.123088
0.107245
0.0764093
0.0340683
-0.00766674
-0.041342
-0.0634685
-0.0749517
-0.0809881
-0.0873865
-0.0919485
-0.0865847
-0.0747773
-0.0652896
-0.0628156
-0.0623353
-0.062148
-0.0619852
0.175356
0.174189
0.17024
0.157518
0.131729
0.0946909
0.0540535
0.0161444
-0.0146088
-0.037707
-0.0587508
-0.0865504
-0.11949
-0.116849
-0.0926686
-0.074483
-0.0660432
-0.0639021
-0.0632518
-0.0631081
0.174776
0.174035
0.171195
0.162106
0.143446
0.115808
0.0832443
0.0500272
0.0196606
-0.006826
-0.0338728
-0.0712798
-0.1138
-0.103064
-0.0759182
-0.0585693
-0.051097
-0.0487109
-0.0480439
-0.0479024
0.158431
0.15802
0.156154
0.150156
0.137591
0.118394
0.0945075
0.068618
0.0436391
0.0209552
-0.00132152
-0.0292287
-0.0551635
-0.0399298
-0.0235469
-0.0173114
-0.0170975
-0.0191027
-0.020168
-0.0203123
0.138813
0.138638
0.137527
0.133824
0.125813
0.113169
0.0968695
0.0786574
0.0610174
0.0459535
0.0355902
0.0282793
0.0260138
0.0383568
0.0421388
0.0368606
0.0294947
0.0247498
0.0231193
0.0228014
0.119811
0.119802
0.119243
0.117153
0.112365
0.104542
0.0942439
0.082755
0.0723533
0.0660424
0.0692479
0.0843139
0.105994
0.118464
0.108083
0.0946966
0.0840984
0.0792783
0.0781011
0.0772627
0.102203
0.102256
0.102051
0.101007
0.0984177
0.0940119
0.0882089
0.0821268
0.0780373
0.079621
0.094328
0.12515
0.162165
0.177
0.1572
0.14029
0.130607
0.12724
0.126011
0.124987
0.0854488
0.0855674
0.0855713
0.0852226
0.084066
0.081979
0.0793652
0.0771903
0.0776728
0.0847345
0.10615
0.143889
0.184337
0.200407
0.179307
0.165011
0.159435
0.158025
0.157418
0.15589
0.068971
0.0691055
0.0692333
0.0692921
0.0690565
0.0684539
0.0678786
0.0681829
0.0713475
0.0810749
0.104078
0.14071
0.175319
0.185281
0.170645
0.16322
0.162181
0.164938
0.164739
0.16325
0.0524441
0.0525746
0.0527497
0.0530047
0.0532698
0.0535411
0.0540844
0.0556163
0.0597643
0.0695566
0.0900621
0.119569
0.144647
0.147358
0.139795
0.140598
0.144601
0.147758
0.147963
0.146759
0.035842
0.0359446
0.0360908
0.0363827
0.0368691
0.0374959
0.0384436
0.0402142
0.0438381
0.0520332
0.0672721
0.0866092
0.100492
0.101293
0.0963954
0.102263
0.110107
0.115015
0.115005
0.113897
0.0194705
0.0195379
0.0196228
0.0198544
0.0202813
0.0208799
0.0216759
0.0229333
0.0251953
0.0299978
0.0385686
0.0473227
0.0474453
0.0409129
0.0448379
0.0540813
0.0623577
0.0673024
0.067496
0.0665539
0.0115211
0.0115669
0.0117004
0.0119446
0.0122657
0.0127728
0.0135552
0.014387
0.016323
0.0204424
0.025912
0.027399
0.0218873
0.0174457
0.0246645
0.0342202
0.0394041
0.0404051
0.0401964
0.0109688
-0.328694
0.0130412
0.2311
0.419893
0.572278
0.693482
0.790093
0.87225
0.932145
0.927653
0.167948
0.319355
0.459912
0.580978
0.684326
0.770415
0.841236
0.896312
0.929794
0.942078
0.429722
0.525689
0.619059
0.703029
0.775898
0.837802
0.888552
0.92732
0.954834
0.973689
0.608727
0.672873
0.740146
0.802109
0.855371
0.901286
0.939683
0.970692
0.995609
1.01351
0.745056
0.791189
0.842952
0.888682
0.929909
0.966145
0.997518
1.02402
1.0461
1.06156
0.856002
0.893295
0.933724
0.970465
1.00463
1.03561
1.06307
1.08663
1.10628
1.11909
0.953025
0.985216
1.01982
1.05292
1.08401
1.11266
1.13821
1.16
1.17774
1.18817
1.04369
1.07483
1.1089
1.14205
1.17292
1.2011
1.22591
1.24667
1.26284
1.27141
1.13822
1.17293
1.20961
1.24493
1.27675
1.30492
1.32903
1.34873
1.36349
1.37143
1.25089
1.29117
1.33034
1.36708
1.39881
1.42583
1.44836
1.46656
1.48022
1.48928
1.39463
1.43728
1.47489
1.50853
1.5365
1.56025
1.58084
1.59822
1.61206
1.62318
1.57243
1.60999
1.63798
1.6623
1.68329
1.70256
1.72079
1.73793
1.75381
1.76832
1.77007
1.79109
1.80597
1.82176
1.83802
1.85331
1.86702
1.88027
1.89576
1.91411
1.96066
1.96783
1.97837
1.98991
1.99982
2.00901
2.01925
2.03034
2.04195
2.05081
2.17368
2.17545
2.16752
2.151
2.13985
2.13928
2.15143
2.17603
2.21015
2.23468
2.59333
2.39944
2.29838
2.24051
2.21137
2.20473
2.21993
2.26075
2.3366
2.47955
-0.343125
-0.347628
-0.307903
-0.23541
-0.144841
-0.0451652
0.872441
0.939007
0.930535
0.847931
0.773313
0.699527
0.471019
0.249005
-0.0203657
-0.375979
-0.724213
)
;

boundaryField
{
    wall-4
    {
        type            zeroGradient;
    }
    pressure-outlet-7
    {
        type            fixedValue;
        value           uniform 0;
    }
    velocity-inlet-6
    {
        type            zeroGradient;
    }
    velocity-inlet-5
    {
        type            zeroGradient;
    }
    frontAndBackPlanes
    {
        type            empty;
    }
}


// ************************************************************************* //
