0.0005	0.0001265182
0.001	0.00040543401
0.0015	0.0038870775
0.002	0.0011574235
0.0025	0.00068624802
0.003	0.0003691754
0.0035	0.00029789042
0.004	0.00023013139
0.0045	0.0001828387
0.005	0.00015003116
0.0055	0.00012506365
0.006	0.00010277403
0.0065	8.5615467e-05
0.007	7.1166248e-05
0.0075	6.3140033e-05
0.008	5.5409803e-05
0.0085	4.7056286e-05
0.009	3.9921394e-05
0.0095	3.3494006e-05
0.01	2.894681e-05
0.0105	2.4612137e-05
0.011	2.287998e-05
0.0115	2.1698292e-05
0.012	2.011514e-05
0.0125	1.8772682e-05
0.013	1.7113419e-05
0.0135	1.5576544e-05
0.014	1.4381621e-05
0.0145	1.289135e-05
0.015	1.1432134e-05
0.0155	1.0339984e-05
0.016	9.260874e-06
0.0165	8.563997e-06
0.017	7.6232062e-06
0.0175	6.7212665e-06
0.018	6.0404701e-06
0.0185	5.4824812e-06
0.019	4.9993834e-06
0.0195	4.5855648e-06
0.02	4.223e-06
0.0205	3.9367768e-06
0.021	3.6163985e-06
0.0215	3.2906254e-06
0.022	3.1282018e-06
0.0225	2.8177849e-06
0.023	2.7316883e-06
0.0235	2.5594563e-06
0.024	2.3110744e-06
0.0245	2.2347572e-06
0.025	2.0058424e-06
0.0255	1.9666649e-06
0.026	1.8853276e-06
0.0265	1.8110494e-06
0.027	1.7509146e-06
0.0275	1.6599999e-06
0.028	1.6193665e-06
0.0285	1.6020363e-06
0.029	1.4645341e-06
0.0295	1.5058512e-06
0.03	1.3724196e-06
0.0305	1.3514333e-06
0.031	1.3163281e-06
0.0315	1.2075536e-06
0.032	1.3218607e-06
0.0325	1.1718545e-06
0.033	1.2217335e-06
0.0335	1.1966526e-06
0.034	1.0686447e-06
0.0345	1.1364024e-06
0.035	1.2350105e-06
0.0355	1.1081236e-06
0.036	1.060484e-06
0.0365	1.2069254e-06
0.037	1.3039973e-06
0.0375	1.1684308e-06
0.038	1.103402e-06
0.0385	1.262879e-06
0.039	1.1566072e-06
0.0395	1.1379275e-06
0.04	1.2373563e-06
0.0405	1.186361e-06
0.041	1.3711626e-06
0.0415	1.2158485e-06
0.042	1.1390228e-06
0.0425	1.2120412e-06
0.043	1.0669485e-06
0.0435	9.7141889e-07
0.044	1.1258093e-06
0.0445	1.0621116e-06
0.045	1.0915642e-06
0.0455	1.0428254e-06
0.046	1.0652779e-06
0.0465	1.0958152e-06
0.047	9.9654617e-07
0.0475	1.3240099e-06
0.048	1.0776818e-06
0.0485	1.1715969e-06
0.049	9.1248395e-07
0.0495	1.0486073e-06
0.05	9.8686465e-07
0.0505	9.5829556e-07
0.051	1.1096428e-06
0.0515	1.0291258e-06
0.052	1.0824742e-06
0.0525	1.1366551e-06
0.053	1.1009e-06
0.0535	9.5444271e-07
0.054	9.9160094e-07
0.0545	1.1404929e-06
0.055	9.5946607e-07
0.0555	1.0716918e-06
0.056	9.6745548e-07
0.0565	9.1004595e-07
0.057	1.1102625e-06
0.0575	8.5382379e-07
0.058	1.1891091e-06
0.0585	1.1452383e-06
0.059	1.0266326e-06
0.0595	1.0846202e-06
0.06	8.4352982e-07
0.0605	1.0474218e-06
0.061	8.2725357e-07
0.0615	6.8751878e-07
0.062	8.2388856e-07
0.0625	1.0922613e-06
0.063	1.2442589e-06
0.0635	9.8765632e-07
0.064	9.1109622e-07
0.0645	1.018799e-06
0.065	7.840547e-07
0.0655	8.744319e-07
0.066	8.9190531e-07
0.0665	7.615804e-07
0.067	8.3354073e-07
0.0675	8.1581002e-07
0.068	1.0370406e-06
0.0685	1.0535149e-06
0.069	1.0776205e-06
0.0695	1.1168454e-06
0.07	8.422692e-07
0.0705	1.2046008e-06
0.071	9.6379704e-07
0.0715	1.002231e-06
0.072	1.1331455e-06
0.0725	1.0625254e-06
0.073	1.1553684e-06
0.0735	5.668633e-07
0.074	9.924417e-07
0.0745	1.0700615e-06
0.075	9.8569699e-07
0.0755	1.1479217e-06
0.076	1.0948197e-06
0.0765	9.7529701e-07
0.077	6.0842157e-07
0.0775	6.1637445e-07
0.078	6.8449842e-07
0.0785	6.8170016e-07
0.079	1.2039945e-06
0.0795	5.4261456e-07
0.08	6.1628916e-07
0.0805	5.2213384e-07
0.081	5.8474763e-07
0.0815	6.2680956e-07
0.082	8.5332969e-07
0.0825	7.1741508e-07
0.083	8.3457366e-07
0.0835	6.6927273e-07
0.084	5.3732834e-07
0.0845	9.5985819e-07
0.085	7.1797791e-07
0.0855	6.0152428e-07
0.086	4.5642499e-07
0.0865	8.428991e-07
0.087	5.4934223e-07
0.0875	7.6892702e-07
0.088	6.9971935e-07
0.0885	6.0513926e-07
0.089	4.7236253e-07
0.0895	7.8056924e-07
0.09	5.666673e-07
0.0905	9.4093801e-07
0.091	8.2709946e-07
0.0915	1.0044573e-06
0.092	7.4394405e-07
0.0925	7.4888993e-07
0.093	6.8393438e-07
0.0935	6.2221695e-07
0.094	5.0569203e-07
0.0945	8.6593135e-07
0.095	7.2723967e-07
0.0955	7.4085657e-07
0.096	7.571507e-07
0.0965	6.5308256e-07
0.097	5.2695447e-07
0.0975	8.6983503e-07
0.098	7.2759976e-07
0.0985	7.785564e-07
0.099	7.8696826e-07
0.0995	7.0462981e-07
0.1	5.5935408e-07
0.1005	9.8057936e-07
0.101	8.2782476e-07
0.1015	7.818357e-07
0.102	7.4029058e-07
0.1025	6.2070475e-07
0.103	5.1979729e-07
0.1035	8.8338216e-07
0.104	7.1233779e-07
0.1045	7.0766262e-07
0.105	7.0601195e-07
0.1055	5.9732095e-07
0.106	4.7541294e-07
0.1065	8.5482611e-07
0.107	7.0122962e-07
0.1075	6.8367517e-07
0.108	7.7603704e-07
0.1085	6.4240321e-07
0.109	5.9661926e-07
0.1095	4.8825438e-07
0.11	9.2526851e-07
0.1105	7.0660698e-07
0.111	6.3495224e-07
0.1115	7.1673743e-07
0.112	5.3438843e-07
0.1125	5.074443e-07
0.113	8.9878419e-07
0.1135	6.3382208e-07
0.114	7.1195412e-07
0.1145	7.0576479e-07
0.115	6.099933e-07
0.1155	5.211563e-07
0.116	4.6326288e-07
0.1165	9.107725e-07
0.117	5.266461e-07
0.1175	8.7785397e-07
0.118	5.915274e-07
0.1185	4.9674539e-07
0.119	4.9172983e-07
0.1195	7.4931057e-07
0.12	5.9731623e-07
0.1205	5.7286489e-07
0.121	6.0268001e-07
0.1215	4.5248008e-07
0.122	9.3320388e-07
0.1225	6.016816e-07
0.123	4.7383761e-07
0.1235	1.2379039e-06
0.124	3.709045e-07
0.1245	9.5640892e-07
0.125	8.9889097e-07
0.1255	8.7673111e-07
0.126	7.0851331e-07
0.1265	6.1934027e-07
0.127	4.9536745e-07
0.1275	9.5715348e-07
0.128	7.3607206e-07
0.1285	6.0938868e-07
0.129	5.7718989e-07
0.1295	9.0125035e-07
0.13	6.7474096e-07
0.1305	7.0722129e-07
0.131	7.2276568e-07
0.1315	6.0451725e-07
0.132	5.3030193e-07
0.1325	4.6122975e-07
0.133	9.324707e-07
0.1335	6.3354211e-07
0.134	6.3524802e-07
0.1345	6.8481641e-07
0.135	5.4261771e-07
0.1355	4.9847219e-07
0.136	9.0987935e-07
0.1365	6.3730151e-07
0.137	6.58347e-07
0.1375	6.4999208e-07
0.138	5.4437813e-07
0.1385	4.4962423e-07
0.139	9.4164094e-07
0.1395	5.771596e-07
0.14	5.1984606e-07
0.1405	8.6771145e-07
0.141	6.1323422e-07
0.1415	6.7609006e-07
0.142	6.8367899e-07
0.1425	5.2889684e-07
0.143	4.709674e-07
0.1435	9.5409507e-07
0.144	6.0992099e-07
0.1445	5.8404754e-07
0.145	6.2818059e-07
0.1455	4.9751826e-07
0.146	4.4317555e-07
0.1465	8.2203251e-07
0.147	5.6626089e-07
0.1475	5.5352123e-07
0.148	5.6340055e-07
0.1485	4.2011174e-07
0.149	9.1918139e-07
0.1495	6.3500839e-07
0.15	6.0293659e-07
0.1505	4.4900292e-07
0.151	1.139755e-06
0.1515	7.3390514e-07
0.152	6.4855831e-07
0.1525	8.3493001e-07
0.153	7.7812493e-07
0.1535	5.8466637e-07
0.154	5.0607376e-07
0.1545	4.2485695e-07
0.155	8.4285742e-07
0.1555	4.8116728e-07
0.156	9.2601051e-07
0.1565	5.8294297e-07
0.157	4.6374135e-07
0.1575	1.1265394e-06
0.158	9.9545711e-07
0.1585	6.7402432e-07
0.159	7.2986873e-07
0.1595	7.6420811e-07
0.16	4.9175424e-07
0.1605	5.1479461e-07
0.161	8.5984518e-07
0.1615	5.670369e-07
0.162	6.9415634e-07
0.1625	6.4512143e-07
0.163	5.0007809e-07
0.1635	9.1784721e-07
0.164	6.356358e-07
0.1645	7.1550139e-07
0.165	7.4044958e-07
0.1655	5.9406392e-07
0.166	4.7777571e-07
0.1665	9.3331848e-07
0.167	6.7494384e-07
0.1675	6.3906969e-07
0.168	6.775708e-07
0.1685	5.1330931e-07
0.169	5.0556176e-07
0.1695	9.0207172e-07
0.17	6.0758017e-07
0.1705	6.6260683e-07
0.171	6.7110189e-07
0.1715	5.3207703e-07
0.172	4.757187e-07
0.1725	9.5660418e-07
0.173	6.5314595e-07
0.1735	6.7637533e-07
0.174	7.3179915e-07
0.1745	5.5118817e-07
0.175	5.5316909e-07
0.1755	4.235011e-07
0.176	8.6244863e-07
0.1765	5.7655863e-07
0.177	5.0336975e-07
0.1775	9.6887129e-07
0.178	6.1776611e-07
0.1785	6.5116094e-07
0.179	6.5410192e-07
0.1795	4.9445079e-07
0.18	4.3233582e-07
0.1805	9.1218742e-07
0.181	5.0251654e-07
0.1815	9.2606208e-07
0.182	5.3107654e-07
0.1825	9.9757951e-07
0.183	6.1450152e-07
0.1835	7.1304634e-07
0.184	6.587039e-07
0.1845	6.3075381e-07
0.185	4.8430594e-07
0.1855	9.8441401e-07
0.186	6.8114973e-07
0.1865	5.5532241e-07
0.187	5.7763735e-07
0.1875	8.5887852e-07
0.188	6.6920515e-07
0.1885	7.5164443e-07
0.189	7.5045932e-07
0.1895	5.8989256e-07
0.19	4.9320792e-07
0.1905	4.4219816e-07
0.191	8.9728459e-07
0.1915	5.7707825e-07
0.192	5.9939898e-07
0.1925	6.3080206e-07
0.193	5.0101482e-07
0.1935	9.8789768e-07
0.194	6.6525286e-07
0.1945	6.1036773e-07
0.195	6.920497e-07
0.1955	5.282659e-07
0.196	4.5029916e-07
0.1965	8.1943305e-07
0.197	4.4971102e-07
0.1975	1.0102938e-06
0.198	8.2589694e-07
0.1985	6.1357509e-07
0.199	7.138877e-07
0.1995	7.603999e-07
0.2	5.2792991e-07
