0.0005	5.7493319e-09
0.001	3.4619814e-09
0.0015	6.8167315e-09
0.002	7.456817e-09
0.0025	5.739883e-09
0.003	4.7484793e-09
0.0035	4.0415641e-09
0.004	3.4966039e-09
0.0045	3.0582764e-09
0.005	8.8510175e-09
0.0055	7.8522486e-09
0.006	6.9942473e-09
0.0065	6.2495383e-09
0.007	5.5987172e-09
0.0075	5.0248285e-09
0.008	4.5168001e-09
0.0085	4.0651073e-09
0.009	3.6610846e-09
0.0095	3.3009035e-09
0.01	9.8161945e-09
0.0105	8.8655582e-09
0.011	8.0120546e-09
0.0115	7.2434872e-09
0.012	6.5515549e-09
0.0125	5.9305623e-09
0.013	5.3709232e-09
0.0135	4.8649872e-09
0.014	4.4082037e-09
0.0145	3.9961899e-09
0.015	3.6238272e-09
0.0155	3.2866153e-09
0.016	9.8831156e-09
0.0165	8.9689207e-09
0.017	8.1417273e-09
0.0175	7.3922871e-09
0.018	6.7124931e-09
0.0185	6.0961054e-09
0.019	5.5370755e-09
0.0195	5.0299126e-09
0.02	4.5695624e-09
0.0205	4.1517941e-09
0.021	3.772318e-09
0.0215	3.427787e-09
0.022	3.1148806e-09
0.0225	9.431598e-09
0.023	8.5723802e-09
0.0235	7.7910392e-09
0.024	7.0814346e-09
0.0245	6.4365632e-09
0.025	5.8503626e-09
0.0255	5.3172841e-09
0.026	4.8329258e-09
0.0265	4.3928928e-09
0.027	3.9926406e-09
0.0275	3.6287659e-09
0.028	3.2982688e-09
0.0285	2.9975617e-09
0.029	9.1376518e-09
0.0295	8.304654e-09
0.03	7.5480179e-09
0.0305	6.8602753e-09
0.031	6.234504e-09
0.0315	5.6657731e-09
0.032	5.1490917e-09
0.0325	4.6792548e-09
0.033	4.2517026e-09
0.0335	3.863243e-09
0.034	3.5105538e-09
0.0345	3.1894875e-09
0.035	9.8221506e-09
0.0355	8.9244769e-09
0.036	8.1085127e-09
0.0365	7.3678604e-09
0.037	6.6928287e-09
0.0375	6.0800815e-09
0.038	5.5239384e-09
0.0385	5.0182554e-09
0.039	4.5585615e-09
0.0395	4.1414087e-09
0.04	3.7628829e-09
0.0405	3.419017e-09
0.041	3.1073951e-09
0.0415	9.6931518e-09
0.042	8.8121572e-09
0.0425	8.0081522e-09
0.043	7.280938e-09
0.0435	6.6176322e-09
0.044	6.0167387e-09
0.0445	5.4687483e-09
0.045	4.9708337e-09
0.0455	4.5206484e-09
0.046	4.1068176e-09
0.0465	3.7333634e-09
0.047	3.3919353e-09
0.0475	3.0868947e-09
0.048	9.8302007e-09
0.0485	8.9516933e-09
0.049	8.1534869e-09
0.0495	7.4272646e-09
0.05	6.7765604e-09
0.0505	6.1865912e-09
0.051	5.6596589e-09
0.0515	5.1738297e-09
0.052	4.7325046e-09
0.0525	4.3340117e-09
0.053	3.9752095e-09
0.0535	3.6353814e-09
0.054	3.3560873e-09
0.0545	3.0666808e-09
0.055	2.8402156e-09
0.0555	9.3578909e-09
0.056	8.6260982e-09
0.0565	7.9612396e-09
0.057	7.3556761e-09
0.0575	6.7944697e-09
0.058	6.2760761e-09
0.0585	5.7967712e-09
0.059	5.3880041e-09
0.0595	4.98069e-09
0.06	4.6273303e-09
0.0605	4.2990131e-09
0.061	3.9949736e-09
0.0615	3.7183537e-09
0.062	3.4645512e-09
0.0625	3.2258904e-09
0.063	3.0202502e-09
0.0635	2.8266735e-09
0.064	9.7789831e-09
0.0645	9.208242e-09
0.065	8.6538301e-09
0.0655	8.1592625e-09
0.066	7.5554231e-09
0.0665	7.0975519e-09
0.067	6.7018426e-09
0.0675	6.3446094e-09
0.068	5.9889359e-09
0.0685	5.6528124e-09
0.069	5.4301217e-09
0.0695	5.1015453e-09
0.07	4.9844811e-09
0.0705	4.531516e-09
0.071	4.4565774e-09
0.0715	4.2135443e-09
0.072	4.1289504e-09
0.0725	3.6879939e-09
0.073	3.6665438e-09
0.0735	3.488503e-09
0.074	3.5054584e-09
0.0745	3.256822e-09
0.075	2.9505295e-09
0.0755	2.8047646e-09
0.076	2.6945238e-09
0.0765	2.5904059e-09
0.077	9.5455931e-09
0.0775	9.2149738e-09
0.078	9.0195476e-09
0.0785	8.6272976e-09
0.079	8.3142674e-09
0.0795	8.0902508e-09
0.08	7.8285217e-09
0.0805	7.6372727e-09
0.081	7.5253946e-09
0.0815	7.2841173e-09
0.082	6.8879617e-09
0.0825	6.5496687e-09
0.083	6.3057708e-09
0.0835	6.1012857e-09
0.084	5.8766289e-09
0.0845	5.666563e-09
0.085	5.5823986e-09
0.0855	5.290019e-09
0.086	5.1091316e-09
0.0865	4.9309519e-09
0.087	4.8313229e-09
0.0875	4.5739161e-09
0.088	4.4585215e-09
0.0885	4.2475078e-09
0.089	4.0913937e-09
0.0895	3.9413232e-09
0.09	3.9008614e-09
0.0905	3.6377375e-09
0.091	3.6869436e-09
0.0915	3.42242e-09
0.092	3.3925395e-09
0.0925	3.1598604e-09
0.093	3.013397e-09
0.0935	2.8956086e-09
0.094	2.7364796e-09
0.0945	2.6249649e-09
0.095	2.7535157e-09
0.0955	2.414782e-09
0.096	2.3425494e-09
0.0965	9.4751471e-09
0.097	9.1111534e-09
0.0975	8.9604425e-09
0.098	2.3783775e-09
0.0985	8.5853036e-09
0.099	8.5957732e-09
0.0995	8.1412718e-09
0.1	7.9198549e-09
0.1005	7.6828001e-09
0.101	9.1065567e-09
0.1015	7.5922957e-09
0.102	7.5401124e-09
0.1025	7.0609888e-09
0.103	6.7565444e-09
0.1035	6.6374108e-09
0.104	8.0401032e-09
0.1045	6.536141e-09
0.105	6.5696364e-09
0.1055	6.0375853e-09
0.106	5.8729226e-09
0.1065	5.6445635e-09
0.107	7.0667115e-09
0.1075	5.7131457e-09
0.108	5.7335431e-09
0.1085	5.3615563e-09
0.109	5.1921579e-09
0.1095	5.0373482e-09
0.11	4.8371773e-09
0.1105	6.6178326e-09
0.111	5.0271019e-09
0.1115	5.0803997e-09
0.112	4.6810521e-09
0.1125	4.4711318e-09
0.113	4.3495951e-09
0.1135	6.063911e-09
0.114	4.6068827e-09
0.1145	4.5765402e-09
0.115	4.2384498e-09
0.1155	4.0845146e-09
0.116	3.972659e-09
0.1165	7.5294958e-09
0.117	4.5142508e-09
0.1175	3.5981346e-09
0.118	5.183376e-09
0.1185	3.5469809e-09
0.119	3.4077489e-09
0.1195	3.190694e-09
0.12	4.4469872e-09
0.1205	3.1896364e-09
0.121	3.4207999e-09
0.1215	3.0543423e-09
0.122	3.0291747e-09
0.1225	4.931949e-09
0.123	3.2445323e-09
0.1235	7.0177063e-09
0.124	3.6942546e-09
0.1245	4.526752e-09
0.125	4.2133675e-09
0.1255	4.0178609e-09
0.126	3.048631e-09
0.1265	2.9754744e-09
0.127	2.6249978e-09
0.1275	2.5337874e-09
0.128	4.6083697e-09
0.1285	2.915632e-09
0.129	2.9814861e-09
0.1295	2.6033501e-09
0.13	4.3526783e-09
0.1305	3.0846998e-09
0.131	3.3364636e-09
0.1315	2.9797871e-09
0.132	2.935505e-09
0.1325	2.8233014e-09
0.133	2.6100633e-09
0.1335	4.7070277e-09
0.134	3.1139579e-09
0.1345	3.0621569e-09
0.135	2.7793761e-09
0.1355	2.6516896e-09
0.136	2.5363981e-09
0.1365	4.6129899e-09
0.137	2.9228086e-09
0.1375	3.0461624e-09
0.138	2.7041861e-09
0.1385	2.6415151e-09
0.139	5.9495861e-09
0.1395	2.9246882e-09
0.14	2.3920412e-09
0.1405	1.7793192e-09
0.141	3.7917264e-09
0.1415	2.6052338e-09
0.142	2.6860908e-09
0.1425	2.4582271e-09
0.143	2.4048516e-09
0.1435	2.3128288e-09
0.144	4.4712751e-09
0.1445	2.7721997e-09
0.145	2.9085211e-09
0.1455	2.5674895e-09
0.146	2.4389967e-09
0.1465	2.3680507e-09
0.147	4.0907817e-09
0.1475	2.7335337e-09
0.148	2.680821e-09
0.1485	2.4786456e-09
0.149	5.7554785e-09
0.1495	2.974249e-09
0.15	2.5974877e-09
0.1505	1.8716414e-09
0.151	6.2095534e-09
0.1515	1.9159959e-09
0.152	3.7623363e-09
0.1525	3.7544695e-09
0.153	2.8014385e-09
0.1535	2.2826261e-09
0.154	2.0098214e-09
0.1545	1.930259e-09
0.155	5.4725414e-09
0.1555	2.4169151e-09
0.156	1.7664439e-09
0.1565	3.7053027e-09
0.157	2.1164449e-09
0.1575	5.8670392e-09
0.158	2.5528793e-09
0.1585	4.3448291e-09
0.159	3.9711584e-09
0.1595	3.6204024e-09
0.16	2.0924735e-09
0.1605	2.173628e-09
0.161	1.8803459e-09
0.1615	3.8253859e-09
0.162	2.6805141e-09
0.1625	2.6171776e-09
0.163	2.4195332e-09
0.1635	2.2908676e-09
0.164	4.3127838e-09
0.1645	2.9465937e-09
0.165	2.9656674e-09
0.1655	2.7048649e-09
0.166	2.6337103e-09
0.1665	2.4523174e-09
0.167	4.4670345e-09
0.1675	2.734965e-09
0.168	2.995697e-09
0.1685	2.5411557e-09
0.169	2.5068305e-09
0.1695	2.3315998e-09
0.17	4.331401e-09
0.1705	2.9031457e-09
0.171	3.0084781e-09
0.1715	2.6293537e-09
0.172	2.608287e-09
0.1725	2.3670234e-09
0.173	4.5275488e-09
0.1735	2.9117157e-09
0.174	3.0439091e-09
0.1745	2.6810026e-09
0.175	2.5852104e-09
0.1755	2.3865757e-09
0.176	5.4407842e-09
0.1765	2.4907099e-09
0.177	1.9217977e-09
0.1775	1.5747351e-09
0.178	4.0366897e-09
0.1785	2.3857924e-09
0.179	2.5050947e-09
0.1795	2.2735198e-09
0.18	2.1879968e-09
0.1805	5.8826235e-09
0.181	2.5686228e-09
0.1815	1.8129742e-09
0.182	3.6960985e-09
0.1825	1.9560065e-09
0.183	4.2239642e-09
0.1835	3.0244139e-09
0.184	2.4943732e-09
0.1845	2.1546797e-09
0.185	1.9421142e-09
0.1855	1.8900894e-09
0.186	4.3092833e-09
0.1865	2.1657325e-09
0.187	2.3317221e-09
0.1875	2.1572808e-09
0.188	3.7610514e-09
0.1885	2.5456761e-09
0.189	2.6612211e-09
0.1895	2.4369823e-09
0.19	2.3999576e-09
0.1905	2.3120767e-09
0.191	2.1656792e-09
0.1915	4.149691e-09
0.192	2.6797996e-09
0.1925	2.6434504e-09
0.193	2.4288853e-09
0.1935	2.3615369e-09
0.194	4.5617532e-09
0.1945	2.7848182e-09
0.195	2.8755012e-09
0.1955	2.5965452e-09
0.196	2.4267137e-09
0.1965	5.8180583e-09
0.197	2.2313948e-09
0.1975	5.509925e-09
0.198	1.869374e-09
0.1985	4.111929e-09
0.199	3.5418156e-09
0.1995	2.7489619e-09
0.2	1.9009832e-09
