0.0005	15
0.001	15
0.0015	12
0.002	12
0.0025	12
0.003	12
0.0035	12
0.004	12
0.0045	12
0.005	11
0.0055	11
0.006	11
0.0065	11
0.007	11
0.0075	11
0.008	11
0.0085	11
0.009	11
0.0095	11
0.01	10
0.0105	10
0.011	10
0.0115	10
0.012	10
0.0125	10
0.013	10
0.0135	10
0.014	10
0.0145	10
0.015	10
0.0155	10
0.016	9
0.0165	9
0.017	9
0.0175	9
0.018	9
0.0185	9
0.019	9
0.0195	9
0.02	9
0.0205	9
0.021	9
0.0215	9
0.022	9
0.0225	8
0.023	8
0.0235	8
0.024	8
0.0245	8
0.025	8
0.0255	8
0.026	8
0.0265	8
0.027	8
0.0275	8
0.028	8
0.0285	8
0.029	7
0.0295	7
0.03	7
0.0305	7
0.031	7
0.0315	7
0.032	7
0.0325	7
0.033	7
0.0335	7
0.034	7
0.0345	7
0.035	6
0.0355	6
0.036	6
0.0365	6
0.037	6
0.0375	6
0.038	6
0.0385	6
0.039	6
0.0395	6
0.04	6
0.0405	6
0.041	6
0.0415	5
0.042	5
0.0425	5
0.043	5
0.0435	5
0.044	5
0.0445	5
0.045	5
0.0455	5
0.046	5
0.0465	5
0.047	5
0.0475	5
0.048	4
0.0485	4
0.049	4
0.0495	4
0.05	4
0.0505	4
0.051	4
0.0515	4
0.052	4
0.0525	4
0.053	4
0.0535	4
0.054	4
0.0545	4
0.055	4
0.0555	3
0.056	3
0.0565	3
0.057	3
0.0575	3
0.058	3
0.0585	3
0.059	3
0.0595	3
0.06	3
0.0605	3
0.061	3
0.0615	3
0.062	3
0.0625	3
0.063	3
0.0635	3
0.064	2
0.0645	2
0.065	2
0.0655	2
0.066	2
0.0665	2
0.067	2
0.0675	2
0.068	2
0.0685	2
0.069	2
0.0695	2
0.07	2
0.0705	2
0.071	2
0.0715	2
0.072	2
0.0725	2
0.073	2
0.0735	2
0.074	2
0.0745	2
0.075	2
0.0755	2
0.076	2
0.0765	2
0.077	1
0.0775	1
0.078	1
0.0785	1
0.079	1
0.0795	1
0.08	1
0.0805	1
0.081	1
0.0815	1
0.082	1
0.0825	1
0.083	1
0.0835	1
0.084	1
0.0845	1
0.085	1
0.0855	1
0.086	1
0.0865	1
0.087	1
0.0875	1
0.088	1
0.0885	1
0.089	1
0.0895	1
0.09	1
0.0905	1
0.091	1
0.0915	1
0.092	1
0.0925	1
0.093	1
0.0935	1
0.094	1
0.0945	1
0.095	1
0.0955	1
0.096	1
0.0965	0
0.097	0
0.0975	0
0.098	1
0.0985	0
0.099	0
0.0995	0
0.1	0
0.1005	0
0.101	0
0.1015	0
0.102	0
0.1025	0
0.103	0
0.1035	0
0.104	0
0.1045	0
0.105	0
0.1055	0
0.106	0
0.1065	0
0.107	0
0.1075	0
0.108	0
0.1085	0
0.109	0
0.1095	0
0.11	0
0.1105	0
0.111	0
0.1115	0
0.112	0
0.1125	0
0.113	0
0.1135	0
0.114	0
0.1145	0
0.115	0
0.1155	0
0.116	0
0.1165	0
0.117	0
0.1175	0
0.118	0
0.1185	0
0.119	0
0.1195	0
0.12	0
0.1205	0
0.121	0
0.1215	0
0.122	0
0.1225	0
0.123	0
0.1235	0
0.124	0
0.1245	0
0.125	0
0.1255	0
0.126	0
0.1265	0
0.127	0
0.1275	0
0.128	0
0.1285	0
0.129	0
0.1295	0
0.13	0
0.1305	0
0.131	0
0.1315	0
0.132	0
0.1325	0
0.133	0
0.1335	0
0.134	0
0.1345	0
0.135	0
0.1355	0
0.136	0
0.1365	0
0.137	0
0.1375	0
0.138	0
0.1385	0
0.139	0
0.1395	0
0.14	0
0.1405	0
0.141	0
0.1415	0
0.142	0
0.1425	0
0.143	0
0.1435	0
0.144	0
0.1445	0
0.145	0
0.1455	0
0.146	0
0.1465	0
0.147	0
0.1475	0
0.148	0
0.1485	0
0.149	0
0.1495	0
0.15	0
0.1505	0
0.151	0
0.1515	0
0.152	0
0.1525	0
0.153	0
0.1535	0
0.154	0
0.1545	0
0.155	0
0.1555	0
0.156	0
0.1565	0
0.157	0
0.1575	0
0.158	0
0.1585	0
0.159	0
0.1595	0
0.16	0
0.1605	0
0.161	0
0.1615	0
0.162	0
0.1625	0
0.163	0
0.1635	0
0.164	0
0.1645	0
0.165	0
0.1655	0
0.166	0
0.1665	0
0.167	0
0.1675	0
0.168	0
0.1685	0
0.169	0
0.1695	0
0.17	0
0.1705	0
0.171	0
0.1715	0
0.172	0
0.1725	0
0.173	0
0.1735	0
0.174	0
0.1745	0
0.175	0
0.1755	0
0.176	0
0.1765	0
0.177	0
0.1775	0
0.178	0
0.1785	0
0.179	0
0.1795	0
0.18	0
0.1805	0
0.181	0
0.1815	0
0.182	0
0.1825	0
0.183	0
0.1835	0
0.184	0
0.1845	0
0.185	0
0.1855	0
0.186	0
0.1865	0
0.187	0
0.1875	0
0.188	0
0.1885	0
0.189	0
0.1895	0
0.19	0
0.1905	0
0.191	0
0.1915	0
0.192	0
0.1925	0
0.193	0
0.1935	0
0.194	0
0.1945	0
0.195	0
0.1955	0
0.196	0
0.1965	0
0.197	0
0.1975	0
0.198	0
0.1985	0
0.199	0
0.1995	0
0.2	0
