1	1
2	0.858386808
3	0.309447104
4	0.185859744
5	0.122065373
6	0.089305363
7	0.0693688448
8	0.0562850687
9	0.0462063267
10	0.0397706362
11	0.0375585324
12	0.0312424579
13	0.0292061511
14	0.0254635529
15	0.0238965488
16	0.0221662631
17	0.0203884168
18	0.0190330679
19	0.0179427416
20	0.017096663
21	0.0164987088
22	0.0161833354
23	0.0161065235
24	0.0162633625
25	0.0166344087
26	0.0171939905
27	0.0178976563
28	0.0186766659
29	0.0194706665
30	0.0201923461
31	0.020743901
32	0.0210384908
33	0.0210583467
34	0.0208348972
35	0.0204205042
36	0.0199086207
37	0.0194313832
38	0.0190945186
39	0.0189456848
40	0.018924346
41	0.0189471729
42	0.0189553552
43	0.0188095011
44	0.0184218604
45	0.0177592839
46	0.0168732674
47	0.0158578439
48	0.0148334947
49	0.0138992348
50	0.0131119449
51	0.0124758679
52	0.012101718
53	0.0115931535
54	0.0113857904
55	0.0111170148
56	0.0109519941
57	0.0107040585
58	0.0104492644
59	0.0101760613
60	0.00994136608
61	0.00964666954
62	0.00934122057
63	0.0090307688
64	0.00871982522
65	0.00842908343
66	0.00816273168
67	0.00791075864
68	0.00767458792
69	0.00744938523
70	0.00723725356
71	0.00703766677
72	0.00685253071
73	0.00667022265
74	0.0064815708
75	0.00628593419
76	0.00608753645
77	0.00589746284
78	0.00573084872
79	0.00560046143
80	0.00548712055
81	0.0053765291
82	0.00526357202
83	0.00514590261
84	0.00502448278
85	0.00489143525
86	0.00475952298
87	0.00463423874
88	0.00451550806
89	0.00439040059
90	0.00425077798
91	0.00410145945
92	0.00394443192
93	0.00379020883
94	0.00364966988
95	0.00352841283
96	0.00342190211
97	0.00332583717
98	0.00324068213
99	0.00316061867
100	0.00308165238
101	0.00300291646
102	0.00292333999
103	0.00284242155
104	0.00276028528
105	0.00267663395
106	0.00259225822
107	0.00250873575
108	0.00242663585
109	0.00234668018
110	0.00227054506
111	0.00219886149
112	0.00213092407
113	0.00206560741
114	0.00200228824
115	0.00194020412
116	0.00188020377
117	0.00182421462
118	0.00177230262
119	0.00172390457
120	0.00167863079
121	0.00163572934
122	0.00159526307
123	0.00155721827
124	0.00152181283
125	0.00148803565
126	0.00145561954
127	0.00142396448
128	0.00139272752
129	0.00136232777
130	0.00133337704
131	0.00130625813
132	0.00128092787
133	0.00125653985
134	0.00123232932
135	0.00120785002
136	0.00118290153
137	0.00115765169
138	0.00113217632
139	0.00110650561
140	0.00108101218
141	0.00105640563
142	0.00103296055
143	0.00101059819
144	0.000989242165
145	0.000968774668
146	0.000949287909
147	0.00093060565
148	0.00091255896
149	0.000894980149
150	0.000877652142
151	0.000860472556
152	0.000843329123
153	0.000826375315
154	0.0008097892
155	0.000793824011
156	0.000778608299
157	0.00076417581
158	0.000750390903
159	0.000737178018
160	0.00072439864
161	0.000712064285
162	0.000700008496
163	0.000688232161
164	0.000676609443
165	0.000665092984
166	0.000653713742
167	0.000642451809
168	0.000631235011
169	0.000620045313
170	0.000608924256
171	0.000597928654
172	0.000587135865
173	0.000576498203
174	0.000565943753
175	0.000555433918
176	0.000544967047
177	0.000534563708
178	0.000524293736
179	0.000514133422
180	0.000504208923
181	0.000494546051
182	0.000485129096
183	0.000476001749
184	0.000467134812
185	0.000458515514
186	0.000450107841
187	0.000441895232
188	0.000433867453
189	0.000425974762
190	0.000418253778
191	0.000410698285
192	0.000403299951
193	0.00039602032
194	0.000388864002
195	0.000381792789
196	0.000374812356
197	0.000367927314
198	0.000361183481
199	0.000354549788
200	0.000348043188
201	0.000341719411
202	0.000335575405
203	0.000329585152
204	0.000323717305
205	0.000317972646
206	0.000312358838
207	0.000306867177
208	0.000301503779
209	0.000296285624
210	0.000291189666
211	0.000286207208
212	0.00028134846
213	0.00027662752
214	0.000272082597
215	0.000267708658
216	0.000263490201
217	0.000259412066
218	0.000255480142
219	0.000251679841
220	0.000244021756
221	0.000244980261
222	0.000241988782
223	0.000238230626
224	0.000230816244
225	0.000231614493
226	0.000228796524
227	0.000221750469
228	0.000222431642
229	0.00021969685
230	0.000212965543
231	0.000213616675
232	0.000211025518
233	0.000204648271
234	0.000205335185
235	0.000202964993
236	0.000196992218
237	0.00019780409
238	0.000195694785
239	0.000190104352
240	0.000190993992
241	0.000189053388
242	0.000183745925
243	0.000184651113
244	0.00018282662
245	0.000177739411
246	0.000178610012
247	0.000176854495
248	0.000171950404
249	0.000172789445
250	0.00017110499
251	0.000166398839
252	0.000167224085
253	0.000165637438
254	0.000161138164
255	0.000161985025
256	0.000160505786
257	0.000156211759
258	0.000157079137
259	0.000155700866
260	0.000151602496
261	0.000152489374
262	0.000151214001
263	0.000147299592
264	0.000148199605
265	0.000146996861
266	0.000143218399
267	0.000144111355
268	0.000142960096
269	0.000139305398
270	0.000140186128
271	0.000139085247
272	0.000137600271
273	0.000134131159
274	0.00013506739
275	0.000134097965
276	0.000132736109
277	0.000129444272
278	0.000130389647
279	0.000129500303
280	0.000128234662
281	0.000126987233
282	0.000125826762
283	0.000124738699
284	0.000123699826
285	0.000122694303
286	0.000121714632
287	0.000120757534
288	0.000119819886
289	0.000118900054
290	0.00011799706
291	0.000117114336
292	0.00011625424
293	0.000115414982
294	0.00011459509
295	0.000113794481
296	0.000113011037
297	0.000112241421
298	0.000111488693
299	0.000110754909
300	0.000110038586
301	0.00010934153
302	0.000108664095
303	0.000108001974
304	0.000107355222
305	0.000106721398
306	0.000106097634
307	0.000105484247
308	0.000104882645
309	0.00010428946
310	0.000103706835
311	0.000103132892
312	0.000102567254
313	0.00010201081
314	0.000101461491
315	0.000100921514
316	0.000100392106
317	9.98720215e-05
318	9.93606194e-05
319	9.88586901e-05
320	9.83657625e-05
321	9.78818259e-05
322	9.74063722e-05
323	9.6941388e-05
324	9.64860957e-05
325	9.60403421e-05
326	9.56035289e-05
327	9.51760871e-05
328	9.47581129e-05
329	9.43483491e-05
330	9.39451614e-05
331	9.35476868e-05
332	9.31557385e-05
333	9.27694106e-05
334	9.23884712e-05
335	9.20126868e-05
336	9.16419944e-05
337	9.12779959e-05
338	9.09217813e-05
339	9.05719949e-05
340	9.02281007e-05
341	8.98903929e-05
342	8.95575898e-05
343	8.92284583e-05
344	8.89045088e-05
345	8.85853345e-05
346	8.82702299e-05
347	8.79592432e-05
348	8.76519325e-05
349	8.73487654e-05
350	8.70488218e-05
351	8.67535563e-05
352	8.64620515e-05
353	8.61716265e-05
354	8.58842234e-05
355	8.56012605e-05
356	8.53220803e-05
357	8.50469501e-05
358	8.4776377e-05
359	8.44957112e-05
360	8.42364995e-05
361	8.39738112e-05
362	8.37158656e-05
363	8.3460433e-05
364	8.3207785e-05
365	8.29582889e-05
366	8.27124826e-05
367	8.24710628e-05
368	8.22336438e-05
369	8.20006235e-05
370	8.17715962e-05
371	8.15464333e-05
372	8.13246642e-05
373	8.11064918e-05
374	8.0892284e-05
375	8.06814772e-05
376	8.04754751e-05
377	8.02755823e-05
378	8.00805859e-05
379	7.98896021e-05
380	7.97028468e-05
381	7.9520461e-05
382	7.93417943e-05
383	7.91678943e-05
384	7.89988472e-05
385	7.88337907e-05
386	7.86710969e-05
387	7.85104247e-05
388	7.83512712e-05
389	7.81935841e-05
390	7.80368833e-05
391	7.78831935e-05
392	7.773198e-05
393	7.75832933e-05
394	7.74372686e-05
395	7.72924316e-05
396	7.71484546e-05
397	7.70044533e-05
398	7.68608331e-05
399	7.67185463e-05
400	7.65777651e-05
401	7.64379464e-05
402	7.6299182e-05
403	7.61594348e-05
404	7.60184328e-05
405	7.58768629e-05
406	7.57356386e-05
407	7.55955147e-05
408	7.54563988e-05
409	7.53167566e-05
410	7.51755353e-05
411	7.50323868e-05
412	7.48877815e-05
413	7.47423904e-05
414	7.45971347e-05
415	7.44521375e-05
416	7.43076975e-05
417	7.41637585e-05
418	7.40076214e-05
419	7.38739001e-05
420	7.37335049e-05
421	7.35966784e-05
422	7.34599213e-05
423	7.33223153e-05
424	7.31839656e-05
425	7.30456429e-05
426	7.29077877e-05
427	7.27700444e-05
428	7.26314125e-05
429	7.24922497e-05
430	7.23524292e-05
431	7.22109742e-05
432	7.20676582e-05
433	7.19237741e-05
434	7.17797692e-05
435	7.16352138e-05
436	7.14900729e-05
437	7.13428374e-05
438	7.11935751e-05
439	7.10425139e-05
440	7.08909007e-05
441	7.07394911e-05
442	7.05875657e-05
443	7.0433541e-05
444	7.02765693e-05
445	7.01166504e-05
446	6.99549914e-05
447	6.97911159e-05
448	6.96253778e-05
449	6.94590033e-05
450	6.92913475e-05
451	6.91220001e-05
452	6.89495607e-05
453	6.87733916e-05
454	6.85946169e-05
455	6.84148694e-05
456	6.82341845e-05
457	6.80531054e-05
458	6.78707769e-05
459	6.76864392e-05
460	6.75001906e-05
461	6.73119904e-05
462	6.71223129e-05
463	6.69308874e-05
464	6.67380103e-05
465	6.65431443e-05
466	6.63461463e-05
467	6.61476644e-05
468	6.59477492e-05
469	6.57468743e-05
470	6.55452493e-05
471	6.53445848e-05
472	6.5144304e-05
473	6.49441629e-05
474	6.47432122e-05
475	6.45411448e-05
476	6.43378943e-05
477	6.41329476e-05
478	6.39279557e-05
479	6.37224183e-05
480	6.35156989e-05
481	6.33062186e-05
482	6.3094085e-05
483	6.28792654e-05
484	6.2662668e-05
485	6.24432138e-05
486	6.2221234e-05
487	6.19965044e-05
488	6.17682873e-05
489	6.15360517e-05
490	6.13018624e-05
491	6.10658994e-05
492	6.0827544e-05
493	6.05871255e-05
494	6.03447797e-05
495	6.01016452e-05
496	5.98566281e-05
497	5.96101999e-05
498	5.93624299e-05
499	5.91142973e-05
500	5.8865256e-05
501	5.86159185e-05
502	5.83657021e-05
503	5.81145573e-05
504	5.78621902e-05
505	5.76096681e-05
506	5.7356943e-05
507	5.71030626e-05
508	5.68479221e-05
509	5.65916604e-05
510	5.63341062e-05
511	5.60747049e-05
512	5.58136412e-05
513	5.55508867e-05
514	5.52865865e-05
515	5.50207244e-05
516	5.47529917e-05
517	5.44838072e-05
518	5.42129744e-05
519	5.39401117e-05
520	5.36663367e-05
521	5.33919e-05
522	5.3116943e-05
523	5.28415411e-05
524	5.25655702e-05
525	5.22896489e-05
526	5.20138395e-05
527	5.17373542e-05
528	5.14602003e-05
529	5.11828589e-05
530	5.09053954e-05
531	5.06271631e-05
532	5.03482321e-05
533	5.00688725e-05
534	4.97896595e-05
535	4.95110613e-05
536	4.92328732e-05
537	4.89548658e-05
538	4.86764503e-05
539	4.83973754e-05
540	4.81179422e-05
541	4.78384705e-05
542	4.75589785e-05
543	4.72788226e-05
544	4.6997976e-05
545	4.67170279e-05
546	4.64358504e-05
547	4.61540072e-05
548	4.58715151e-05
549	4.55891762e-05
550	4.53072359e-05
551	4.50256295e-05
552	4.47449161e-05
553	4.44650806e-05
554	4.41859371e-05
555	4.39073346e-05
556	4.36295382e-05
557	4.33529373e-05
558	4.30774111e-05
559	4.280302e-05
560	4.25299706e-05
561	4.2258151e-05
562	4.19874391e-05
563	4.17180478e-05
564	4.14306207e-05
565	4.11895485e-05
566	4.09324448e-05
567	4.06763593e-05
568	4.04185014e-05
569	4.01592517e-05
570	3.98995362e-05
571	3.96401528e-05
572	3.93816272e-05
573	3.91242793e-05
574	3.88681941e-05
575	3.86131977e-05
576	3.83594e-05
577	3.81067574e-05
578	3.78551273e-05
579	3.76044379e-05
580	3.73549474e-05
581	3.7106692e-05
582	3.68597758e-05
583	3.6614112e-05
584	3.63697714e-05
585	3.61268409e-05
586	3.53489189e-05
587	3.5745408e-05
588	3.55734709e-05
589	3.52871204e-05
590	3.49990633e-05
591	3.42102713e-05
592	3.45735219e-05
593	3.43958629e-05
594	3.41125484e-05
595	3.38301586e-05
596	3.30517925e-05
597	3.34175259e-05
598	3.3249382e-05
599	3.29798307e-05
600	3.27094257e-05
601	3.19716781e-05
602	3.230722e-05
603	3.21378949e-05
604	3.18696649e-05
605	3.11301733e-05
606	3.14418148e-05
607	3.1267626e-05
608	3.10016261e-05
609	3.02803864e-05
610	3.05815333e-05
611	3.04112777e-05
612	3.01520288e-05
613	2.94502336e-05
614	2.97418744e-05
615	2.95754439e-05
616	2.93225139e-05
617	2.863966e-05
618	2.89222449e-05
619	2.87597013e-05
620	2.85131663e-05
621	2.78490059e-05
622	2.81228447e-05
623	2.79644614e-05
624	2.77245456e-05
625	2.70788946e-05
626	2.73351769e-05
627	2.71922536e-05
