1	0.0667132779
2	0.00758217303
3	0.00387255919
4	0.00305098048
5	0.00251470547
6	0.00210246254
7	0.00178584873
8	0.00152242222
9	0.00160684651
10	0.00137889321
11	0.00110266273
12	0.00106127882
13	0.00102739646
14	0.000809704763
15	0.000792243133
16	0.000722857257
17	0.000785151942
18	0.000692152253
19	0.000632072388
20	0.000609241708
21	0.00061024614
22	0.000628113308
23	0.000655070048
24	0.000686639006
25	0.000720660582
26	0.000756275838
27	0.000789767879
28	0.000816323202
29	0.000834238971
30	0.000844876595
31	0.000850432775
32	0.00085418626
33	0.000859522135
34	0.000866214401
35	0.000872643367
36	0.000876425482
37	0.000875343674
38	0.00086997663
39	0.000859035975
40	0.00084274896
41	0.000822237352
42	0.000801028524
43	0.000780535489
44	0.000759961689
45	0.000739451218
46	0.000723343576
47	0.00071194096
48	0.00070166539
49	0.00069008574
50	0.000676963057
51	0.000662031199
52	0.000644924037
53	0.00062814695
54	0.000612230034
55	0.000598003684
56	0.000585567892
57	0.000583346886
58	0.000578636716
59	0.000576465937
60	0.000445462069
61	0.000438538659
62	0.000432947241
63	0.000427049974
64	0.000420724657
65	0.000413635865
66	0.000405187322
67	0.000395226763
68	0.000384804348
69	0.000375691245
70	0.000369461021
71	0.000366318937
72	0.00036471969
73	0.000362425003
74	0.00035786479
75	0.0003512306
76	0.000343574037
77	0.000335561672
78	0.000327031793
79	0.000318197118
80	0.000309496699
81	0.000300533503
82	0.000290245929
83	0.000277788306
84	0.000262832814
85	0.000246184633
86	0.000229818343
87	0.000214342551
88	0.000200242011
89	0.00018799641
90	0.000178012985
91	0.000170382833
92	0.000164815424
93	0.000161114262
94	0.000158548002
95	0.000156645729
96	0.000155234941
97	0.000154178856
98	0.000153100871
99	0.000151681845
100	0.000149641084
101	0.000147088826
102	0.000144133953
103	0.000140751626
104	0.000136802873
105	0.000132389925
106	0.000127746517
107	0.000123163209
108	0.000118501351
109	0.000113693671
110	0.000109038536
111	0.000104717809
112	0.00010074501
113	9.70592955e-05
114	9.37695135e-05
115	9.09766442e-05
116	8.86666677e-05
117	8.67068124e-05
118	8.50836961e-05
119	8.35415949e-05
120	8.19967456e-05
121	8.04023004e-05
122	7.87138218e-05
123	7.69141812e-05
124	7.4957742e-05
125	7.27677265e-05
126	7.03835112e-05
127	6.78564793e-05
128	6.52686402e-05
129	6.26183453e-05
130	5.99330815e-05
131	5.7230504e-05
132	5.45595045e-05
133	5.20133354e-05
134	4.96954937e-05
135	4.7673774e-05
136	4.5962868e-05
137	4.44861971e-05
138	4.31798211e-05
139	4.20318672e-05
140	4.09609005e-05
141	3.99422321e-05
142	3.89533931e-05
143	3.80839483e-05
144	3.73578043e-05
145	3.67632926e-05
146	3.62540387e-05
147	3.5834068e-05
148	3.54855724e-05
149	3.523093e-05
150	3.50769383e-05
151	3.5004814e-05
152	3.50079668e-05
153	3.50642007e-05
154	3.5145308e-05
155	3.52263475e-05
156	3.5264226e-05
157	3.5243589e-05
158	3.51549432e-05
159	3.49729926e-05
160	3.47159471e-05
161	3.43915565e-05
162	3.40055541e-05
163	3.35467099e-05
164	3.30181078e-05
165	3.24031211e-05
166	3.17143297e-05
167	3.09537134e-05
168	3.01393172e-05
169	2.9270753e-05
170	2.83573879e-05
171	2.74229206e-05
172	2.64689527e-05
173	2.55218664e-05
174	2.45842074e-05
175	2.36710205e-05
176	2.27841181e-05
177	2.19362989e-05
178	2.11351386e-05
179	2.03862539e-05
180	1.96967007e-05
181	1.90645008e-05
182	1.84886719e-05
183	1.79736656e-05
184	1.75138109e-05
185	1.71146602e-05
186	1.67763248e-05
187	1.64978384e-05
188	1.62791598e-05
189	1.61118423e-05
190	1.59893578e-05
191	1.58989138e-05
192	1.58369267e-05
193	1.57942489e-05
194	1.57582053e-05
195	1.57250935e-05
196	1.56841339e-05
197	1.5628334e-05
198	1.55534476e-05
199	1.54561742e-05
200	1.533406e-05
201	1.5183247e-05
202	1.50072014e-05
203	1.4806128e-05
204	1.45820634e-05
205	1.43389312e-05
206	1.40752027e-05
207	1.37929636e-05
208	1.34931198e-05
209	1.31773359e-05
210	1.28471346e-05
211	1.25087605e-05
212	1.21658407e-05
213	1.18232767e-05
214	1.14856238e-05
215	1.11581238e-05
216	1.08427053e-05
217	1.05429955e-05
218	1.02604886e-05
219	9.99717778e-06
220	9.75279227e-06
221	9.53332029e-06
222	9.32162981e-06
223	9.12814547e-06
224	8.9565231e-06
225	8.80945403e-06
226	8.66921922e-06
227	8.54506601e-06
228	8.4413058e-06
229	8.34292251e-06
230	8.25451389e-06
231	8.1811328e-06
232	8.10692238e-06
233	8.0374759e-06
234	7.97786576e-06
235	7.91228696e-06
236	7.8470919e-06
237	7.7873986e-06
238	7.71915845e-06
239	7.64897953e-06
240	7.58473624e-06
241	7.51270597e-06
242	7.44080334e-06
243	7.37469834e-06
244	7.30143444e-06
245	7.22745994e-06
246	7.15870275e-06
247	7.08242144e-06
248	7.00502894e-06
249	6.93127015e-06
250	6.85051779e-06
251	6.76979406e-06
252	6.69292216e-06
253	6.6114913e-06
254	6.53152673e-06
255	6.45575973e-06
256	6.37787987e-06
257	6.30269811e-06
258	6.23237347e-06
259	6.16144615e-06
260	6.09375384e-06
261	6.03013676e-06
262	5.96784068e-06
263	5.90853252e-06
264	5.85189831e-06
265	5.79635903e-06
266	5.74357474e-06
267	5.69319196e-06
268	5.64411255e-06
269	5.59726878e-06
270	5.55203811e-06
271	5.50761161e-06
272	5.46492828e-06
273	5.42366173e-06
274	5.38296986e-06
275	5.3420408e-06
276	5.30161603e-06
277	5.26181339e-06
278	5.22231077e-06
279	5.18247713e-06
280	5.14321172e-06
281	5.10485689e-06
282	5.06737918e-06
283	5.03027893e-06
284	4.99343452e-06
285	4.95687768e-06
286	4.92062295e-06
287	4.88477206e-06
288	4.84937122e-06
289	4.81442546e-06
290	4.78013114e-06
291	4.74646934e-06
292	4.7135509e-06
293	4.68138847e-06
294	4.65009831e-06
295	4.61946496e-06
296	4.58944415e-06
297	4.56010675e-06
298	4.53148334e-06
299	4.50349333e-06
300	4.47610063e-06
301	4.44932053e-06
302	4.42323797e-06
303	4.39781741e-06
304	4.37322709e-06
305	4.34942079e-06
306	4.32644625e-06
307	4.30416503e-06
308	4.282706e-06
309	4.2618652e-06
310	4.24159605e-06
311	4.2216475e-06
312	4.20192496e-06
313	4.18271365e-06
314	4.16387442e-06
315	4.1454831e-06
316	4.12746988e-06
317	4.10983374e-06
318	4.0926413e-06
319	4.07588178e-06
320	4.05943917e-06
321	4.04333901e-06
322	4.0276405e-06
323	4.01227484e-06
324	3.99738714e-06
325	3.98286679e-06
326	3.96866019e-06
327	3.95470295e-06
328	3.9408791e-06
329	3.92704152e-06
330	3.91315719e-06
331	3.89921934e-06
332	3.88517695e-06
333	3.87098076e-06
334	3.85666708e-06
335	3.84230948e-06
336	3.8280171e-06
337	3.81386965e-06
338	3.79992998e-06
339	3.78627131e-06
340	3.77287628e-06
341	3.7597914e-06
342	3.74699887e-06
343	3.73452952e-06
344	3.72233292e-06
345	3.71047748e-06
346	3.69894335e-06
347	3.68776291e-06
348	3.67692706e-06
349	3.66646966e-06
350	3.6564515e-06
351	3.64684528e-06
352	3.63769071e-06
353	3.62908054e-06
354	3.62090772e-06
355	3.61300682e-06
356	3.60523366e-06
357	3.59747766e-06
358	3.58972935e-06
359	3.57939171e-06
360	3.57287498e-06
361	3.56583466e-06
362	3.55849865e-06
363	3.55119518e-06
364	3.54389498e-06
365	3.53656079e-06
366	3.52917257e-06
367	3.52177071e-06
368	3.5143852e-06
369	3.50705635e-06
370	3.49977914e-06
371	3.49256353e-06
372	3.48538764e-06
373	3.47826427e-06
374	3.47119515e-06
375	3.46414663e-06
376	3.45712168e-06
377	3.45016347e-06
378	3.44321122e-06
379	3.4362655e-06
380	3.42932239e-06
381	3.42236409e-06
382	3.41540865e-06
383	3.40847328e-06
384	3.40154761e-06
385	3.39461498e-06
386	3.38765268e-06
387	3.38064721e-06
388	3.37357799e-06
389	3.36646355e-06
390	3.35933812e-06
391	3.35223618e-06
392	3.34519914e-06
393	3.33828824e-06
394	3.33154822e-06
395	3.3248848e-06
396	3.31820908e-06
397	3.31150739e-06
398	3.30479024e-06
399	3.29822221e-06
400	3.29222445e-06
401	3.28670576e-06
402	3.28155268e-06
403	3.27663255e-06
404	3.27185695e-06
405	3.26711935e-06
406	3.26237258e-06
407	3.25760059e-06
408	3.25274116e-06
409	3.24777077e-06
410	3.24278825e-06
411	3.23787979e-06
412	3.23305095e-06
413	3.22833791e-06
414	3.22375948e-06
415	3.21924286e-06
416	3.21476776e-06
417	3.21032832e-06
418	3.2038354e-06
419	3.20080172e-06
420	3.19717716e-06
421	3.19305005e-06
422	3.18875312e-06
423	3.18424959e-06
424	3.17954416e-06
425	3.17467517e-06
426	3.16968024e-06
427	3.16457263e-06
428	3.15933823e-06
429	3.15398569e-06
430	3.14850703e-06
431	3.14288368e-06
432	3.13713165e-06
433	3.13128142e-06
434	3.12535993e-06
435	3.11936541e-06
436	3.11328611e-06
437	3.10705703e-06
438	3.10073874e-06
439	3.09430455e-06
440	3.08777504e-06
441	3.08116083e-06
442	3.07440003e-06
443	3.06745204e-06
444	3.06031705e-06
445	3.05300489e-06
446	3.04554165e-06
447	3.03796077e-06
448	3.03028815e-06
449	3.02257439e-06
450	3.01482529e-06
451	3.0070543e-06
452	2.9992453e-06
453	2.99135963e-06
454	2.98344305e-06
455	2.97552898e-06
456	2.96765743e-06
457	2.95986789e-06
458	2.95211357e-06
459	2.94438867e-06
460	2.93673108e-06
461	2.92908886e-06
462	2.92145e-06
463	2.91385312e-06
464	2.90629476e-06
465	2.89870788e-06
466	2.89107083e-06
467	2.88333669e-06
468	2.8754809e-06
469	2.86751592e-06
470	2.85946575e-06
471	2.85135466e-06
472	2.84317364e-06
473	2.83488802e-06
474	2.8264766e-06
475	2.8179144e-06
476	2.80917335e-06
477	2.80026865e-06
478	2.791208e-06
479	2.78197893e-06
480	2.7725459e-06
481	2.76292112e-06
482	2.75316368e-06
483	2.74332621e-06
484	2.73343859e-06
485	2.72348408e-06
486	2.71344806e-06
487	2.70334048e-06
488	2.69312064e-06
489	2.68275935e-06
490	2.67228224e-06
491	2.66168835e-06
492	2.65095989e-06
493	2.64010715e-06
494	2.62916189e-06
495	2.6181465e-06
496	2.60707885e-06
497	2.59597402e-06
498	2.58485218e-06
499	2.57372942e-06
500	2.56260409e-06
501	2.55144423e-06
502	2.54020301e-06
503	2.52887932e-06
504	2.51747859e-06
505	2.50600282e-06
506	2.49445494e-06
507	2.48280696e-06
508	2.4710512e-06
509	2.4592046e-06
510	2.44728673e-06
511	2.43527917e-06
512	2.42319317e-06
513	2.41105121e-06
514	2.39887561e-06
515	2.38666085e-06
516	2.37439642e-06
517	2.36208779e-06
518	2.34972454e-06
519	2.337301e-06
520	2.32482281e-06
521	2.31229975e-06
522	2.29974156e-06
523	2.28716176e-06
524	2.27456549e-06
525	2.26196122e-06
526	2.24935228e-06
527	2.23671824e-06
528	2.22405766e-06
529	2.21138571e-06
530	2.19871497e-06
531	2.18603877e-06
532	2.17336187e-06
533	2.16068464e-06
534	2.14801609e-06
535	2.13536128e-06
536	2.12272536e-06
537	2.11009561e-06
538	2.09746029e-06
539	2.084802e-06
540	2.07212447e-06
541	2.05943019e-06
542	2.04672561e-06
543	2.03400131e-06
544	2.021262e-06
545	2.00852924e-06
546	1.99581489e-06
547	1.98311526e-06
548	1.97042335e-06
549	1.95775215e-06
550	1.94512066e-06
551	1.93253556e-06
552	1.91998792e-06
553	1.90747465e-06
554	1.89499828e-06
555	1.882566e-06
556	1.87018961e-06
557	1.8578712e-06
558	1.84561829e-06
559	1.83343808e-06
560	1.82133322e-06
561	1.80930202e-06
562	1.79734084e-06
563	1.78545457e-06
564	1.77326871e-06
565	1.7643581e-06
566	1.75362034e-06
567	1.74202396e-06
568	1.73029845e-06
569	1.71854242e-06
570	1.70683358e-06
571	1.69521794e-06
572	1.68371787e-06
573	1.67233586e-06
574	1.66106142e-06
575	1.64987944e-06
576	1.63878034e-06
577	1.62774781e-06
578	1.61676641e-06
579	1.60582649e-06
580	1.594928e-06
581	1.58407726e-06
582	1.57327577e-06
583	1.56252701e-06
584	1.55183763e-06
585	1.54121338e-06
586	1.53064984e-06
587	1.52200183e-06
588	1.51067307e-06
589	1.49906835e-06
590	1.48811572e-06
591	1.47774075e-06
592	1.46949597e-06
593	1.45876843e-06
594	1.44777611e-06
595	1.43736262e-06
596	1.42722324e-06
597	1.42116926e-06
598	1.41151244e-06
599	1.4009122e-06
600	1.39070928e-06
601	1.38089713e-06
602	1.37299557e-06
603	1.36272681e-06
604	1.35220859e-06
605	1.34225226e-06
606	1.3344556e-06
607	1.32449854e-06
608	1.31436831e-06
609	1.30479447e-06
610	1.29728746e-06
611	1.28765753e-06
612	1.27782643e-06
613	1.26851339e-06
614	1.26119103e-06
615	1.25179794e-06
616	1.24220524e-06
617	1.23311717e-06
618	1.22596627e-06
619	1.21680551e-06
620	1.20745821e-06
621	1.19860874e-06
622	1.19165716e-06
623	1.18276161e-06
624	1.17368921e-06
625	1.16510114e-06
626	1.15823352e-06
627	1.15094602e-06
