1	0.0667094575
2	0.00759632294
3	0.00387972146
4	0.00305908447
5	0.00251941692
6	0.00210752862
7	0.001790726
8	0.00152667148
9	0.00161165696
10	0.00138361078
11	0.00110454236
12	0.00106411769
13	0.00102954228
14	0.000812846633
15	0.000794979212
16	0.000725102915
17	0.000787208651
18	0.000694030878
19	0.000633632015
20	0.000611094402
21	0.000613646274
22	0.000633229775
23	0.000661724468
24	0.000695407354
25	0.000732089632
26	0.00076957095
27	0.000803780024
28	0.000830426855
29	0.000847883391
30	0.000857069721
31	0.000860185724
32	0.000861964326
33	0.000865081775
34	0.000869689278
35	0.000872656347
36	0.000871160769
37	0.000863497956
38	0.00084940343
39	0.000830029941
40	0.000806360302
41	0.00078055966
42	0.000756854886
43	0.000741063681
44	0.000732273976
45	0.000728215606
46	0.000727216014
47	0.000725235648
48	0.000721495988
49	0.000717178038
50	0.000711553509
51	0.000703378458
52	0.000693031934
53	0.000683484992
54	0.000674757402
55	0.000668018181
56	0.000510358481
57	0.000499217655
58	0.000487413488
59	0.000473482717
60	0.000458428446
61	0.000446995338
62	0.000434042288
63	0.000421950036
64	0.000409620652
65	0.000397502888
66	0.000385692955
67	0.000374540568
68	0.000363116695
69	0.000351419708
70	0.000339713963
71	0.000327988228
72	0.00031695011
73	0.000307916623
74	0.000301215361
75	0.00029636608
76	0.000292061466
77	0.00028693427
78	0.000279812442
79	0.000271214701
80	0.000262184839
81	0.000253790227
82	0.000246691117
83	0.000240746587
84	0.000235288024
85	0.000230429335
86	0.000226261432
87	0.000223223471
88	0.000221278192
89	0.000219396982
90	0.000216394545
91	0.000212130149
92	0.000207029123
93	0.000201835521
94	0.000197702827
95	0.000193087121
96	0.000187373369
97	0.000180685756
98	0.000173338375
99	0.00016566597
100	0.000157446958
101	0.00014884494
102	0.000140544757
103	0.000133006725
104	0.000126449601
105	0.000120922906
106	0.000116220113
107	0.000112237345
108	0.000108951355
109	0.000106054559
110	0.000103341295
111	0.00010060973
112	9.77098842e-05
113	9.47000817e-05
114	9.15743777e-05
115	8.82614243e-05
116	8.47646683e-05
117	8.11269579e-05
118	7.74146146e-05
119	7.3951146e-05
120	7.08056385e-05
121	6.79266433e-05
122	6.52901179e-05
123	6.30411648e-05
124	6.11550689e-05
125	5.96781857e-05
126	5.85534783e-05
127	5.77707866e-05
128	5.72583676e-05
129	5.6885194e-05
130	5.65600782e-05
131	5.61980609e-05
132	5.58462283e-05
133	5.54838857e-05
134	5.51093417e-05
135	5.47161528e-05
136	5.42832894e-05
137	5.38113234e-05
138	5.32605972e-05
139	5.26686761e-05
140	5.19995909e-05
141	5.11772745e-05
142	5.01920309e-05
143	4.90753359e-05
144	4.78894161e-05
145	4.66411819e-05
146	4.53603026e-05
147	4.40214988e-05
148	4.26428365e-05
149	4.12519364e-05
150	3.98546774e-05
151	3.8468178e-05
152	3.70861747e-05
153	3.57179935e-05
154	3.43558159e-05
155	3.30164687e-05
156	3.17161758e-05
157	3.04849092e-05
158	2.93163275e-05
159	2.82444416e-05
160	2.72847763e-05
161	2.64467406e-05
162	2.57393126e-05
163	2.51669623e-05
164	2.47121402e-05
165	2.43595508e-05
166	2.41013946e-05
167	2.39216192e-05
168	2.38128769e-05
169	2.3766695e-05
170	2.37584384e-05
171	2.37835265e-05
172	2.38129636e-05
173	2.3849277e-05
174	2.38867184e-05
175	2.39162435e-05
176	2.39297127e-05
177	2.39227032e-05
178	2.38777124e-05
179	2.37899281e-05
180	2.3648492e-05
181	2.34459814e-05
182	2.3179976e-05
183	2.28480104e-05
184	2.24537024e-05
185	2.20058831e-05
186	2.15080563e-05
187	2.09676813e-05
188	2.03918089e-05
189	1.97885754e-05
190	1.91688909e-05
191	1.85378862e-05
192	1.79014923e-05
193	1.72694786e-05
194	1.66444483e-05
195	1.60359372e-05
196	1.54479146e-05
197	1.48830699e-05
198	1.43501499e-05
199	1.38542205e-05
200	1.33992061e-05
201	1.29893589e-05
202	1.26261186e-05
203	1.23076726e-05
204	1.20322904e-05
205	1.17910797e-05
206	1.15874829e-05
207	1.14136156e-05
208	1.12673951e-05
209	1.11428334e-05
210	1.10374643e-05
211	1.09496793e-05
212	1.08722926e-05
213	1.08012202e-05
214	1.07350684e-05
215	1.06709777e-05
216	1.06053915e-05
217	1.05350113e-05
218	1.04571787e-05
219	1.03695662e-05
220	1.02738738e-05
221	1.01825103e-05
222	1.00597193e-05
223	9.92752143e-06
224	9.79215435e-06
225	9.6677009e-06
226	9.5241262e-06
227	9.37900181e-06
228	9.2421899e-06
229	9.09076284e-06
230	8.93874165e-06
231	8.7967403e-06
232	8.64578904e-06
233	8.49604853e-06
234	8.35446692e-06
235	8.20700752e-06
236	8.06210096e-06
237	7.9258192e-06
238	7.7889128e-06
239	7.65850324e-06
240	7.53870314e-06
241	7.42193424e-06
242	7.31312037e-06
243	7.21519695e-06
244	7.12172237e-06
245	7.03511185e-06
246	6.95680382e-06
247	6.88138424e-06
248	6.81088979e-06
249	6.74584579e-06
250	6.68122794e-06
251	6.61962463e-06
252	6.56213938e-06
253	6.50451568e-06
254	6.44872138e-06
255	6.39608627e-06
256	6.34241343e-06
257	6.2894291e-06
258	6.23864827e-06
259	6.18596765e-06
260	6.13359888e-06
261	6.08260689e-06
262	6.02932573e-06
263	5.97604039e-06
264	5.92417122e-06
265	5.87037628e-06
266	5.81683718e-06
267	5.76499573e-06
268	5.71190803e-06
269	5.65992092e-06
270	5.6098097e-06
271	5.55911986e-06
272	5.50923027e-06
273	5.46045913e-06
274	5.41231073e-06
275	5.36388167e-06
276	5.31634418e-06
277	5.27015521e-06
278	5.2244384e-06
279	5.17947228e-06
280	5.1361436e-06
281	5.09489614e-06
282	5.05544361e-06
283	5.01710073e-06
284	4.97980245e-06
285	4.94342686e-06
286	4.90796794e-06
287	4.87339785e-06
288	4.83966202e-06
289	4.80686919e-06
290	4.774837e-06
291	4.74376314e-06
292	4.71373608e-06
293	4.68469084e-06
294	4.65637954e-06
295	4.6286508e-06
296	4.6013786e-06
297	4.57454446e-06
298	4.54803117e-06
299	4.5219168e-06
300	4.49623143e-06
301	4.47099707e-06
302	4.44624224e-06
303	4.42200741e-06
304	4.39840966e-06
305	4.37527289e-06
306	4.35264645e-06
307	4.33046441e-06
308	4.30882383e-06
309	4.28761277e-06
310	4.26668453e-06
311	4.24580335e-06
312	4.22491573e-06
313	4.20420667e-06
314	4.18374209e-06
315	4.1636058e-06
316	4.14379494e-06
317	4.12432201e-06
318	4.1051869e-06
319	4.08647168e-06
320	4.06808658e-06
321	4.05002368e-06
322	4.03239431e-06
323	4.01524223e-06
324	3.99850658e-06
325	3.98222001e-06
326	3.96630851e-06
327	3.95078383e-06
328	3.93559347e-06
329	3.92075661e-06
330	3.90618839e-06
331	3.89190705e-06
332	3.87796813e-06
333	3.86445753e-06
334	3.85137508e-06
335	3.83867885e-06
336	3.82639619e-06
337	3.81454558e-06
338	3.80309377e-06
339	3.7921406e-06
340	3.78176898e-06
341	3.77197558e-06
342	3.76255483e-06
343	3.75326881e-06
344	3.74398374e-06
345	3.73460846e-06
346	3.72508402e-06
347	3.7153173e-06
348	3.70530025e-06
349	3.69515787e-06
350	3.68500688e-06
351	3.67496181e-06
352	3.66503548e-06
353	3.65523557e-06
354	3.64549578e-06
355	3.63583816e-06
356	3.62628177e-06
357	3.61682008e-06
358	3.60748962e-06
359	3.59663176e-06
360	3.58887513e-06
361	3.5805105e-06
362	3.57202728e-06
363	3.56396553e-06
364	3.55630439e-06
365	3.54883386e-06
366	3.54154439e-06
367	3.53435449e-06
368	3.527158e-06
369	3.51996911e-06
370	3.51279948e-06
371	3.5056505e-06
372	3.49856232e-06
373	3.49153871e-06
374	3.48455663e-06
375	3.47759942e-06
376	3.47064724e-06
377	3.46373896e-06
378	3.45682818e-06
379	3.44989642e-06
380	3.44294178e-06
381	3.43595771e-06
382	3.42893131e-06
383	3.42185321e-06
384	3.41472728e-06
385	3.40756734e-06
386	3.40031481e-06
387	3.39301595e-06
388	3.38569612e-06
389	3.37838629e-06
390	3.3711672e-06
391	3.3642996e-06
392	3.35768536e-06
393	3.35133646e-06
394	3.34514268e-06
395	3.33897855e-06
396	3.33275704e-06
397	3.32647255e-06
398	3.32009543e-06
399	3.3136461e-06
400	3.30716033e-06
401	3.30069468e-06
402	3.29433669e-06
403	3.28818131e-06
404	3.28213708e-06
405	3.27615225e-06
406	3.27023609e-06
407	3.26445059e-06
408	3.25887138e-06
409	3.25359366e-06
410	3.24862013e-06
411	3.24391982e-06
412	3.23947067e-06
413	3.23523605e-06
414	3.23114495e-06
415	3.22714156e-06
416	3.22317386e-06
417	3.21919015e-06
418	3.2135431e-06
419	3.21088147e-06
420	3.2070863e-06
421	3.20269827e-06
422	3.19826633e-06
423	3.19379628e-06
424	3.18925989e-06
425	3.1846322e-06
426	3.17990319e-06
427	3.17504253e-06
428	3.17005169e-06
429	3.16492139e-06
430	3.15964081e-06
431	3.15418722e-06
432	3.14857919e-06
433	3.14285514e-06
434	3.13704589e-06
435	3.13113068e-06
436	3.1251015e-06
437	3.11891858e-06
438	3.1126095e-06
439	3.1061829e-06
440	3.09963258e-06
441	3.09298162e-06
442	3.08618839e-06
443	3.07920955e-06
444	3.07204343e-06
445	3.06471824e-06
446	3.05726611e-06
447	3.04968481e-06
448	3.04197617e-06
449	3.03418838e-06
450	3.02634778e-06
451	3.0184405e-06
452	3.0104663e-06
453	3.00245163e-06
454	2.99444318e-06
455	2.98649301e-06
456	2.97863903e-06
457	2.97083576e-06
458	2.9630725e-06
459	2.955358e-06
460	2.94767575e-06
461	2.94002592e-06
462	2.9323992e-06
463	2.92478401e-06
464	2.91719211e-06
465	2.90958699e-06
466	2.90187692e-06
467	2.8940385e-06
468	2.88608243e-06
469	2.87802276e-06
470	2.86987251e-06
471	2.86165334e-06
472	2.85336831e-06
473	2.84497674e-06
474	2.83645199e-06
475	2.82778438e-06
476	2.81894797e-06
477	2.80996165e-06
478	2.80083704e-06
479	2.79157401e-06
480	2.7821472e-06
481	2.77253333e-06
482	2.76275196e-06
483	2.7528387e-06
484	2.74280644e-06
485	2.73267913e-06
486	2.72247361e-06
487	2.71221449e-06
488	2.70191034e-06
489	2.69151784e-06
490	2.68104916e-06
491	2.67047715e-06
492	2.65977186e-06
493	2.64892624e-06
494	2.63797353e-06
495	2.62694665e-06
496	2.61587055e-06
497	2.60475826e-06
498	2.59362462e-06
499	2.58247746e-06
500	2.57131558e-06
501	2.56012117e-06
502	2.54885827e-06
503	2.53750644e-06
504	2.52607522e-06
505	2.51457174e-06
506	2.50299682e-06
507	2.49132625e-06
508	2.47956132e-06
509	2.46771635e-06
510	2.45579175e-06
511	2.44378397e-06
512	2.43170139e-06
513	2.41956039e-06
514	2.40738641e-06
515	2.39517583e-06
516	2.38290698e-06
517	2.37058803e-06
518	2.35821508e-06
519	2.34577563e-06
520	2.33326947e-06
521	2.32071276e-06
522	2.30810972e-06
523	2.29547085e-06
524	2.28281228e-06
525	2.27014723e-06
526	2.25747139e-06
527	2.24477982e-06
528	2.23206523e-06
529	2.21934437e-06
530	2.20662576e-06
531	2.19390264e-06
532	2.1811753e-06
533	2.16844315e-06
534	2.15571711e-06
535	2.14300875e-06
536	2.13032027e-06
537	2.1176385e-06
538	2.10494239e-06
539	2.09222652e-06
540	2.0794926e-06
541	2.06674543e-06
542	2.05398667e-06
543	2.0412087e-06
544	2.02841836e-06
545	2.01563669e-06
546	2.00287367e-06
547	1.99012492e-06
548	1.97738644e-06
549	1.96467223e-06
550	1.95199925e-06
551	1.9393731e-06
552	1.92678838e-06
553	1.91423815e-06
554	1.90172582e-06
555	1.88925483e-06
556	1.87683622e-06
557	1.86447522e-06
558	1.85217779e-06
559	1.83994852e-06
560	1.82779273e-06
561	1.81570961e-06
562	1.80369972e-06
563	1.79176515e-06
564	1.7783892e-06
565	1.76885294e-06
566	1.75765389e-06
567	1.74579676e-06
568	1.7339777e-06
569	1.7222532e-06
570	1.71064959e-06
571	1.69917102e-06
572	1.68781568e-06
573	1.67657482e-06
574	1.66543749e-06
575	1.65438799e-06
576	1.6434105e-06
577	1.63249019e-06
578	1.62161279e-06
579	1.61076987e-06
580	1.59996173e-06
581	1.58919312e-06
582	1.57846664e-06
583	1.56778387e-06
584	1.55715358e-06
585	1.54658073e-06
586	1.53606051e-06
587	1.52739654e-06
588	1.51613304e-06
589	1.50455581e-06
590	1.49361156e-06
591	1.48323297e-06
592	1.47492642e-06
593	1.46422053e-06
594	1.45321986e-06
595	1.44278779e-06
596	1.43179192e-06
597	1.42527546e-06
598	1.4153005e-06
599	1.40449894e-06
600	1.39420782e-06
601	1.38438813e-06
602	1.37648709e-06
603	1.36632474e-06
604	1.35589574e-06
605	1.34602554e-06
606	1.33825487e-06
607	1.32840826e-06
608	1.31836167e-06
609	1.30886475e-06
610	1.30137461e-06
611	1.29184147e-06
612	1.28208095e-06
613	1.27282829e-06
614	1.26550533e-06
615	1.2561824e-06
616	1.24662291e-06
617	1.23754931e-06
618	1.23035675e-06
619	1.22122199e-06
620	1.21187383e-06
621	1.20301619e-06
622	1.19600653e-06
623	1.18711782e-06
624	1.178027e-06
625	1.16941396e-06
626	1.16188522e-06
627	1.15430392e-06
