1	0.99999969
2	0.701009224
3	0.572150302
4	0.454957716
5	0.350686224
6	0.285663075
7	0.235011409
8	0.19741862
9	0.169999123
10	0.149994124
11	0.13920391
12	0.12788412
13	0.117019881
14	0.111842361
15	0.104471735
16	0.103387818
17	0.101788228
18	0.0984845843
19	0.0973004118
20	0.0971128039
21	0.0974203543
22	0.0979440934
23	0.0979293259
24	0.0977906314
25	0.0974199418
26	0.096713048
27	0.0956005848
28	0.0938942723
29	0.091549221
30	0.0885728842
31	0.0851669989
32	0.0813435769
33	0.077424576
34	0.0735225222
35	0.0697811855
36	0.0664605428
37	0.0637342342
38	0.0616850792
39	0.0602128061
40	0.0591826973
41	0.0581701922
42	0.0568733792
43	0.0553663403
44	0.0535868291
45	0.0515997042
46	0.0495191405
47	0.0474745404
48	0.0456138184
49	0.0440536089
50	0.0428741039
51	0.0420301808
52	0.0413787765
53	0.0408064488
54	0.0400322229
55	0.0392981662
56	0.038379355
57	0.0377840197
58	0.036930092
59	0.0359752665
60	0.0349376983
61	0.0340740073
62	0.0331071169
63	0.0321401197
64	0.0312053391
65	0.0303029649
66	0.0294707121
67	0.0287047217
68	0.0279555325
69	0.0272022221
70	0.0264431595
71	0.0257405769
72	0.0251020976
73	0.0245551315
74	0.0240601824
75	0.023620056
76	0.023156894
77	0.0226367036
78	0.0220564503
79	0.0214771235
80	0.0209159689
81	0.0204193435
82	0.0199907649
83	0.0196000324
84	0.019173823
85	0.0186716116
86	0.0180804765
87	0.017454785
88	0.0168406607
89	0.0162784929
90	0.0157750115
91	0.0153096703
92	0.014872298
93	0.0144337707
94	0.0140220315
95	0.0136445786
96	0.0133050604
97	0.0129915568
98	0.0126902803
99	0.012397897
100	0.0121056037
101	0.0118062487
102	0.0114935964
103	0.0111789312
104	0.0108555731
105	0.0105306134
106	0.0102072394
107	0.0098825498
108	0.00956791993
109	0.00926365272
110	0.00896874813
111	0.0086814754
112	0.00840818305
113	0.00814752465
114	0.00790510366
115	0.00767937499
116	0.0074630777
117	0.00725512593
118	0.00705629491
119	0.00686954596
120	0.00669559387
121	0.00653444247
122	0.0063814352
123	0.00623433529
124	0.00609111868
125	0.00595058697
126	0.00581550958
127	0.00568526208
128	0.00556141483
129	0.00544472034
130	0.00533240452
131	0.0052212065
132	0.00511025467
133	0.00500168562
134	0.00489694523
135	0.00479722715
136	0.00469985982
137	0.00460327917
138	0.00450650809
139	0.00441046683
140	0.00431663944
141	0.00422591518
142	0.00413736678
143	0.00405072701
144	0.00396602415
145	0.00388383422
146	0.00380429549
147	0.00372736653
148	0.00365232529
149	0.00357969309
150	0.00350959219
151	0.00344305224
152	0.00338006134
153	0.00331970913
154	0.00326141901
155	0.00320369749
156	0.00314706362
157	0.00309135511
158	0.00303546492
159	0.00297954975
160	0.00292376214
161	0.00286831369
162	0.00281371632
163	0.00276012434
164	0.00270859491
165	0.00265863014
166	0.00261028532
167	0.00256347068
168	0.00251797662
169	0.00247308575
170	0.0024289627
171	0.0023853175
172	0.0023417747
173	0.00229865673
174	0.00225598176
175	0.00221403549
176	0.00217253416
177	0.00213099794
178	0.00208956706
179	0.00204870077
180	0.00200867322
181	0.00196957618
182	0.00193092627
183	0.0018928456
184	0.00185545887
185	0.00181856401
186	0.00178204284
187	0.00174597065
188	0.00171087591
189	0.00167690169
190	0.00164395581
191	0.0016118234
192	0.00158058881
193	0.00155023551
194	0.00152072557
195	0.00149173266
196	0.00146326655
197	0.00143545389
198	0.0014082344
199	0.00138135896
200	0.00135486625
201	0.00132890252
202	0.00130359265
203	0.00127890705
204	0.00125481271
205	0.00123123968
206	0.00120813418
207	0.00118561387
208	0.00116373013
209	0.00114265042
210	0.00112222251
211	0.00110232766
212	0.00108301744
213	0.00106435938
214	0.00104607748
215	0.00102831279
216	0.00101104455
217	0.000994314306
218	0.000978053724
219	0.000962344469
220	0.000947113176
221	0.000932100697
222	0.00092164168
223	0.000907812183
224	0.00089284362
225	0.000878126471
226	0.000868059357
227	0.000855335088
228	0.000841579189
229	0.00083189189
230	0.00081981308
231	0.000806926539
232	0.000798042374
233	0.00078692393
234	0.000775001117
235	0.000766925862
236	0.000756654969
237	0.000745610672
238	0.000738104727
239	0.00072846575
240	0.000718023158
241	0.000710965424
242	0.000701970131
243	0.000692343579
244	0.000685768589
245	0.000677377578
246	0.000668311264
247	0.000662114907
248	0.000654125513
249	0.000645444016
250	0.000639579874
251	0.000632017643
252	0.000623798607
253	0.000618326044
254	0.000611302957
255	0.000603675938
256	0.000598625323
257	0.000592067747
258	0.000584948942
259	0.000580253231
260	0.000574114067
261	0.000567386733
262	0.000562948561
263	0.000557146039
264	0.000550750353
265	0.000546552015
266	0.000541037205
267	0.000534956849
268	0.000530972246
269	0.000525753411
270	0.000519980011
271	0.000516205028
272	0.00051125129
273	0.000505805318
274	0.000500547633
275	0.000497299975
276	0.000492903981
277	0.000487960933
278	0.000483130314
279	0.000480187473
280	0.000476125904
281	0.000471550884
282	0.000467073335
283	0.000462882614
284	0.000458952615
285	0.00045518249
286	0.000451537102
287	0.000447991719
288	0.00044452901
289	0.00044113579
290	0.000437821382
291	0.000434606732
292	0.000431494774
293	0.000428466599
294	0.000425518801
295	0.000422658885
296	0.000419839821
297	0.000417064621
298	0.000414384078
299	0.000411781693
300	0.000409243908
301	0.000406772493
302	0.000404367742
303	0.000401992028
304	0.000399674068
305	0.000397393038
306	0.000395163318
307	0.00039297652
308	0.000390800265
309	0.000388680457
310	0.00038659771
311	0.000384558365
312	0.000382529819
313	0.000380550176
314	0.000378621201
315	0.000376742511
316	0.000374898913
317	0.000373076102
318	0.000371293662
319	0.000369553379
320	0.000367846161
321	0.000366167953
322	0.000364508958
323	0.00036284988
324	0.000361233398
325	0.000359649685
326	0.000358106522
327	0.000356602502
328	0.000355110011
329	0.000353650277
330	0.000352214209
331	0.000350813761
332	0.00034943001
333	0.00034805381
334	0.000346707046
335	0.000345389687
336	0.000344065807
337	0.000342784636
338	0.000341515309
339	0.000340257324
340	0.000339021502
341	0.000337799112
342	0.000336604988
343	0.000335410021
344	0.000334244195
345	0.000333100409
346	0.000331966658
347	0.000330838454
348	0.000329734009
349	0.000328625241
350	0.000327545681
351	0.000326484165
352	0.000325426302
353	0.0003243775
354	0.000323356259
355	0.000322344572
356	0.000321334818
357	0.000320330934
358	0.000319325656
359	0.000318537327
360	0.000317291826
361	0.000316363295
362	0.000315415756
363	0.0003144749
364	0.000313545225
365	0.000312622072
366	0.000311698037
367	0.00031078264
368	0.000309876085
369	0.000308982605
370	0.000308113465
371	0.000307251243
372	0.000306409551
373	0.000305564985
374	0.000304745741
375	0.000303938131
376	0.000303133963
377	0.000302337264
378	0.000301548868
379	0.000300791067
380	0.000300035926
381	0.000299310511
382	0.000298600621
383	0.000297909085
384	0.000297220391
385	0.000296552484
386	0.000295884941
387	0.000295238452
388	0.000294600134
389	0.000293985401
390	0.000293369201
391	0.000292785287
392	0.000292215462
393	0.000291650595
394	0.000291083031
395	0.000290548477
396	0.000290039074
397	0.000289545326
398	0.000289056648
399	0.000288564165
400	0.000288076057
401	0.000287576586
402	0.000287084074
403	0.000286591278
404	0.000286102018
405	0.000285607554
406	0.000285126589
407	0.000284644008
408	0.000284173965
409	0.000283697076
410	0.000283219646
411	0.000282733794
412	0.000282236036
413	0.000281723139
414	0.000281209355
415	0.000280704398
416	0.00028019677
417	0.000279672311
418	0.000279405147
419	0.000278579093
420	0.000278116317
421	0.000277618779
422	0.000277108393
423	0.000276588152
424	0.000276061642
425	0.000275542743
426	0.00027502739
427	0.000274508441
428	0.000273982483
429	0.000273449534
430	0.000272915982
431	0.000272362119
432	0.00027180141
433	0.000271234622
434	0.000270662676
435	0.000270080163
436	0.000269486263
437	0.000268875673
438	0.000268253143
439	0.000267639586
440	0.000267023779
441	0.000266410359
442	0.000265797486
443	0.000265187409
444	0.000264586433
445	0.000263958655
446	0.000263304923
447	0.000262669718
448	0.000262040211
449	0.000261406277
450	0.000260755258
451	0.000260082305
452	0.000259430789
453	0.000258766985
454	0.000258085692
455	0.000257408523
456	0.000256729865
457	0.000256030992
458	0.000255323184
459	0.000254605045
460	0.000253882899
461	0.000253155858
462	0.000252411708
463	0.000251672405
464	0.000250913995
465	0.000250154233
466	0.000249386064
467	0.000248613893
468	0.000247843652
469	0.000247071021
470	0.000246298149
471	0.000245498368
472	0.000244696447
473	0.000243902916
474	0.000243106701
475	0.000242309835
476	0.000241503879
477	0.000240677416
478	0.000239835068
479	0.000238992088
480	0.000238151809
481	0.000237294159
482	0.000236423229
483	0.000235541999
484	0.000234647851
485	0.000233740629
486	0.000232814743
487	0.000231881694
488	0.000230939904
489	0.000230002097
490	0.000229049896
491	0.000228090816
492	0.000227143087
493	0.00022619184
494	0.000225244177
495	0.000224297812
496	0.000223355537
497	0.00022241082
498	0.000221456799
499	0.000220482594
500	0.000219511232
501	0.000218537723
502	0.000217558784
503	0.000216571774
504	0.000215582264
505	0.000214580077
506	0.000213575761
507	0.000212577256
508	0.000211572815
509	0.000210561008
510	0.000209560877
511	0.000208554795
512	0.000207536733
513	0.000206517763
514	0.000205492287
515	0.000204470842
516	0.000203445791
517	0.000202404191
518	0.000201353821
519	0.000200304304
520	0.000199256859
521	0.000198213881
522	0.000197160859
523	0.00019610348
524	0.000195051127
525	0.000193995811
526	0.000192933017
527	0.00019187522
528	0.000190821202
529	0.000189758266
530	0.000188695415
531	0.000187630365
532	0.000186568662
533	0.000185508861
534	0.000184447851
535	0.000183382994
536	0.00018231403
537	0.000181242107
538	0.000180180613
539	0.000179120798
540	0.000178057497
541	0.000176990673
542	0.000175929808
543	0.00017486717
544	0.000173807386
545	0.000172740685
546	0.000171668714
547	0.000170603245
548	0.000169544008
549	0.000168484501
550	0.000167419776
551	0.000166365818
552	0.000165314531
553	0.000164264673
554	0.000163218891
555	0.000162176595
556	0.000161137405
557	0.000160102809
558	0.000159071977
559	0.000158046029
560	0.0001570221
561	0.000156004704
562	0.000154993985
563	0.00015398882
564	0.000153306289
565	0.000151908132
566	0.000151028071
567	0.000150100167
568	0.000149148659
569	0.000148189283
570	0.000147226063
571	0.000146258328
572	0.000145291459
573	0.000144325854
574	0.000143365568
575	0.000142409159
576	0.000141458095
577	0.000140516753
578	0.000139582305
579	0.000138650411
580	0.000137721357
581	0.000136798382
582	0.000135881837
583	0.000134969743
584	0.000134057526
585	0.000133148376
586	0.000132246425
587	0.000131480207
588	0.000130924027
589	0.0001300908
590	0.000129063039
591	0.000128025568
592	0.000127173957
593	0.000126578282
594	0.000125741537
595	0.000124732818
596	0.000123941724
597	0.000122832533
598	0.000122324874
599	0.000121550386
600	0.000120590982
601	0.000119619408
602	0.000118819504
603	0.000118251323
604	0.000117457347
605	0.000116500541
606	0.000115653894
607	0.000115050866
608	0.000114250138
609	0.000113305683
610	0.000112476352
611	0.000111886797
612	0.000111106815
613	0.00011018812
614	0.000109381194
615	0.000108805551
616	0.000108042703
617	0.000107144482
618	0.000106356525
619	0.000105792684
620	0.000105050529
621	0.000104177459
622	0.000103411663
623	0.000102858258
624	0.000102135392
625	0.000101283296
626	0.000100683506
627	9.99532834e-05
