/*--------------------------------*- C++ -*----------------------------------*\
| =========                 |                                                 |
| \\      /  F ield         | OpenFOAM: The Open Source CFD Toolbox           |
|  \\    /   O peration     | Version:  2112                                  |
|   \\  /    A nd           | Website:  www.openfoam.com                      |
|    \\/     M anipulation  |                                                 |
\*---------------------------------------------------------------------------*/
FoamFile
{
    version     2.0;
    format      ascii;
    arch        "LSB;label=32;scalar=64";
    class       volScalarField;
    location    "25";
    object      T;
}
// * * * * * * * * * * * * * * * * * * * * * * * * * * * * * * * * * * * * * //

dimensions      [0 0 0 1 0 0 0];

internalField   nonuniform List<scalar> 
10000
(
7.65241e-18
6.6101e-18
5.49276e-18
4.59771e-18
3.93007e-18
3.51631e-18
3.35994e-18
3.44119e-18
3.76278e-18
4.17708e-18
5.09348e-17
4.35679e-17
3.60277e-17
2.99799e-17
2.55201e-17
2.2787e-17
2.17795e-17
2.23819e-17
2.45641e-17
2.75129e-17
2.18075e-16
1.84364e-16
1.50789e-16
1.24155e-16
1.04964e-16
9.3411e-17
8.93155e-17
9.23569e-17
1.02254e-16
1.15723e-16
8.75373e-16
7.35293e-16
5.94897e-16
4.84501e-16
4.06556e-16
3.60405e-16
3.44746e-16
3.58543e-16
4.00161e-16
4.55235e-16
3.42169e-15
2.86606e-15
2.2994e-15
1.85543e-15
1.54623e-15
1.36529e-15
1.30564e-15
1.3629e-15
1.52864e-15
1.74165e-15
1.31446e-14
1.09968e-14
8.77056e-15
7.02626e-15
5.82093e-15
5.12003e-15
4.88989e-15
5.11119e-15
5.74385e-15
6.54029e-15
4.97831e-14
4.16316e-14
3.308e-14
2.63638e-14
2.1737e-14
1.90473e-14
1.81455e-14
1.89474e-14
2.12791e-14
2.41839e-14
1.86132e-13
1.55674e-13
1.23447e-13
9.80457e-14
8.05387e-14
7.03064e-14
6.67299e-14
6.9457e-14
7.77879e-14
8.81612e-14
6.87649e-13
5.75433e-13
4.55936e-13
3.61388e-13
2.96021e-13
2.5743e-13
2.43166e-13
2.51821e-13
2.80742e-13
3.17072e-13
2.51187e-12
2.10375e-12
1.66706e-12
1.32013e-12
1.07907e-12
9.34782e-13
8.77922e-13
9.03099e-13
1.00072e-12
1.12556e-12
9.07563e-12
7.60947e-12
6.035e-12
4.77864e-12
3.90005e-12
3.36527e-12
3.1398e-12
3.20375e-12
3.52378e-12
3.94442e-12
3.24403e-11
2.72361e-11
2.16316e-11
1.71379e-11
1.39722e-11
1.20077e-11
1.11211e-11
1.12417e-11
1.22567e-11
1.36457e-11
1.1472e-10
9.64645e-11
7.67582e-11
6.088e-11
4.96014e-11
4.24523e-11
3.90028e-11
3.90093e-11
4.21034e-11
4.65909e-11
4.01331e-10
3.38043e-10
2.69581e-10
2.14167e-10
1.74429e-10
1.48678e-10
1.35413e-10
1.3383e-10
1.42804e-10
1.56928e-10
1.38866e-09
1.17187e-09
9.36933e-10
7.45943e-10
6.07522e-10
5.15726e-10
4.65338e-10
4.53837e-10
4.7807e-10
5.212e-10
4.75088e-09
4.01739e-09
3.22168e-09
2.57193e-09
2.09532e-09
1.77156e-09
1.58255e-09
1.5209e-09
1.57903e-09
1.70596e-09
1.60633e-08
1.36138e-08
1.09578e-08
8.77694e-09
7.15549e-09
6.02541e-09
5.3254e-09
5.03595e-09
5.14295e-09
5.49933e-09
5.36387e-08
4.55836e-08
3.68536e-08
2.96378e-08
2.41933e-08
2.02882e-08
1.77285e-08
1.64722e-08
1.65094e-08
1.74443e-08
1.76747e-07
1.50717e-07
1.22484e-07
9.89939e-08
8.09719e-08
6.7629e-08
5.83903e-08
5.32131e-08
5.22086e-08
5.43943e-08
5.74216e-07
4.91597e-07
4.01967e-07
3.26893e-07
2.68171e-07
2.23179e-07
1.90295e-07
1.69764e-07
1.6255e-07
1.66586e-07
1.83675e-06
1.57959e-06
1.30127e-06
1.06639e-06
8.7841e-07
7.28983e-07
6.13674e-07
5.3485e-07
4.98048e-07
5.00524e-07
5.77243e-06
4.99196e-06
4.15028e-06
3.43339e-06
2.84422e-06
2.35619e-06
1.95844e-06
1.66467e-06
1.50131e-06
1.47373e-06
1.77802e-05
1.54853e-05
1.30198e-05
1.08965e-05
9.09704e-06
7.53428e-06
6.18767e-06
5.12274e-06
4.45317e-06
4.24875e-06
5.35133e-05
4.70159e-05
4.00768e-05
3.40256e-05
2.87033e-05
2.38239e-05
1.9365e-05
1.5607e-05
1.30112e-05
1.19863e-05
0.000156717
0.000139193
0.000120644
0.000104242
8.91475e-05
7.44083e-05
6.00497e-05
4.71646e-05
3.75284e-05
3.30889e-05
0.000444244
0.000399895
0.000353601
0.000312053
0.000271612
0.000229039
0.000184472
0.000141763
0.000107326
8.95223e-05
0.00121124
0.00110819
0.00100317
0.000907567
0.000807595
0.000692124
0.00056065
0.000425096
0.000306683
0.000238404
0.00315328
0.00294098
0.00273444
0.00254476
0.00232566
0.00203995
0.0016797
0.00127522
0.000888489
0.000634202
0.00777503
0.00741213
0.00709637
0.00681051
0.00641781
0.00580389
0.00492034
0.00381917
0.00265291
0.00173641
0.0180041
0.0175783
0.0173483
0.0171844
0.0167384
0.0157067
0.0139087
0.0113534
0.00849013
0.0056069
6.69348e-18
5.81066e-18
4.85561e-18
4.08268e-18
3.50091e-18
3.13873e-18
2.99779e-18
3.06252e-18
3.33109e-18
3.67249e-18
4.41132e-17
3.80475e-17
3.16828e-17
2.64913e-17
2.26273e-17
2.02473e-17
1.93442e-17
1.98277e-17
2.16202e-17
2.39649e-17
1.86652e-16
1.59628e-16
1.31743e-16
1.09044e-16
9.25216e-17
8.25055e-17
7.88851e-17
8.13331e-17
8.92948e-17
9.96879e-17
7.44067e-16
6.33458e-16
5.18096e-16
4.24587e-16
3.57706e-16
3.17765e-16
3.03932e-16
3.14845e-16
3.47707e-16
3.8973e-16
2.89925e-15
2.46327e-15
2.00113e-15
1.6269e-15
1.36199e-15
1.2054e-15
1.15215e-15
1.19645e-15
1.32552e-15
1.48698e-15
1.1123e-14
9.44288e-15
7.63749e-15
6.17219e-15
5.14001e-15
4.5323e-15
4.32432e-15
4.49128e-15
4.97863e-15
5.57974e-15
4.2116e-14
3.57456e-14
2.88329e-14
2.32048e-14
1.92442e-14
1.69068e-14
1.6083e-14
1.667e-14
1.84501e-14
2.06401e-14
1.57533e-13
1.33728e-13
1.07707e-13
8.64581e-14
7.14754e-14
6.25645e-14
5.92735e-14
6.11948e-14
6.75035e-14
7.53254e-14
5.82456e-13
4.94683e-13
3.98255e-13
3.19241e-13
2.63299e-13
2.29628e-13
2.16457e-13
2.22232e-13
2.4395e-13
2.71341e-13
2.12986e-12
1.81029e-12
1.45794e-12
1.16813e-12
9.61784e-13
8.35687e-13
7.83152e-13
7.9848e-13
8.71089e-13
9.65137e-13
7.7051e-12
6.55568e-12
5.28494e-12
4.23531e-12
3.48292e-12
3.01488e-12
2.80686e-12
2.83858e-12
3.07374e-12
3.39023e-12
2.75812e-11
2.34957e-11
1.89689e-11
1.52133e-11
1.25004e-11
1.07794e-11
9.9636e-12
9.98311e-12
1.07174e-11
1.17597e-11
9.76925e-11
8.33406e-11
6.74044e-11
5.41312e-11
4.4453e-11
3.8188e-11
3.5024e-11
3.47273e-11
3.69198e-11
4.02701e-11
3.42366e-10
2.92543e-10
2.3712e-10
1.90766e-10
1.5662e-10
1.34033e-10
1.21903e-10
1.19479e-10
1.25629e-10
1.36109e-10
1.18693e-09
1.01603e-09
8.2565e-10
6.6575e-10
5.46625e-10
4.6601e-10
4.20055e-10
4.06473e-10
4.22129e-10
4.53862e-10
4.06927e-09
3.49042e-09
2.84509e-09
2.30046e-09
1.88969e-09
1.60482e-09
1.43279e-09
1.36718e-09
1.40011e-09
1.49233e-09
1.37896e-08
1.18557e-08
9.69971e-09
7.86915e-09
6.47038e-09
5.47314e-09
4.83694e-09
4.54572e-09
4.58195e-09
4.83532e-09
4.61647e-08
3.97945e-08
3.27015e-08
2.6641e-08
2.19398e-08
1.84874e-08
1.61634e-08
1.49365e-08
1.47883e-08
1.54271e-08
1.52569e-07
1.31942e-07
1.08989e-07
8.9245e-08
7.36604e-08
6.18548e-08
5.34735e-08
4.85041e-08
4.70559e-08
4.84339e-08
4.97268e-07
4.31753e-07
3.58846e-07
2.95689e-07
2.44801e-07
2.04959e-07
1.7513e-07
1.55663e-07
1.47546e-07
1.49493e-07
1.59637e-06
1.39255e-06
1.16626e-06
9.68378e-07
8.05232e-07
6.72586e-07
5.67909e-07
4.93839e-07
4.55746e-07
4.53239e-07
5.0399e-06
4.42161e-06
3.73778e-06
3.13288e-06
2.62081e-06
2.18619e-06
1.82453e-06
1.5498e-06
1.38701e-06
1.34879e-06
1.56137e-05
1.37953e-05
1.17934e-05
1.00009e-05
8.43348e-06
7.0381e-06
5.81057e-06
4.81521e-06
4.16092e-06
3.93672e-06
4.73194e-05
4.21755e-05
3.65503e-05
3.14427e-05
2.67982e-05
2.24296e-05
1.8352e-05
1.48332e-05
1.23174e-05
1.12632e-05
0.000139749
0.000125914
0.000110932
9.71106e-05
8.3926e-05
7.06939e-05
5.75137e-05
4.5404e-05
3.60691e-05
3.15919e-05
0.000400241
0.000365453
0.000328348
0.000293517
0.000258236
0.00021994
0.000178865
0.000138508
0.000104967
8.69957e-05
0.00110498
0.00102536
0.000942559
0.000863485
0.00077682
0.000672968
0.00055137
0.000422451
0.000305918
0.000236069
0.00291993
0.00276158
0.00260513
0.00245386
0.00226762
0.00201225
0.00167858
0.00129157
0.000905867
0.000640146
0.00732592
0.00708024
0.00686969
0.0066688
0.00635509
0.00581868
0.00500438
0.00395086
0.00276325
0.00178174
0.0172995
0.0171161
0.0170946
0.017113
0.0168553
0.0160222
0.0144083
0.0120009
0.00909396
0.00580859
5.72411e-18
4.99923e-18
4.20448e-18
3.5562e-18
3.06355e-18
2.75328e-18
2.62837e-18
2.6758e-18
2.89491e-18
3.17356e-18
3.75421e-17
3.26177e-17
2.73646e-17
2.30309e-17
1.97695e-17
1.77349e-17
1.69357e-17
1.729e-17
1.87318e-17
2.06193e-17
1.57114e-16
1.35629e-16
1.12972e-16
9.42238e-17
8.03986e-17
7.19001e-17
6.8696e-17
7.04843e-17
7.67274e-17
8.48952e-17
6.19784e-16
5.33425e-16
4.41407e-16
3.65125e-16
3.09637e-16
2.75962e-16
2.63638e-16
2.71395e-16
2.96438e-16
3.28605e-16
2.39577e-15
2.06077e-15
1.6978e-15
1.3958e-15
1.17746e-15
1.04581e-15
9.97898e-16
1.02809e-15
1.12391e-15
1.24473e-15
9.1413e-15
7.86769e-15
6.46561e-15
5.2931e-15
4.44654e-15
3.93595e-15
3.74659e-15
3.85446e-15
4.20795e-15
4.64955e-15
3.4498e-14
2.97142e-14
2.43885e-14
1.99136e-14
1.66765e-14
1.47115e-14
1.39542e-14
1.43079e-14
1.55727e-14
1.71599e-14
1.28826e-13
1.1105e-13
9.11171e-14
7.42959e-14
6.20762e-14
5.45767e-14
5.15354e-14
5.25831e-14
5.69809e-14
6.25938e-14
4.76126e-13
4.10804e-13
3.37193e-13
2.74813e-13
2.29232e-13
2.00856e-13
1.88671e-13
1.91324e-13
2.06183e-13
2.25687e-13
1.74196e-12
1.50454e-12
1.23605e-12
1.00757e-12
8.39454e-13
7.33032e-13
6.84543e-13
6.89175e-13
7.37858e-13
8.04381e-13
6.30951e-12
5.45596e-12
4.48816e-12
3.66107e-12
3.04765e-12
2.65216e-12
2.46094e-12
2.45747e-12
2.61142e-12
2.83384e-12
2.26248e-11
1.95899e-11
1.61413e-11
1.31815e-11
1.0967e-11
9.51093e-12
8.7647e-12
8.6734e-12
9.13933e-12
9.86685e-12
8.03104e-11
6.96394e-11
5.74924e-11
4.70215e-11
3.91116e-11
3.38012e-11
3.09211e-11
3.02957e-11
3.16234e-11
3.39444e-11
2.82158e-10
2.45065e-10
2.02783e-10
1.6617e-10
1.38221e-10
1.19039e-10
1.08048e-10
1.04715e-10
1.08159e-10
1.15349e-10
9.80959e-10
8.5353e-10
7.08159e-10
5.8168e-10
4.84014e-10
4.15398e-10
3.73929e-10
3.58106e-10
3.65558e-10
3.87032e-10
3.37381e-09
2.94141e-09
2.44809e-09
2.01668e-09
1.67934e-09
1.43633e-09
1.28163e-09
1.21154e-09
1.22055e-09
1.28164e-09
1.14743e-08
1.00264e-08
8.37565e-09
6.924e-09
5.77301e-09
4.92123e-09
4.35064e-09
4.0546e-09
4.02464e-09
4.18653e-09
3.85694e-08
3.37917e-08
2.83523e-08
2.35389e-08
1.96623e-08
1.67093e-08
1.4629e-08
1.34227e-08
1.31021e-08
1.34825e-08
1.28053e-07
1.1255e-07
9.49274e-08
7.92243e-08
6.63482e-08
5.62281e-08
4.87327e-08
4.39592e-08
4.21008e-08
4.27817e-08
4.19598e-07
3.70204e-07
3.14207e-07
2.63914e-07
2.21808e-07
1.87554e-07
1.60875e-07
1.42454e-07
1.33501e-07
1.3367e-07
1.35554e-06
1.20143e-06
1.02751e-06
8.69841e-07
7.34606e-07
6.20257e-07
5.26524e-07
4.57001e-07
4.17744e-07
4.10978e-07
4.31126e-06
3.84234e-06
3.3166e-06
2.83486e-06
2.40964e-06
2.03407e-06
1.70949e-06
1.45244e-06
1.29024e-06
1.24257e-06
1.34719e-05
1.20887e-05
1.0552e-05
9.12653e-06
7.82395e-06
6.61474e-06
5.50958e-06
4.57825e-06
3.93575e-06
3.69204e-06
4.12478e-05
3.73279e-05
3.30266e-05
2.89796e-05
2.51216e-05
2.13257e-05
1.76398e-05
1.43366e-05
1.18732e-05
1.0776e-05
0.000123312
0.000112772
0.000101411
9.05462e-05
7.96253e-05
6.81071e-05
5.61389e-05
4.47035e-05
3.55157e-05
3.08961e-05
0.000358323
0.000331964
0.000304315
0.000277388
0.00024839
0.000215059
0.000177599
0.000139198
0.000105824
8.71225e-05
0.00100635
0.000947056
0.000887695
0.000828788
0.000758863
0.000668891
0.000557698
0.000434055
0.000316452
0.000242456
0.00271296
0.00260077
0.00249924
0.00239692
0.00225343
0.00203545
0.0017309
0.00135754
0.000962633
0.000675367
0.0069642
0.00681786
0.00672882
0.00664095
0.00643199
0.00599303
0.0052596
0.00424355
0.00301569
0.00193318
0.0168701
0.0168934
0.0171258
0.0173923
0.0173808
0.0167947
0.0154069
0.0131236
0.0101561
0.00649941
5.05442e-18
4.43341e-18
3.74923e-18
3.18937e-18
2.76053e-18
2.48708e-18
2.37311e-18
2.40795e-18
2.59352e-18
2.83281e-18
3.29694e-17
2.87763e-17
2.42897e-17
2.05696e-17
1.77459e-17
1.5961e-17
1.52334e-17
1.54958e-17
1.67029e-17
1.83145e-17
1.36642e-16
1.18544e-16
9.9446e-17
8.35346e-17
7.16855e-17
6.42959e-17
6.13818e-17
6.2707e-17
6.78427e-17
7.47343e-17
5.33742e-16
4.62062e-16
3.85681e-16
3.2176e-16
2.74678e-16
2.4561e-16
2.34368e-16
2.39946e-16
2.60071e-16
2.86689e-16
2.04648e-15
1.77255e-15
1.47564e-15
1.22554e-15
1.04182e-15
9.28704e-16
8.84689e-16
9.05241e-16
9.80265e-16
1.0782e-15
7.76089e-15
6.73347e-15
5.60097e-15
4.63952e-15
3.93183e-15
3.4942e-15
3.31887e-15
3.38659e-15
3.65608e-15
4.00715e-15
2.91668e-14
2.53508e-14
2.10922e-14
1.74507e-14
1.47571e-14
1.30743e-14
1.23689e-14
1.2565e-14
1.35045e-14
1.47451e-14
1.08655e-13
9.45948e-14
7.8772e-14
6.51565e-14
5.50176e-14
4.85939e-14
4.57539e-14
4.62146e-14
4.94002e-14
5.37275e-14
4.01191e-13
3.49817e-13
2.91667e-13
2.41345e-13
2.0358e-13
1.79255e-13
1.67882e-13
1.68451e-13
1.78945e-13
1.93819e-13
1.46802e-12
1.28195e-12
1.07047e-12
8.86487e-13
7.47238e-13
6.55911e-13
6.10758e-13
6.08321e-13
6.41775e-13
6.92062e-13
5.32252e-12
4.6548e-12
3.89356e-12
3.22797e-12
2.71966e-12
2.37982e-12
2.20241e-12
2.17602e-12
2.27837e-12
2.44527e-12
1.91169e-11
1.67439e-11
1.40323e-11
1.165e-11
9.81304e-12
8.56006e-12
7.87059e-12
7.7087e-12
8.00464e-12
8.54688e-12
6.8004e-11
5.96566e-11
5.01019e-11
4.16673e-11
3.50973e-11
3.05207e-11
2.78706e-11
2.70408e-11
2.78247e-11
2.95425e-11
2.39536e-10
2.10485e-10
1.77198e-10
1.47673e-10
1.24422e-10
1.07864e-10
9.77897e-11
9.39135e-11
9.56727e-11
1.00948e-10
8.35243e-10
7.35271e-10
6.20694e-10
5.18568e-10
4.37183e-10
3.77856e-10
3.39971e-10
3.22897e-10
3.25316e-10
3.40879e-10
2.88223e-09
2.54234e-09
2.15302e-09
1.80419e-09
1.52258e-09
1.3121e-09
1.17115e-09
1.09902e-09
1.09365e-09
1.13705e-09
9.83928e-09
8.69873e-09
7.39421e-09
6.21879e-09
5.25606e-09
4.51699e-09
3.99814e-09
3.70298e-09
3.6342e-09
3.74505e-09
3.32144e-08
2.94421e-08
2.51373e-08
2.12348e-08
1.7986e-08
1.54184e-08
1.35289e-08
1.2352e-08
1.19346e-08
1.2174e-08
1.10812e-07
9.85331e-08
8.45686e-08
7.18239e-08
6.10146e-08
5.21958e-08
4.5389e-08
4.07989e-08
3.8727e-08
3.90387e-08
3.65126e-07
3.25866e-07
2.81451e-07
2.40606e-07
2.05205e-07
1.75286e-07
1.5104e-07
1.33485e-07
1.24163e-07
1.23427e-07
1.1871e-06
1.06415e-06
9.26122e-07
7.98084e-07
6.84243e-07
5.84125e-07
4.98802e-07
4.32842e-07
3.93341e-07
3.84526e-07
3.80337e-06
3.42776e-06
3.0107e-06
2.61994e-06
2.26173e-06
1.93209e-06
1.63587e-06
1.39223e-06
1.23163e-06
1.1797e-06
1.19866e-05
1.08743e-05
9.65792e-06
8.50489e-06
7.40791e-06
6.34404e-06
5.33193e-06
4.44726e-06
3.81432e-06
3.5617e-06
3.70674e-05
3.39047e-05
3.05174e-05
2.72631e-05
2.40205e-05
2.06743e-05
1.72846e-05
1.4132e-05
1.16993e-05
1.05764e-05
0.00011211
0.000103593
9.47405e-05
8.61061e-05
7.69745e-05
6.68117e-05
5.57574e-05
4.47711e-05
3.56272e-05
3.08831e-05
0.000330205
0.000308963
0.0002879
0.000267006
0.000243035
0.000213669
0.000178939
0.000141768
0.000108185
8.87544e-05
0.000941933
0.000894825
0.000851912
0.000808591
0.000752225
0.000673465
0.000570191
0.000449669
0.000329898
0.000251853
0.0025847
0.00249979
0.00243713
0.00237304
0.00226445
0.00207696
0.00179494
0.0014295
0.00102285
0.000715372
0.0067676
0.0066792
0.00667674
0.0066773
0.00655343
0.00619381
0.00552357
0.00453035
0.00325987
0.00208833
0.0167505
0.016893
0.0173059
0.0177635
0.0179469
0.0175573
0.016345
0.0141537
0.0111242
0.00715397
4.69406e-18
4.12772e-18
3.50184e-18
2.98887e-18
2.59462e-18
2.34129e-18
2.23341e-18
2.2622e-18
2.43041e-18
2.64902e-18
3.05311e-17
2.67187e-17
2.26309e-17
1.92356e-17
1.66479e-17
1.49986e-17
1.43102e-17
1.45266e-17
1.56148e-17
1.70835e-17
1.25956e-16
1.09528e-16
9.22606e-17
7.78382e-17
6.70405e-17
6.02422e-17
5.74827e-17
5.8571e-17
6.31501e-17
6.94284e-17
4.89439e-16
4.24863e-16
3.56326e-16
2.98794e-16
2.56141e-16
2.29514e-16
2.18853e-16
2.23351e-16
2.41092e-16
2.65108e-16
1.86809e-15
1.62326e-15
1.3589e-15
1.13537e-15
9.6981e-16
8.66518e-16
8.24654e-16
8.40542e-16
9.05748e-16
9.93174e-16
7.05913e-15
6.14753e-15
5.14664e-15
4.29273e-15
3.65778e-15
3.2589e-15
3.09156e-15
3.14016e-15
3.37052e-15
3.68073e-15
2.64632e-14
2.30986e-14
1.93589e-14
1.6141e-14
1.3732e-14
1.21996e-14
1.15247e-14
1.16465e-14
1.24353e-14
1.35209e-14
9.84367e-14
8.61017e-14
7.22746e-14
6.02876e-14
5.12386e-14
4.53895e-14
4.26697e-14
4.28565e-14
4.54828e-14
4.92372e-14
3.63237e-13
3.18328e-13
2.67687e-13
2.23491e-13
1.89822e-13
1.67666e-13
1.56779e-13
1.56386e-13
1.64873e-13
1.77685e-13
1.32924e-12
1.16696e-12
9.832e-13
8.21827e-13
6.9772e-13
6.14491e-13
5.71335e-13
5.65677e-13
5.9215e-13
6.35217e-13
4.82222e-12
4.24079e-12
3.5801e-12
2.99659e-12
2.54343e-12
2.2335e-12
2.06428e-12
2.02765e-12
2.10645e-12
2.24871e-12
1.73378e-11
1.52731e-11
1.29204e-11
1.08316e-11
9.19305e-12
8.04935e-12
7.39317e-12
7.20053e-12
7.41943e-12
7.87979e-12
6.17619e-11
5.44979e-11
4.6206e-11
3.88073e-11
3.29415e-11
2.87602e-11
2.62437e-11
2.53285e-11
2.58682e-11
2.73209e-11
2.17924e-10
1.9262e-10
1.63714e-10
1.37798e-10
1.17018e-10
1.01875e-10
9.23283e-11
8.82418e-11
8.9254e-11
9.36948e-11
7.61413e-10
6.74202e-10
5.74619e-10
4.84901e-10
4.12089e-10
3.57776e-10
3.21935e-10
3.04457e-10
3.04684e-10
3.17699e-10
2.6334e-09
2.33635e-09
1.99768e-09
1.69097e-09
1.43872e-09
1.24583e-09
1.11266e-09
1.04029e-09
1.02882e-09
1.06471e-09
9.01219e-09
8.01381e-09
6.87803e-09
5.84356e-09
4.98021e-09
4.30206e-09
3.81229e-09
3.52028e-09
3.43566e-09
3.52531e-09
3.05065e-08
2.71998e-08
2.34485e-08
2.0011e-08
1.70942e-08
1.47352e-08
1.29522e-08
1.17991e-08
1.13448e-08
1.15273e-08
1.02096e-07
9.13151e-08
7.91358e-08
6.79032e-08
5.81876e-08
5.00735e-08
4.36493e-08
3.91811e-08
3.70383e-08
3.72075e-08
3.37614e-07
3.03064e-07
2.64301e-07
2.28294e-07
1.96447e-07
1.68877e-07
1.45977e-07
1.28951e-07
1.19553e-07
1.1849e-07
1.10217e-06
9.93683e-07
8.73156e-07
7.60315e-07
6.57841e-07
5.65442e-07
4.84749e-07
4.20871e-07
3.81555e-07
3.72071e-07
3.54789e-06
3.21545e-06
2.85132e-06
2.50732e-06
2.18483e-06
1.88015e-06
1.59947e-06
1.3634e-06
1.20441e-06
1.15129e-06
1.12417e-05
1.02533e-05
9.1935e-06
8.18101e-06
7.19403e-06
6.20932e-06
5.24803e-06
4.38906e-06
3.76267e-06
3.50782e-06
3.49774e-05
3.21593e-05
2.92196e-05
2.63758e-05
2.34639e-05
2.03633e-05
1.71352e-05
1.40636e-05
1.16484e-05
1.05168e-05
0.000106535
9.89391e-05
9.13123e-05
8.38378e-05
7.56724e-05
6.62527e-05
5.56961e-05
4.49457e-05
3.58182e-05
3.10132e-05
0.000316332
0.000297387
0.00027955
0.000261808
0.000240563
0.00021338
0.000180139
0.000143597
0.000109848
9.00151e-05
0.000910633
0.000868917
0.000834074
0.000798912
0.000749922
0.000677355
0.000578411
0.00045945
0.000338265
0.000257928
0.00252442
0.00245138
0.00240778
0.00236366
0.00227399
0.00210333
0.00183365
0.00147211
0.00105838
0.000739471
0.00668408
0.00662056
0.00666027
0.00670646
0.00662809
0.00631186
0.00567622
0.00469486
0.0033988
0.00217733
0.0167425
0.0169364
0.0174349
0.0179882
0.0182726
0.0179876
0.0168704
0.0147251
0.0116548
0.00750333
4.67567e-18
4.11223e-18
3.48956e-18
2.97884e-18
2.58572e-18
2.33298e-18
2.22521e-18
2.2532e-18
2.41993e-18
2.63718e-18
3.04082e-17
2.66178e-17
2.25505e-17
1.9168e-17
1.65879e-17
1.49427e-17
1.42551e-17
1.44679e-17
1.55468e-17
1.70045e-17
1.25427e-16
1.09146e-16
9.19388e-17
7.75588e-17
6.67911e-17
6.0011e-17
5.72568e-17
5.83362e-17
6.28899e-17
6.90924e-17
4.87482e-16
4.23352e-16
3.55063e-16
2.97719e-16
2.55191e-16
2.28636e-16
2.17991e-16
2.22441e-16
2.40075e-16
2.63868e-16
1.86088e-15
1.61737e-15
1.354e-15
1.13122e-15
9.66175e-16
8.63174e-16
8.2137e-16
8.37066e-16
9.01838e-16
9.88621e-16
7.03232e-15
6.12499e-15
5.12776e-15
4.27677e-15
3.64386e-15
3.24615e-15
3.07907e-15
3.127e-15
3.35579e-15
3.66393e-15
2.63635e-14
2.30134e-14
1.92865e-14
1.60797e-14
1.36788e-14
1.21511e-14
1.14774e-14
1.1597e-14
1.23804e-14
1.34592e-14
9.80693e-14
8.57831e-14
7.19991e-14
6.00538e-14
5.10362e-14
4.52062e-14
4.24922e-14
4.26719e-14
4.52802e-14
4.90123e-14
3.619e-13
3.17142e-13
2.66648e-13
2.22609e-13
1.89061e-13
1.66981e-13
1.5612e-13
1.55707e-13
1.64135e-13
1.76874e-13
1.3244e-12
1.16248e-12
9.79327e-13
8.18545e-13
6.94899e-13
6.11962e-13
5.68922e-13
5.63212e-13
5.89497e-13
6.32328e-13
4.80445e-12
4.22418e-12
3.56592e-12
2.98456e-12
2.53311e-12
2.2243e-12
2.05557e-12
2.01883e-12
2.09705e-12
2.23856e-12
1.72726e-11
1.52138e-11
1.28693e-11
1.07882e-11
9.15579e-12
8.01629e-12
7.36216e-12
7.16948e-12
7.38665e-12
7.84457e-12
6.15294e-11
5.42884e-11
4.60236e-11
3.8652e-11
3.28086e-11
2.86429e-11
2.61347e-11
2.52207e-11
2.57555e-11
2.72006e-11
2.17115e-10
1.91892e-10
1.6307e-10
1.37248e-10
1.16549e-10
1.01464e-10
9.19499e-11
8.78722e-11
8.88722e-11
9.329e-11
7.58665e-10
6.71703e-10
5.72365e-10
4.82977e-10
4.10452e-10
3.5635e-10
3.20638e-10
3.03207e-10
3.03409e-10
3.16357e-10
2.6242e-09
2.3276e-09
1.98984e-09
1.6843e-09
1.43307e-09
1.24094e-09
1.10827e-09
1.03611e-09
1.02462e-09
1.06033e-09
8.98093e-09
7.98291e-09
6.85116e-09
5.82073e-09
4.96089e-09
4.28548e-09
3.79759e-09
3.50653e-09
3.42204e-09
3.51124e-09
3.03982e-08
2.70947e-08
2.33579e-08
1.99339e-08
1.7029e-08
1.46796e-08
1.29035e-08
1.17544e-08
1.13013e-08
1.14829e-08
1.01726e-07
9.09682e-08
7.88337e-08
6.76454e-08
5.79699e-08
4.98889e-08
4.34898e-08
3.90376e-08
3.69013e-08
3.70692e-08
3.36379e-07
3.01923e-07
2.63302e-07
2.2744e-07
1.95727e-07
1.6827e-07
1.4546e-07
1.28495e-07
1.19127e-07
1.18067e-07
1.09811e-06
9.89929e-07
8.69894e-07
7.57517e-07
6.55476e-07
5.63462e-07
4.83086e-07
4.19439e-07
3.80254e-07
3.708e-07
3.5346e-06
3.20328e-06
2.84081e-06
2.49825e-06
2.17714e-06
1.87374e-06
1.59416e-06
1.35895e-06
1.20048e-06
1.14752e-06
1.11988e-05
1.02154e-05
9.16022e-06
8.15198e-06
7.16927e-06
6.1887e-06
5.23121e-06
4.3753e-06
3.75093e-06
3.49685e-06
3.48444e-05
3.20425e-05
2.91155e-05
2.6284e-05
2.33849e-05
2.02975e-05
1.70822e-05
1.40215e-05
1.16139e-05
1.04855e-05
0.000106136
9.85809e-05
9.09934e-05
8.35522e-05
7.54233e-05
6.60444e-05
5.55301e-05
4.48175e-05
3.57176e-05
3.09257e-05
0.000315164
0.000296341
0.000278597
0.000260934
0.000239787
0.000212726
0.00017962
0.000143207
0.000109558
8.97775e-05
0.000907385
0.000865968
0.000831301
0.000796303
0.000747548
0.000675317
0.000576791
0.000458258
0.000337428
0.000257293
0.00251586
0.00244343
0.00240002
0.00235611
0.0022669
0.00209707
0.00182856
0.00146838
0.00105603
0.000737991
0.00666294
0.00660022
0.00663956
0.00668562
0.00660778
0.00629329
0.00566082
0.00468414
0.00339229
0.00217245
0.0166937
0.0168872
0.0173834
0.0179344
0.0182179
0.0179352
0.0168244
0.0146892
0.0116391
0.00751146
4.99811e-18
4.38888e-18
3.71272e-18
3.15768e-18
2.73217e-18
2.46064e-18
2.34727e-18
2.38111e-18
2.56325e-18
2.79714e-18
3.25999e-17
2.84876e-17
2.40528e-17
2.03641e-17
1.75624e-17
1.57901e-17
1.50663e-17
1.53219e-17
1.65069e-17
1.80809e-17
1.35119e-16
1.17352e-16
9.84682e-17
8.26939e-17
7.09383e-17
6.36028e-17
6.07026e-17
6.19955e-17
6.70372e-17
7.37726e-17
5.27904e-16
4.57364e-16
3.8183e-16
3.18488e-16
2.7179e-16
2.42943e-16
2.31749e-16
2.37182e-16
2.56932e-16
2.83003e-16
2.02444e-15
1.7544e-15
1.46067e-15
1.21288e-15
1.03072e-15
9.18501e-16
8.74678e-16
8.94659e-16
9.68288e-16
1.06433e-15
7.67824e-15
6.66397e-15
5.54303e-15
4.59062e-15
3.88924e-15
3.45523e-15
3.28072e-15
3.34635e-15
3.61087e-15
3.95553e-15
2.88582e-14
2.5086e-14
2.08691e-14
1.72625e-14
1.4594e-14
1.29259e-14
1.22243e-14
1.24132e-14
1.33355e-14
1.45548e-14
1.07508e-13
9.35937e-14
7.79211e-14
6.44387e-14
5.4398e-14
4.8033e-14
4.52104e-14
4.56478e-14
4.87758e-14
5.30331e-14
3.96952e-13
3.46068e-13
2.88462e-13
2.3864e-13
2.01252e-13
1.77159e-13
1.65864e-13
1.66364e-13
1.76669e-13
1.91312e-13
1.45246e-12
1.26806e-12
1.05857e-12
8.76431e-13
7.38606e-13
6.48177e-13
6.03371e-13
6.00746e-13
6.33591e-13
6.83129e-13
5.26579e-12
4.60406e-12
3.84999e-12
3.19113e-12
2.68808e-12
2.35167e-12
2.17574e-12
2.14894e-12
2.24938e-12
2.41387e-12
1.89124e-11
1.65611e-11
1.3875e-11
1.15167e-11
9.69906e-12
8.459e-12
7.77564e-12
7.61333e-12
7.90354e-12
8.43811e-12
6.7276e-11
5.90054e-11
4.95399e-11
4.11912e-11
3.46908e-11
3.01622e-11
2.7537e-11
2.67097e-11
2.74773e-11
2.91712e-11
2.36979e-10
2.08188e-10
1.7521e-10
1.45989e-10
1.22988e-10
1.06607e-10
9.66316e-11
9.27787e-11
9.44958e-11
9.96991e-11
8.2638e-10
7.27254e-10
6.13734e-10
5.12673e-10
4.3218e-10
3.73499e-10
3.36001e-10
3.1906e-10
3.21387e-10
3.3674e-10
2.85183e-09
2.51463e-09
2.12894e-09
1.7838e-09
1.50531e-09
1.29718e-09
1.15771e-09
1.08622e-09
1.08073e-09
1.12356e-09
9.73583e-09
8.60427e-09
7.31213e-09
6.14914e-09
5.19717e-09
4.46643e-09
3.9532e-09
3.66084e-09
3.59232e-09
3.70175e-09
3.2866e-08
2.91251e-08
2.48611e-08
2.09998e-08
1.77875e-08
1.52491e-08
1.33803e-08
1.22152e-08
1.1801e-08
1.20374e-08
1.09656e-07
9.74842e-08
8.3649e-08
7.10399e-08
6.03528e-08
5.16345e-08
4.4903e-08
4.03604e-08
3.83073e-08
3.86147e-08
3.61356e-07
3.22427e-07
2.78418e-07
2.38017e-07
2.03021e-07
1.73445e-07
1.49469e-07
1.32097e-07
1.22864e-07
1.22133e-07
1.17495e-06
1.0529e-06
9.16237e-07
7.89618e-07
6.77096e-07
5.78136e-07
4.93765e-07
4.28497e-07
3.89379e-07
3.80644e-07
3.7643e-06
3.39156e-06
2.97896e-06
2.59257e-06
2.23855e-06
1.91276e-06
1.61985e-06
1.37874e-06
1.2197e-06
1.16823e-06
1.18626e-05
1.07608e-05
9.55755e-06
8.41758e-06
7.33355e-06
6.28216e-06
5.28136e-06
4.4058e-06
3.77885e-06
3.52843e-06
3.6685e-05
3.35554e-05
3.02053e-05
2.69885e-05
2.37846e-05
2.0478e-05
1.71262e-05
1.40058e-05
1.15953e-05
1.04818e-05
0.000110967
0.000102543
9.37902e-05
8.52568e-05
7.62356e-05
6.61942e-05
5.5264e-05
4.43889e-05
3.53255e-05
3.06188e-05
0.000326908
0.000305899
0.000285075
0.000264429
0.000240752
0.000211743
0.000177408
0.000140612
0.000107317
8.80302e-05
0.000932819
0.000886201
0.000843764
0.000800956
0.000745297
0.000667518
0.000565444
0.00044616
0.000327394
0.000249894
0.00256073
0.00247656
0.00241451
0.00235116
0.00224395
0.00205888
0.00178023
0.00141872
0.00101552
0.000710087
0.00670821
0.00662001
0.00661707
0.00661747
0.00649525
0.00614054
0.00547873
0.004497
0.00323751
0.0020734
0.0166132
0.0167522
0.0171588
0.0176104
0.0177918
0.0174086
0.0162134
0.014049
0.01105
0.0071053
5.62899e-18
4.9247e-18
4.14328e-18
3.50285e-18
3.0158e-18
2.70871e-18
2.5849e-18
2.63081e-18
2.84459e-18
3.11466e-18
3.69171e-17
3.21355e-17
2.69685e-17
2.26855e-17
1.94604e-17
1.74463e-17
1.66546e-17
1.69991e-17
1.84058e-17
2.02322e-17
1.54523e-16
1.33627e-16
1.11325e-16
9.28027e-17
7.91337e-17
7.07266e-17
6.75482e-17
6.92877e-17
7.5378e-17
8.32827e-17
6.09779e-16
5.25415e-16
4.34824e-16
3.59525e-16
3.04693e-16
2.714e-16
2.59167e-16
2.66694e-16
2.91107e-16
3.22323e-16
2.35779e-15
2.02942e-15
1.67193e-15
1.37396e-15
1.15834e-15
1.02826e-15
9.80696e-16
1.00992e-15
1.10333e-15
1.2208e-15
8.99839e-15
7.74675e-15
6.36486e-15
5.2084e-15
4.37297e-15
3.86874e-15
3.68081e-15
3.78492e-15
4.12956e-15
4.5598e-15
3.39631e-14
2.92519e-14
2.4e-14
1.95876e-14
1.6395e-14
1.44557e-14
1.37047e-14
1.40448e-14
1.52783e-14
1.68276e-14
1.2683e-13
1.093e-13
8.9637e-14
7.30542e-14
6.10084e-14
5.36116e-14
5.05987e-14
5.16011e-14
5.58919e-14
6.13793e-14
4.68737e-13
4.04265e-13
3.31632e-13
2.70143e-13
2.25227e-13
1.97254e-13
1.85199e-13
1.8771e-13
2.02213e-13
2.21302e-13
1.71486e-12
1.4804e-12
1.21543e-12
9.90241e-13
8.24618e-13
7.19763e-13
6.7184e-13
6.7607e-13
7.23598e-13
7.88761e-13
6.21096e-12
5.36785e-12
4.41275e-12
3.59762e-12
2.99342e-12
2.6039e-12
2.41511e-12
2.41064e-12
2.56097e-12
2.77898e-12
2.227e-11
1.92727e-11
1.58693e-11
1.29523e-11
1.07713e-11
9.33765e-12
8.60157e-12
8.50858e-12
8.96348e-12
9.67693e-12
7.90467e-11
6.85098e-11
5.65215e-11
4.62025e-11
3.8414e-11
3.31865e-11
3.03478e-11
2.97236e-11
3.10194e-11
3.32966e-11
2.77714e-10
2.41079e-10
1.99349e-10
1.63273e-10
1.35761e-10
1.16883e-10
1.06057e-10
1.02755e-10
1.06113e-10
1.13171e-10
9.6552e-10
8.39596e-10
6.96134e-10
5.7154e-10
4.75434e-10
4.07927e-10
3.67105e-10
3.51478e-10
3.58731e-10
3.79819e-10
3.32065e-09
2.89321e-09
2.4065e-09
1.98162e-09
1.64975e-09
1.41075e-09
1.25854e-09
1.18944e-09
1.19812e-09
1.25815e-09
1.1293e-08
9.86222e-09
8.23406e-09
6.80444e-09
5.67216e-09
4.83469e-09
4.27352e-09
3.98197e-09
3.95212e-09
4.1113e-09
3.79595e-08
3.32421e-08
2.78771e-08
2.31366e-08
1.9323e-08
1.64198e-08
1.43744e-08
1.31874e-08
1.28714e-08
1.32458e-08
1.26039e-07
1.10733e-07
9.33497e-08
7.7886e-08
6.5221e-08
5.52714e-08
4.79023e-08
4.32075e-08
4.13784e-08
4.20501e-08
4.13057e-07
3.64264e-07
3.09031e-07
2.59513e-07
2.18106e-07
1.8443e-07
1.58201e-07
1.40085e-07
1.31276e-07
1.31449e-07
1.33456e-06
1.18225e-06
1.01074e-06
8.55528e-07
7.22551e-07
6.10151e-07
5.18004e-07
4.49621e-07
4.10992e-07
4.04349e-07
4.24466e-06
3.78142e-06
3.26307e-06
2.78888e-06
2.37076e-06
2.00164e-06
1.68255e-06
1.42967e-06
1.27001e-06
1.22311e-06
1.32642e-05
1.18989e-05
1.03841e-05
8.98094e-06
7.7002e-06
6.51174e-06
5.42518e-06
4.50874e-06
3.87599e-06
3.63589e-06
4.06166e-05
3.67492e-05
3.25099e-05
2.85263e-05
2.4733e-05
2.10022e-05
1.73779e-05
1.41266e-05
1.16991e-05
1.06172e-05
0.00012145
0.000111053
9.98556e-05
8.91605e-05
7.84223e-05
6.71011e-05
5.53318e-05
4.40734e-05
3.50141e-05
3.04554e-05
0.000353026
0.000327012
0.000299751
0.000273238
0.000244724
0.000211964
0.000175127
0.000137312
0.000104388
8.5921e-05
0.000991891
0.000933307
0.00087472
0.000816681
0.000747912
0.000659492
0.000550159
0.000428405
0.000312336
0.00023923
0.0026754
0.00256428
0.00246381
0.00236281
0.00222161
0.00200742
0.00170804
0.00134052
0.000950684
0.000666764
0.0068723
0.00672628
0.00663694
0.00654929
0.00634331
0.00591211
0.0051916
0.00419249
0.00297997
0.00190927
0.0166609
0.0166791
0.0169031
0.0171616
0.0171484
0.0165732
0.0152107
0.0129691
0.0100436
0.00642415
6.55469e-18
5.70192e-18
4.76702e-18
4.00558e-18
3.43182e-18
3.07436e-18
2.93526e-18
2.99803e-18
3.25945e-18
3.58945e-18
4.3203e-17
3.73471e-17
3.11094e-17
2.59922e-17
2.21806e-17
1.983e-17
1.89406e-17
1.94109e-17
2.11566e-17
2.3419e-17
1.82862e-16
1.5674e-16
1.29337e-16
1.06971e-16
9.06814e-17
8.08001e-17
7.72235e-17
7.96048e-17
8.7359e-17
9.73931e-17
7.2955e-16
6.21746e-16
5.08372e-16
4.16354e-16
3.50476e-16
3.11126e-16
2.97423e-16
3.08003e-16
3.39975e-16
3.80694e-16
2.84434e-15
2.41679e-15
1.96279e-15
1.59478e-15
1.33403e-15
1.17984e-15
1.1271e-15
1.16995e-15
1.29548e-15
1.45231e-15
1.09162e-14
9.26431e-15
7.48904e-15
6.04824e-15
5.03292e-15
4.43479e-15
4.22889e-15
4.39003e-15
4.8641e-15
5.44909e-15
4.13426e-14
3.50719e-14
2.82653e-14
2.27312e-14
1.88372e-14
1.65379e-14
1.57229e-14
1.62885e-14
1.80208e-14
2.01556e-14
1.54668e-13
1.31189e-13
1.05561e-13
8.46669e-14
6.99413e-14
6.11809e-14
5.79291e-14
5.97771e-14
6.59198e-14
7.35548e-14
5.71899e-13
4.85244e-13
3.9024e-13
3.12539e-13
2.57571e-13
2.24489e-13
2.11492e-13
2.17033e-13
2.38194e-13
2.6496e-13
2.09109e-12
1.77564e-12
1.42831e-12
1.14333e-12
9.40605e-13
8.16791e-13
7.65034e-13
7.79662e-13
8.50459e-13
9.4243e-13
7.56425e-12
6.42904e-12
5.17646e-12
4.1445e-12
3.40537e-12
2.94617e-12
2.74152e-12
2.77128e-12
3.00079e-12
3.31039e-12
2.70742e-11
2.30392e-11
1.8577e-11
1.48851e-11
1.222e-11
1.05325e-11
9.73092e-12
9.74576e-12
1.04631e-11
1.1483e-11
9.58854e-11
8.17214e-11
6.60093e-11
5.29592e-11
4.34546e-11
3.73118e-11
3.42056e-11
3.39042e-11
3.60472e-11
3.93274e-11
3.36023e-10
2.86857e-10
2.32196e-10
1.86624e-10
1.53103e-10
1.30957e-10
1.19057e-10
1.1666e-10
1.22677e-10
1.32944e-10
1.16492e-09
9.962e-10
8.08444e-10
6.51269e-10
5.34387e-10
4.55328e-10
4.10275e-10
3.96956e-10
4.12285e-10
4.43394e-10
3.99341e-09
3.42146e-09
2.78556e-09
2.25041e-09
1.84758e-09
1.56819e-09
1.39964e-09
1.33546e-09
1.36779e-09
1.45826e-09
1.35308e-08
1.16191e-08
9.49639e-09
7.69844e-09
6.32679e-09
5.34966e-09
4.72662e-09
4.44133e-09
4.47761e-09
4.72645e-09
4.52926e-08
3.90056e-08
3.20212e-08
2.60672e-08
2.14562e-08
1.80758e-08
1.58007e-08
1.45992e-08
1.44574e-08
1.50864e-08
1.49685e-07
1.29353e-07
1.06739e-07
8.73384e-08
7.20538e-08
6.04935e-08
5.22896e-08
4.74298e-08
4.60216e-08
4.73854e-08
4.87956e-07
4.23325e-07
3.51512e-07
2.89443e-07
2.39561e-07
2.00525e-07
1.71327e-07
1.52299e-07
1.44374e-07
1.46332e-07
1.56684e-06
1.36555e-06
1.14274e-06
9.48291e-07
7.88361e-07
6.58394e-07
5.55919e-07
4.83465e-07
4.4623e-07
4.43902e-07
4.94734e-06
4.33667e-06
3.66333e-06
3.06909e-06
2.56688e-06
2.14119e-06
1.78705e-06
1.51803e-06
1.35879e-06
1.3216e-06
1.5328e-05
1.35334e-05
1.15621e-05
9.80078e-06
8.26333e-06
6.89632e-06
5.69404e-06
4.71892e-06
4.07804e-06
3.85875e-06
4.6461e-05
4.13866e-05
3.58467e-05
3.08266e-05
2.62697e-05
2.19885e-05
1.79933e-05
1.45444e-05
1.20771e-05
1.10435e-05
0.00013725
0.0001236
0.000108841
9.52507e-05
8.23103e-05
6.93383e-05
5.64195e-05
4.45438e-05
3.53793e-05
3.09819e-05
0.000393228
0.000358885
0.000322303
0.000288028
0.000253384
0.000215827
0.000175549
0.000135951
0.000102993
8.53241e-05
0.00108613
0.0010074
0.000925653
0.000847741
0.000762575
0.000660682
0.000541391
0.000414846
0.000300229
0.000231522
0.00287176
0.00271473
0.00255981
0.00241036
0.00222708
0.00197634
0.00164885
0.00126887
0.000889115
0.000627775
0.00721027
0.00696493
0.00675459
0.00655449
0.00624466
0.00571739
0.00491803
0.0038835
0.00271123
0.00174618
0.0170415
0.016852
0.0168218
0.0168319
0.0165727
0.0157521
0.0141659
0.011802
0.00892221
0.00570246
7.49132e-18
6.47195e-18
5.37925e-18
4.49997e-18
3.84326e-18
3.437e-18
3.28199e-18
3.36063e-18
3.67356e-18
4.07677e-18
4.98563e-17
4.26528e-17
3.52768e-17
2.93353e-17
2.49484e-17
2.22628e-17
2.12674e-17
2.18517e-17
2.39752e-17
2.6847e-17
2.13459e-16
1.805e-16
1.47608e-16
1.2145e-16
1.02577e-16
9.12119e-17
8.7185e-17
9.0135e-17
9.97685e-17
1.12893e-16
8.57242e-16
7.19937e-16
5.8219e-16
4.73838e-16
3.97245e-16
3.51864e-16
3.36454e-16
3.49809e-16
3.90318e-16
4.44025e-16
3.35275e-15
2.806e-15
2.24976e-15
1.8142e-15
1.51057e-15
1.33281e-15
1.27397e-15
1.32932e-15
1.49063e-15
1.6984e-15
1.28841e-14
1.07669e-14
8.58084e-15
6.86923e-15
5.686e-15
4.99765e-15
4.77047e-15
4.98421e-15
5.6e-15
6.37665e-15
4.88101e-14
4.07723e-14
3.23665e-14
2.57723e-14
2.12307e-14
1.85898e-14
1.76997e-14
1.8474e-14
2.07439e-14
2.35764e-14
1.82554e-13
1.52507e-13
1.2079e-13
9.58365e-14
7.86518e-14
6.86081e-14
6.50811e-14
6.77137e-14
7.58273e-14
8.59452e-14
6.74593e-13
5.63821e-13
4.46116e-13
3.53195e-13
2.89032e-13
2.51168e-13
2.37119e-13
2.45471e-13
2.73655e-13
3.09109e-13
2.4645e-12
2.06126e-12
1.63097e-12
1.28995e-12
1.05335e-12
9.11856e-13
8.55932e-13
8.80198e-13
9.75398e-13
1.0973e-12
8.90396e-12
7.45489e-12
5.90322e-12
4.66822e-12
3.80599e-12
3.28198e-12
3.06056e-12
3.12196e-12
3.43426e-12
3.84532e-12
3.18193e-11
2.66795e-11
2.11538e-11
1.67372e-11
1.36307e-11
1.17077e-11
1.08383e-11
1.09525e-11
1.19442e-11
1.33019e-11
1.12501e-10
9.44819e-11
7.50417e-11
5.94416e-11
4.83746e-11
4.13837e-11
3.80051e-11
3.79994e-11
4.1029e-11
4.54134e-11
3.93523e-10
3.31058e-10
2.63498e-10
2.09071e-10
1.70087e-10
1.44915e-10
1.31935e-10
1.30359e-10
1.39166e-10
1.52968e-10
1.36154e-09
1.14748e-09
9.15669e-10
7.28138e-10
5.92373e-10
5.02629e-10
4.53362e-10
4.4209e-10
4.65941e-10
5.08115e-10
4.65782e-09
3.93293e-09
3.14847e-09
2.51056e-09
2.04326e-09
1.72653e-09
1.54181e-09
1.48178e-09
1.53923e-09
1.66346e-09
1.57452e-08
1.33262e-08
1.0709e-08
8.5679e-09
6.97894e-09
5.87276e-09
5.18882e-09
4.90747e-09
5.01466e-09
5.36346e-09
5.25649e-08
4.4622e-08
3.60167e-08
2.89341e-08
2.36007e-08
1.97795e-08
1.7279e-08
1.6056e-08
1.61031e-08
1.70179e-08
1.73211e-07
1.47542e-07
1.19707e-07
9.66533e-08
7.90015e-08
6.59555e-08
5.69333e-08
5.18857e-08
5.09408e-08
5.30877e-08
5.62802e-07
4.8125e-07
3.92901e-07
3.19216e-07
2.61701e-07
2.17728e-07
1.85618e-07
1.65597e-07
1.58663e-07
1.62654e-07
1.80048e-06
1.54648e-06
1.27234e-06
1.04168e-06
8.57588e-07
7.11482e-07
5.98868e-07
5.22013e-07
4.86344e-07
4.88933e-07
5.65932e-06
4.88872e-06
4.06004e-06
3.35561e-06
2.77853e-06
2.30106e-06
1.91245e-06
1.62585e-06
1.46676e-06
1.44036e-06
1.74354e-05
1.51711e-05
1.27434e-05
1.06564e-05
8.89277e-06
7.36333e-06
6.04687e-06
5.00666e-06
4.35304e-06
4.15427e-06
5.24886e-05
4.60807e-05
3.92452e-05
3.32956e-05
2.80762e-05
2.32989e-05
1.89371e-05
1.52624e-05
1.27241e-05
1.17227e-05
0.000153763
0.000136478
0.000118196
0.000102062
8.72494e-05
7.28111e-05
5.87564e-05
4.61464e-05
3.67118e-05
3.23644e-05
0.000436033
0.000392255
0.000346593
0.000305683
0.000265967
0.000224237
0.000180586
0.000138761
0.000105012
8.75589e-05
0.0011894
0.00108754
0.000983792
0.000889502
0.0007912
0.000677919
0.000549067
0.000416245
0.000300102
0.00023314
0.00309821
0.00288783
0.00268315
0.00249548
0.00227957
0.00199894
0.00164559
0.00124911
0.000869532
0.000620098
0.0076447
0.00728335
0.00696803
0.00668288
0.00629416
0.00568996
0.00482244
0.00374249
0.00259667
0.00169716
0.0177182
0.0172881
0.017049
0.0168757
0.0164276
0.0154083
0.0136397
0.0111311
0.00831589
0.00547926
0.0388278
0.0388464
0.0394793
0.0402972
0.0405494
0.0395635
0.0368953
0.0320994
0.0265855
0.0203109
0.0773888
0.0792242
0.0826176
0.0865193
0.0895969
0.0907192
0.0892919
0.0846237
0.0780814
0.0716153
0.141643
0.147814
0.157194
0.167689
0.177308
0.184615
0.188976
0.190248
0.188473
0.186624
0.236978
0.250633
0.26959
0.290252
0.310001
0.327276
0.341373
0.35234
0.36007
0.365956
0.361655
0.384977
0.415136
0.446745
0.47673
0.503894
0.527801
0.548745
0.567832
0.586527
0.504284
0.536382
0.57448
0.612414
0.647429
0.679029
0.706986
0.732138
0.75818
0.786188
0.646188
0.682354
0.721155
0.757807
0.790209
0.818821
0.843249
0.865168
0.891981
0.924642
0.768708
0.802768
0.835014
0.86401
0.888327
0.909076
0.925603
0.940395
0.965293
1.00458
0.860811
0.888388
0.910376
0.92962
0.944916
0.956924
0.966223
0.97175
0.991504
1.03481
0.921782
0.941536
0.954064
0.965261
0.973924
0.980301
0.986689
0.987335
1.0038
1.03047
0.0381047
0.0386103
0.0396371
0.0408368
0.0415306
0.0410489
0.0389075
0.034465
0.0292457
0.022019
0.0775907
0.0803973
0.0844882
0.0891353
0.0931631
0.0954392
0.0954062
0.0921369
0.087023
0.0808444
0.144847
0.1529
0.163377
0.175108
0.186426
0.195932
0.203144
0.208015
0.210544
0.212832
0.246117
0.263116
0.283452
0.305628
0.327621
0.347915
0.36592
0.381963
0.395933
0.408244
0.37875
0.40718
0.43818
0.470214
0.50152
0.530873
0.557784
0.582689
0.606858
0.630476
0.528211
0.565979
0.603272
0.639455
0.673524
0.705135
0.733583
0.760116
0.788825
0.815865
0.672456
0.713375
0.749526
0.782204
0.811477
0.838442
0.860586
0.883156
0.910708
0.931253
0.792244
0.82937
0.858059
0.882117
0.902528
0.92162
0.93393
0.953707
0.971777
0.989391
0.878484
0.907551
0.926514
0.94124
0.953143
0.964059
0.969768
0.981159
0.989554
1.01697
0.933168
0.953424
0.964151
0.971999
0.978221
0.983098
0.989144
0.984211
0.993428
1.03067
0.0381856
0.0391166
0.0406405
0.0423504
0.0435901
0.043706
0.0421734
0.0381501
0.0331342
0.0252792
0.079911
0.0835753
0.0885508
0.0941368
0.0992458
0.102807
0.104281
0.102744
0.0990029
0.0941069
0.152885
0.162568
0.174369
0.187497
0.200539
0.212221
0.222235
0.230767
0.237811
0.244614
0.264439
0.284142
0.305893
0.329383
0.353146
0.37582
0.396924
0.416978
0.435535
0.452479
0.409843
0.441519
0.472573
0.504238
0.535608
0.565637
0.593755
0.620423
0.646842
0.672324
0.567815
0.607984
0.643068
0.676304
0.707807
0.737537
0.764247
0.78955
0.817469
0.843018
0.711738
0.753301
0.785356
0.813309
0.838322
0.861925
0.880365
0.900507
0.92423
0.941413
0.823682
0.859902
0.884098
0.90345
0.919764
0.935646
0.944668
0.961439
0.974454
0.990148
0.899517
0.926948
0.942414
0.953756
0.962834
0.971627
0.976295
0.984719
0.988961
1.01713
0.945427
0.964015
0.972673
0.978602
0.983076
0.987235
0.992268
0.985041
0.994321
1.03428
0.0387724
0.0399471
0.0418162
0.0439025
0.045553
0.046122
0.0450534
0.0413501
0.0364754
0.0281589
0.0829095
0.0870648
0.0926134
0.0988351
0.104699
0.109182
0.111753
0.111383
0.10883
0.104926
0.161548
0.172156
0.184674
0.198588
0.212706
0.225853
0.23779
0.248758
0.258728
0.26866
0.282742
0.303915
0.326033
0.349835
0.374283
0.398175
0.421056
0.443486
0.464673
0.484178
0.439159
0.471986
0.501965
0.532297
0.562773
0.59251
0.620792
0.647951
0.674914
0.70076
0.603129
0.643268
0.675389
0.705373
0.73409
0.761705
0.786662
0.810296
0.836602
0.86051
0.745058
0.785033
0.812858
0.836627
0.858014
0.878722
0.89468
0.912176
0.933631
0.948745
0.849212
0.882822
0.902819
0.91844
0.931631
0.945005
0.952238
0.966062
0.977573
0.99191
0.916044
0.940696
0.952976
0.961792
0.968852
0.97607
0.979965
0.985504
0.989116
1.01844
0.954873
0.971036
0.977747
0.982312
0.985694
0.98926
0.993535
0.984467
0.993681
1.03682
0.0392293
0.0405095
0.0425345
0.0447983
0.0466503
0.0474506
0.0466243
0.0430841
0.0382477
0.0296437
0.0848594
0.0892268
0.0950082
0.101497
0.107702
0.112629
0.115748
0.116014
0.113765
0.110438
0.16692
0.177924
0.190651
0.204802
0.219339
0.233129
0.245975
0.258134
0.269393
0.280561
0.293814
0.315579
0.337554
0.361151
0.385628
0.409908
0.433518
0.456945
0.479178
0.49959
0.456274
0.489471
0.518415
0.547543
0.577123
0.606388
0.634521
0.661692
0.688665
0.71433
0.623058
0.662941
0.693041
0.720841
0.747729
0.773998
0.797916
0.820599
0.845973
0.868762
0.763193
0.802205
0.827509
0.848779
0.868066
0.887194
0.901895
0.918158
0.93844
0.952342
0.862673
0.894923
0.912589
0.926127
0.937625
0.949771
0.956132
0.96892
0.979491
0.993228
0.924558
0.947864
0.95844
0.965891
0.9719
0.978426
0.98188
0.986667
0.989675
1.01909
0.959672
0.974755
0.98043
0.984247
0.98708
0.990373
0.994333
0.984786
0.993832
1.03718
0.0391252
0.0404006
0.0424173
0.0446716
0.0465162
0.0473153
0.0464934
0.0429622
0.0381953
0.0297259
0.0846562
0.0890103
0.09477
0.101233
0.107416
0.112328
0.115452
0.115644
0.113883
0.110485
0.166567
0.177543
0.190229
0.204333
0.218827
0.232578
0.245419
0.257544
0.268921
0.280438
0.293288
0.315003
0.336925
0.36047
0.3849
0.409141
0.432735
0.45615
0.47837
0.498828
0.455616
0.488758
0.517668
0.546768
0.576331
0.60559
0.633736
0.660942
0.687984
0.713721
0.622385
0.662228
0.692335
0.720149
0.747057
0.773372
0.797319
0.820083
0.845593
0.868412
0.76264
0.801643
0.826979
0.84829
0.867611
0.886821
0.901499
0.917926
0.93836
0.952112
0.862309
0.894554
0.912263
0.925844
0.937365
0.949619
0.955805
0.969024
0.979615
0.992937
0.924355
0.947663
0.958272
0.965751
0.971766
0.978399
0.981556
0.987
0.989843
1.01861
0.959569
0.974664
0.980349
0.98418
0.987019
0.990352
0.994258
0.984611
0.993758
1.03733
0.0384804
0.0396389
0.0414845
0.0435453
0.045177
0.0457439
0.0446981
0.0410437
0.0362272
0.027972
0.082347
0.086456
0.0919436
0.0980977
0.103901
0.108345
0.110914
0.110593
0.107998
0.10427
0.160582
0.171092
0.183495
0.197283
0.211274
0.224315
0.236191
0.247138
0.257104
0.267053
0.281293
0.30231
0.324277
0.347925
0.372237
0.396018
0.418837
0.441217
0.462459
0.482031
0.437339
0.469998
0.499865
0.530111
0.560527
0.590247
0.618554
0.645767
0.672912
0.698935
0.601253
0.641263
0.673373
0.703391
0.732162
0.75989
0.784944
0.808767
0.835304
0.859381
0.743486
0.783388
0.811304
0.835194
0.856697
0.877581
0.893656
0.911409
0.93297
0.94816
0.848147
0.881682
0.901829
0.917594
0.930899
0.944411
0.951764
0.965789
0.977323
0.991732
0.91544
0.939979
0.952442
0.96137
0.96851
0.975804
0.979833
0.985459
0.989094
1.01835
0.95456
0.970624
0.97751
0.982127
0.985552
0.989168
0.993514
0.98451
0.993724
1.03624
0.0377483
0.0386559
0.040146
0.0418201
0.0430348
0.0431501
0.0416516
0.0377044
0.0327811
0.0250049
0.0790843
0.0826808
0.0875664
0.0930543
0.098078
0.10159
0.10307
0.101597
0.0979537
0.0931569
0.151492
0.161029
0.172655
0.185593
0.198457
0.209985
0.219919
0.228433
0.235553
0.242407
0.262383
0.281851
0.303351
0.326591
0.35013
0.37263
0.393632
0.413603
0.432223
0.449287
0.407254
0.438657
0.469499
0.500991
0.532234
0.562212
0.590313
0.617036
0.643644
0.669382
0.565116
0.605056
0.640058
0.673291
0.704837
0.734715
0.761542
0.787102
0.815238
0.841121
0.709435
0.750856
0.782969
0.811059
0.836225
0.860074
0.878755
0.899254
0.922989
0.940499
0.822069
0.858203
0.88253
0.902058
0.91854
0.934559
0.944062
0.960707
0.974014
0.990043
0.898551
0.925938
0.94153
0.953003
0.96222
0.970997
0.976309
0.984108
0.988825
1.01751
0.944909
0.963456
0.972214
0.978213
0.982774
0.986986
0.992178
0.985119
0.994487
1.03414
0.0375761
0.0380554
0.0390445
0.0402039
0.0408695
0.0403871
0.0382808
0.0339045
0.0287386
0.0216823
0.0766138
0.0793441
0.0833324
0.087866
0.0917954
0.0940159
0.0939835
0.0907071
0.0857967
0.079663
0.143238
0.151127
0.1614
0.172904
0.184013
0.193339
0.200465
0.205288
0.207919
0.210136
0.243793
0.260541
0.280564
0.302418
0.324118
0.344161
0.362034
0.377847
0.391909
0.404266
0.375921
0.404017
0.434689
0.466451
0.497526
0.526738
0.55355
0.578383
0.602985
0.626864
0.525231
0.562749
0.599823
0.635896
0.66991
0.701635
0.730064
0.75676
0.786079
0.81338
0.669832
0.7106
0.746734
0.779496
0.808848
0.83615
0.858113
0.881358
0.908529
0.929251
0.790308
0.827402
0.856202
0.880458
0.90098
0.920315
0.93255
0.95229
0.970677
0.988806
0.87722
0.906333
0.925505
0.940439
0.952443
0.963369
0.96978
0.980755
0.98947
1.01654
0.932467
0.95271
0.963669
0.971677
0.977891
0.982825
0.988914
0.984166
0.993955
1.03035
0.0382537
0.0382471
0.0388401
0.0396146
0.0398365
0.038849
0.0362167
0.0314935
0.0260725
0.0198911
0.0763489
0.0781084
0.0813918
0.0851728
0.0881473
0.0892092
0.0877799
0.0831484
0.0767062
0.0703042
0.139964
0.145971
0.155129
0.165381
0.174778
0.181909
0.186168
0.187385
0.185605
0.183734
0.234592
0.247986
0.266604
0.286912
0.306334
0.32334
0.33725
0.34801
0.355672
0.361465
0.35875
0.38176
0.411517
0.442784
0.472498
0.499466
0.523254
0.543994
0.563145
0.581897
0.50123
0.533081
0.570895
0.608643
0.643566
0.675193
0.703266
0.728371
0.754811
0.783173
0.64351
0.679502
0.718204
0.754877
0.787378
0.816211
0.840938
0.863079
0.890318
0.923401
0.766751
0.800717
0.832994
0.862126
0.886643
0.907599
0.924421
0.939519
0.964098
1.00404
0.859615
0.88706
0.909193
0.928589
0.944117
0.95626
0.965805
0.97171
0.991399
1.0342
0.921229
0.940759
0.953436
0.964748
0.973599
0.980117
0.986652
0.987385
1.00413
1.02997
0.958081
0.970985
0.976984
0.982969
0.987773
0.991811
0.997818
1.00309
1.01812
1.03658
0.978
0.985913
0.988205
0.991183
0.993652
0.995591
0.997653
0.998047
0.990236
0.973171
0.98837
0.99293
0.993556
0.995046
0.996226
0.99706
0.997586
0.997103
0.991786
0.988154
0.993635
0.996062
0.996109
0.99688
0.9973
0.997575
0.997547
0.996743
0.9934
0.992206
0.996266
0.997504
0.997413
0.997756
0.997742
0.997796
0.997633
0.996997
0.995013
0.995417
0.997539
0.998197
0.997969
0.998082
0.997988
0.997995
0.997851
0.997375
0.996049
0.996829
0.998111
0.998444
0.998158
0.998195
0.998222
0.998152
0.997988
0.997709
0.996816
0.997532
0.998352
0.998463
0.998241
0.998362
0.998329
0.998202
0.998077
0.997942
0.997409
0.997766
0.99844
0.998414
0.998242
0.998502
0.998297
0.998297
0.998135
0.998076
0.997896
0.997779
0.998456
0.9984
0.998265
0.99847
0.99823
0.998399
0.998189
0.998079
0.998062
0.997972
0.99846
0.998453
0.998297
0.998319
0.998241
0.998427
0.998295
0.998125
0.998143
0.998174
0.998454
0.998512
0.998333
0.998256
0.998343
0.998362
0.998366
0.99821
0.998274
0.998183
0.99838
0.99853
0.998284
0.998225
0.998367
0.998154
0.998367
0.998216
0.998283
0.99808
0.998151
0.998613
0.998169
0.998188
0.998363
0.9981
0.998374
0.998177
0.998311
0.997948
0.997947
0.998718
0.9981
0.998299
0.998351
0.998322
0.998332
0.998108
0.998468
0.997949
0.998058
0.998596
0.998114
0.998393
0.998296
0.998429
0.998253
0.998081
0.998525
0.997969
0.998173
0.998447
0.998177
0.998371
0.998295
0.99835
0.998276
0.998105
0.99847
0.997937
0.998104
0.998435
0.998165
0.998246
0.998286
0.998183
0.998352
0.998089
0.998405
0.997806
0.997891
0.998512
0.998104
0.998232
0.998273
0.998151
0.998403
0.998048
0.998423
0.997633
0.997639
0.998618
0.998084
0.998437
0.99831
0.99837
0.998411
0.997968
0.998627
0.997512
0.997662
0.998549
0.998084
0.998505
0.998343
0.99843
0.998363
0.99785
0.998708
0.9973
0.99759
0.99852
0.99805
0.998474
0.998324
0.998246
0.998329
0.997672
0.998683
0.996962
0.997096
0.998564
0.997829
0.998352
0.998104
0.997865
0.998174
0.997368
0.998716
0.996462
0.996229
0.998675
0.997251
0.997888
0.997587
0.997318
0.997653
0.996859
0.998695
0.995769
0.995425
0.99887
0.996467
0.997096
0.99676
0.996672
0.996804
0.996079
0.998622
0.995127
0.995168
0.998641
0.995581
0.996213
0.99585
0.99593
0.995936
0.995279
0.998521
0.994662
0.994179
0.997715
0.994152
0.995162
0.995052
0.995139
0.995133
0.994186
0.997938
0.993589
0.991361
0.996911
0.992361
0.994046
0.994333
0.994395
0.994399
0.992701
0.997112
0.99136
0.990621
0.99945
0.993042
0.994932
0.995273
0.995317
0.995284
0.993425
0.999217
0.991503
0.999092
1.00415
0.998868
0.999834
0.999946
0.999965
0.999926
0.99907
1.00408
0.999312
0.964643
0.977429
0.982803
0.986908
0.990147
0.992985
1.00063
0.992181
1.00816
1.05327
0.981525
0.988986
0.991448
0.993635
0.995123
0.996493
0.999576
0.995682
0.990154
0.969849
0.99013
0.994266
0.995453
0.99646
0.997079
0.997751
0.997844
0.996789
0.990172
0.990223
0.994433
0.996632
0.997339
0.997549
0.997851
0.998097
0.997774
0.996258
0.99349
0.993363
0.996583
0.997664
0.998082
0.998051
0.998155
0.998217
0.997782
0.997036
0.994937
0.995597
0.997747
0.998124
0.998352
0.998474
0.998339
0.998308
0.997973
0.997438
0.996068
0.996528
0.998328
0.998436
0.998614
0.9988
0.998434
0.998371
0.998195
0.99783
0.996883
0.997256
0.998563
0.998677
0.998887
0.998724
0.998487
0.998454
0.998379
0.998105
0.997513
0.997777
0.998645
0.998795
0.999109
0.998544
0.998604
0.998516
0.998518
0.998303
0.99793
0.998214
0.998629
0.998791
0.999025
0.998584
0.998722
0.998535
0.998622
0.998481
0.998086
0.998333
0.998662
0.998841
0.998837
0.998786
0.998786
0.998547
0.998668
0.99857
0.998215
0.998354
0.998721
0.99896
0.998762
0.999002
0.998779
0.99862
0.998705
0.998589
0.998437
0.998451
0.998723
0.99901
0.998698
0.99908
0.998794
0.998868
0.998785
0.998638
0.998821
0.99853
0.998779
0.99905
0.998723
0.999144
0.99882
0.999051
0.998843
0.998675
0.999154
0.998569
0.998859
0.999082
0.998758
0.998989
0.998809
0.998845
0.99887
0.998685
0.999042
0.998489
0.998726
0.999091
0.998746
0.99878
0.998841
0.998672
0.99892
0.998714
0.998918
0.998406
0.99858
0.999135
0.998707
0.998825
0.998891
0.998764
0.998956
0.998729
0.99909
0.998424
0.9986
0.999212
0.998668
0.999045
0.998948
0.998994
0.998992
0.998734
0.999408
0.9985
0.998703
0.999274
0.998663
0.999237
0.998969
0.999164
0.999011
0.998682
0.999652
0.998593
0.998821
0.999252
0.998648
0.999062
0.998913
0.998943
0.999006
0.998614
0.999548
0.998574
0.998787
0.999177
0.998627
0.998928
0.998903
0.998776
0.99907
0.998662
0.9996
0.998492
0.998785
0.999153
0.998626
0.999005
0.998978
0.998927
0.999186
0.998784
0.999976
0.998462
0.998758
0.999391
0.998731
0.999146
0.999206
0.999356
0.999396
0.998947
1.00044
0.998462
0.998632
1.00021
0.999108
0.999525
0.999691
1.00003
0.999841
0.99932
1.00124
0.998454
0.998583
1.00163
0.999821
1.00027
1.00048
1.00068
1.00066
1.0001
1.00261
0.998404
0.998435
1.00302
1.00064
1.00137
1.00153
1.00154
1.00179
1.00081
1.00407
0.998325
0.99774
1.00373
1.00079
1.00227
1.00228
1.00224
1.00242
1.00054
1.00442
0.997837
0.996846
1.00489
1.00052
1.00299
1.00291
1.00282
1.00264
1.00003
1.00446
0.997189
0.999166
1.00884
1.00212
1.00471
1.00462
1.00454
1.00426
1.00181
1.00741
0.999378
1.00412
1.00903
1.00358
1.00471
1.0047
1.00468
1.00462
1.00359
1.00853
1.00411
0.971047
0.982576
0.987087
0.990132
0.99233
0.995186
1.0013
0.991156
1.01018
1.05417
0.984674
0.991268
0.993623
0.995161
0.996215
0.9974
0.999933
0.996495
0.993569
0.968554
0.991717
0.995265
0.996581
0.99739
0.997842
0.998308
0.99829
0.998155
0.993022
0.993524
0.99523
0.997136
0.997943
0.998377
0.998476
0.998581
0.998273
0.997306
0.996099
0.996156
0.996987
0.998014
0.998577
0.998751
0.998684
0.998657
0.998341
0.997987
0.996203
0.99723
0.997894
0.998355
0.998838
0.998855
0.998741
0.998708
0.998424
0.998152
0.996958
0.997674
0.998363
0.998497
0.998869
0.99884
0.998727
0.998717
0.998518
0.998296
0.99744
0.997987
0.998587
0.998596
0.998798
0.998808
0.998721
0.998726
0.998574
0.998371
0.997827
0.998154
0.998576
0.99868
0.998766
0.998785
0.998738
0.998691
0.998608
0.998414
0.998056
0.998296
0.998507
0.998723
0.998775
0.998767
0.998735
0.998639
0.998622
0.998513
0.998259
0.998302
0.998471
0.998693
0.998704
0.99874
0.998679
0.998613
0.998603
0.998542
0.998403
0.998274
0.998441
0.998628
0.998558
0.998669
0.998579
0.998601
0.998578
0.998499
0.99849
0.998217
0.998392
0.998605
0.998485
0.998643
0.998516
0.998609
0.998558
0.998448
0.998541
0.99818
0.998278
0.998637
0.998494
0.998634
0.998496
0.998575
0.998544
0.998414
0.998561
0.998182
0.99825
0.998647
0.998481
0.998607
0.998522
0.998526
0.998573
0.998431
0.998626
0.998145
0.998234
0.998646
0.998421
0.998592
0.998555
0.998518
0.998612
0.99843
0.998735
0.998063
0.998156
0.998645
0.998333
0.998555
0.998516
0.998504
0.998583
0.998328
0.998748
0.998035
0.998153
0.998594
0.998208
0.998526
0.99845
0.998489
0.998521
0.998211
0.998694
0.998033
0.998163
0.998556
0.998108
0.998478
0.998422
0.998444
0.998496
0.998158
0.998663
0.997954
0.99811
0.998572
0.998078
0.998453
0.99843
0.998394
0.998515
0.998145
0.998712
0.997816
0.998098
0.99856
0.998035
0.998487
0.998424
0.998387
0.998532
0.998099
0.998843
0.997692
0.998073
0.998538
0.997957
0.99848
0.998371
0.998364
0.998473
0.997982
0.998965
0.997572
0.997818
0.99869
0.997942
0.998465
0.998368
0.998369
0.998398
0.997863
0.999119
0.99733
0.997206
0.999163
0.99816
0.998585
0.998527
0.998495
0.998488
0.99789
0.999509
0.996838
0.996414
0.999929
0.998475
0.998749
0.998693
0.998614
0.998639
0.998091
1.00032
0.995998
0.995573
1.00069
0.998105
0.998445
0.998397
0.998293
0.998315
0.997687
1.00111
0.995007
0.994175
1.00077
0.996597
0.997534
0.997572
0.997495
0.997412
0.996177
1.0009
0.993854
0.992376
1.00051
0.994876
0.996855
0.997049
0.997055
0.996829
0.994736
1.0002
0.99257
0.993067
1.00213
0.995185
0.997496
0.997745
0.997788
0.997585
0.995401
1.00167
0.99349
0.998891
1.00359
0.998092
0.99908
0.999176
0.999193
0.999139
0.998259
1.0035
0.999085
0.976044
0.985658
0.989149
0.991607
0.993271
0.995998
1.00112
0.991162
1.00956
1.05473
0.987168
0.992402
0.994273
0.99563
0.996446
0.997462
0.999544
0.996869
0.99214
0.963574
0.9929
0.995529
0.996652
0.997421
0.997775
0.998066
0.99801
0.997932
0.993081
0.993162
0.995849
0.997016
0.997758
0.998195
0.998269
0.998323
0.998143
0.997471
0.996578
0.996328
0.997318
0.99774
0.998273
0.998508
0.998451
0.998445
0.998298
0.998231
0.996794
0.997519
0.997999
0.998114
0.998535
0.998652
0.998561
0.998555
0.99842
0.998386
0.997408
0.997868
0.998362
0.998301
0.998647
0.998727
0.998624
0.998613
0.998512
0.998478
0.997772
0.998148
0.998582
0.998383
0.998662
0.99875
0.998652
0.998636
0.998558
0.998546
0.998076
0.998243
0.998663
0.99848
0.998657
0.998737
0.998659
0.998641
0.998586
0.998577
0.998245
0.998318
0.998632
0.998585
0.998664
0.998718
0.998657
0.998644
0.998616
0.998586
0.998377
0.998393
0.998567
0.998663
0.998671
0.998713
0.998655
0.99865
0.998644
0.998564
0.998467
0.998496
0.99858
0.998696
0.998643
0.998716
0.998649
0.998656
0.998666
0.998555
0.998565
0.998533
0.998623
0.998712
0.998597
0.998728
0.998653
0.998671
0.998688
0.998579
0.998678
0.998445
0.998542
0.998794
0.998596
0.998738
0.998668
0.998684
0.998707
0.998625
0.998787
0.99827
0.99842
0.998864
0.998607
0.998735
0.998685
0.998687
0.998722
0.998635
0.998862
0.998171
0.998413
0.998866
0.99858
0.998741
0.998701
0.998696
0.998742
0.998589
0.998894
0.998229
0.998434
0.998882
0.998555
0.998763
0.998715
0.998715
0.998773
0.998549
0.998917
0.998297
0.998397
0.99893
0.998554
0.998804
0.998742
0.99875
0.998816
0.998557
0.998974
0.998266
0.998378
0.998978
0.998531
0.998857
0.998785
0.998789
0.998865
0.998571
0.99906
0.998197
0.998376
0.999023
0.998498
0.998921
0.998841
0.998826
0.998921
0.998564
0.999157
0.998139
0.998418
0.999029
0.998474
0.998996
0.998891
0.998862
0.998973
0.998551
0.999292
0.998055
0.998465
0.999037
0.998448
0.999017
0.998887
0.998856
0.998977
0.9985
0.999458
0.997945
0.998294
0.999229
0.998453
0.998965
0.99885
0.998821
0.998927
0.99842
0.99971
0.997749
0.997771
0.999709
0.998573
0.998948
0.998895
0.998868
0.998925
0.998418
1.0002
0.99733
0.996944
1.00052
0.99873
0.998966
0.998953
0.998917
0.998942
0.998468
1.00103
0.996647
0.996142
1.0015
0.998426
0.998773
0.998767
0.998729
0.998738
0.998141
1.00197
0.99587
0.995258
1.00214
0.99753
0.998561
0.998644
0.998629
0.998568
0.997309
1.00236
0.995095
0.994252
1.00273
0.99686
0.998942
0.999204
0.999221
0.999
0.996811
1.00248
0.994455
0.995103
1.00448
0.997503
0.99986
1.00015
1.00016
0.999931
0.997634
1.00401
0.995477
0.999854
1.00465
0.999085
1.00006
1.00016
1.00016
1.00009
0.999182
1.0045
0.999992
0.978605
0.987398
0.990326
0.992441
0.993846
0.996451
1.00133
0.991389
1.00993
1.05583
0.988565
0.993125
0.994701
0.995958
0.996657
0.997565
0.999502
0.996986
0.99225
0.962123
0.993696
0.995766
0.996744
0.997518
0.99783
0.99804
0.997945
0.997913
0.993192
0.992786
0.99621
0.997065
0.997753
0.998182
0.998256
0.998281
0.998113
0.997517
0.996717
0.996271
0.997419
0.997734
0.998248
0.99846
0.998414
0.998401
0.998284
0.998305
0.996974
0.99761
0.99809
0.998059
0.998455
0.998592
0.998512
0.99851
0.998416
0.998454
0.997554
0.99797
0.998471
0.998219
0.998538
0.998656
0.998569
0.998573
0.998505
0.998514
0.997854
0.998256
0.99861
0.998324
0.998596
0.998688
0.998599
0.9986
0.998549
0.998554
0.998122
0.998343
0.998662
0.998415
0.998616
0.998692
0.998614
0.998611
0.998573
0.998578
0.998288
0.998372
0.998682
0.998489
0.998608
0.998683
0.99862
0.998617
0.9986
0.998593
0.998391
0.998378
0.998606
0.998573
0.998626
0.99868
0.998623
0.998623
0.998625
0.998585
0.998453
0.998393
0.998492
0.99865
0.998656
0.998681
0.998622
0.998629
0.998645
0.998577
0.998526
0.998387
0.99847
0.998671
0.998636
0.998691
0.998625
0.998637
0.998659
0.998584
0.998632
0.998324
0.998516
0.998691
0.998562
0.998696
0.998633
0.99864
0.998667
0.998565
0.998724
0.998298
0.998495
0.998742
0.998512
0.998694
0.998645
0.998643
0.998679
0.998536
0.998782
0.998291
0.998408
0.998772
0.998524
0.998698
0.998661
0.998657
0.998703
0.998547
0.998836
0.998211
0.998349
0.998765
0.998556
0.998715
0.998673
0.998673
0.998727
0.998545
0.99888
0.998167
0.998385
0.998747
0.998534
0.998748
0.998689
0.998691
0.998752
0.998522
0.998924
0.998161
0.99842
0.998791
0.998452
0.99879
0.998712
0.998706
0.998782
0.998491
0.998979
0.998147
0.998291
0.999018
0.998387
0.998844
0.998742
0.998718
0.998815
0.998455
0.999055
0.998103
0.998215
0.999205
0.998347
0.99889
0.998762
0.998723
0.998841
0.998432
0.999189
0.997966
0.998339
0.999053
0.998322
0.998884
0.998743
0.998698
0.998828
0.998365
0.999367
0.997803
0.998234
0.999062
0.998359
0.998846
0.998732
0.998688
0.998798
0.998285
0.999647
0.997574
0.997671
0.999579
0.998525
0.998894
0.998848
0.998811
0.998867
0.998331
1.00019
0.997111
0.996755
1.00054
0.998669
0.998958
0.998953
0.998917
0.998934
0.998425
1.00108
0.996369
0.995801
1.00172
0.998364
0.998778
0.998773
0.998735
0.998725
0.998104
1.00203
0.995567
0.995052
1.00234
0.997578
0.998661
0.998756
0.998729
0.998641
0.997331
1.00242
0.994929
0.994359
1.0029
0.997096
0.999224
0.999516
0.999516
0.999265
0.997008
1.00262
0.994538
0.995279
1.00466
0.997782
1.00016
1.00046
1.00046
1.00021
0.997873
1.00413
0.995647
0.999948
1.00471
0.999184
1.00016
1.00025
1.00025
1.00017
0.999261
1.00454
1.00007
0.978524
0.987364
0.990281
0.992402
0.993819
0.996395
1.00155
0.990446
1.00952
1.05723
0.988433
0.993126
0.994694
0.995941
0.996646
0.997545
0.999606
0.996438
0.992271
0.96304
0.993651
0.995752
0.99674
0.997526
0.997832
0.998053
0.998017
0.99793
0.992979
0.992951
0.99633
0.997019
0.997704
0.998187
0.998256
0.998277
0.998094
0.997491
0.996803
0.996289
0.997527
0.997689
0.998205
0.998457
0.998418
0.998405
0.998269
0.998281
0.996923
0.997554
0.998084
0.998042
0.998461
0.998589
0.998515
0.99851
0.9984
0.99844
0.997559
0.997966
0.998442
0.998205
0.998559
0.99866
0.998572
0.998575
0.998497
0.998493
0.997845
0.998269
0.998669
0.998288
0.998579
0.998688
0.9986
0.998604
0.998549
0.998555
0.998117
0.998323
0.99868
0.998379
0.998619
0.998692
0.998616
0.998618
0.998579
0.998598
0.998288
0.998312
0.998604
0.998436
0.99867
0.99869
0.998626
0.998627
0.998604
0.998607
0.998397
0.998344
0.998644
0.998411
0.998662
0.998683
0.998628
0.998632
0.998627
0.998587
0.998463
0.998411
0.998731
0.998354
0.998622
0.998679
0.998624
0.998633
0.998647
0.998572
0.998536
0.998428
0.99873
0.998351
0.998588
0.998687
0.998625
0.998636
0.998659
0.998558
0.99862
0.998404
0.998577
0.998583
0.998552
0.998701
0.998636
0.998639
0.99867
0.998548
0.998703
0.998354
0.998339
0.998993
0.998527
0.998708
0.998655
0.998647
0.998686
0.99855
0.998774
0.998284
0.998237
0.999096
0.998548
0.998708
0.998669
0.998661
0.998707
0.998557
0.998827
0.998213
0.998353
0.998795
0.998573
0.998715
0.998673
0.998671
0.998729
0.998529
0.998854
0.998219
0.998478
0.998621
0.998527
0.998743
0.998678
0.998681
0.998751
0.998495
0.998888
0.998221
0.998423
0.998833
0.998426
0.998786
0.998695
0.998691
0.998778
0.998495
0.998965
0.998112
0.998207
0.999231
0.998348
0.998835
0.99872
0.998697
0.998805
0.998474
0.999064
0.998004
0.998099
0.999349
0.998324
0.998865
0.998731
0.99869
0.998818
0.998426
0.999201
0.997875
0.998187
0.999102
0.998315
0.998845
0.998704
0.99865
0.998792
0.998353
0.99941
0.997658
0.998061
0.999108
0.998347
0.998803
0.998687
0.99863
0.998753
0.99826
0.999734
0.99737
0.997487
0.999628
0.998524
0.998859
0.998809
0.998757
0.99882
0.998263
1.0003
0.996951
0.996668
1.00058
0.998646
0.998929
0.998918
0.998876
0.998892
0.99832
1.00119
0.996302
0.995866
1.00168
0.998312
0.998754
0.998736
0.998697
0.998684
0.997985
1.00209
0.995558
0.995113
1.00224
0.997541
0.998653
0.998728
0.998697
0.998617
0.997217
1.00236
0.994995
0.994362
1.00283
0.997095
0.999241
0.999517
0.999511
0.999276
0.996963
1.00247
0.994641
0.995219
1.00465
0.997795
1.00018
1.00047
1.00046
1.00023
0.997891
1.00404
0.995708
0.99992
1.00468
0.999179
1.00016
1.00025
1.00025
1.00018
0.99927
1.00451
1.0001
0.975853
0.985572
0.989039
0.991518
0.99321
0.99598
1.00107
0.991105
1.00963
1.05453
0.987095
0.99253
0.994163
0.995587
0.996427
0.997492
0.99959
0.996839
0.992233
0.96357
0.992908
0.995579
0.996566
0.997412
0.997773
0.998095
0.998048
0.997961
0.99315
0.993227
0.995843
0.996995
0.99774
0.998201
0.998267
0.998312
0.99806
0.997456
0.996716
0.99635
0.997311
0.997745
0.998284
0.998521
0.998466
0.998458
0.998273
0.998192
0.996794
0.997468
0.998059
0.998067
0.998524
0.998657
0.998567
0.998558
0.998404
0.9984
0.99746
0.997795
0.998442
0.998253
0.998631
0.998728
0.998623
0.998618
0.998498
0.998459
0.99775
0.998141
0.998603
0.998412
0.998671
0.998753
0.99865
0.998645
0.998552
0.998511
0.998051
0.998306
0.998611
0.998532
0.998701
0.998751
0.998662
0.998655
0.998586
0.998539
0.998249
0.998406
0.998642
0.998568
0.9987
0.998741
0.998666
0.998661
0.998621
0.998564
0.998384
0.998464
0.998661
0.998585
0.998692
0.998732
0.998668
0.998665
0.998653
0.998575
0.998463
0.99849
0.998579
0.998648
0.998714
0.998735
0.998668
0.998668
0.99868
0.998584
0.998547
0.99847
0.998567
0.998694
0.998677
0.998743
0.998669
0.998674
0.998699
0.998608
0.998644
0.998381
0.998598
0.998731
0.998592
0.998745
0.998677
0.99868
0.998717
0.998641
0.998746
0.998263
0.998515
0.998809
0.998565
0.998742
0.998695
0.998688
0.998739
0.998635
0.998823
0.998244
0.998378
0.998867
0.998611
0.998748
0.998712
0.998707
0.998765
0.998599
0.99887
0.998302
0.998342
0.99886
0.998642
0.998772
0.998727
0.998728
0.998798
0.998583
0.998918
0.998324
0.998445
0.998837
0.998595
0.998813
0.998746
0.998751
0.998833
0.99859
0.998987
0.998292
0.998522
0.99887
0.998513
0.998864
0.998777
0.998778
0.998875
0.998609
0.999099
0.998206
0.998444
0.998989
0.998467
0.998923
0.998817
0.998804
0.998923
0.998592
0.999224
0.998145
0.99829
0.999214
0.998451
0.998976
0.998849
0.998816
0.998962
0.998553
0.999391
0.998041
0.998205
0.999429
0.998423
0.998982
0.99884
0.998791
0.998956
0.998499
0.999656
0.997791
0.998105
0.999499
0.998418
0.998931
0.99881
0.998753
0.998902
0.998391
1.00003
0.997445
0.997644
0.99984
0.998538
0.998931
0.998873
0.998823
0.998912
0.99833
1.00062
0.996974
0.996883
1.00063
0.998663
0.998952
0.998935
0.998897
0.998939
0.998318
1.00151
0.996365
0.996184
1.0015
0.99833
0.998749
0.99872
0.998688
0.998708
0.997944
1.00235
0.995719
0.995381
1.00202
0.997437
0.998582
0.998632
0.998618
0.998609
0.997156
1.00237
0.995182
0.994294
1.00273
0.996839
0.999024
0.999267
0.999276
0.999117
0.996801
1.00221
0.994721
0.995049
1.00463
0.997563
0.999946
1.00022
1.00023
1.00004
0.997763
1.0038
0.995691
0.999902
1.0047
0.999113
1.00009
1.00018
1.00018
1.00012
0.999244
1.00446
1.00008
0.970779
0.982315
0.986828
0.989928
0.992186
0.995186
1.00088
0.991847
1.01072
1.05322
0.984496
0.991214
0.993479
0.995092
0.996187
0.997505
0.999916
0.997
0.993389
0.967722
0.991618
0.99527
0.996515
0.997369
0.997825
0.998369
0.998406
0.998109
0.992751
0.99344
0.995254
0.997119
0.997913
0.998335
0.998418
0.998547
0.998207
0.997343
0.996115
0.995958
0.997012
0.997968
0.99855
0.998719
0.998668
0.998637
0.998324
0.997943
0.99611
0.997057
0.997923
0.998286
0.998757
0.998832
0.998759
0.998684
0.998397
0.998125
0.996962
0.997596
0.998365
0.998418
0.998827
0.99887
0.998747
0.998708
0.99848
0.998221
0.997411
0.997991
0.998499
0.998567
0.998838
0.998863
0.998702
0.998702
0.998539
0.998343
0.997825
0.99814
0.998542
0.998649
0.998775
0.998819
0.998682
0.998687
0.998559
0.998433
0.998068
0.998175
0.998544
0.998625
0.998716
0.998763
0.998674
0.998661
0.998564
0.998474
0.998219
0.998217
0.998568
0.99858
0.998675
0.998714
0.998655
0.998624
0.99857
0.998454
0.998309
0.998299
0.998544
0.998587
0.998663
0.998707
0.998629
0.998602
0.998603
0.99845
0.998426
0.998316
0.998435
0.998667
0.998639
0.998705
0.998593
0.998606
0.998625
0.99846
0.998512
0.998311
0.998401
0.998705
0.99855
0.998675
0.99857
0.998584
0.998624
0.998474
0.998567
0.998282
0.998385
0.998697
0.998473
0.998625
0.9986
0.99856
0.998615
0.998475
0.99865
0.998191
0.998277
0.998695
0.998462
0.998592
0.998611
0.998569
0.998608
0.998445
0.998743
0.998088
0.998185
0.998669
0.998425
0.998597
0.998553
0.998546
0.998625
0.998395
0.998784
0.998045
0.998114
0.998687
0.998359
0.998602
0.998492
0.998509
0.998628
0.998357
0.998762
0.997987
0.998037
0.998746
0.998291
0.998594
0.998478
0.998505
0.998619
0.998353
0.998787
0.997824
0.997954
0.99876
0.998175
0.99857
0.998474
0.998481
0.998595
0.998279
0.998875
0.997678
0.997865
0.998738
0.998043
0.998536
0.998442
0.998425
0.998555
0.998128
0.998996
0.997538
0.997728
0.998709
0.997937
0.998497
0.99838
0.998335
0.998498
0.997961
0.999167
0.99726
0.997419
0.998827
0.997841
0.998428
0.998313
0.99824
0.998393
0.997735
0.999418
0.996811
0.996859
0.999265
0.997878
0.998419
0.998345
0.998262
0.998331
0.997562
0.999908
0.996168
0.996044
1.00007
0.998096
0.998475
0.998419
0.998326
0.998315
0.9975
1.0007
0.995438
0.995236
1.00081
0.99772
0.998162
0.998083
0.997996
0.997944
0.997001
1.00124
0.994792
0.994206
1.00056
0.996189
0.997325
0.9973
0.99723
0.997163
0.995613
1.0005
0.99399
0.992715
1.00012
0.994672
0.996813
0.99699
0.996965
0.996806
0.994517
0.999552
0.992965
0.993365
1.00196
0.995301
0.997626
0.997873
0.99789
0.997763
0.995607
1.00132
0.9939
0.999048
1.00362
0.998203
0.999172
0.999261
0.999272
0.999245
0.998421
1.00347
0.999253
0.964313
0.977036
0.982567
0.986662
0.989893
0.992788
1.00001
0.990679
1.00847
1.05361
0.981412
0.988721
0.991317
0.993392
0.994952
0.996349
0.999028
0.994798
0.990171
0.970494
0.989966
0.994138
0.995308
0.996382
0.997
0.997653
0.997845
0.997116
0.989874
0.990368
0.994161
0.996668
0.997135
0.997655
0.997784
0.997914
0.997569
0.996218
0.994253
0.993471
0.996454
0.997655
0.998021
0.998178
0.998149
0.998119
0.997722
0.997069
0.994783
0.99549
0.997836
0.998066
0.998427
0.998414
0.998327
0.998281
0.997964
0.997506
0.996249
0.996672
0.998564
0.998328
0.998575
0.998597
0.998442
0.998392
0.998194
0.997867
0.996989
0.9974
0.998614
0.998594
0.998676
0.998714
0.998529
0.998479
0.998365
0.998149
0.997536
0.997819
0.998498
0.998929
0.998729
0.998726
0.998601
0.998575
0.998485
0.998321
0.997884
0.998115
0.998683
0.998854
0.998731
0.998707
0.998656
0.998642
0.998569
0.998432
0.998175
0.99833
0.998849
0.998657
0.998741
0.99872
0.998685
0.998674
0.998626
0.99849
0.998417
0.99846
0.998838
0.998574
0.998759
0.998778
0.998715
0.998705
0.998693
0.998549
0.998594
0.998468
0.998761
0.998533
0.998765
0.998831
0.998736
0.998746
0.998763
0.99861
0.998725
0.998455
0.998611
0.998798
0.998731
0.998866
0.998761
0.998767
0.998816
0.99866
0.998821
0.99845
0.998433
0.999249
0.998718
0.998888
0.998821
0.998787
0.998833
0.998687
0.998906
0.998434
0.99849
0.999376
0.998761
0.9989
0.998866
0.998829
0.998841
0.998696
0.999012
0.998407
0.998793
0.999074
0.998767
0.998928
0.99887
0.998857
0.998903
0.998713
0.999137
0.998396
0.998784
0.998892
0.998748
0.998983
0.998883
0.998885
0.998985
0.998713
0.999213
0.998473
0.998551
0.999158
0.998759
0.999077
0.998954
0.998961
0.99908
0.998739
0.999301
0.998546
0.998427
0.999684
0.998781
0.999183
0.999065
0.999066
0.999203
0.998825
0.999569
0.998541
0.998557
1.00001
0.998865
0.999302
0.9992
0.999205
0.999382
0.998977
1.00005
0.998492
0.998914
0.999983
0.999007
0.999483
0.999382
0.999402
0.999657
0.999202
1.00066
0.998438
0.998999
1.00023
0.999173
0.999752
0.999674
0.999713
1.00003
0.999474
1.00145
0.998379
0.99889
1.00115
0.999512
1.00022
1.00021
1.00028
1.0006
0.999921
1.00255
0.9983
0.998748
1.00261
1.00023
1.00103
1.00108
1.00116
1.00146
1.00065
1.00396
0.998319
0.998592
1.00397
1.00099
1.00196
1.00201
1.00208
1.00231
1.00121
1.00502
0.998323
0.998048
1.00415
1.00081
1.00234
1.00239
1.00237
1.00238
1.00053
1.00449
0.997873
0.997033
1.00441
1.00015
1.00249
1.00259
1.00248
1.00224
0.999569
1.00359
0.997326
0.998811
1.00791
1.00166
1.00403
1.00414
1.00404
1.0038
1.00132
1.00632
0.999544
1.00398
1.00875
1.00347
1.0045
1.00454
1.00451
1.00446
1.00348
1.00819
1.00418
0.957769
0.970602
0.976716
0.98279
0.987679
0.991831
0.998
1.00293
1.01764
1.03612
0.977748
0.985823
0.988149
0.991214
0.993687
0.995728
0.998014
0.998235
0.990765
0.973553
0.988283
0.992995
0.993587
0.9951
0.996311
0.997201
0.997805
0.997309
0.992281
0.988176
0.993642
0.996148
0.996137
0.996853
0.997372
0.997656
0.99748
0.996526
0.993184
0.992343
0.996333
0.99746
0.997348
0.997698
0.997793
0.997929
0.997611
0.996944
0.994881
0.995449
0.997539
0.998165
0.997941
0.998132
0.997988
0.998058
0.99783
0.997385
0.996099
0.996731
0.997954
0.99863
0.998176
0.998282
0.998192
0.998141
0.997987
0.997732
0.996863
0.997443
0.99822
0.99867
0.998286
0.998301
0.998352
0.998212
0.998086
0.99795
0.997341
0.997806
0.998349
0.998583
0.998402
0.998319
0.998377
0.998245
0.99818
0.998085
0.997682
0.998002
0.998428
0.99852
0.998468
0.998379
0.998344
0.998276
0.998268
0.99816
0.997925
0.998096
0.998491
0.998492
0.998466
0.998436
0.998327
0.998331
0.998338
0.998227
0.998106
0.998142
0.998474
0.998472
0.998412
0.998402
0.998325
0.998348
0.998325
0.998263
0.998201
0.998135
0.998473
0.998429
0.998344
0.998355
0.998346
0.998298
0.998298
0.99822
0.998287
0.998099
0.998397
0.998495
0.998242
0.998354
0.998346
0.998308
0.998299
0.998139
0.998386
0.998048
0.9982
0.998578
0.998121
0.998364
0.998236
0.998326
0.998318
0.998132
0.998434
0.998001
0.997956
0.998575
0.998069
0.998352
0.99816
0.998263
0.998328
0.998175
0.998426
0.997958
0.997862
0.998566
0.998102
0.99828
0.998219
0.998247
0.998278
0.998145
0.998413
0.997883
0.997987
0.998467
0.998087
0.998226
0.998266
0.998235
0.998238
0.998043
0.998491
0.997774
0.997954
0.998411
0.997941
0.998194
0.998197
0.998126
0.998204
0.997897
0.998574
0.997602
0.997678
0.998473
0.997809
0.998171
0.99808
0.998013
0.998156
0.99776
0.998569
0.997366
0.997326
0.99847
0.997697
0.998121
0.997954
0.99789
0.998049
0.997568
0.998514
0.997054
0.996914
0.998465
0.997494
0.997958
0.997763
0.997703
0.997798
0.997202
0.998452
0.996618
0.996379
0.998471
0.99723
0.997725
0.997495
0.997432
0.997453
0.996714
0.998387
0.996025
0.995572
0.998602
0.996795
0.997353
0.997081
0.996989
0.997007
0.996135
0.998313
0.995333
0.994967
0.998713
0.996041
0.996692
0.9964
0.996329
0.996426
0.995505
0.998338
0.994796
0.994604
0.998545
0.995131
0.995893
0.995618
0.995538
0.995749
0.994822
0.99833
0.994439
0.993563
0.997938
0.993946
0.995102
0.994987
0.994932
0.995156
0.993957
0.997868
0.993489
0.991355
0.997302
0.992578
0.994453
0.994576
0.994615
0.994697
0.992961
0.997325
0.991481
0.991449
0.999474
0.993455
0.995463
0.995654
0.995709
0.995685
0.9939
0.999545
0.99177
0.999285
1.0041
0.999053
0.999983
1.00007
1.0001
1.00008
0.999252
1.00418
0.999402
0.0224034
0.0383208
0.062008
0.0830904
0.102146
0.121191
0.139378
0.155741
0.170279
0.183299
0.194941
0.205173
0.213974
0.2213
0.227253
0.232049
0.235517
0.237592
0.238329
0.237752
0.235961
0.232926
0.228724
0.223458
0.217169
0.20987
0.20187
0.193207
0.18394
0.17331
0.0723634
0.085502
0.105175
0.125488
0.144881
0.163424
0.180741
0.196295
0.209945
0.221823
0.232044
0.240689
0.24787
0.253679
0.258066
0.261137
0.263054
0.263673
0.262936
0.261107
0.258212
0.254122
0.248894
0.24262
0.235379
0.227217
0.218299
0.208652
0.198561
0.1864
0.187876
0.19686
0.212025
0.229486
0.246621
0.26239
0.276319
0.288105
0.297705
0.305297
0.311102
0.315296
0.318018
0.319388
0.31952
0.318493
0.316378
0.313216
0.30902
0.303808
0.297619
0.29051
0.282524
0.273707
0.264121
0.25383
0.242941
0.231434
0.219714
0.205148
0.370418
0.378119
0.389981
0.402792
0.413616
0.421589
0.426892
0.429776
0.430458
0.429237
0.426436
0.422314
0.417063
0.410808
0.403618
0.395735
0.387248
0.377999
0.367939
0.357306
0.346187
0.33444
0.322112
0.309293
0.296048
0.282361
0.268457
0.254295
0.240172
0.222685
0.601108
0.610765
0.616837
0.619172
0.617125
0.611275
0.602758
0.592342
0.580407
0.567235
0.553097
0.538194
0.522706
0.50676
0.490294
0.473584
0.456839
0.439834
0.422575
0.405243
0.387878
0.370468
0.353018
0.335578
0.318181
0.300777
0.283621
0.266649
0.250052
0.230159
0.804998
0.812286
0.811532
0.804116
0.790468
0.771865
0.750062
0.726397
0.701605
0.676103
0.650178
0.624064
0.597931
0.571778
0.545898
0.520695
0.495881
0.471534
0.447872
0.424567
0.401698
0.379447
0.357803
0.33674
0.316263
0.296367
0.277077
0.258298
0.240178
0.219721
0.935469
0.929876
0.919779
0.903686
0.880263
0.851231
0.818962
0.785046
0.750202
0.714878
0.679473
0.644348
0.609806
0.575994
0.543087
0.511746
0.481858
0.453031
0.425266
0.398759
0.37358
0.34943
0.326291
0.304196
0.283103
0.262894
0.243728
0.225566
0.208126
0.190003
0.986068
0.960516
0.943037
0.916485
0.882238
0.844608
0.804786
0.76374
0.722386
0.681135
0.640311
0.600314
0.561544
0.524282
0.488667
0.454945
0.423267
0.393523
0.365512
0.339183
0.314516
0.291345
0.269543
0.249043
0.229752
0.211577
0.194572
0.17872
0.163716
0.149844
0.929391
0.92375
0.922932
0.888434
0.846442
0.80285
0.755983
0.708131
0.661019
0.615209
0.571058
0.528865
0.488926
0.451347
0.416063
0.383278
0.353016
0.324937
0.298813
0.274709
0.252456
0.23175
0.212515
0.19467
0.178111
0.162728
0.148433
0.135319
0.123349
0.113758
0.766922
0.903111
0.881611
0.828254
0.797131
0.758314
0.711358
0.662797
0.614872
0.568321
0.523656
0.481314
0.441611
0.404511
0.370043
0.338656
0.309876
0.283141
0.258539
0.236144
0.215604
0.196605
0.179131
0.163065
0.148247
0.134589
0.122108
0.110824
0.100765
0.0935605
0.023937
0.0408808
0.0660778
0.0882026
0.108152
0.128113
0.147082
0.164034
0.178987
0.192287
0.204065
0.214307
0.223176
0.230672
0.236756
0.241487
0.24481
0.246746
0.247386
0.24685
0.245095
0.242117
0.238015
0.232854
0.226716
0.219686
0.211775
0.203
0.193711
0.182706
0.0813553
0.0949352
0.115405
0.136593
0.156841
0.17618
0.194169
0.210214
0.224167
0.236171
0.246426
0.255063
0.262028
0.267513
0.271666
0.274332
0.275695
0.275996
0.275264
0.27328
0.270038
0.265774
0.260523
0.25428
0.247132
0.239163
0.230289
0.220482
0.210404
0.197784
0.215517
0.224689
0.239735
0.257099
0.274074
0.289535
0.303011
0.314235
0.323215
0.330107
0.335136
0.338509
0.340362
0.340864
0.340181
0.338352
0.335428
0.331518
0.326678
0.320901
0.314212
0.3067
0.298392
0.289319
0.279545
0.269145
0.258184
0.246534
0.234794
0.219437
0.417211
0.426171
0.43745
0.449088
0.458604
0.4652
0.469052
0.470376
0.469329
0.466268
0.461572
0.455567
0.44847
0.440512
0.431928
0.422508
0.412233
0.40151
0.390465
0.378812
0.366517
0.353875
0.340922
0.327613
0.313988
0.300144
0.285984
0.271328
0.257014
0.238456
0.647639
0.65757
0.662829
0.664469
0.662368
0.65679
0.648384
0.637668
0.624977
0.610586
0.594807
0.578006
0.560433
0.542393
0.524195
0.505537
0.486485
0.467534
0.448743
0.430038
0.411397
0.392866
0.374474
0.35621
0.33814
0.32035
0.302657
0.284877
0.267878
0.246431
0.830414
0.833373
0.830157
0.824073
0.814708
0.801156
0.783607
0.762863
0.739695
0.7147
0.688436
0.661387
0.634014
0.6068
0.579732
0.552484
0.525624
0.499408
0.473801
0.449026
0.424998
0.401704
0.379102
0.357155
0.335872
0.315277
0.295322
0.275901
0.257469
0.235176
0.933067
0.922719
0.907294
0.892401
0.87782
0.85917
0.834898
0.806077
0.774266
0.740567
0.705786
0.670636
0.635658
0.601332
0.568068
0.535625
0.504058
0.473946
0.445376
0.417857
0.391369
0.366247
0.342398
0.319667
0.298027
0.277486
0.257779
0.238856
0.220905
0.201188
0.971814
0.951473
0.925809
0.89588
0.871393
0.84431
0.811188
0.773783
0.73424
0.693701
0.653027
0.612916
0.573907
0.536412
0.500645
0.466658
0.434489
0.404242
0.37582
0.349023
0.32385
0.30025
0.278084
0.257257
0.23769
0.219314
0.202054
0.185904
0.170556
0.155926
0.934374
0.93327
0.926217
0.896588
0.861486
0.814032
0.760459
0.709104
0.660971
0.615026
0.571155
0.529538
0.490274
0.45338
0.418802
0.386371
0.356082
0.327957
0.301916
0.277764
0.255332
0.23453
0.215253
0.197374
0.180791
0.165412
0.151124
0.137989
0.125912
0.116285
0.788524
0.887091
0.890416
0.83891
0.80615
0.765907
0.715486
0.664608
0.615391
0.568168
0.523247
0.480915
0.441377
0.404697
0.370743
0.339426
0.310589
0.284019
0.259609
0.237252
0.216679
0.197708
0.180279
0.164242
0.149472
0.135876
0.123367
0.112028
0.101949
0.0947802
0.0276242
0.0461382
0.0735064
0.0977713
0.119455
0.140909
0.16111
0.178955
0.194526
0.208218
0.220234
0.230627
0.239422
0.246681
0.252496
0.256951
0.260099
0.261957
0.262529
0.261835
0.259921
0.25682
0.252616
0.247362
0.24112
0.233968
0.225987
0.217218
0.207867
0.196306
0.0961336
0.11186
0.134561
0.157747
0.179546
0.200021
0.218799
0.235321
0.249465
0.261434
0.271459
0.279687
0.286224
0.291201
0.294742
0.296926
0.297851
0.297569
0.296105
0.293498
0.289811
0.285115
0.279419
0.272757
0.265194
0.256801
0.247678
0.237796
0.22756
0.214176
0.24996
0.261501
0.278542
0.297608
0.315928
0.332225
0.346014
0.357084
0.365482
0.371487
0.375413
0.377517
0.378013
0.377092
0.374914
0.371609
0.36729
0.362023
0.355862
0.348865
0.341089
0.332564
0.32332
0.313395
0.302845
0.291728
0.280133
0.268041
0.255789
0.239363
0.465887
0.477387
0.490383
0.503327
0.513404
0.519739
0.522784
0.523062
0.520911
0.516665
0.510667
0.503219
0.494549
0.484832
0.474234
0.46289
0.450933
0.438445
0.425446
0.411981
0.398127
0.383967
0.369524
0.35482
0.339891
0.324784
0.309556
0.294201
0.279081
0.259226
0.691205
0.702631
0.708726
0.710322
0.707415
0.700713
0.691304
0.679896
0.666752
0.652005
0.635851
0.618538
0.600286
0.581281
0.561729
0.541815
0.521699
0.501487
0.481219
0.460958
0.440784
0.420758
0.400919
0.381289
0.3619
0.342795
0.324019
0.305524
0.287711
0.264867
0.856975
0.860614
0.857404
0.850009
0.838784
0.823713
0.805557
0.785191
0.763044
0.739284
0.714135
0.687914
0.660935
0.633498
0.605882
0.578332
0.551095
0.52426
0.497889
0.472087
0.446925
0.422447
0.398678
0.37563
0.353313
0.331739
0.310929
0.29085
0.271643
0.248243
0.943886
0.937154
0.923987
0.907487
0.889877
0.868889
0.843748
0.815469
0.785014
0.752897
0.719567
0.685552
0.651323
0.617268
0.583786
0.551149
0.519513
0.488974
0.459572
0.431318
0.404253
0.378402
0.353731
0.3302
0.30778
0.286456
0.266172
0.246936
0.228544
0.20824
0.976584
0.962626
0.941025
0.909818
0.88086
0.851285
0.817682
0.780748
0.741824
0.701769
0.66139
0.62152
0.582682
0.545157
0.509175
0.474932
0.44246
0.411741
0.382747
0.355449
0.329782
0.305644
0.282941
0.2616
0.241577
0.222806
0.205193
0.18878
0.173213
0.158601
0.944795
0.948438
0.938015
0.903721
0.868161
0.823667
0.771529
0.71903
0.668606
0.620532
0.575168
0.532608
0.492742
0.455507
0.420791
0.388398
0.358211
0.330072
0.303919
0.279705
0.257227
0.23631
0.21688
0.198853
0.182106
0.16658
0.152195
0.139029
0.126956
0.117553
0.807343
0.903516
0.894063
0.839495
0.810957
0.772962
0.722625
0.670477
0.619687
0.571074
0.525149
0.482163
0.442262
0.405432
0.3715
0.340266
0.311556
0.285134
0.260816
0.238472
0.217909
0.198957
0.181501
0.165421
0.150585
0.136927
0.124392
0.113055
0.102993
0.0958893
0.030794
0.0506298
0.0797579
0.105733
0.12888
0.151603
0.172936
0.191705
0.207941
0.222117
0.234463
0.245029
0.253901
0.261176
0.266947
0.271281
0.274238
0.275862
0.276182
0.275259
0.273116
0.26975
0.265379
0.260027
0.253728
0.246585
0.238549
0.229684
0.220185
0.208235
0.108349
0.12629
0.151271
0.176127
0.199034
0.220306
0.239681
0.256612
0.270982
0.283007
0.292945
0.300983
0.307242
0.311856
0.314971
0.316698
0.317115
0.316292
0.314306
0.311209
0.307089
0.302047
0.295935
0.288826
0.280816
0.271958
0.262503
0.252405
0.241919
0.228079
0.276437
0.289565
0.307745
0.327925
0.347174
0.364118
0.378264
0.389416
0.397653
0.403289
0.4067
0.408182
0.407953
0.406214
0.403151
0.398914
0.393612
0.387338
0.380175
0.372187
0.363421
0.353931
0.343759
0.332976
0.321656
0.309846
0.297616
0.284971
0.27211
0.254981
0.499227
0.511674
0.525522
0.539269
0.54985
0.556329
0.55926
0.559243
0.556651
0.551824
0.545127
0.536885
0.527348
0.516716
0.505165
0.492821
0.479776
0.466117
0.451932
0.437292
0.422259
0.406911
0.391309
0.375501
0.359535
0.343459
0.327325
0.311153
0.295174
0.274408
0.719744
0.731156
0.737208
0.738898
0.736174
0.729585
0.720147
0.708592
0.695218
0.680181
0.663695
0.646019
0.62738
0.607966
0.58795
0.567463
0.546613
0.525514
0.504275
0.482998
0.461775
0.440682
0.419775
0.399103
0.378715
0.358665
0.338989
0.319704
0.300966
0.277396
0.873059
0.875897
0.872307
0.865169
0.854689
0.840313
0.822503
0.802232
0.780118
0.756431
0.731407
0.705347
0.67856
0.65132
0.623847
0.596306
0.568852
0.541628
0.514761
0.48837
0.462544
0.43735
0.412838
0.389038
0.365976
0.343675
0.322141
0.301398
0.281412
0.257488
0.950017
0.943035
0.930056
0.914518
0.898213
0.878029
0.853164
0.825056
0.794929
0.763327
0.730632
0.697282
0.663728
0.63034
0.59741
0.565128
0.53362
0.503007
0.473396
0.444838
0.417357
0.390981
0.365723
0.341575
0.318523
0.29656
0.275639
0.255776
0.236749
0.215709
0.979024
0.965522
0.944036
0.915956
0.889867
0.859224
0.823415
0.785397
0.746724
0.707679
0.668524
0.629796
0.592021
0.555395
0.520051
0.48623
0.454025
0.423441
0.394463
0.367047
0.341122
0.316625
0.293504
0.271691
0.251138
0.231812
0.213641
0.196642
0.180527
0.164924
0.949863
0.955086
0.944095
0.912247
0.8761
0.827257
0.771887
0.718471
0.66891
0.622498
0.578686
0.537406
0.498553
0.462126
0.428
0.395932
0.365884
0.337814
0.311638
0.287245
0.264506
0.24331
0.223564
0.205191
0.188096
0.172208
0.157443
0.143889
0.131436
0.121547
0.816661
0.923308
0.904935
0.839165
0.80933
0.772175
0.722438
0.671
0.620979
0.573017
0.527575
0.485008
0.445403
0.408862
0.37524
0.344222
0.315635
0.289281
0.264978
0.242569
0.221896
0.202815
0.1852
0.16895
0.15395
0.140116
0.127384
0.115847
0.105588
0.0983089
0.0326253
0.0533113
0.0834584
0.110444
0.134337
0.157658
0.179539
0.198754
0.215268
0.229736
0.242382
0.253096
0.262
0.269249
0.274977
0.279241
0.282107
0.283636
0.283854
0.282819
0.280582
0.277185
0.272709
0.267237
0.260802
0.25347
0.245336
0.236428
0.226876
0.214774
0.114503
0.133416
0.159338
0.184976
0.208571
0.230465
0.250354
0.267684
0.282372
0.294462
0.304236
0.312117
0.318252
0.322734
0.325668
0.327172
0.327337
0.326245
0.323987
0.320612
0.316176
0.310754
0.304366
0.297051
0.288903
0.279977
0.270361
0.260065
0.249373
0.235253
0.288704
0.302527
0.321466
0.342398
0.362272
0.379658
0.394066
0.405303
0.413473
0.418919
0.422057
0.423243
0.422712
0.420639
0.417176
0.412478
0.406692
0.39994
0.392308
0.383839
0.374576
0.364588
0.353956
0.342754
0.33104
0.318861
0.306258
0.293263
0.280055
0.262559
0.516009
0.529169
0.543273
0.556978
0.567291
0.573378
0.575885
0.575456
0.572475
0.567273
0.560205
0.5516
0.541714
0.530739
0.518825
0.506088
0.492625
0.478534
0.463901
0.448795
0.433282
0.417445
0.401358
0.385079
0.368656
0.352137
0.335564
0.318981
0.302575
0.281458
0.733076
0.744149
0.749813
0.751123
0.748064
0.741185
0.731501
0.719751
0.706235
0.691091
0.674513
0.656751
0.638031
0.618531
0.598395
0.577744
0.556691
0.535364
0.513879
0.492332
0.470803
0.44937
0.428103
0.40706
0.386298
0.36587
0.345806
0.32615
0.307009
0.283217
0.880373
0.882584
0.878485
0.870997
0.860415
0.846099
0.828391
0.808238
0.78629
0.762829
0.738082
0.712334
0.685865
0.658902
0.63163
0.604214
0.576824
0.549628
0.52276
0.496324
0.470397
0.445049
0.420333
0.396291
0.372955
0.350356
0.328496
0.307433
0.287081
0.262916
0.952897
0.945723
0.932125
0.915578
0.898977
0.87937
0.855426
0.828182
0.798776
0.767801
0.735678
0.70289
0.669899
0.637069
0.604653
0.572805
0.541635
0.511271
0.481821
0.453345
0.425881
0.399459
0.374093
0.349782
0.326515
0.304291
0.283067
0.262906
0.243516
0.221956
0.980623
0.968594
0.946857
0.915232
0.887683
0.858673
0.825293
0.789179
0.751659
0.713314
0.67477
0.636613
0.599167
0.562588
0.527381
0.493912
0.462057
0.431737
0.402918
0.375558
0.34961
0.325033
0.301777
0.279787
0.259017
0.239431
0.220955
0.203658
0.187111
0.170736
0.950141
0.956636
0.946765
0.912187
0.876215
0.831026
0.778602
0.726105
0.67629
0.629099
0.584448
0.542536
0.503442
0.467109
0.433109
0.401088
0.371084
0.343052
0.31689
0.292485
0.269716
0.248463
0.228629
0.210128
0.192873
0.17681
0.161847
0.148093
0.135341
0.124988
0.812849
0.913383
0.907042
0.846559
0.815517
0.778639
0.728783
0.676679
0.625904
0.577203
0.531065
0.487984
0.448226
0.411833
0.378276
0.347187
0.31857
0.292203
0.267881
0.245445
0.224737
0.205605
0.187925
0.171588
0.156488
0.142549
0.129701
0.118044
0.107619
0.100171
0.0323047
0.0528221
0.0831103
0.110093
0.134042
0.157507
0.179534
0.198872
0.215542
0.230004
0.242452
0.253167
0.262227
0.26954
0.275231
0.279368
0.282223
0.283855
0.284097
0.283039
0.280751
0.277235
0.272751
0.267357
0.26087
0.253545
0.245502
0.236614
0.227034
0.214905
0.114561
0.133954
0.160456
0.186273
0.209732
0.231416
0.251139
0.268333
0.282849
0.294942
0.304948
0.31285
0.318778
0.323109
0.326021
0.327635
0.327779
0.326506
0.324146
0.320751
0.316361
0.311076
0.304679
0.297238
0.289125
0.280182
0.270432
0.26008
0.2494
0.235319
0.289776
0.303603
0.322311
0.343051
0.362786
0.38009
0.394454
0.405677
0.413844
0.419289
0.42243
0.423583
0.423
0.420899
0.417417
0.4127
0.406882
0.400093
0.392437
0.383948
0.374664
0.36466
0.354006
0.342785
0.331066
0.318861
0.306223
0.293225
0.280022
0.262543
0.513725
0.526434
0.540965
0.555335
0.566215
0.572701
0.575469
0.575205
0.572316
0.567166
0.560143
0.551576
0.541699
0.530707
0.518763
0.506004
0.492534
0.478431
0.463776
0.448647
0.433122
0.417288
0.401209
0.384929
0.368504
0.351981
0.335403
0.318821
0.302422
0.281317
0.732498
0.743708
0.749519
0.750944
0.747941
0.741069
0.731364
0.71958
0.706025
0.690847
0.674247
0.656463
0.63771
0.61817
0.597995
0.57732
0.556262
0.534931
0.513438
0.491884
0.470353
0.448927
0.427667
0.406632
0.385883
0.365468
0.345419
0.325785
0.306669
0.282913
0.879898
0.881989
0.877881
0.870495
0.860018
0.845745
0.828026
0.807834
0.785842
0.762341
0.737558
0.711778
0.685273
0.658265
0.630946
0.6035
0.576098
0.548897
0.522027
0.495589
0.469665
0.444324
0.419619
0.395593
0.372279
0.349705
0.327875
0.306845
0.286529
0.262417
0.952513
0.945277
0.932004
0.915888
0.89948
0.879782
0.855581
0.828056
0.798417
0.767271
0.735029
0.702158
0.669106
0.636223
0.603756
0.571868
0.540678
0.510305
0.480847
0.452374
0.424925
0.398524
0.373182
0.348897
0.32566
0.303468
0.282282
0.262163
0.242824
0.221336
0.980181
0.967854
0.946803
0.916929
0.889155
0.859425
0.825326
0.788682
0.75085
0.712344
0.673709
0.635491
0.598022
0.561468
0.52627
0.492776
0.460916
0.430605
0.401801
0.374464
0.348545
0.324002
0.300785
0.278839
0.258117
0.238587
0.220166
0.202923
0.186437
0.170139
0.950288
0.956879
0.947326
0.913391
0.87651
0.830462
0.777245
0.724374
0.674599
0.62759
0.583108
0.54132
0.5023
0.465983
0.431989
0.399996
0.37002
0.342023
0.315906
0.291543
0.268816
0.247612
0.227831
0.209382
0.19218
0.176165
0.161252
0.147548
0.134851
0.124561
0.815034
0.91768
0.906712
0.843031
0.813801
0.777089
0.727339
0.675279
0.624578
0.575938
0.529849
0.486809
0.447072
0.410674
0.377145
0.346119
0.317549
0.291232
0.266968
0.244585
0.223936
0.204865
0.187244
0.170964
0.155919
0.142028
0.129228
0.117617
0.10724
0.0998439
0.0305871
0.0502479
0.0792778
0.105236
0.128343
0.151019
0.172323
0.191075
0.207312
0.22148
0.233816
0.244407
0.253306
0.260601
0.266374
0.270701
0.27367
0.275321
0.275665
0.274764
0.27264
0.269289
0.264988
0.259777
0.253498
0.24628
0.238252
0.229441
0.219999
0.208124
0.107708
0.125534
0.15036
0.175107
0.197956
0.219228
0.238638
0.255617
0.270034
0.282114
0.292101
0.300152
0.306419
0.311053
0.314197
0.315958
0.316402
0.315607
0.313658
0.310597
0.306523
0.301535
0.295417
0.288221
0.280274
0.271609
0.262262
0.252214
0.241755
0.227946
0.274795
0.288076
0.306364
0.32659
0.345895
0.362926
0.377159
0.388383
0.396678
0.402353
0.40577
0.407253
0.407057
0.405365
0.40233
0.398093
0.392788
0.386534
0.379405
0.371443
0.362692
0.353215
0.34307
0.332341
0.32109
0.309338
0.29714
0.28453
0.271716
0.254654
0.497608
0.510427
0.524442
0.538216
0.548752
0.555168
0.558044
0.557992
0.555384
0.550556
0.543871
0.535646
0.526128
0.515511
0.503953
0.491592
0.478544
0.4649
0.450738
0.436128
0.421139
0.405849
0.390314
0.374569
0.358664
0.342647
0.326571
0.310465
0.294558
0.273881
0.718181
0.729835
0.736018
0.737702
0.734902
0.728249
0.718788
0.707241
0.69389
0.678881
0.662419
0.64475
0.626105
0.606676
0.586626
0.566096
0.545214
0.524101
0.502868
0.481617
0.460433
0.439387
0.418535
0.397924
0.37761
0.357634
0.338029
0.318816
0.300159
0.276687
0.872065
0.875056
0.871478
0.864222
0.85358
0.839088
0.82123
0.800949
0.778827
0.75511
0.730032
0.703904
0.677041
0.64971
0.622129
0.594486
0.566952
0.539683
0.512812
0.486442
0.460658
0.435522
0.411078
0.387361
0.364393
0.342189
0.320749
0.300101
0.280218
0.256421
0.949461
0.94255
0.929307
0.913212
0.89662
0.876461
0.851727
0.823715
0.793588
0.761881
0.729007
0.695459
0.661719
0.628161
0.595058
0.56262
0.531003
0.50033
0.470693
0.442149
0.414729
0.388445
0.363295
0.339266
0.316339
0.294496
0.273699
0.253967
0.235096
0.214258
0.978934
0.966041
0.944184
0.913683
0.886551
0.856642
0.821744
0.7842
0.74561
0.706361
0.666849
0.62777
0.589685
0.552809
0.517314
0.483388
0.451115
0.420501
0.391521
0.364139
0.338289
0.313897
0.290904
0.269243
0.248853
0.229683
0.211663
0.194811
0.178873
0.163486
0.949297
0.954692
0.943766
0.909535
0.873345
0.826431
0.772196
0.718741
0.668555
0.621278
0.576738
0.534955
0.495801
0.459203
0.424955
0.392854
0.362846
0.334864
0.308798
0.284518
0.261915
0.240882
0.221304
0.203091
0.186152
0.170422
0.155819
0.142428
0.130146
0.120448
0.81405
0.915592
0.902926
0.840722
0.809637
0.772289
0.722083
0.669922
0.619141
0.570564
0.524723
0.481922
0.442231
0.405695
0.372093
0.341143
0.312661
0.286451
0.262314
0.240068
0.219564
0.200662
0.183224
0.16714
0.152301
0.138628
0.126054
0.114669
0.104562
0.0974301
0.0273215
0.0456154
0.0728249
0.0970741
0.118763
0.140191
0.160354
0.178163
0.193696
0.207359
0.219353
0.22972
0.238507
0.245785
0.251632
0.256104
0.259246
0.261104
0.261676
0.260996
0.259109
0.25602
0.251844
0.246668
0.240503
0.233407
0.225491
0.21677
0.207445
0.195972
0.0952551
0.1109
0.13349
0.156592
0.178324
0.198748
0.217489
0.233986
0.24811
0.260067
0.27009
0.278323
0.284881
0.289889
0.293467
0.295716
0.296692
0.29643
0.294987
0.292423
0.288809
0.284163
0.278493
0.271876
0.264398
0.256088
0.247048
0.237253
0.227066
0.213759
0.247759
0.259277
0.276218
0.29518
0.313442
0.329747
0.343585
0.354721
0.363195
0.369276
0.373279
0.375474
0.376074
0.375257
0.373169
0.36993
0.365654
0.360432
0.35434
0.347414
0.339685
0.331202
0.322024
0.312201
0.30177
0.290759
0.279253
0.267247
0.25508
0.238767
0.462837
0.474376
0.487347
0.500286
0.510424
0.516871
0.520048
0.520456
0.518425
0.514285
0.508382
0.501018
0.49243
0.482801
0.472286
0.461022
0.449116
0.43665
0.423682
0.410281
0.396505
0.382408
0.368038
0.35343
0.33862
0.32364
0.30855
0.293323
0.278297
0.25855
0.688476
0.700081
0.706253
0.707859
0.704994
0.698381
0.689071
0.677736
0.664626
0.649877
0.633697
0.616349
0.598084
0.579109
0.5596
0.539712
0.519582
0.499324
0.479039
0.458807
0.438695
0.418754
0.399019
0.379524
0.360301
0.341367
0.322763
0.304433
0.286756
0.264064
0.855386
0.859165
0.855864
0.848317
0.837028
0.821978
0.803851
0.783452
0.761195
0.737268
0.711927
0.685521
0.658406
0.630892
0.603237
0.575658
0.548336
0.521425
0.495042
0.469277
0.444189
0.419819
0.396191
0.373317
0.351204
0.329841
0.309233
0.289338
0.2703
0.247117
0.943242
0.936474
0.922991
0.906439
0.888861
0.86766
0.842133
0.813429
0.782536
0.749981
0.71625
0.681894
0.647416
0.613227
0.579645
0.546912
0.515204
0.484633
0.45527
0.427144
0.400262
0.374612
0.350167
0.326893
0.304747
0.283691
0.263672
0.244701
0.226542
0.206582
0.976445
0.96192
0.938968
0.907781
0.880059
0.850029
0.815129
0.777112
0.737444
0.696828
0.656086
0.615945
0.576912
0.539329
0.503361
0.469133
0.436729
0.40616
0.377383
0.350332
0.324921
0.301058
0.278671
0.257674
0.237977
0.219526
0.202215
0.186094
0.170802
0.156651
0.944499
0.947867
0.936007
0.901573
0.865611
0.819096
0.765681
0.712881
0.662461
0.614282
0.56876
0.526198
0.486493
0.449427
0.414865
0.382678
0.352751
0.324951
0.299142
0.275181
0.252961
0.232383
0.213283
0.19556
0.179127
0.163896
0.149778
0.13689
0.125088
0.116025
0.806208
0.903725
0.894396
0.836876
0.805547
0.767073
0.716556
0.664373
0.613452
0.564721
0.518712
0.475836
0.436165
0.399585
0.365939
0.335014
0.306608
0.280517
0.256546
0.234506
0.214243
0.195614
0.178457
0.16266
0.148116
0.134731
0.122441
0.111344
0.101514
0.0946503
0.0234101
0.0400547
0.0651051
0.0871206
0.106975
0.126856
0.145776
0.162673
0.177578
0.190843
0.202624
0.212948
0.221816
0.229241
0.235265
0.239931
0.24327
0.245303
0.246058
0.245548
0.243733
0.240814
0.236899
0.231854
0.225698
0.218671
0.210851
0.202239
0.193141
0.182326
0.0799876
0.0934486
0.113873
0.134934
0.155034
0.174272
0.192202
0.208223
0.222162
0.234165
0.244399
0.252952
0.259918
0.265416
0.269559
0.272427
0.274056
0.27447
0.273691
0.271781
0.268822
0.264672
0.25935
0.253124
0.246084
0.238111
0.229342
0.219746
0.209771
0.197296
0.213073
0.222169
0.237037
0.254226
0.271098
0.286521
0.29999
0.311237
0.32026
0.327214
0.332324
0.335782
0.33774
0.338343
0.337715
0.335949
0.333123
0.329306
0.324545
0.318877
0.312342
0.304949
0.296755
0.287833
0.278216
0.267914
0.257062
0.245581
0.234029
0.2189
0.412798
0.421473
0.432837
0.44476
0.454582
0.461423
0.465449
0.466889
0.465928
0.462948
0.458333
0.452401
0.445387
0.437469
0.42878
0.419415
0.409449
0.398938
0.387916
0.37641
0.364449
0.35206
0.339268
0.326102
0.3126
0.298788
0.284773
0.270421
0.25636
0.23802
0.644053
0.654086
0.659515
0.661379
0.659423
0.653866
0.645408
0.634616
0.621849
0.607383
0.591539
0.574684
0.55711
0.539038
0.52064
0.50205
0.483373
0.464685
0.446035
0.427464
0.409002
0.390661
0.372448
0.354385
0.336496
0.31878
0.301308
0.283918
0.267236
0.246035
0.827926
0.830878
0.828058
0.82244
0.813094
0.799225
0.781288
0.760194
0.736716
0.71146
0.684991
0.657788
0.630257
0.602706
0.575356
0.548381
0.521909
0.49603
0.470804
0.446269
0.422441
0.399325
0.376906
0.355173
0.334123
0.313727
0.294016
0.274852
0.256625
0.234582
0.931039
0.920587
0.905998
0.892018
0.877172
0.857492
0.832172
0.802529
0.77007
0.73589
0.700786
0.665443
0.630377
0.595937
0.562431
0.530067
0.498961
0.469155
0.440662
0.41348
0.387569
0.362876
0.339353
0.316941
0.295586
0.275235
0.255861
0.237397
0.219806
0.200409
0.970566
0.94874
0.923574
0.895253
0.869616
0.840306
0.805522
0.76722
0.727144
0.686234
0.645332
0.605168
0.566238
0.528849
0.493248
0.459565
0.427801
0.397941
0.369912
0.343633
0.318978
0.295826
0.27411
0.253726
0.234579
0.216596
0.19971
0.183909
0.16888
0.15465
0.934184
0.9325
0.92432
0.894265
0.856092
0.804996
0.749931
0.698918
0.651569
0.60613
0.562525
0.521177
0.482194
0.445646
0.411403
0.379392
0.349593
0.321944
0.29633
0.272593
0.250619
0.230292
0.211449
0.193974
0.177764
0.162737
0.148792
0.136004
0.124244
0.11496
0.790745
0.895992
0.888211
0.832668
0.800292
0.757805
0.706394
0.655331
0.606205
0.559155
0.514469
0.472496
0.433359
0.397128
0.363671
0.332815
0.304441
0.278382
0.254468
0.232501
0.212334
0.193823
0.176792
0.161122
0.146699
0.133436
0.121247
0.110223
0.100428
0.0935234
0.0218719
0.0375097
0.061032
0.0820182
0.100965
0.119907
0.138002
0.154282
0.168748
0.181713
0.193328
0.203562
0.21237
0.219776
0.22582
0.230523
0.233894
0.235944
0.236699
0.236171
0.234375
0.231431
0.227389
0.222226
0.216022
0.208935
0.201034
0.192369
0.183199
0.172688
0.0709287
0.0838128
0.10328
0.123448
0.142736
0.161202
0.178472
0.194
0.207636
0.219508
0.229726
0.238378
0.245568
0.251382
0.25588
0.259097
0.261049
0.261751
0.261217
0.259479
0.256574
0.252536
0.247397
0.241222
0.234106
0.226121
0.217359
0.207808
0.197809
0.185721
0.184963
0.19381
0.208781
0.226068
0.243089
0.258805
0.272733
0.284558
0.294226
0.301904
0.30781
0.312123
0.314976
0.31648
0.316735
0.315826
0.31381
0.310729
0.306621
0.301523
0.295473
0.288517
0.280697
0.272053
0.262646
0.25254
0.241846
0.230512
0.218942
0.204488
0.365805
0.37333
0.385073
0.397853
0.408728
0.416814
0.422271
0.425324
0.426175
0.425117
0.422472
0.418507
0.413418
0.407346
0.400398
0.392656
0.384182
0.375018
0.365197
0.354752
0.343716
0.332131
0.320034
0.307464
0.294473
0.281106
0.267454
0.25343
0.239489
0.222136
0.596573
0.606213
0.612227
0.614566
0.612573
0.606824
0.598428
0.58813
0.576297
0.563205
0.54913
0.534302
0.518887
0.503006
0.486762
0.470238
0.453503
0.436608
0.419592
0.402488
0.385322
0.368124
0.350923
0.333746
0.316628
0.299592
0.282707
0.265865
0.249446
0.229701
0.802321
0.809603
0.808499
0.800754
0.786976
0.768359
0.746571
0.722892
0.698026
0.672403
0.646365
0.620179
0.594027
0.568054
0.542386
0.517127
0.492354
0.468118
0.444447
0.421356
0.398849
0.376922
0.35558
0.334819
0.314637
0.295032
0.276023
0.257526
0.239698
0.219452
0.934675
0.929037
0.918411
0.901665
0.877784
0.848492
0.815961
0.781674
0.746402
0.71066
0.674898
0.639525
0.604876
0.571177
0.538603
0.507269
0.477236
0.448519
0.421096
0.39492
0.369943
0.346105
0.323361
0.30166
0.280953
0.261204
0.242372
0.224423
0.207242
0.189329
0.985695
0.959439
0.940897
0.913499
0.878728
0.840673
0.800336
0.75867
0.716667
0.67485
0.633633
0.593427
0.554613
0.517464
0.482155
0.448792
0.417396
0.387924
0.360288
0.334385
0.310105
0.287326
0.265945
0.245867
0.227009
0.209295
0.192643
0.177065
0.16234
0.14872
0.928226
0.922178
0.919809
0.884343
0.841618
0.79653
0.748304
0.699727
0.652332
0.606453
0.56236
0.52037
0.48071
0.443525
0.408832
0.376583
0.346681
0.318999
0.293393
0.269713
0.247806
0.227527
0.20874
0.191323
0.175168
0.160186
0.146292
0.133532
0.121836
0.112481
0.766611
0.904261
0.879216
0.824359
0.792185
0.751321
0.703131
0.653884
0.605581
0.558915
0.514375
0.472366
0.433081
0.396593
0.362881
0.331843
0.303335
0.277184
0.253209
0.23122
0.211043
0.19252
0.175496
0.15984
0.145435
0.132191
0.120029
0.109022
0.0992378
0.0922639
)
;

boundaryField
{
    inlet_one
    {
        type            fixedValue;
        value           uniform 0;
    }
    inlet_two
    {
        type            fixedValue;
        value           uniform 1;
    }
    outlet
    {
        type            zeroGradient;
    }
    walls
    {
        type            zeroGradient;
    }
}


// ************************************************************************* //
