/*--------------------------------*- C++ -*----------------------------------*\
| =========                 |                                                 |
| \\      /  F ield         | OpenFOAM: The Open Source CFD Toolbox           |
|  \\    /   O peration     | Version:  2112                                  |
|   \\  /    A nd           | Website:  www.openfoam.com                      |
|    \\/     M anipulation  |                                                 |
\*---------------------------------------------------------------------------*/
FoamFile
{
    version     2.0;
    format      ascii;
    arch        "LSB;label=32;scalar=64";
    class       volScalarField;
    location    "57.5";
    object      p;
}
// * * * * * * * * * * * * * * * * * * * * * * * * * * * * * * * * * * * * * //

dimensions      [0 2 -2 0 0 0 0];

internalField   nonuniform List<scalar> 
8800
(
0.820661
0.772874
0.734185
0.705191
0.684328
0.6695
0.658908
0.651434
0.646623
0.644578
0.645861
0.650063
0.656717
0.666039
0.678823
0.696559
0.721338
0.75528
0.797831
0.856533
0.65191
0.659589
0.667065
0.670374
0.668871
0.663795
0.657311
0.651238
0.646523
0.643691
0.643425
0.645945
0.650444
0.656397
0.663171
0.669455
0.673097
0.672362
0.666944
0.658254
0.630313
0.636473
0.6406
0.643545
0.645595
0.646202
0.645099
0.643
0.640994
0.6401
0.641078
0.643473
0.646281
0.648468
0.649079
0.647883
0.645543
0.642151
0.637593
0.633833
0.624504
0.627155
0.629906
0.632309
0.633945
0.635108
0.635853
0.635977
0.635692
0.635657
0.636427
0.63761
0.638459
0.63853
0.637925
0.636837
0.635023
0.632453
0.630051
0.628547
0.619125
0.620549
0.622328
0.62436
0.626144
0.627487
0.628479
0.629283
0.629909
0.63049
0.63116
0.63167
0.63178
0.631499
0.630806
0.629561
0.627867
0.62602
0.624713
0.623882
0.61405
0.61497
0.616211
0.617776
0.619409
0.620935
0.622223
0.623297
0.624273
0.625185
0.625896
0.62624
0.626208
0.625776
0.6249
0.623703
0.622378
0.621119
0.620297
0.619746
0.609145
0.609815
0.610776
0.612077
0.613486
0.614944
0.616386
0.617716
0.618927
0.620055
0.6209
0.621285
0.621212
0.620711
0.61991
0.618965
0.617955
0.617033
0.616448
0.616042
0.604365
0.604881
0.605663
0.606792
0.608068
0.609442
0.61089
0.612368
0.61381
0.615168
0.6162
0.616689
0.616677
0.6163
0.615702
0.61498
0.614209
0.613526
0.613092
0.612775
0.599637
0.600047
0.600702
0.601705
0.602909
0.604235
0.605682
0.607244
0.608879
0.6105
0.611772
0.61245
0.612627
0.612466
0.612088
0.611574
0.611006
0.610514
0.610192
0.609934
0.594876
0.59521
0.595775
0.5967
0.597854
0.599164
0.600645
0.602303
0.604123
0.606028
0.607614
0.608581
0.60903
0.609117
0.608966
0.608673
0.608296
0.607963
0.607725
0.607509
0.589994
0.590271
0.590775
0.591653
0.592788
0.594122
0.595674
0.59747
0.599514
0.60175
0.603731
0.605071
0.605846
0.606217
0.606312
0.60624
0.606053
0.60586
0.605689
0.605502
0.584904
0.585136
0.585601
0.586462
0.587618
0.589019
0.590685
0.592671
0.595006
0.59765
0.600115
0.601904
0.603061
0.603756
0.604127
0.604283
0.604285
0.604219
0.604104
0.603938
0.579514
0.579712
0.580157
0.581032
0.58225
0.58376
0.585595
0.587839
0.590543
0.593703
0.596755
0.599077
0.600679
0.601744
0.602422
0.602819
0.603029
0.60308
0.603011
0.60286
0.573726
0.573896
0.574338
0.575255
0.576576
0.578248
0.580319
0.5829
0.586073
0.589872
0.593636
0.596593
0.598719
0.600209
0.601238
0.601924
0.602335
0.602502
0.602473
0.60233
0.567423
0.567569
0.568024
0.569012
0.570484
0.572377
0.57476
0.577772
0.581538
0.586122
0.590748
0.594465
0.597212
0.599201
0.600626
0.601626
0.602268
0.602555
0.602562
0.602424
0.560469
0.56059
0.561072
0.562164
0.563837
0.566021
0.568804
0.572364
0.576867
0.582412
0.588082
0.592709
0.59619
0.598768
0.600661
0.602021
0.602921
0.60333
0.603372
0.603234
0.552687
0.552785
0.55331
0.554541
0.556473
0.559027
0.562322
0.566573
0.571991
0.578711
0.585641
0.591353
0.595703
0.598971
0.601425
0.603208
0.604393
0.60493
0.605004
0.604863
0.543849
0.54395
0.544529
0.545917
0.54818
0.551214
0.555161
0.560281
0.566836
0.574995
0.583438
0.590438
0.595812
0.599894
0.60301
0.605284
0.606791
0.607467
0.60757
0.607423
0.533652
0.533734
0.534403
0.536016
0.538712
0.542363
0.547135
0.553349
0.561317
0.571234
0.581491
0.590011
0.596588
0.601627
0.605504
0.608357
0.610231
0.611052
0.611183
0.611026
0.521727
0.521793
0.522562
0.524487
0.52774
0.532184
0.538012
0.545612
0.555342
0.567403
0.579824
0.590127
0.598106
0.604263
0.609021
0.612551
0.614825
0.615794
0.615947
0.615776
0.50753
0.507585
0.508495
0.510835
0.514822
0.520312
0.527518
0.536896
0.548832
0.563498
0.578482
0.590862
0.600448
0.607885
0.613671
0.617958
0.620663
0.621777
0.621945
0.621757
0.490299
0.490342
0.491466
0.494389
0.499384
0.506285
0.515329
0.527027
0.541748
0.559578
0.577557
0.592303
0.603706
0.612591
0.619519
0.624654
0.627803
0.629046
0.629216
0.629008
0.468889
0.46893
0.4704
0.4742
0.480648
0.489541
0.501102
0.515861
0.534088
0.555718
0.577149
0.594544
0.607968
0.618457
0.626615
0.632668
0.636241
0.637579
0.637735
0.637505
0.441582
0.441643
0.443696
0.44891
0.457603
0.469418
0.484528
0.503354
0.525967
0.552091
0.577416
0.597707
0.613298
0.625505
0.635001
0.641959
0.645887
0.647259
0.64738
0.647128
0.40535
0.405508
0.408763
0.416586
0.429074
0.445347
0.465512
0.489679
0.51766
0.548968
0.578572
0.601923
0.619775
0.633762
0.644629
0.652399
0.65654
0.657856
0.657918
0.657647
0.354424
0.355392
0.361859
0.375035
0.394117
0.417285
0.444423
0.475345
0.509662
0.546736
0.580853
0.607331
0.627449
0.643181
0.655351
0.663738
0.66788
0.669037
0.669024
0.66874
0.279928
0.287143
0.302103
0.325295
0.354218
0.38662
0.422279
0.460975
0.502318
0.545657
0.584648
0.614516
0.637106
0.65476
0.668265
0.677134
0.681169
0.682151
0.682091
0.681844
0.199801
0.216897
0.241147
0.275016
0.314151
0.355926
0.40019
0.44688
0.495687
0.54602
0.590822
0.624945
0.650643
0.670664
0.685806
0.695025
0.698668
0.699385
0.699344
0.699192
0.133029
0.153175
0.185111
0.228044
0.276211
0.326822
0.379431
0.433955
0.49007
0.547193
0.59756
0.635676
0.664276
0.686363
0.702567
0.711743
0.715091
0.71573
0.715735
0.715632
0.0783386
0.100136
0.137571
0.186918
0.242221
0.30028
0.360274
0.422
0.485002
0.548612
0.604272
0.646135
0.677373
0.701233
0.718466
0.727837
0.73124
0.731932
0.731963
0.731892
0.032789
0.0557683
0.0969861
0.15143
0.212473
0.276688
0.343035
0.411168
0.480473
0.550142
0.610812
0.656222
0.689955
0.715575
0.733828
0.743864
0.747514
0.748133
0.748196
0.748157
-0.00587804
0.0177736
0.0618509
0.120339
0.186211
0.255663
0.327523
0.401348
0.476398
0.551713
0.61712
0.665919
0.702067
0.729428
0.748798
0.759509
0.763432
0.764111
0.764196
0.764186
-0.0396793
-0.0155826
0.0307631
0.0925785
0.162527
0.236532
0.313285
0.392253
0.472588
0.553186
0.623078
0.675105
0.713555
0.742576
0.762982
0.774347
0.778622
0.779432
0.779552
0.779559
-0.0701037
-0.0456134
0.00258123
0.0672429
0.140707
0.218705
0.299845
0.383501
0.468737
0.554319
0.628485
0.683591
0.724205
0.754724
0.776135
0.78808
0.792688
0.793691
0.793814
0.793823
-0.098109
-0.0732611
-0.0234872
0.0436278
0.120187
0.201722
0.286805
0.374757
0.46458
0.554906
0.633196
0.691249
0.733895
0.765773
0.788053
0.800508
0.805398
0.806541
0.806664
0.806662
-0.124491
-0.0992391
-0.047977
0.0212183
0.100543
0.18523
0.273878
0.365786
0.459913
0.554792
0.637112
0.69805
0.742639
0.775797
0.798755
0.811586
0.81666
0.817892
0.81801
0.817987
-0.149621
-0.123949
-0.0714813
-0.000296266
0.081471
0.168987
0.260867
0.356417
0.454589
0.553868
0.64018
0.704004
0.750495
0.784832
0.808371
0.821421
0.826574
0.827851
0.827945
0.82791
-0.173911
-0.147691
-0.0941944
-0.0211742
0.0627685
0.152822
0.247635
0.346535
0.448508
0.552047
0.64236
0.709136
0.757566
0.793017
0.817026
0.830153
0.835332
0.83661
0.836673
0.836609
-0.197492
-0.17087
-0.11621
-0.0415824
0.0443084
0.136639
0.234103
0.336079
0.44161
0.54927
0.643621
0.713482
0.763958
0.800539
0.824931
0.83804
0.843138
0.844355
0.844414
0.844331
-0.220494
-0.193353
-0.137671
-0.0616009
0.0260348
0.120397
0.220243
0.325018
0.43386
0.545486
0.643919
0.717071
0.769783
0.807568
0.832277
0.845238
0.850166
0.851286
0.851286
0.85118
-0.243047
-0.215333
-0.158655
-0.0812636
0.0079189
0.104093
0.206066
0.313367
0.425255
0.54066
0.643208
0.7199
0.775135
0.814258
0.839204
0.85186
0.856468
0.857428
0.857372
0.857249
-0.265168
-0.236797
-0.179193
-0.100573
-0.0100118
0.0877512
0.191613
0.301165
0.41582
0.534767
0.64143
0.721927
0.780068
0.820786
0.845911
0.858019
0.862121
0.862843
0.862727
0.862575
-0.286705
-0.257711
-0.199221
-0.119508
-0.0277275
0.0714347
0.17694
0.288482
0.405608
0.527829
0.638519
0.723078
0.784577
0.827314
0.852694
0.863984
0.867254
0.867602
0.867419
0.867268
-0.307637
-0.278051
-0.218726
-0.138025
-0.0451739
0.0551991
0.162135
0.275391
0.394693
0.519868
0.634425
0.723231
0.788583
0.833937
0.859948
0.87027
0.872191
0.871801
0.8715
0.871402
-0.328033
-0.297783
-0.237685
-0.156092
-0.0622909
0.0391247
0.147281
0.261995
0.383164
0.510948
0.629096
0.722235
0.791905
0.840566
0.86803
0.877752
0.87783
0.875849
0.875113
0.875301
-0.347721
-0.316884
-0.256044
-0.17365
-0.0790213
0.0232928
0.132472
0.248401
0.371135
0.501159
0.622519
0.719917
0.794263
0.846844
0.876912
0.887423
0.886151
0.881723
0.879049
0.878598
-0.366798
-0.335345
-0.27382
-0.19073
-0.0953977
0.00766084
0.117653
0.234554
0.35854
0.490428
0.614558
0.716004
0.795341
0.852239
0.885944
0.89954
0.899549
0.893188
0.884921
0.870865
-0.385189
-0.353153
-0.29113
-0.207531
-0.111703
-0.00809832
0.102416
0.21998
0.344853
0.478133
0.604578
0.709727
0.79458
0.856025
0.893406
0.911895
0.913874
0.901365
0.881598
0.869901
-0.402719
-0.370441
-0.30778
-0.22385
-0.127589
-0.0236442
0.0869833
0.204999
0.330374
0.464524
0.592635
0.7006
0.791135
0.85704
0.895081
0.913387
0.918097
0.894836
0.827146
0.796766
-0.418721
-0.388456
-0.323442
-0.239188
-0.142273
-0.0384768
0.0716692
0.18984
0.315319
0.449719
0.578656
0.688299
0.783567
0.854611
0.885977
0.898844
0.888106
0.833881
0.764793
0.722288
-0.474324
-0.404352
-0.337662
-0.254666
-0.15737
-0.054055
0.0564059
0.174219
0.299315
0.433254
0.562028
0.672161
0.767995
0.845566
0.85023
0.852766
0.802961
0.732496
0.655781
0.613082
-0.435741
-0.419691
-0.358909
-0.274994
-0.179676
-0.076428
0.0330057
0.150152
0.27423
0.40671
0.533514
0.641913
0.729799
0.81205
0.798658
0.685
0.579511
0.506102
0.432573
0.462998
-0.466708
-0.437332
-0.375618
-0.292512
-0.197203
-0.0940952
0.0155969
0.132094
0.255086
0.385739
0.50971
0.613887
0.69239
0.736277
0.687606
0.538337
0.410205
0.318597
0.219727
0.269695
-0.490569
-0.458255
-0.395294
-0.312021
-0.216605
-0.113601
-0.00399752
0.111656
0.233231
0.361458
0.481683
0.579678
0.649357
0.658828
0.552093
0.378986
0.226077
0.107081
-0.024158
0.00857702
-0.513931
-0.480072
-0.415916
-0.331716
-0.236204
-0.133346
-0.024267
0.0904143
0.210379
0.335801
0.451355
0.541536
0.595955
0.574095
0.415484
0.219103
0.0287454
-0.139206
-0.327798
-0.346299
-0.536705
-0.502384
-0.437324
-0.352339
-0.256667
-0.154023
-0.0455924
0.0679935
0.186091
0.308314
0.418492
0.500855
0.535938
0.477988
0.285572
0.0751461
-0.14202
-0.331196
-0.573098
-0.871222
-0.55978
-0.525446
-0.459829
-0.374341
-0.278468
-0.175983
-0.0681281
0.0443296
0.160452
0.279212
0.383705
0.457836
0.471991
0.362994
0.172605
-0.0371287
-0.241253
-0.413399
-0.482504
-0.561625
-0.584117
-0.549707
-0.483778
-0.398043
-0.302104
-0.199869
-0.0926803
0.0184766
0.132306
0.247078
0.345531
0.408714
0.398043
0.255442
0.0722887
-0.118426
-0.281042
-0.373766
-0.397787
-0.413705
-0.610022
-0.575477
-0.509344
-0.423525
-0.327704
-0.225889
-0.119606
-0.0100503
0.101067
0.211211
0.303136
0.352312
0.324124
0.155665
-0.0185809
-0.18423
-0.310552
-0.349464
-0.362337
-0.363668
-0.637699
-0.602932
-0.536591
-0.450782
-0.355218
-0.254047
-0.148921
-0.0412984
0.0666708
0.171611
0.256078
0.291258
0.243573
0.0635619
-0.101616
-0.249961
-0.325962
-0.342974
-0.344264
-0.344067
-0.667212
-0.632138
-0.565542
-0.479811
-0.38466
-0.284329
-0.180626
-0.0752793
0.0291284
0.128344
0.204424
0.227773
0.144542
-0.0205301
-0.177398
-0.299652
-0.336238
-0.334479
-0.33346
-0.332825
-0.698275
-0.662909
-0.596095
-0.510524
-0.415941
-0.316679
-0.214687
-0.111962
-0.0115184
0.0815129
0.14902
0.155838
0.0542497
-0.098851
-0.237366
-0.312594
-0.323074
-0.32584
-0.326575
-0.326272
-0.730337
-0.694811
-0.627992
-0.542689
-0.448872
-0.350935
-0.250945
-0.151209
-0.0550818
0.0314543
0.0902574
0.0819176
-0.027022
-0.165051
-0.280666
-0.311835
-0.320374
-0.321985
-0.321877
-0.32163
-0.76293
-0.727284
-0.660791
-0.575909
-0.483106
-0.386771
-0.289113
-0.192725
-0.10127
-0.0211636
0.0271387
0.0112133
-0.102289
-0.218401
-0.310709
-0.326467
-0.318987
-0.318257
-0.318304
-0.318147
-0.795157
-0.759595
-0.693597
-0.609597
-0.518097
-0.42371
-0.328733
-0.236015
-0.149599
-0.0757137
-0.0374344
-0.0549587
-0.169643
-0.258576
-0.311043
-0.322404
-0.319148
-0.317549
-0.31692
-0.316687
-0.825441
-0.790568
-0.725443
-0.642828
-0.553075
-0.461049
-0.369145
-0.280372
-0.199245
-0.131579
-0.096906
-0.129369
-0.228369
-0.294632
-0.295839
-0.314661
-0.319923
-0.318408
-0.31776
-0.317339
-0.852176
-0.818401
-0.755197
-0.674397
-0.587
-0.49785
-0.409473
-0.324915
-0.24903
-0.187774
-0.153727
-0.202371
-0.289111
-0.324283
-0.331722
-0.331756
-0.329813
-0.328005
-0.327383
-0.326815
-0.873242
-0.841185
-0.780862
-0.702896
-0.618596
-0.532958
-0.448617
-0.36859
-0.297714
-0.242843
-0.212389
-0.262794
-0.351772
-0.419879
-0.415366
-0.39027
-0.367494
-0.359119
-0.355227
-0.353096
-0.886389
-0.857041
-0.800435
-0.726482
-0.646365
-0.565065
-0.485348
-0.41015
-0.344116
-0.294745
-0.267809
-0.30855
-0.400346
-0.541795
-0.498488
-0.433039
-0.405682
-0.392713
-0.384955
-0.382966
-0.888992
-0.863712
-0.812025
-0.743321
-0.668624
-0.592779
-0.518357
-0.448312
-0.386935
-0.341143
-0.310101
-0.320827
-0.360046
-0.529863
-0.460599
-0.394064
-0.367676
-0.357447
-0.354108
-0.353123
-0.878884
-0.858512
-0.813468
-0.751825
-0.683919
-0.614652
-0.546373
-0.48182
-0.424741
-0.380895
-0.337234
-0.279752
-0.164165
-0.118774
-0.167255
-0.224114
-0.265974
-0.284784
-0.29326
-0.294808
-0.853997
-0.838634
-0.802943
-0.750793
-0.691294
-0.6297
-0.568283
-0.509563
-0.457014
-0.415659
-0.360693
-0.246017
0.0338608
0.453469
0.159387
-0.116053
-0.256378
-0.309419
-0.329337
-0.335636
-0.816856
-0.806933
-0.781221
-0.740381
-0.690745
-0.637697
-0.583547
-0.530685
-0.483459
-0.445963
-0.405904
-0.383543
-0.417413
-0.503542
-0.632442
-0.627226
-0.597357
-0.586878
-0.589285
-0.593763
-0.774161
-0.768539
-0.753182
-0.723376
-0.684148
-0.63935
-0.592211
-0.545019
-0.501923
-0.472203
-0.458712
-0.668741
-1.16111
-1.68629
-1.66795
-1.30475
-1.06615
-0.935141
-0.887872
-0.878152
-0.73577
-0.732407
-0.725078
-0.705242
-0.674353
-0.636509
-0.594911
-0.551419
-0.509829
-0.478211
-0.471439
-0.607278
-0.790541
-0.96236
-0.983257
-0.941747
-0.936104
-0.858927
-0.790255
-0.778197
-0.708536
-0.706471
-0.702874
-0.690442
-0.66568
-0.632075
-0.593348
-0.550279
-0.505659
-0.461003
-0.441002
-0.417975
-0.429958
-0.44295
-0.47681
-0.528046
-0.585416
-0.546694
-0.458582
-0.418562
-0.688074
-0.687313
-0.686211
-0.680037
-0.660694
-0.629291
-0.589929
-0.545007
-0.494113
-0.442668
-0.403763
-0.376777
-0.243125
-0.0171539
0.192812
0.33198
0.388792
0.415811
0.439618
0.456481
-0.676448
-0.676066
-0.675447
-0.672807
-0.658877
-0.628457
-0.586543
-0.536691
-0.480837
-0.417544
-0.351545
-0.286401
-0.069705
0.262245
0.58991
0.854356
0.971422
1.0215
1.0307
1.02774
-0.669627
-0.669311
-0.668604
-0.668153
-0.6599
-0.630128
-0.584113
-0.528652
-0.463968
-0.386058
-0.302182
-0.207666
0.0241896
0.350227
0.65312
0.890128
1.03325
1.11604
1.16018
1.17592
-0.666626
-0.666757
-0.667115
-0.66848
-0.663469
-0.634119
-0.583622
-0.522289
-0.448279
-0.36357
-0.266129
-0.168891
0.073934
0.37399
0.65287
0.882979
1.04184
1.15319
1.22322
1.25006
-0.661762
-0.662761
-0.66517
-0.668423
-0.664638
-0.635982
-0.584967
-0.51914
-0.438337
-0.34283
-0.240413
-0.152612
0.0549133
0.35349
0.652998
0.914087
1.11216
1.23973
1.30664
1.32804
-0.656237
-0.655806
-0.651974
-0.645095
-0.640997
-0.628377
-0.58987
-0.522252
-0.434746
-0.332966
-0.230534
-0.134639
0.0332408
0.317974
0.597333
0.839552
1.03692
1.15762
1.21316
1.22827
-0.681085
-0.675923
-0.657505
-0.630936
-0.623659
-0.63644
-0.609444
-0.533892
-0.435825
-0.327392
-0.225234
-0.129753
-0.00577406
0.236225
0.474092
0.679803
0.839992
0.935623
0.978049
0.988604
-0.75962
-0.757877
-0.759273
-0.767318
-0.763039
-0.748461
-0.665264
-0.554113
-0.437379
-0.323318
-0.221316
-0.127527
-0.0282006
0.140693
0.336891
0.496605
0.621774
0.693477
0.724457
0.730549
-0.881693
-0.899007
-0.937105
-0.964706
-0.954445
-0.887209
-0.730852
-0.570869
-0.434474
-0.31628
-0.219209
-0.137572
-0.0638482
0.057049
0.206744
0.330335
0.426272
0.478885
0.499543
0.502423
-0.91833
-0.939379
-0.975687
-1.00037
-0.986719
-0.900487
-0.721574
-0.550869
-0.413307
-0.301513
-0.215124
-0.149445
-0.0976517
-0.0148074
0.0962564
0.189118
0.258973
0.295119
0.309116
0.309805
-0.749302
-0.77126
-0.805816
-0.833879
-0.824108
-0.737361
-0.599712
-0.470645
-0.362116
-0.272215
-0.202579
-0.155604
-0.117872
-0.0638746
0.00823128
0.0757023
0.120408
0.143133
0.15067
0.150046
-0.427081
-0.440346
-0.464067
-0.48907
-0.495991
-0.465447
-0.40977
-0.347431
-0.288292
-0.231549
-0.183429
-0.14965
-0.120311
-0.08686
-0.0467913
-0.0127714
0.00978081
0.0188558
0.0220438
0.0209969
-0.125347
-0.131308
-0.146181
-0.171015
-0.199575
-0.220885
-0.22994
-0.226012
-0.210904
-0.186957
-0.161077
-0.13904
-0.116176
-0.099513
-0.0833448
-0.0733178
-0.0698198
-0.0712408
-0.0725513
-0.073179
0.0492888
0.0464114
0.0357423
0.0116415
-0.0267171
-0.0703872
-0.107672
-0.133724
-0.146613
-0.147603
-0.140197
-0.127827
-0.112892
-0.110103
-0.111775
-0.115003
-0.121415
-0.126359
-0.127853
-0.128076
0.111389
0.109495
0.101206
0.0807728
0.0461538
0.00341557
-0.038792
-0.074471
-0.100743
-0.117598
-0.126516
-0.128119
-0.124286
-0.127099
-0.131201
-0.136904
-0.143651
-0.14801
-0.149139
-0.149486
0.11672
0.11527
0.109178
0.0940814
0.0679977
0.0341236
-0.00289581
-0.038287
-0.0694975
-0.0966645
-0.122316
-0.147213
-0.163295
-0.15924
-0.152233
-0.150947
-0.151103
-0.152004
-0.15223
-0.152619
0.101775
0.10075
0.0965683
0.0861731
0.0678425
0.0428785
0.0134493
-0.0171955
-0.0477169
-0.0796641
-0.117891
-0.166146
-0.200982
-0.181675
-0.161455
-0.150458
-0.146742
-0.146056
-0.14587
-0.146124
0.0829782
0.0823161
0.0795896
0.0727255
0.0602997
0.0426647
0.0206924
-0.00379951
-0.0301517
-0.0605444
-0.100392
-0.153773
-0.180659
-0.15763
-0.137309
-0.129565
-0.128545
-0.129309
-0.129495
-0.129522
0.0660147
0.0656334
0.063963
0.0596254
0.0515067
0.0395583
0.0240864
0.00612942
-0.0136329
-0.0363339
-0.0652594
-0.100079
-0.110054
-0.0952897
-0.0876327
-0.0891053
-0.0936187
-0.0965147
-0.0970978
-0.0969525
0.0521912
0.051985
0.0510485
0.0484653
0.0434379
0.0357818
0.0256731
0.0139118
0.00152664
-0.0104895
-0.0200702
-0.0274614
-0.0215337
-0.0160363
-0.0234273
-0.0337606
-0.0423401
-0.0462945
-0.0470966
-0.0471185
0.0411342
0.0410589
0.0406065
0.039227
0.0363772
0.0319219
0.026065
0.0196835
0.0145078
0.013811
0.0231774
0.0427322
0.068083
0.0580038
0.0384502
0.022015
0.0126889
0.010582
0.00881203
0.0083645
0.0318585
0.0318814
0.0317425
0.031164
0.0298363
0.0276423
0.0249003
0.0226268
0.0230524
0.030972
0.0538271
0.0891099
0.120715
0.107304
0.0846676
0.0657657
0.0582427
0.0555376
0.0546023
0.0538905
0.023624
0.0236901
0.0237317
0.0236626
0.0232781
0.0225363
0.0218235
0.022163
0.0258888
0.0383204
0.0665419
0.106014
0.136541
0.124331
0.103105
0.0903299
0.0865406
0.085361
0.0837784
0.0825535
0.0158851
0.0159584
0.0160681
0.0162329
0.0163457
0.0164071
0.0167063
0.0181603
0.0227314
0.0351451
0.0611255
0.0921896
0.119678
0.10613
0.0930459
0.0881395
0.0874579
0.0877826
0.0861087
0.0848569
0.00848019
0.008526
0.00862557
0.00887703
0.00915415
0.00946155
0.00995626
0.0112163
0.0144985
0.0228866
0.0407426
0.0636422
0.0752928
0.0648972
0.0577426
0.0581716
0.0613917
0.0633896
0.0618904
0.060647
0.0015049
0.00152957
0.00153614
0.00160204
0.00175047
0.00183295
0.001908
0.00213709
0.00264629
0.00396899
0.00672185
0.0121485
0.0163904
0.0200949
0.0168111
0.0182646
0.018215
0.0144878
0.0125219
0.012348
-0.0995536
0.0671446
0.261758
0.431608
0.567282
0.674077
0.762361
0.837528
0.871788
0.848519
0.202666
0.32322
0.452919
0.564988
0.659415
0.737527
0.800772
0.845683
0.868165
0.880278
0.421187
0.503883
0.592536
0.670812
0.738119
0.794433
0.839228
0.871969
0.895655
0.913663
0.581774
0.640973
0.702507
0.759521
0.80911
0.851229
0.885836
0.913458
0.936228
0.954544
0.70707
0.750129
0.796044
0.839796
0.878457
0.912235
0.941157
0.965238
0.985611
1.00346
0.811302
0.844149
0.882231
0.917746
0.950353
0.979589
1.00514
1.02663
1.04448
1.06183
0.903798
0.932476
0.966428
0.998548
1.02849
1.05565
1.0794
1.09911
1.11462
1.13169
0.992358
1.02155
1.05555
1.08759
1.11718
1.14377
1.16663
1.18512
1.19849
1.21552
1.08765
1.12086
1.1575
1.19107
1.22111
1.2473
1.26925
1.28653
1.29839
1.31579
1.20264
1.24047
1.27911
1.31335
1.34269
1.36744
1.38781
1.4037
1.41517
1.43324
1.34758
1.38612
1.42226
1.45294
1.47862
1.50072
1.51977
1.5353
1.54773
1.56572
1.52265
1.55427
1.58045
1.6029
1.62287
1.64159
1.65931
1.67579
1.69114
1.7092
1.71126
1.72847
1.7435
1.75973
1.77564
1.79017
1.80337
1.8173
1.83484
1.85499
1.89298
1.90252
1.91406
1.92487
1.93415
1.94374
1.95452
1.96589
1.97725
1.9926
2.10022
2.10388
2.08893
2.07413
2.06785
2.07352
2.092
2.12231
2.15449
2.18114
2.40654
2.27167
2.19503
2.15265
2.13523
2.13919
2.16659
2.22301
2.32562
2.54999
0.71126
0.709132
0.704648
0.696024
0.6838
0.671672
0.661444
0.653551
0.647936
0.644687
0.644338
0.647082
0.65219
0.659415
0.668804
0.680344
0.692995
0.70403
0.710142
0.713196
0.635712
0.641559
0.647892
0.652385
0.654855
0.654531
0.651795
0.647987
0.64448
0.642226
0.642085
0.644287
0.647954
0.652245
0.656053
0.657936
0.657
0.653519
0.648355
0.641735
0.627284
0.629581
0.632984
0.63598
0.638055
0.639552
0.640308
0.639994
0.638972
0.638094
0.638276
0.639708
0.641526
0.642833
0.643014
0.642124
0.640575
0.638238
0.634975
0.632054
0.62177
0.622856
0.624689
0.627067
0.62909
0.630518
0.631539
0.632293
0.632699
0.632927
0.633424
0.634236
0.634836
0.634904
0.634492
0.633643
0.632173
0.630089
0.628003
0.626619
0.616563
0.617225
0.618333
0.620037
0.621818
0.62345
0.624746
0.625764
0.62665
0.627447
0.628183
0.628739
0.628934
0.628768
0.628201
0.627145
0.625717
0.624173
0.622854
0.622075
0.611581
0.612042
0.612827
0.614124
0.61561
0.617126
0.618591
0.619891
0.62103
0.622092
0.623015
0.623587
0.623734
0.62346
0.622761
0.621771
0.620644
0.619511
0.618595
0.618078
0.606746
0.60709
0.6077
0.608767
0.61006
0.611432
0.61287
0.614317
0.615693
0.616979
0.618097
0.618792
0.61897
0.618694
0.618093
0.617315
0.616462
0.615594
0.614922
0.614543
0.602002
0.60227
0.602762
0.603669
0.604836
0.606131
0.607524
0.609012
0.610555
0.612081
0.613435
0.614308
0.614609
0.614487
0.614092
0.613529
0.612879
0.612239
0.611746
0.611458
0.597269
0.597481
0.597891
0.598687
0.599773
0.601019
0.602402
0.603936
0.605609
0.607369
0.609007
0.610137
0.610674
0.610789
0.610621
0.610276
0.60983
0.60938
0.609028
0.608802
0.592458
0.59263
0.59298
0.593703
0.594743
0.595966
0.597375
0.598991
0.600818
0.60283
0.604806
0.606288
0.607142
0.607539
0.607619
0.607501
0.607265
0.606986
0.606748
0.606568
0.587484
0.587622
0.587931
0.588609
0.589631
0.590877
0.592351
0.594091
0.596126
0.598444
0.600834
0.602753
0.603988
0.604713
0.605074
0.605195
0.605167
0.605052
0.604912
0.604767
0.582256
0.582368
0.582649
0.583307
0.584346
0.585661
0.587244
0.589161
0.59147
0.594176
0.597076
0.599521
0.601206
0.602309
0.602988
0.603371
0.603552
0.603605
0.60355
0.603433
0.57668
0.576769
0.577034
0.577697
0.57879
0.580214
0.581961
0.584124
0.586784
0.589983
0.593511
0.596587
0.598804
0.600344
0.601379
0.602066
0.602486
0.602692
0.602713
0.602617
0.57065
0.570718
0.570976
0.571667
0.572851
0.574433
0.576407
0.578895
0.582004
0.58582
0.590114
0.59395
0.596797
0.59885
0.600295
0.601321
0.602
0.602375
0.602467
0.602388
0.564039
0.564086
0.564346
0.565087
0.566403
0.568198
0.570473
0.573376
0.577055
0.581633
0.58686
0.59161
0.595209
0.597868
0.599793
0.601196
0.602177
0.602732
0.602894
0.602829
0.556692
0.556723
0.556988
0.557801
0.559293
0.561366
0.564027
0.567459
0.571852
0.577369
0.583731
0.589579
0.59407
0.597444
0.599937
0.601789
0.603112
0.603861
0.604093
0.604039
0.548422
0.548439
0.548705
0.549617
0.551341
0.553758
0.556915
0.561018
0.566303
0.572977
0.580716
0.587879
0.593428
0.597641
0.600806
0.6032
0.604908
0.605868
0.606171
0.606125
0.538917
0.538904
0.539232
0.540282
0.542292
0.545163
0.548954
0.553904
0.560306
0.568408
0.577817
0.586543
0.593341
0.598541
0.602493
0.605517
0.607669
0.608866
0.609241
0.6092
0.527897
0.527858
0.52823
0.529475
0.531856
0.535314
0.539911
0.545935
0.553736
0.563599
0.575023
0.585605
0.593865
0.600226
0.605102
0.608852
0.611519
0.612968
0.613414
0.613374
0.514882
0.514817
0.515267
0.516763
0.519629
0.523854
0.529496
0.5369
0.546469
0.558504
0.572352
0.585119
0.595077
0.602776
0.608732
0.613317
0.61656
0.618275
0.618786
0.618742
0.499231
0.499136
0.499711
0.501558
0.505073
0.51032
0.517349
0.526557
0.538381
0.553104
0.569848
0.585156
0.59706
0.606279
0.613471
0.619
0.622874
0.624857
0.625422
0.625369
0.480007
0.479885
0.48066
0.483022
0.487454
0.494124
0.50305
0.514663
0.529396
0.547438
0.567607
0.585821
0.599911
0.610835
0.61938
0.625965
0.630503
0.632736
0.633333
0.633263
0.455814
0.455675
0.456781
0.459938
0.465751
0.474502
0.486115
0.500999
0.519482
0.541585
0.565747
0.587222
0.603714
0.616499
0.626502
0.634236
0.63942
0.641852
0.642449
0.642353
0.42435
0.424232
0.425946
0.430481
0.438588
0.450574
0.466127
0.485501
0.508788
0.535771
0.564485
0.589524
0.60857
0.623324
0.634877
0.643768
0.649502
0.652035
0.652587
0.65246
0.38148
0.381523
0.384574
0.39198
0.404333
0.421597
0.442979
0.468403
0.497676
0.530367
0.564107
0.592908
0.614579
0.631339
0.644446
0.654418
0.660505
0.662983
0.663439
0.663277
0.319484
0.320673
0.328133
0.341939
0.362048
0.387707
0.417296
0.450424
0.486779
0.525824
0.564882
0.597518
0.621798
0.640492
0.655036
0.665846
0.672029
0.674213
0.674502
0.674315
0.24592
0.247657
0.261935
0.285642
0.316627
0.352196
0.390744
0.43209
0.476046
0.522122
0.567368
0.604765
0.632445
0.653629
0.669966
0.681686
0.687859
0.689844
0.690096
0.690004
0.169978
0.176115
0.197205
0.231103
0.272454
0.317645
0.365123
0.414754
0.466414
0.519644
0.571263
0.613594
0.644789
0.668625
0.686937
0.69939
0.705168
0.706718
0.706899
0.706867
0.107855
0.116285
0.141932
0.182819
0.232286
0.285691
0.341218
0.398592
0.457595
0.517715
0.575459
0.622451
0.656908
0.683071
0.702795
0.715726
0.721465
0.722846
0.723086
0.723116
0.0573145
0.0663395
0.0955252
0.141634
0.197235
0.257261
0.319602
0.383829
0.449552
0.516132
0.579673
0.631081
0.668574
0.696899
0.718115
0.731606
0.737327
0.739036
0.739362
0.739437
0.0149874
0.024296
0.0559301
0.106032
0.16667
0.232195
0.300317
0.370533
0.44229
0.514818
0.583807
0.639403
0.6798
0.710218
0.732821
0.747184
0.753396
0.755396
0.755752
0.755838
-0.0214782
-0.0120544
0.0214241
0.0747263
0.139525
0.209738
0.282895
0.358414
0.435641
0.513673
0.587786
0.647366
0.690546
0.722983
0.746992
0.762271
0.769084
0.77125
0.771658
0.771739
-0.0537471
-0.0442811
-0.00938547
0.0466191
0.114903
0.189158
0.266772
0.347069
0.42931
0.512464
0.591422
0.654789
0.700616
0.73494
0.760274
0.776412
0.783808
0.786161
0.786591
0.78665
-0.083095
-0.0735821
-0.0375215
0.0208212
0.092093
0.169886
0.251463
0.33609
0.422954
0.510928
0.594508
0.661507
0.709843
0.745902
0.772429
0.789287
0.797252
0.799783
0.800232
0.800277
-0.110389
-0.100821
-0.0637261
-0.00338778
0.0705535
0.151479
0.236595
0.325163
0.41632
0.508858
0.596898
0.667425
0.718156
0.75586
0.783418
0.80087
0.809219
0.811893
0.812361
0.812384
-0.136186
-0.126555
-0.0884893
-0.0264661
0.0498898
0.133602
0.221909
0.314074
0.409218
0.506095
0.598483
0.672503
0.725589
0.764838
0.793326
0.811244
0.819765
0.822544
0.823019
0.823014
-0.160989
-0.151193
-0.112278
-0.0486514
0.0298337
0.116032
0.20722
0.302667
0.401522
0.50253
0.599192
0.676731
0.732195
0.772948
0.802257
0.820481
0.829079
0.831862
0.832339
0.832309
-0.185032
-0.17501
-0.135344
-0.0701709
0.0102016
0.0986214
0.192406
0.290849
0.393144
0.498091
0.59897
0.6801
0.738038
0.780324
0.810365
0.828789
0.837372
0.84011
0.840549
0.840487
-0.208421
-0.198188
-0.157719
-0.0911736
-0.00911409
0.0813008
0.177412
0.278572
0.384041
0.492715
0.597759
0.682612
0.743193
0.787115
0.81788
0.836398
0.844848
0.84748
0.847863
0.847781
-0.231316
-0.220779
-0.179552
-0.111729
-0.0281578
0.0640324
0.16222
0.265829
0.374203
0.486382
0.59551
0.684246
0.747721
0.793461
0.824957
0.843433
0.851648
0.85409
0.854384
0.854265
-0.253678
-0.242862
-0.200897
-0.131873
-0.0469379
0.0468265
0.146861
0.252651
0.363652
0.47908
0.59218
0.684951
0.751646
0.799487
0.831772
0.850037
0.857802
0.85996
0.860141
0.860003
-0.275566
-0.264441
-0.22169
-0.151593
-0.0654363
0.0297143
0.131372
0.239096
0.352438
0.470829
0.587732
0.684659
0.754944
0.805298
0.838549
0.856436
0.863461
0.865152
0.865189
0.86503
-0.296808
-0.285444
-0.241925
-0.17085
-0.083607
0.0127655
0.11582
0.225231
0.340632
0.461685
0.582146
0.683283
0.757533
0.810932
0.845545
0.863026
0.868924
0.8698
0.869594
0.869428
-0.317542
-0.30583
-0.26159
-0.189623
-0.101419
-0.00398236
0.100293
0.211136
0.32832
0.451725
0.575428
0.680718
0.759263
0.816306
0.852954
0.870387
0.874856
0.874248
0.873429
0.873258
-0.337605
-0.325576
-0.280655
-0.207867
-0.118795
-0.0204453
0.0848735
0.196932
0.315609
0.441014
0.567617
0.676859
0.759933
0.821174
0.860706
0.879138
0.882571
0.87971
0.877211
0.87624
-0.357059
-0.344725
-0.299066
-0.225532
-0.135698
-0.0365542
0.0696435
0.182697
0.302613
0.429686
0.558779
0.671605
0.759307
0.825128
0.86827
0.889328
0.893614
0.889346
0.882837
0.874369
-0.375819
-0.363233
-0.316917
-0.242772
-0.152336
-0.0525799
0.0542733
0.168039
0.288888
0.417248
0.548389
0.664406
0.756891
0.827793
0.874959
0.900208
0.90825
0.904315
0.894034
0.888583
-0.393838
-0.381024
-0.334192
-0.259558
-0.168712
-0.0685172
0.0387764
0.152936
0.274388
0.403581
0.536247
0.654871
0.751896
0.828366
0.878764
0.907416
0.917841
0.917976
0.880199
0.828337
-0.410822
-0.397318
-0.35075
-0.275817
-0.184928
-0.0845198
0.0230998
0.137504
0.259167
0.388737
0.522274
0.64275
0.743204
0.826231
0.877445
0.901738
0.912004
0.893516
0.836933
0.774768
-0.427097
-0.412686
-0.366461
-0.29084
-0.2005
-0.100128
0.00701946
0.121797
0.24337
0.372882
0.506488
0.627801
0.729566
0.821933
0.868503
0.906789
0.870891
0.821879
0.750478
0.683466
-0.413075
-0.394876
-0.34454
-0.264554
-0.168079
-0.0647404
0.0477393
0.16534
0.290138
0.423678
0.552079
0.662111
0.756463
0.853161
0.887889
0.805799
0.752891
0.685509
0.611625
0.563274
-0.43737
-0.421057
-0.384888
-0.314367
-0.224411
-0.125142
-0.0176912
0.0965174
0.217447
0.345915
0.478025
0.598142
0.698138
0.7826
0.856549
0.844103
0.718588
0.631819
0.566809
0.483878
-0.457263
-0.441626
-0.399842
-0.328002
-0.237539
-0.138659
-0.0323119
0.0809878
0.20098
0.328096
0.458622
0.576828
0.673665
0.746703
0.772623
0.692045
0.549641
0.451944
0.375486
0.287579
-0.477659
-0.465067
-0.418786
-0.345806
-0.255264
-0.155949
-0.0496325
0.0633764
0.182489
0.308128
0.435882
0.549593
0.637
0.696203
0.672301
0.538685
0.385235
0.266689
0.167911
0.032181
-0.501222
-0.48823
-0.439803
-0.365596
-0.274876
-0.175455
-0.0692651
0.0431802
0.161202
0.28496
0.409319
0.51746
0.595708
0.633597
0.573883
0.390011
0.208361
0.0554412
-0.0849645
-0.280964
-0.523816
-0.511137
-0.461524
-0.386025
-0.294856
-0.195484
-0.0896916
0.0219116
0.138578
0.260049
0.380524
0.482336
0.553247
0.555706
0.44652
0.248885
0.0364775
-0.16286
-0.337164
-0.726964
-0.546518
-0.53417
-0.484029
-0.407592
-0.316047
-0.216649
-0.111265
-0.00053138
0.114646
0.233556
0.349724
0.444281
0.503767
0.473736
0.322857
0.123203
-0.0930879
-0.303489
-0.481426
-0.754841
-0.570177
-0.557965
-0.507574
-0.430554
-0.338753
-0.239321
-0.134306
-0.0244269
0.0891873
0.205328
0.316876
0.403818
0.448333
0.401577
0.212309
0.0198275
-0.176494
-0.34235
-0.413851
-0.45245
-0.59529
-0.583199
-0.532548
-0.455208
-0.363353
-0.264067
-0.159579
-0.0507911
0.060921
0.173783
0.280037
0.358825
0.386849
0.305414
0.113981
-0.0663657
-0.229661
-0.335149
-0.372706
-0.381826
-0.622067
-0.609984
-0.559122
-0.481576
-0.389794
-0.290841
-0.187103
-0.0796756
0.0297552
0.138819
0.239031
0.309504
0.311123
0.200361
0.0242201
-0.142353
-0.28066
-0.335505
-0.347472
-0.352368
-0.650706
-0.638522
-0.587382
-0.509676
-0.418074
-0.319644
-0.216882
-0.111122
-0.00434471
0.10046
0.19392
0.255154
0.232436
0.10221
-0.0590898
-0.215664
-0.313985
-0.342457
-0.338531
-0.338533
-0.680913
-0.668917
-0.617294
-0.539473
-0.448159
-0.350433
-0.248901
-0.145113
-0.041361
0.0587184
0.144998
0.194898
0.163328
0.0120644
-0.134667
-0.271571
-0.311778
-0.324199
-0.329122
-0.329309
-0.712535
-0.700541
-0.648643
-0.5708
-0.479914
-0.383101
-0.283063
-0.181567
-0.081227
0.0137677
0.0924296
0.131232
0.0939333
-0.0647988
-0.200988
-0.294956
-0.33961
-0.326967
-0.324358
-0.324108
-0.745052
-0.73303
-0.681106
-0.603325
-0.51305
-0.417396
-0.319133
-0.220265
-0.123723
-0.0340481
0.0366536
0.0666553
0.00888129
-0.131676
-0.25334
-0.302434
-0.318424
-0.319819
-0.320213
-0.320118
-0.77773
-0.76574
-0.713873
-0.636488
-0.547105
-0.452896
-0.356747
-0.260839
-0.168465
-0.0843365
-0.0210591
-0.00637641
-0.0730576
-0.188838
-0.284141
-0.308847
-0.314137
-0.317489
-0.317545
-0.31754
-0.809299
-0.797762
-0.746023
-0.669596
-0.581382
-0.488983
-0.395327
-0.30272
-0.214799
-0.136556
-0.0789707
-0.0788951
-0.146828
-0.239283
-0.301447
-0.35438
-0.329275
-0.319365
-0.317105
-0.31669
-0.838305
-0.827268
-0.776526
-0.701253
-0.614922
-0.524804
-0.434092
-0.345148
-0.261831
-0.189656
-0.13691
-0.142448
-0.218829
-0.283676
-0.312452
-0.309424
-0.319725
-0.321536
-0.321237
-0.321016
-0.863048
-0.852701
-0.803441
-0.730292
-0.646473
-0.559246
-0.47202
-0.387164
-0.308509
-0.242148
-0.195377
-0.200171
-0.282398
-0.347366
-0.339873
-0.353853
-0.348526
-0.342171
-0.33927
-0.338098
-0.881153
-0.871732
-0.824781
-0.75479
-0.674547
-0.591062
-0.507908
-0.42759
-0.353722
-0.292576
-0.252172
-0.253169
-0.3332
-0.435583
-0.486471
-0.436346
-0.40175
-0.387398
-0.378906
-0.373767
-0.890552
-0.881961
-0.838462
-0.772828
-0.697354
-0.618726
-0.540482
-0.465109
-0.396203
-0.339536
-0.302865
-0.295235
-0.355171
-0.473499
-0.54242
-0.457663
-0.410347
-0.390137
-0.380467
-0.376331
-0.886945
-0.879902
-0.842829
-0.782528
-0.713186
-0.640708
-0.568348
-0.49851
-0.434579
-0.381823
-0.344675
-0.311531
-0.291888
-0.275026
-0.383468
-0.332181
-0.320252
-0.319309
-0.321516
-0.322207
-0.868925
-0.864104
-0.834993
-0.782541
-0.720764
-0.65576
-0.590271
-0.526543
-0.467777
-0.418568
-0.378412
-0.314576
-0.147088
0.142128
0.178461
-0.033761
-0.193705
-0.260422
-0.284166
-0.291549
-0.837031
-0.83355
-0.813715
-0.771939
-0.719669
-0.663309
-0.605487
-0.548276
-0.494999
-0.449159
-0.412808
-0.342318
-0.191575
0.0313549
0.0621569
-0.162925
-0.316749
-0.384446
-0.415677
-0.42716
-0.795903
-0.793691
-0.782359
-0.752857
-0.710956
-0.663874
-0.613965
-0.56337
-0.515168
-0.475179
-0.448434
-0.473782
-0.665454
-1.08438
-1.3163
-1.2199
-0.997286
-0.85275
-0.796644
-0.780836
-0.754073
-0.75278
-0.747162
-0.729744
-0.698294
-0.659061
-0.616523
-0.571609
-0.527457
-0.489785
-0.47478
-0.555061
-0.888877
-1.27558
-1.39408
-1.16816
-0.979099
-0.902154
-0.859531
-0.840983
-0.720723
-0.72004
-0.717317
-0.707219
-0.68478
-0.652579
-0.614949
-0.573332
-0.530053
-0.489622
-0.467661
-0.438221
-0.527455
-0.614393
-0.758863
-0.847543
-0.910027
-0.913384
-0.849274
-0.775688
-0.69748
-0.696722
-0.695331
-0.691318
-0.67536
-0.647662
-0.611716
-0.570356
-0.524144
-0.476492
-0.430902
-0.406513
-0.379337
-0.265858
-0.154067
-0.062667
-0.0384086
-0.0321248
0.00435458
0.0647293
-0.681573
-0.681271
-0.680637
-0.678843
-0.66982
-0.645502
-0.609331
-0.565266
-0.515469
-0.458855
-0.402787
-0.372932
-0.265658
-0.00240194
0.28931
0.556167
0.709316
0.764621
0.789074
0.798237
-0.672533
-0.672375
-0.671855
-0.670994
-0.66705
-0.646059
-0.608252
-0.559977
-0.503143
-0.438511
-0.365514
-0.286507
-0.15278
0.155902
0.49419
0.799539
0.989684
1.07952
1.11257
1.12596
-0.667895
-0.667789
-0.667476
-0.667416
-0.666655
-0.649758
-0.60923
-0.555236
-0.491296
-0.417108
-0.329161
-0.240177
-0.0813735
0.213225
0.508284
0.7689
0.954037
1.07615
1.15771
1.19886
-0.664823
-0.665143
-0.666176
-0.668209
-0.669106
-0.654463
-0.61157
-0.553302
-0.483742
-0.398628
-0.302421
-0.203579
-0.0650274
0.218123
0.519087
0.789891
1.00386
1.15139
1.24731
1.29384
-0.657266
-0.658105
-0.659028
-0.6602
-0.659815
-0.648383
-0.612545
-0.555952
-0.479702
-0.387115
-0.288158
-0.185468
-0.0640498
0.188327
0.489333
0.767767
1.00311
1.17003
1.26232
1.29828
-0.662195
-0.662022
-0.655354
-0.637274
-0.621129
-0.625265
-0.617876
-0.565563
-0.482881
-0.383667
-0.27893
-0.173602
-0.079014
0.142728
0.417586
0.657813
0.864324
1.0089
1.08523
1.11305
-0.714016
-0.710583
-0.701159
-0.683436
-0.672783
-0.676262
-0.663451
-0.590622
-0.490998
-0.38107
-0.272964
-0.17376
-0.0855987
0.079121
0.300571
0.501291
0.665625
0.778103
0.835388
0.85525
-0.823546
-0.822242
-0.839331
-0.86934
-0.877049
-0.855835
-0.77044
-0.632695
-0.49851
-0.377899
-0.268316
-0.175722
-0.0937043
0.0137786
0.188814
0.34296
0.471306
0.55688
0.598484
0.612279
-0.920778
-0.927884
-0.961548
-0.997483
-1.00584
-0.969488
-0.833323
-0.649319
-0.49235
-0.366413
-0.262366
-0.18014
-0.110164
-0.0427723
0.0864565
0.205121
0.301809
0.365192
0.394597
0.400024
-0.858623
-0.868027
-0.89993
-0.93387
-0.94467
-0.898969
-0.757127
-0.592684
-0.450616
-0.337745
-0.247333
-0.178938
-0.12515
-0.0843269
0.00368886
0.0930509
0.160706
0.203882
0.222564
0.22726
-0.593609
-0.604541
-0.62964
-0.660827
-0.677194
-0.647205
-0.558844
-0.458692
-0.367231
-0.288809
-0.221694
-0.169156
-0.12992
-0.103286
-0.0494476
0.00450565
0.0464372
0.0718656
0.0814099
0.0834522
-0.260993
-0.266881
-0.280641
-0.303293
-0.327674
-0.336324
-0.325227
-0.299976
-0.267039
-0.229237
-0.190213
-0.156604
-0.127141
-0.107279
-0.0795798
-0.0548118
-0.0386351
-0.0320952
-0.0308145
-0.0309214
-0.0195568
-0.0221604
-0.02954
-0.0477496
-0.0785584
-0.116191
-0.148975
-0.170113
-0.177655
-0.172478
-0.158751
-0.141164
-0.120329
-0.108368
-0.101634
-0.0972899
-0.0976934
-0.101407
-0.104439
-0.104948
0.0916257
0.0900283
0.0851131
0.0697007
0.0391347
-0.00385285
-0.0481512
-0.0858502
-0.112641
-0.127812
-0.132956
-0.129459
-0.119295
-0.115126
-0.119421
-0.124648
-0.131704
-0.13848
-0.141614
-0.141928
0.11884
0.11781
0.114107
0.102186
0.0778872
0.042449
0.0023032
-0.036738
-0.0700264
-0.0957425
-0.115516
-0.130033
-0.137977
-0.140798
-0.141794
-0.142466
-0.146319
-0.150158
-0.151792
-0.15215
0.11069
0.110035
0.107365
0.0989387
0.0816054
0.0555287
0.0237992
-0.00990377
-0.0424888
-0.0729622
-0.103949
-0.139634
-0.176905
-0.182054
-0.167253
-0.156377
-0.151567
-0.150527
-0.150236
-0.150259
0.0924732
0.0921022
0.0902996
0.0846656
0.0728821
0.054569
0.0309804
0.00405449
-0.0242833
-0.0539445
-0.0890201
-0.137385
-0.191828
-0.189099
-0.163505
-0.146637
-0.140084
-0.139257
-0.139281
-0.139237
0.0741679
0.0740024
0.0728589
0.0692531
0.0615298
0.0491128
0.0324103
0.0123556
-0.00988688
-0.034683
-0.0651706
-0.107301
-0.147887
-0.13773
-0.120285
-0.112803
-0.112387
-0.114538
-0.11569
-0.11565
0.058708
0.0586419
0.0579864
0.0558199
0.0509856
0.0429118
0.0316881
0.017828
0.00231296
-0.0145114
-0.032971
-0.0545473
-0.0708901
-0.0596961
-0.0545662
-0.0586858
-0.0663028
-0.0717793
-0.0736463
-0.0737837
0.046353
0.0463661
0.0460098
0.0448134
0.0419929
0.0370986
0.0301434
0.0216112
0.01262
0.0046658
0.00146016
0.00493739
0.01522
0.0243033
0.0154366
0.00190312
-0.0102635
-0.0168813
-0.0183203
-0.0189529
0.0362758
0.0363352
0.036209
0.0356641
0.0342304
0.0316144
0.0278628
0.023526
0.0200356
0.0201031
0.0300782
0.0539515
0.0846014
0.0944118
0.0738406
0.0540766
0.0410696
0.0363492
0.034326
0.0332829
0.0275959
0.0276747
0.0276937
0.0275641
0.027041
0.0259505
0.0244053
0.0230129
0.023366
0.0288736
0.0469727
0.0816091
0.120435
0.132693
0.107804
0.0877881
0.0773865
0.0735103
0.0722593
0.0708507
0.0196577
0.0197434
0.0198302
0.0199389
0.0199257
0.019729
0.0194931
0.0197918
0.0221042
0.029752
0.0499386
0.0849678
0.122661
0.131881
0.109751
0.0966953
0.0917398
0.0908933
0.0895981
0.0878283
0.0120844
0.0121589
0.0122521
0.0124076
0.0126332
0.0128556
0.013178
0.0140412
0.0165632
0.0233432
0.03981
0.0678076
0.0950729
0.0970014
0.0816687
0.0749643
0.0758473
0.0781089
0.07747
0.0760734
0.0015237
0.00153013
0.00154775
0.00167904
0.0017959
0.00186649
0.00200386
0.00232919
0.00317899
0.00501813
0.00903891
0.0148646
0.0186446
0.0170178
0.0174438
0.018344
0.0162843
0.0127393
0.0125782
0.0406602
-1.13434
-0.456105
-0.00647361
0.252484
0.438751
0.581421
0.692078
0.781793
0.878015
0.969629
-0.085533
0.109131
0.28676
0.436384
0.561437
0.66332
0.746262
0.814202
0.856397
0.860246
0.246911
0.362208
0.475152
0.575641
0.662031
0.734836
0.794474
0.839813
0.869016
0.88661
0.457096
0.535515
0.613295
0.684447
0.746467
0.799431
0.843039
0.877273
0.903338
0.922394
0.611211
0.664426
0.72324
0.776256
0.822666
0.863078
0.897399
0.925898
0.949245
0.966227
0.733149
0.773889
0.819528
0.859566
0.896719
0.929888
0.958948
0.983802
1.00459
1.01883
0.835624
0.869986
0.90692
0.941062
0.973196
1.00272
1.02898
1.05152
1.07015
1.08187
0.928646
0.959611
0.993485
1.02601
1.05667
1.08494
1.11001
1.13123
1.14815
1.15767
1.01948
1.05197
1.08721
1.12115
1.1524
1.18063
1.20514
1.22542
1.24086
1.24906
1.12132
1.15879
1.19703
1.23323
1.26524
1.29307
1.31647
1.33544
1.34956
1.35805
1.24817
1.29051
1.32967
1.3655
1.39587
1.42152
1.44304
1.46065
1.47414
1.4843
1.40965
1.45108
1.48476
1.51429
1.5388
1.56031
1.57988
1.59729
1.61202
1.62471
1.60002
1.63081
1.65203
1.67115
1.68919
1.70641
1.72261
1.73843
1.75493
1.77185
1.79785
1.80924
1.82028
1.83437
1.84864
1.86147
1.87283
1.88368
1.89657
1.91345
1.98364
1.99354
2.00218
2.00462
2.00549
2.00974
2.02053
2.03647
2.05409
2.05868
2.28467
2.22927
2.17843
2.13819
2.11579
2.11174
2.12524
2.15904
2.21547
2.29103
0.853474
0.79478
0.7523
0.718441
0.693783
0.67623
0.66372
0.654791
0.648679
0.645198
0.644809
0.64767
0.653109
0.661047
0.671969
0.687022
0.708033
0.737129
0.775892
0.823718
0.655025
0.663783
0.669315
0.670137
0.666653
0.660605
0.654169
0.648695
0.644855
0.643202
0.644373
0.647967
0.653247
0.659723
0.66649
0.671761
0.673387
0.670152
0.662813
0.655144
0.632058
0.634089
0.638692
0.642203
0.644712
0.646137
0.645846
0.644105
0.64191
0.640337
0.64035
0.642173
0.644893
0.647516
0.648997
0.648661
0.646807
0.644008
0.639959
0.635578
0.625147
0.626013
0.628496
0.631208
0.633216
0.634573
0.635553
0.635999
0.63585
0.635592
0.635938
0.63702
0.638113
0.638592
0.638288
0.637443
0.636035
0.633799
0.631162
0.629196
0.619494
0.619955
0.62135
0.623369
0.625306
0.626877
0.628015
0.628906
0.629619
0.630189
0.630816
0.631455
0.631776
0.631682
0.631211
0.630249
0.628744
0.62692
0.625275
0.624259
0.614308
0.614595
0.615512
0.616979
0.618601
0.620199
0.621617
0.622781
0.623795
0.624741
0.625572
0.626115
0.626268
0.626044
0.625385
0.624325
0.623039
0.621725
0.620639
0.620015
0.60934
0.609541
0.610228
0.611398
0.612776
0.614214
0.615678
0.617072
0.618335
0.619507
0.620522
0.621149
0.621303
0.621006
0.620334
0.619446
0.618467
0.617472
0.616689
0.61625
0.604515
0.604667
0.605213
0.606193
0.607416
0.608747
0.610161
0.611633
0.6131
0.614506
0.615736
0.616511
0.616736
0.616521
0.61602
0.61535
0.6146
0.613848
0.613271
0.612942
0.599755
0.599875
0.600321
0.601167
0.60229
0.60356
0.604945
0.606453
0.60806
0.609702
0.611193
0.612182
0.612588
0.612578
0.612296
0.611842
0.611291
0.610745
0.610327
0.610073
0.59497
0.595066
0.595443
0.596198
0.597258
0.59849
0.599885
0.601455
0.603198
0.605079
0.606878
0.608172
0.608859
0.609109
0.609064
0.60883
0.608486
0.60812
0.607828
0.607627
0.590068
0.590148
0.590475
0.591172
0.592199
0.593431
0.594871
0.596543
0.598465
0.60062
0.602792
0.604482
0.605518
0.606072
0.606291
0.606289
0.606152
0.605954
0.605767
0.605607
0.584962
0.585028
0.585321
0.585985
0.587011
0.58829
0.589817
0.591637
0.593799
0.596298
0.598929
0.6011
0.60255
0.603455
0.603975
0.604222
0.604295
0.604259
0.604163
0.604033
0.579559
0.579614
0.579885
0.580541
0.581602
0.582971
0.584633
0.586664
0.589135
0.592073
0.595271
0.598017
0.599956
0.601267
0.602124
0.602649
0.602948
0.603071
0.603054
0.602949
0.573758
0.573804
0.574064
0.574736
0.575868
0.577371
0.579228
0.581542
0.584411
0.587902
0.591793
0.595231
0.597748
0.599531
0.600772
0.601623
0.602163
0.602446
0.602502
0.602416
0.567443
0.567481
0.567738
0.568447
0.56969
0.571379
0.5735
0.576181
0.579557
0.583734
0.588471
0.592742
0.595948
0.598288
0.599974
0.601179
0.601992
0.602452
0.60258
0.602509
0.560474
0.560504
0.560766
0.561535
0.56293
0.564866
0.567328
0.570478
0.574492
0.579514
0.58528
0.590555
0.594579
0.597577
0.59979
0.601403
0.602532
0.603181
0.603379
0.603321
0.552684
0.552701
0.552975
0.553827
0.555422
0.557671
0.560571
0.564317
0.569129
0.575192
0.582209
0.588686
0.593684
0.597455
0.600289
0.602392
0.603881
0.604733
0.605003
0.604954
0.543825
0.543851
0.544156
0.545103
0.546951
0.549599
0.553061
0.55756
0.563369
0.570719
0.579252
0.587163
0.593312
0.597994
0.601558
0.604243
0.606142
0.60722
0.607562
0.607519
0.533611
0.533626
0.533973
0.535066
0.537243
0.540417
0.544593
0.550045
0.557103
0.566038
0.576406
0.586021
0.593523
0.599277
0.603695
0.607048
0.609429
0.610754
0.611168
0.611129
0.521665
0.521675
0.522062
0.52335
0.52596
0.529813
0.534905
0.541571
0.5502
0.561091
0.573672
0.585303
0.594382
0.601384
0.606807
0.61093
0.613859
0.615445
0.615929
0.615889
0.507442
0.507447
0.507897
0.509451
0.512633
0.517382
0.523676
0.531914
0.542536
0.55584
0.571072
0.585067
0.595971
0.604401
0.610987
0.615991
0.619524
0.62138
0.621926
0.62188
0.490179
0.49018
0.490724
0.492659
0.496634
0.502604
0.51051
0.520826
0.534008
0.550304
0.56869
0.585405
0.598378
0.608421
0.61631
0.622303
0.626491
0.628611
0.629202
0.629143
0.468723
0.468719
0.469429
0.471956
0.477096
0.484807
0.494956
0.508069
0.524554
0.544525
0.566617
0.586421
0.601692
0.61353
0.622826
0.629916
0.634772
0.637121
0.637731
0.637651
0.441352
0.441348
0.442342
0.445848
0.452826
0.46315
0.476536
0.493482
0.514222
0.538658
0.565027
0.588251
0.60601
0.61977
0.630578
0.638826
0.644298
0.646804
0.647393
0.647283
0.405013
0.405024
0.406641
0.412053
0.422306
0.436762
0.454947
0.477129
0.503254
0.532989
0.564165
0.591069
0.611433
0.627189
0.639572
0.648943
0.6549
0.657439
0.657955
0.657808
0.353912
0.354151
0.357839
0.367639
0.383974
0.405234
0.430399
0.459474
0.492166
0.527968
0.564342
0.595058
0.618051
0.635795
0.64971
0.660069
0.666284
0.668695
0.669088
0.668903
0.28046
0.282766
0.293576
0.312804
0.339292
0.370056
0.404118
0.441337
0.481432
0.52388
0.56586
0.600693
0.626553
0.646476
0.662058
0.673321
0.679661
0.681882
0.682167
0.681981
0.202229
0.208535
0.227745
0.257086
0.294271
0.3348
0.377834
0.423334
0.471152
0.52082
0.569276
0.609173
0.63865
0.661273
0.678911
0.691192
0.697386
0.699205
0.699392
0.699286
0.135158
0.141831
0.167618
0.205551
0.251841
0.301355
0.352987
0.406579
0.461967
0.518676
0.573388
0.618079
0.650943
0.67604
0.695284
0.708014
0.71395
0.71557
0.715756
0.7157
0.0803428
0.0872803
0.117065
0.161144
0.214223
0.271104
0.330168
0.391075
0.453518
0.516926
0.577608
0.626834
0.662835
0.690121
0.710764
0.724066
0.730052
0.731772
0.731961
0.731945
0.0347878
0.0420388
0.074301
0.123065
0.181539
0.24442
0.309746
0.377059
0.445874
0.515483
0.581786
0.635312
0.67427
0.703671
0.72569
0.739807
0.746288
0.747962
0.748185
0.748183
-0.00390856
0.00351316
0.037521
0.0898202
0.152801
0.220751
0.291457
0.364392
0.438942
0.514269
0.585855
0.643466
0.685272
0.716728
0.74016
0.755143
0.762134
0.763903
0.764178
0.764197
-0.0377467
-0.0302164
0.00505654
0.06029
0.127007
0.199304
0.274745
0.352709
0.43249
0.513123
0.589687
0.651182
0.695702
0.729111
0.753883
0.769733
0.777155
0.77919
0.779532
0.77956
-0.0682049
-0.0605677
-0.0242634
0.0334805
0.103363
0.179435
0.259079
0.341588
0.426182
0.511777
0.593067
0.658266
0.705365
0.74058
0.766578
0.783228
0.791065
0.793398
0.793796
0.793819
-0.0962293
-0.088499
-0.0512847
0.00859392
0.081237
0.160636
0.244024
0.330662
0.419709
0.509993
0.595818
0.66459
0.714133
0.751028
0.778132
0.795425
0.803644
0.806205
0.806652
0.806661
-0.122573
-0.114725
-0.076635
-0.0150322
0.0601697
0.142525
0.229269
0.319674
0.412859
0.50759
0.597816
0.670089
0.721998
0.760489
0.788533
0.806346
0.814832
0.817529
0.818003
0.817995
-0.147698
-0.139696
-0.100751
-0.0376312
0.0398322
0.124819
0.214598
0.30844
0.40547
0.504435
0.598967
0.674739
0.729007
0.769013
0.797944
0.816093
0.824707
0.827482
0.827946
0.827925
-0.171953
-0.163788
-0.124122
-0.0594638
0.0200006
0.107337
0.199854
0.296832
0.397438
0.50044
0.599217
0.678538
0.735222
0.776737
0.806425
0.8248
0.833466
0.836238
0.836684
0.836639
-0.195508
-0.187097
-0.146809
-0.080714
0.000531857
0.0899759
0.18495
0.284786
0.3887
0.495536
0.598504
0.681478
0.740712
0.783799
0.814211
0.832718
0.841307
0.84401
0.84443
0.844377
-0.218476
-0.209922
-0.168847
-0.101492
-0.0186456
0.072678
0.169853
0.272273
0.37923
0.489681
0.59678
0.683553
0.745546
0.790352
0.821485
0.840013
0.848402
0.850979
0.85133
0.851233
-0.240934
-0.232197
-0.190389
-0.121845
-0.0375613
0.0554371
0.154574
0.259308
0.369024
0.482857
0.593992
0.684728
0.749771
0.796522
0.828403
0.846808
0.854845
0.857185
0.857434
0.857307
-0.262921
-0.253992
-0.21144
-0.141783
-0.056211
0.038273
0.139137
0.245928
0.35813
0.475081
0.590106
0.684943
0.753388
0.802431
0.835168
0.853268
0.86072
0.862686
0.862808
0.86265
-0.284376
-0.275249
-0.231935
-0.161279
-0.0745548
0.0212262
0.123611
0.232202
0.346612
0.466375
0.585089
0.684122
0.756347
0.808153
0.842021
0.859699
0.866222
0.867577
0.867515
0.867342
-0.30524
-0.29591
-0.251872
-0.180301
-0.0925517
0.00436584
0.10806
0.218212
0.334539
0.456811
0.578931
0.682164
0.75853
0.813676
0.84921
0.86659
0.871799
0.872044
0.871613
0.871447
-0.325518
-0.315974
-0.271231
-0.198816
-0.110159
-0.0122388
0.092572
0.204052
0.322011
0.446458
0.571664
0.678964
0.759758
0.81884
0.856824
0.874581
0.878416
0.87675
0.875321
0.875134
-0.34514
-0.335386
-0.289973
-0.216781
-0.12731
-0.028535
0.077229
0.189812
0.309138
0.43542
0.563321
0.674418
0.759813
0.82331
0.864582
0.884111
0.887663
0.883868
0.880085
0.878541
-0.364131
-0.354177
-0.30808
-0.234199
-0.144031
-0.0445375
0.0620103
0.175464
0.295894
0.423665
0.553834
0.668308
0.7584
0.826683
0.871832
0.894823
0.900664
0.896673
0.888961
0.873327
-0.38252
-0.372347
-0.325656
-0.251247
-0.160563
-0.0605494
0.0465392
0.160549
0.281737
0.410567
0.542545
0.65995
0.754804
0.828414
0.877393
0.904529
0.914502
0.909193
0.900899
0.856545
-0.400573
-0.389514
-0.342609
-0.267794
-0.176814
-0.0764744
0.0309855
0.145282
0.266883
0.396321
0.529505
0.649158
0.748136
0.827678
0.878945
0.906266
0.916167
0.91373
0.862333
0.802344
-0.419309
-0.404596
-0.3587
-0.283685
-0.193003
-0.0925366
0.0150865
0.129661
0.251315
0.380902
0.514576
0.635621
0.737081
0.824283
0.873675
0.887505
0.89697
0.864641
0.799343
0.73496
-0.43783
-0.439649
-0.379563
-0.296469
-0.205956
-0.105848
-0.000548796
0.114346
0.235769
0.365088
0.498383
0.619596
0.721256
0.819965
0.834497
0.850449
0.830447
0.768471
0.694307
0.624115
-0.413481
-0.41226
-0.353629
-0.270906
-0.175266
-0.0719766
0.038116
0.155549
0.280026
0.413095
0.540893
0.650406
0.74238
0.83753
0.849472
0.750824
0.667329
0.600323
0.527518
0.385397
-0.454394
-0.428039
-0.366645
-0.283067
-0.187797
-0.0845988
0.0249192
0.141766
0.265362
0.397022
0.522506
0.629082
0.711808
0.774325
0.744145
0.614909
0.495662
0.413866
0.330049
0.168728
-0.478841
-0.447708
-0.385308
-0.302273
-0.206884
-0.10385
0.00587545
0.121967
0.244277
0.373756
0.495979
0.59723
0.671527
0.699162
0.621347
0.459169
0.321004
0.218361
0.10369
-0.128637
-0.502711
-0.469231
-0.405566
-0.321825
-0.226362
-0.123418
-0.0140328
0.101149
0.22194
0.348806
0.466793
0.560957
0.623803
0.616784
0.483404
0.297894
0.128006
-0.0129736
-0.172022
-0.552166
-0.52565
-0.491286
-0.426537
-0.341869
-0.246284
-0.143524
-0.0347718
0.0793745
0.198438
0.322305
0.435238
0.521419
0.566344
0.530142
0.349334
0.143959
-0.0676416
-0.244918
-0.490603
-1.03603
-0.548402
-0.513959
-0.44848
-0.363177
-0.267395
-0.164841
-0.0567126
0.056302
0.17342
0.29392
0.40126
0.479589
0.50506
0.420159
0.226654
0.0145163
-0.200482
-0.39932
-0.564857
-1.15378
-0.572119
-0.537579
-0.47167
-0.385984
-0.290042
-0.18766
-0.0801226
0.0317254
0.146749
0.263596
0.365093
0.433955
0.43548
0.307855
0.121165
-0.0808336
-0.266004
-0.392985
-0.42554
-0.472446
-0.597232
-0.5626
-0.496428
-0.410582
-0.314662
-0.212617
-0.105847
0.0045502
0.117067
0.2296
0.324865
0.381101
0.360854
0.204617
0.0258895
-0.151319
-0.29421
-0.354762
-0.377405
-0.383165
-0.624091
-0.589218
-0.52285
-0.436959
-0.341229
-0.239707
-0.133968
-0.0253434
0.0842556
0.191853
0.280162
0.321813
0.2869
0.108521
-0.0609435
-0.216428
-0.324363
-0.350618
-0.351744
-0.352133
-0.652798
-0.617578
-0.550981
-0.465103
-0.369707
-0.268932
-0.164486
-0.0579579
0.0482797
0.15041
0.230677
0.26019
0.194557
0.0205598
-0.140226
-0.277357
-0.323344
-0.337516
-0.338622
-0.338177
-0.683246
-0.647621
-0.580784
-0.495002
-0.400084
-0.300264
-0.19738
-0.0932966
0.00916949
0.10534
0.176968
0.193108
0.0973618
-0.0609544
-0.207397
-0.315215
-0.32842
-0.328295
-0.329386
-0.329015
-0.714973
-0.679118
-0.612075
-0.526483
-0.432223
-0.333596
-0.232569
-0.131293
-0.0329632
0.0568293
0.119847
0.118515
0.0129065
-0.133162
-0.260679
-0.297848
-0.320031
-0.323776
-0.324215
-0.323979
-0.747628
-0.711459
-0.644509
-0.559243
-0.465865
-0.368695
-0.269831
-0.171725
-0.0778844
0.00540976
0.0589591
0.0460006
-0.0659308
-0.192357
-0.295634
-0.335629
-0.323655
-0.320571
-0.320174
-0.320031
-0.780268
-0.744071
-0.67753
-0.59279
-0.50056
-0.405157
-0.308798
-0.214209
-0.12523
-0.0482294
-0.00583567
-0.0213591
-0.137371
-0.237405
-0.313548
-0.311814
-0.316231
-0.31743
-0.317564
-0.317484
-0.811864
-0.776157
-0.709946
-0.626395
-0.535657
-0.442402
-0.348911
-0.258132
-0.174354
-0.103545
-0.0682325
-0.0912176
-0.199573
-0.27695
-0.29827
-0.321387
-0.319979
-0.317824
-0.316837
-0.316495
-0.840827
-0.806093
-0.740956
-0.658988
-0.570249
-0.479606
-0.38941
-0.302706
-0.224232
-0.15975
-0.125478
-0.167366
-0.257444
-0.30443
-0.307396
-0.316641
-0.321551
-0.321408
-0.321135
-0.320691
-0.865463
-0.832183
-0.768883
-0.689251
-0.603186
-0.515722
-0.429297
-0.34696
-0.273608
-0.215637
-0.183139
-0.234515
-0.31976
-0.35985
-0.364573
-0.356466
-0.344742
-0.34041
-0.338596
-0.337443
-0.883436
-0.852313
-0.791676
-0.715533
-0.633087
-0.54949
-0.467393
-0.389746
-0.321275
-0.269375
-0.241702
-0.288082
-0.380218
-0.485288
-0.465738
-0.417176
-0.392944
-0.382744
-0.375788
-0.372858
-0.89241
-0.863992
-0.807443
-0.735944
-0.658303
-0.579596
-0.502429
-0.429768
-0.366072
-0.31872
-0.291376
-0.32198
-0.398764
-0.558433
-0.505418
-0.428072
-0.398534
-0.384394
-0.377799
-0.375961
-0.889499
-0.86534
-0.814354
-0.74868
-0.677232
-0.604546
-0.533097
-0.465758
-0.406625
-0.361697
-0.325708
-0.306739
-0.280139
-0.377193
-0.346824
-0.323602
-0.319029
-0.320448
-0.322058
-0.322026
-0.871133
-0.853129
-0.81069
-0.752422
-0.688615
-0.623094
-0.558165
-0.496506
-0.441658
-0.398792
-0.352832
-0.25209
-0.0194018
0.260002
0.0773597
-0.122873
-0.235485
-0.2752
-0.289284
-0.292014
-0.838932
-0.826478
-0.794853
-0.746653
-0.691867
-0.634596
-0.576788
-0.520998
-0.471011
-0.430704
-0.384037
-0.281414
-0.069039
0.163034
-0.0501162
-0.254357
-0.356725
-0.403345
-0.423111
-0.429437
-0.797535
-0.789778
-0.769828
-0.732876
-0.687849
-0.639248
-0.588719
-0.538829
-0.493882
-0.46023
-0.445104
-0.533862
-0.855887
-1.23955
-1.33052
-1.09897
-0.912316
-0.816222
-0.785546
-0.779707
-0.75532
-0.750976
-0.740215
-0.715405
-0.67937
-0.638387
-0.594252
-0.549343
-0.50738
-0.47876
-0.464813
-0.705024
-1.0819
-1.40901
-1.29022
-1.05775
-0.929579
-0.879603
-0.845472
-0.841957
-0.721487
-0.719213
-0.713629
-0.697449
-0.669695
-0.63418
-0.594658
-0.55166
-0.509379
-0.471966
-0.463114
-0.480018
-0.557116
-0.690373
-0.811159
-0.877332
-0.929195
-0.885527
-0.807774
-0.7722
-0.697144
-0.696127
-0.694171
-0.68499
-0.662745
-0.630497
-0.591751
-0.547996
-0.500009
-0.451251
-0.422028
-0.396497
-0.334263
-0.206426
-0.102885
-0.041537
-0.036594
-0.0204109
0.0394517
0.0672718
-0.681484
-0.680956
-0.680237
-0.675938
-0.659408
-0.628673
-0.588251
-0.54107
-0.487784
-0.431695
-0.379705
-0.338161
-0.150785
0.145082
0.430827
0.650305
0.743644
0.779957
0.795097
0.800387
-0.672493
-0.672154
-0.671455
-0.670153
-0.659004
-0.628838
-0.585043
-0.532413
-0.472898
-0.401312
-0.324564
-0.238042
-0.0131536
0.32601
0.654717
0.911673
1.04328
1.10154
1.12218
1.12772
-0.667858
-0.667656
-0.667274
-0.667522
-0.661263
-0.631682
-0.583432
-0.525252
-0.455386
-0.374177
-0.283827
-0.187961
0.0568167
0.363599
0.644845
0.872189
1.02054
1.12178
1.18355
1.2067
-0.664933
-0.665514
-0.667094
-0.669668
-0.665299
-0.635435
-0.584153
-0.520215
-0.442659
-0.352445
-0.250308
-0.15741
0.0642599
0.371112
0.659311
0.90624
1.08518
1.20542
1.27677
1.30247
-0.657728
-0.658506
-0.659677
-0.660618
-0.656883
-0.633149
-0.586917
-0.519783
-0.435655
-0.336613
-0.234896
-0.144142
0.0530968
0.335763
0.634135
0.891243
1.0967
1.22479
1.28611
1.304
-0.662543
-0.659907
-0.648136
-0.626974
-0.619577
-0.62616
-0.596661
-0.526862
-0.43507
-0.330103
-0.22726
-0.131193
0.00742106
0.284759
0.540874
0.766299
0.945989
1.05475
1.10395
1.1168
-0.712848
-0.706916
-0.692793
-0.676344
-0.672586
-0.677334
-0.631893
-0.543162
-0.43658
-0.325263
-0.223396
-0.127235
-0.014643
0.186142
0.405433
0.588005
0.729657
0.812729
0.849091
0.857518
-0.820591
-0.82902
-0.854448
-0.876819
-0.870054
-0.82507
-0.702333
-0.564804
-0.437304
-0.320507
-0.219816
-0.131764
-0.0453208
0.0978409
0.2698
0.41026
0.52057
0.582311
0.607892
0.611577
-0.920443
-0.941711
-0.981451
-1.00644
-0.993506
-0.915688
-0.739782
-0.567454
-0.427139
-0.310252
-0.218203
-0.143756
-0.0821268
0.0191874
0.148804
0.256261
0.338907
0.382876
0.399941
0.400122
-0.860355
-0.882683
-0.917852
-0.943927
-0.93117
-0.839214
-0.673277
-0.518501
-0.391533
-0.288745
-0.209738
-0.153637
-0.109591
-0.0429279
0.0498416
0.129315
0.186191
0.215851
0.22512
0.225724
-0.597614
-0.61551
-0.645479
-0.672615
-0.66958
-0.607271
-0.508632
-0.411558
-0.326886
-0.252888
-0.193601
-0.154678
-0.121112
-0.0774017
-0.0220095
0.0271657
0.0618114
0.0781189
0.0836674
0.0823535
-0.263504
-0.272568
-0.290975
-0.316056
-0.335158
-0.332161
-0.31415
-0.284142
-0.248822
-0.209145
-0.172386
-0.144596
-0.119015
-0.0937656
-0.0662328
-0.0457654
-0.0342421
-0.0312594
-0.030768
-0.0314611
-0.0210015
-0.0247811
-0.0370957
-0.0617459
-0.0969839
-0.13378
-0.16097
-0.1755
-0.176492
-0.166197
-0.150153
-0.132896
-0.113515
-0.10467
-0.099172
-0.0966524
-0.0994894
-0.103303
-0.104861
-0.105275
0.0906693
0.0884615
0.0790443
0.0563751
0.0186528
-0.0264082
-0.0679876
-0.100494
-0.121505
-0.131396
-0.132165
-0.125605
-0.115627
-0.116823
-0.121726
-0.12809
-0.135515
-0.140502
-0.141915
-0.142153
0.118299
0.116631
0.109455
0.0916723
0.061223
0.0226566
-0.0176376
-0.0540794
-0.083625
-0.10619
-0.123537
-0.135568
-0.140164
-0.141933
-0.141794
-0.144099
-0.148352
-0.151266
-0.152004
-0.152439
0.1104
0.109166
0.104079
0.0914728
0.0694899
0.0402306
0.00695593
-0.0263199
-0.0577703
-0.0880977
-0.120972
-0.159778
-0.185834
-0.174799
-0.160645
-0.153847
-0.150813
-0.150325
-0.150187
-0.150501
0.0923422
0.0915078
0.0881097
0.0796219
0.0644684
0.0433918
0.0177718
-0.00991481
-0.0386589
-0.0706711
-0.111244
-0.165994
-0.199513
-0.175944
-0.153178
-0.142101
-0.139401
-0.139274
-0.139232
-0.139386
0.0741391
0.0736242
0.0714664
0.0659742
0.0558837
0.0412872
0.0227078
0.00149667
-0.0218605
-0.0489443
-0.0847298
-0.131043
-0.149169
-0.129626
-0.115155
-0.111811
-0.113472
-0.11533
-0.115732
-0.115643
0.0587064
0.058436
0.0571649
0.0537891
0.0473495
0.037693
0.0250288
0.0102453
-0.00583559
-0.0234838
-0.0434115
-0.0653947
-0.0691465
-0.0564776
-0.0563417
-0.0624439
-0.0694979
-0.0731232
-0.0738174
-0.0737244
0.0463909
0.0462459
0.045562
0.043648
0.0398076
0.0338758
0.0260188
0.0171024
0.00845417
0.00225713
0.00231369
0.00923288
0.0278798
0.0219571
0.00857103
-0.00501343
-0.0142226
-0.0178078
-0.0187215
-0.0189874
0.0363203
0.0363038
0.0360146
0.0350956
0.0330781
0.029867
0.025707
0.0215551
0.0194166
0.0235064
0.0404429
0.0696674
0.0995475
0.0864668
0.0639764
0.0464251
0.0376446
0.0350093
0.0339174
0.0331152
0.0276439
0.0276921
0.0276633
0.0273654
0.0265705
0.0252118
0.0236238
0.0228307
0.0252201
0.0359894
0.0626728
0.101723
0.133205
0.120703
0.0970133
0.0815976
0.0750114
0.0729239
0.0714222
0.0706201
0.0197059
0.019781
0.0198827
0.0199507
0.0198519
0.0195987
0.019514
0.0205768
0.0249792
0.0379661
0.0662188
0.103958
0.131674
0.118924
0.101685
0.0936674
0.0911452
0.0904156
0.088661
0.0873511
0.012127
0.0121941
0.0123389
0.0125043
0.012742
0.0129858
0.0134975
0.0150032
0.0192114
0.0301653
0.0530262
0.0817334
0.0997548
0.0877588
0.0770928
0.0744621
0.0775631
0.0780712
0.0767664
0.0756083
0.00495865
0.0050241
0.005095
0.00522493
0.00530403
0.00553622
0.0057974
0.0063634
0.00779783
0.0113038
0.019522
0.0340607
0.0468906
0.0478643
0.0380952
0.0373476
0.0390233
0.0425936
0.0416071
0.0401584
-0.749504
-0.18538
0.134861
0.349872
0.514003
0.639243
0.739557
0.825828
0.934659
0.932752
0.0572599
0.204424
0.364793
0.502142
0.615163
0.706769
0.782227
0.839827
0.863445
0.867692
0.320884
0.420064
0.527274
0.620578
0.700091
0.76631
0.819115
0.856279
0.879513
0.896646
0.507681
0.576036
0.650113
0.716588
0.7741
0.822418
0.861301
0.891143
0.91466
0.933388
0.647798
0.698895
0.750634
0.800241
0.84363
0.880987
0.912355
0.938118
0.959733
0.978101
0.76125
0.798469
0.839775
0.878628
0.913814
0.944928
0.971921
0.994624
1.0137
1.0315
0.858648
0.888848
0.924246
0.957414
0.98833
1.01628
1.04075
1.06128
1.07794
1.09531
0.948079
0.976548
1.00997
1.04159
1.07115
1.09791
1.12114
1.14022
1.15464
1.17177
1.03844
1.06941
1.1045
1.13711
1.16693
1.19338
1.21585
1.23377
1.24632
1.26357
1.142
1.17773
1.21563
1.24974
1.27969
1.30533
1.32653
1.34311
1.35466
1.3725
1.2711
1.31013
1.34827
1.38132
1.40924
1.43277
1.45235
1.46783
1.47963
1.49788
1.43219
1.46821
1.50028
1.52704
1.54984
1.57032
1.58891
1.60493
1.61862
1.6365
1.61687
1.64191
1.66178
1.68028
1.69792
1.71466
1.73052
1.7465
1.76362
1.78276
1.80354
1.81439
1.8271
1.84165
1.85526
1.86732
1.87823
1.88957
1.90497
1.9244
1.98543
1.99887
2.00392
2.00494
2.00691
2.01426
2.02797
2.04556
2.0593
2.07064
2.2543
2.20371
2.15625
2.12466
2.11161
2.11616
2.1394
2.18445
2.25115
2.34527
0.7101
0.707091
0.701032
0.690105
0.677613
0.666302
0.657242
0.650484
0.646018
0.644123
0.645356
0.649345
0.65551
0.663796
0.674298
0.686618
0.698971
0.707683
0.712196
0.714362
0.638403
0.64505
0.650297
0.653913
0.655026
0.65339
0.649935
0.646142
0.643158
0.641848
0.642933
0.645976
0.650068
0.654296
0.657328
0.65786
0.655543
0.651166
0.644873
0.639049
0.62829
0.631252
0.634615
0.637104
0.638863
0.640046
0.640271
0.639524
0.638461
0.638012
0.638878
0.640623
0.642297
0.64309
0.642679
0.64143
0.639533
0.636666
0.633332
0.631044
0.622238
0.623661
0.625873
0.628145
0.629867
0.631061
0.63195
0.632535
0.632808
0.633123
0.633824
0.634593
0.634945
0.634751
0.634136
0.633002
0.631196
0.628977
0.627229
0.626144
0.616868
0.617686
0.619149
0.620923
0.622663
0.624138
0.625275
0.626217
0.627055
0.627828
0.628503
0.628886
0.628898
0.628546
0.627738
0.626467
0.624955
0.623442
0.622426
0.62176
0.611804
0.612358
0.613441
0.614854
0.616365
0.617869
0.619262
0.620472
0.621567
0.62259
0.623359
0.623713
0.623655
0.623162
0.622294
0.621221
0.620067
0.618998
0.618311
0.617843
0.606916
0.607331
0.608196
0.609405
0.610734
0.612143
0.613594
0.615013
0.616343
0.617582
0.618515
0.618945
0.618885
0.618427
0.617721
0.616893
0.616013
0.615218
0.614715
0.614358
0.602135
0.602461
0.603174
0.604234
0.605469
0.606812
0.608255
0.609778
0.611321
0.612808
0.613953
0.614524
0.614593
0.614318
0.613829
0.613209
0.612546
0.611965
0.611591
0.611306
0.597374
0.597638
0.598245
0.599205
0.600379
0.60169
0.603147
0.604754
0.60648
0.60824
0.609659
0.61047
0.610777
0.610735
0.610467
0.610062
0.609598
0.609188
0.608909
0.608674
0.592542
0.592762
0.593295
0.594193
0.595331
0.596644
0.598154
0.599876
0.601802
0.603865
0.605638
0.606783
0.60739
0.607612
0.607579
0.607399
0.607122
0.606861
0.606657
0.606457
0.58755
0.587737
0.58822
0.589087
0.590225
0.591582
0.593184
0.595069
0.59725
0.599679
0.60189
0.603446
0.604406
0.604932
0.605159
0.605201
0.605114
0.604986
0.604844
0.604668
0.582307
0.58247
0.582924
0.58379
0.58497
0.586414
0.588155
0.590261
0.592771
0.59566
0.598404
0.600448
0.601821
0.602693
0.603213
0.603476
0.603593
0.603591
0.6035
0.603341
0.576718
0.576864
0.577307
0.578201
0.579463
0.58104
0.582983
0.585386
0.588311
0.591775
0.595166
0.597792
0.599647
0.600914
0.601759
0.602303
0.602615
0.602725
0.602676
0.60253
0.570676
0.570808
0.571256
0.572208
0.573596
0.575362
0.577577
0.580363
0.583817
0.58799
0.592164
0.595485
0.597911
0.599636
0.600851
0.601696
0.602227
0.602454
0.602443
0.602303
0.564051
0.564174
0.564642
0.565684
0.567246
0.569264
0.571835
0.575106
0.579223
0.584263
0.589387
0.593539
0.596642
0.598909
0.600547
0.601735
0.60251
0.602857
0.602881
0.602744
0.556692
0.556808
0.557308
0.558474
0.560264
0.56261
0.565632
0.569521
0.574458
0.580562
0.586833
0.591978
0.59588
0.598785
0.60093
0.602515
0.603562
0.604033
0.604089
0.603951
0.548407
0.548521
0.549058
0.55039
0.552467
0.55523
0.558831
0.563495
0.569451
0.576855
0.584508
0.590837
0.595681
0.599335
0.602088
0.604141
0.605486
0.606088
0.606175
0.606032
0.538884
0.53901
0.539642
0.541173
0.543623
0.546928
0.551263
0.556902
0.564127
0.573122
0.582433
0.59016
0.596116
0.600648
0.604117
0.606703
0.608393
0.609137
0.609252
0.609101
0.527845
0.52797
0.528719
0.530524
0.533453
0.537452
0.542719
0.549588
0.55839
0.569326
0.580619
0.589994
0.597253
0.602819
0.607111
0.610328
0.6124
0.61329
0.613429
0.613267
0.514807
0.514949
0.515857
0.518023
0.521574
0.526476
0.532948
0.541385
0.552157
0.565458
0.579109
0.59041
0.59917
0.605938
0.611184
0.615121
0.617609
0.618645
0.618803
0.618625
0.499128
0.499308
0.500445
0.503101
0.507482
0.513588
0.521646
0.53211
0.545359
0.561535
0.577961
0.591484
0.601955
0.610085
0.616427
0.621169
0.624097
0.62527
0.625437
0.625241
0.479868
0.480125
0.481609
0.484967
0.490511
0.498278
0.508482
0.521609
0.537985
0.557633
0.577281
0.593314
0.605706
0.615359
0.622897
0.628527
0.631893
0.63318
0.633342
0.633124
0.455632
0.456031
0.458066
0.462494
0.469763
0.479922
0.49311
0.509763
0.530068
0.55386
0.577184
0.595998
0.610491
0.621809
0.630633
0.637191
0.640952
0.642306
0.642444
0.642204
0.424115
0.424811
0.427816
0.434067
0.444112
0.457877
0.475306
0.496635
0.521807
0.550442
0.577867
0.599671
0.616384
0.629452
0.639652
0.647074
0.651123
0.652471
0.652562
0.652304
0.381202
0.38261
0.387681
0.39753
0.412408
0.431755
0.455162
0.482539
0.513582
0.547718
0.579561
0.604469
0.623449
0.638294
0.649847
0.657987
0.662123
0.663365
0.66339
0.66312
0.319221
0.323658
0.334251
0.351203
0.374302
0.402001
0.433383
0.468167
0.505941
0.546041
0.582459
0.610493
0.631695
0.648231
0.660952
0.669547
0.673514
0.674486
0.674429
0.674169
0.245433
0.253456
0.272778
0.300285
0.333952
0.371046
0.410994
0.453679
0.498763
0.545623
0.587552
0.619575
0.643695
0.662363
0.676472
0.685464
0.689235
0.690069
0.690062
0.689939
0.171357
0.184666
0.213062
0.250957
0.294644
0.341024
0.389569
0.440246
0.492755
0.54652
0.594141
0.630293
0.657453
0.678427
0.694041
0.703038
0.706272
0.706877
0.706887
0.706855
0.109822
0.126954
0.161018
0.206698
0.258561
0.313109
0.369559
0.427789
0.48742
0.547841
0.600895
0.640913
0.670844
0.693717
0.710218
0.71941
0.722453
0.723022
0.723104
0.723122
0.0593423
0.0785208
0.117036
0.168506
0.226764
0.288058
0.351359
0.416396
0.482632
0.549331
0.607536
0.651196
0.683682
0.708376
0.725937
0.735286
0.738475
0.739275
0.739402
0.739464
0.0169912
0.0374212
0.0792636
0.135347
0.198893
0.265839
0.335041
0.406104
0.478349
0.550894
0.613968
0.661094
0.69604
0.722486
0.741125
0.751153
0.754728
0.755653
0.755799
0.755885
-0.0195127
0.00171996
0.046221
0.106041
0.174031
0.24585
0.320233
0.396696
0.474445
0.552448
0.620129
0.670563
0.707875
0.736054
0.755783
0.766571
0.77051
0.771556
0.771705
0.771793
-0.0518254
-0.0300246
0.0166358
0.0795972
0.151366
0.227444
0.306456
0.387824
0.470658
0.553783
0.625837
0.679423
0.71897
0.748734
0.769539
0.781049
0.785366
0.786506
0.786627
0.786705
-0.0811664
-0.0589438
-0.0104639
0.0552066
0.130266
0.210096
0.293262
0.379117
0.466686
0.554668
0.630913
0.687507
0.729149
0.760342
0.782099
0.794261
0.798942
0.800139
0.80026
0.800317
-0.108497
-0.0858323
-0.035734
0.032253
0.110236
0.193399
0.280312
0.370287
0.462297
0.554925
0.635239
0.694737
0.738363
0.770886
0.79346
0.806025
0.811012
0.812266
0.812379
0.812409
-0.13434
-0.111205
-0.0597291
0.0103286
0.0909163
0.177061
0.267367
0.361138
0.457321
0.554417
0.638738
0.701114
0.746653
0.780403
0.803626
0.816498
0.821626
0.822927
0.823024
0.823015
-0.159121
-0.135446
-0.0828676
-0.0108291
0.0720528
0.160876
0.254265
0.351527
0.45163
0.553059
0.641367
0.706654
0.754106
0.788997
0.812769
0.825787
0.830957
0.832243
0.832335
0.832293
-0.183112
-0.158973
-0.10524
-0.0314528
0.053488
0.144717
0.240891
0.341366
0.445148
0.550769
0.643095
0.711392
0.760824
0.796829
0.821023
0.834102
0.839227
0.840474
0.840525
0.84045
-0.206492
-0.181828
-0.126988
-0.0516541
0.0351288
0.128507
0.227196
0.330611
0.437832
0.547494
0.643881
0.715358
0.76692
0.804087
0.82864
0.84166
0.846642
0.847808
0.847832
0.847728
-0.229324
-0.204099
-0.148219
-0.0714874
0.0169375
0.112236
0.213179
0.319254
0.429654
0.543192
0.643682
0.718568
0.7725
0.810926
0.835758
0.848577
0.853333
0.854365
0.854331
0.854189
-0.251598
-0.225887
-0.168987
-0.0909742
-0.00108596
0.0959097
0.198858
0.307323
0.420626
0.537837
0.642443
0.721003
0.77764
0.817514
0.842547
0.85495
0.859322
0.860159
0.860072
0.859938
-0.273377
-0.247134
-0.189275
-0.110096
-0.0189134
0.0795716
0.184287
0.294869
0.410798
0.531422
0.640111
0.722607
0.782366
0.824026
0.849251
0.860972
0.864697
0.86525
0.865105
0.864964
-0.294569
-0.267804
-0.20904
-0.128828
-0.0365021
0.0632901
0.169539
0.28197
0.400228
0.523964
0.636617
0.723277
0.78664
0.830598
0.856217
0.867014
0.869676
0.869719
0.869495
0.869373
-0.315188
-0.287861
-0.228278
-0.147121
-0.0537886
0.0471285
0.154701
0.268723
0.38899
0.515516
0.63191
0.722877
0.790333
0.83725
0.863857
0.873766
0.874793
0.873742
0.873297
0.873274
-0.335146
-0.307306
-0.246941
-0.164933
-0.070721
0.0311652
0.139849
0.255206
0.377194
0.506153
0.625957
0.721241
0.793213
0.843768
0.872387
0.88224
0.881461
0.878259
0.876545
0.876319
-0.354507
-0.326109
-0.264984
-0.182213
-0.0872256
0.0154843
0.125103
0.241554
0.364963
0.495963
0.618763
0.718194
0.794961
0.849643
0.881419
0.89311
0.892024
0.886265
0.87923
0.862462
-0.373209
-0.34426
-0.282544
-0.199164
-0.103594
-0.0002387
0.110052
0.227315
0.351795
0.484437
0.609798
0.713169
0.79522
0.854401
0.890107
0.905993
0.90744
0.900888
0.886225
0.900967
-0.39137
-0.361737
-0.299558
-0.215751
-0.119751
-0.0159465
0.0947022
0.212514
0.337679
0.471466
0.598845
0.705531
0.793221
0.856897
0.895219
0.914529
0.919611
0.909986
0.849131
0.833427
-0.409592
-0.37913
-0.315768
-0.23164
-0.135132
-0.0311939
0.079266
0.197412
0.322899
0.457248
0.585895
0.694835
0.787967
0.856274
0.891827
0.910461
0.906163
0.869877
0.802366
0.761803
-0.428562
-0.397415
-0.330755
-0.246537
-0.14936
-0.0458335
0.0641292
0.182179
0.307531
0.441784
0.570784
0.680849
0.77713
0.851274
0.901627
0.879117
0.850857
0.786156
0.714192
0.670682
-0.00713981
0.107593
0.228853
0.357881
0.490491
0.61092
0.711366
0.549033
-0.448958
-0.430212
-0.391908
-0.320936
-0.230772
-0.131891
-0.0251147
0.0885207
0.208974
0.336785
0.468271
0.587855
0.687046
0.766349
0.818928
0.774071
0.630106
0.540822
0.47107
-0.466344
-0.453307
-0.408829
-0.336405
-0.24586
-0.146746
-0.0404777
0.0726591
0.192227
0.318636
0.44788
0.564054
0.656952
0.723692
0.720582
0.614646
0.468879
0.361855
0.272057
-0.489308
-0.476594
-0.429118
-0.355608
-0.265028
-0.165631
-0.0593239
0.0534639
0.172067
0.296824
0.422942
0.533973
0.616291
0.665911
0.626355
0.464052
0.297806
0.164004
0.0457331
-0.512484
-0.499603
-0.450515
-0.375689
-0.284762
-0.18537
-0.0793611
0.0326862
0.150047
0.272706
0.395194
0.500258
0.57555
0.597249
0.511098
0.318155
0.120602
-0.057886
-0.224567
-0.534879
-0.522469
-0.47258
-0.396621
-0.305275
-0.205892
-0.100321
0.0108376
0.126771
0.246977
0.365327
0.463639
0.529565
0.512957
0.383149
0.182939
-0.0349952
-0.241326
-0.427945
-0.557884
-0.545741
-0.495534
-0.418837
-0.327158
-0.22772
-0.122513
-0.0121875
0.102251
0.219844
0.333796
0.42465
0.476871
0.438187
0.266243
0.0697292
-0.140203
-0.336977
-0.458408
-0.497451
-0.582229
-0.570224
-0.519742
-0.442638
-0.350819
-0.251431
-0.146659
-0.0372887
0.0754178
0.189988
0.298988
0.381977
0.418594
0.35688
0.161735
-0.0259678
-0.204766
-0.339223
-0.384885
-0.408599
-0.608052
-0.59617
-0.545478
-0.468142
-0.376336
-0.277203
-0.173049
-0.0649074
0.0457097
0.156741
0.260077
0.334917
0.351059
0.25197
0.0684499
-0.104869
-0.255824
-0.33827
-0.358352
-0.363768
-0.635678
-0.62378
-0.572867
-0.495363
-0.403695
-0.304988
-0.201701
-0.0950764
0.0130788
0.120082
0.217001
0.283382
0.270586
0.15072
-0.01819
-0.181122
-0.299781
-0.34375
-0.343356
-0.344436
-0.66501
-0.653204
-0.601937
-0.524307
-0.432889
-0.334784
-0.232609
-0.127792
-0.0224805
0.0800271
0.169955
0.226084
0.196446
0.0555077
-0.0981706
-0.249593
-0.314786
-0.332592
-0.333612
-0.333239
-0.6959
-0.684109
-0.632584
-0.554886
-0.463827
-0.366536
-0.265713
-0.163026
-0.0609397
0.0366401
0.119195
0.163456
0.130599
-0.0272177
-0.170885
-0.284218
-0.333698
-0.326658
-0.326477
-0.326489
-0.727856
-0.715992
-0.664541
-0.586844
-0.496316
-0.400059
-0.300865
-0.200638
-0.102147
-0.00979372
0.0649444
0.0997688
0.0525172
-0.0995704
-0.229815
-0.306981
-0.322899
-0.321828
-0.321949
-0.321774
-0.76037
-0.748422
-0.69723
-0.61975
-0.529981
-0.435016
-0.337762
-0.240332
-0.145828
-0.0589017
0.00799318
0.0314276
-0.0333577
-0.161462
-0.274656
-0.293467
-0.310525
-0.317332
-0.318327
-0.318251
-0.792447
-0.780492
-0.729771
-0.652981
-0.564248
-0.4709
-0.375939
-0.281639
-0.191461
-0.110244
-0.049944
-0.043464
-0.110009
-0.216069
-0.291773
-0.342731
-0.324636
-0.319117
-0.317155
-0.316797
-0.822214
-0.811135
-0.761224
-0.685483
-0.598292
-0.506975
-0.414722
-0.323896
-0.238266
-0.163056
-0.107739
-0.111765
-0.18276
-0.262563
-0.31538
-0.323047
-0.321458
-0.31905
-0.317967
-0.317614
-0.84894
-0.83816
-0.79023
-0.715998
-0.630997
-0.542256
-0.453206
-0.366249
-0.285257
-0.216026
-0.165944
-0.171679
-0.252006
-0.313197
-0.316997
-0.323194
-0.329655
-0.328842
-0.327561
-0.327196
-0.869947
-0.859839
-0.814383
-0.743075
-0.661004
-0.575563
-0.490268
-0.407625
-0.33135
-0.267683
-0.224058
-0.227458
-0.309413
-0.392488
-0.40935
-0.398839
-0.376458
-0.362455
-0.356857
-0.354011
-0.883214
-0.874176
-0.831981
-0.764618
-0.686683
-0.605488
-0.524676
-0.446761
-0.375364
-0.316599
-0.278332
-0.276046
-0.350667
-0.472561
-0.540546
-0.458886
-0.41612
-0.39807
-0.388516
-0.383335
-0.886133
-0.878754
-0.840976
-0.778832
-0.706209
-0.630498
-0.555055
-0.482371
-0.415934
-0.361377
-0.324834
-0.306741
-0.33721
-0.41291
-0.509871
-0.421514
-0.377814
-0.361457
-0.355243
-0.353478
-0.87692
-0.870992
-0.839083
-0.783842
-0.718106
-0.649138
-0.580083
-0.513245
-0.451826
-0.400769
-0.361373
-0.309252
-0.223141
-0.0848753
-0.153217
-0.19476
-0.248971
-0.27707
-0.290001
-0.294751
-0.852172
-0.847978
-0.823592
-0.778245
-0.721402
-0.66045
-0.598709
-0.538187
-0.482192
-0.434454
-0.394615
-0.321075
-0.11807
0.214554
0.285814
0.00352727
-0.200855
-0.289845
-0.321424
-0.333766
-0.815216
-0.812622
-0.796569
-0.762223
-0.716246
-0.664377
-0.610518
-0.556627
-0.505868
-0.462949
-0.429652
-0.387014
-0.391765
-0.467262
-0.57717
-0.63912
-0.613518
-0.588588
-0.587392
-0.591194
-0.772699
-0.771057
-0.763043
-0.739685
-0.704778
-0.66205
-0.61584
-0.568335
-0.522427
-0.484587
-0.461516
-0.535732
-0.890417
-1.46835
-1.72585
-1.4908
-1.16805
-0.987875
-0.904298
-0.880589
-0.734726
-0.733666
-0.730045
-0.716938
-0.690946
-0.65583
-0.616064
-0.573061
-0.530041
-0.491386
-0.47905
-0.503926
-0.70229
-0.882552
-0.993525
-0.960842
-0.947985
-0.902475
-0.819675
-0.776157
-0.707887
-0.707305
-0.705014
-0.698443
-0.679372
-0.649738
-0.613307
-0.57226
-0.527611
-0.483878
-0.447702
-0.410082
-0.433111
-0.435298
-0.455906
-0.498503
-0.568171
-0.575195
-0.495146
-0.432069
-0.688243
-0.68777
-0.686894
-0.684509
-0.672189
-0.646278
-0.610177
-0.567913
-0.520321
-0.468316
-0.416718
-0.40151
-0.330088
-0.126273
0.089109
0.274991
0.366437
0.403523
0.428265
0.448656
-0.676508
-0.676301
-0.675791
-0.674363
-0.668188
-0.645433
-0.608537
-0.562711
-0.50961
-0.448885
-0.38604
-0.326788
-0.202849
0.0943585
0.427572
0.740298
0.9263
1.00192
1.03143
1.02832
-0.669663
-0.669524
-0.669015
-0.668668
-0.666511
-0.647661
-0.60868
-0.557493
-0.496734
-0.427628
-0.34549
-0.260617
-0.112087
0.188798
0.506545
0.783932
0.971725
1.08046
1.14192
1.17052
-0.666632
-0.666678
-0.666884
-0.667524
-0.667821
-0.652645
-0.610671
-0.553717
-0.487051
-0.407454
-0.314981
-0.219297
-0.0659036
0.226279
0.517515
0.776717
0.968849
1.10273
1.19367
1.24107
-0.661477
-0.66214
-0.663811
-0.66678
-0.668228
-0.654404
-0.61228
-0.553805
-0.48107
-0.391529
-0.293672
-0.194596
-0.0680968
0.202941
0.506344
0.789833
1.02238
1.18387
1.28003
1.32101
-0.655692
-0.656341
-0.654371
-0.648599
-0.642499
-0.637578
-0.612927
-0.559462
-0.480362
-0.384934
-0.283396
-0.176791
-0.0657331
0.168691
0.463446
0.72225
0.946994
1.10657
1.19187
1.22365
-0.681314
-0.679701
-0.66878
-0.643337
-0.62405
-0.630773
-0.63147
-0.575667
-0.486622
-0.382363
-0.275402
-0.17362
-0.0862002
0.112511
0.359037
0.581651
0.767417
0.895484
0.962068
0.985733
-0.761798
-0.757881
-0.758661
-0.763604
-0.766219
-0.760394
-0.714665
-0.610933
-0.495296
-0.37996
-0.270784
-0.174186
-0.0876813
0.0456772
0.24448
0.42045
0.565393
0.66378
0.712746
0.729466
-0.884324
-0.887079
-0.915959
-0.954653
-0.964443
-0.932984
-0.814852
-0.647954
-0.498563
-0.37359
-0.265731
-0.178069
-0.101818
-0.0160121
0.13541
0.271182
0.383633
0.45741
0.49218
0.502627
-0.916026
-0.925835
-0.957993
-0.991009
-0.999937
-0.956686
-0.814927
-0.631978
-0.47706
-0.354967
-0.256425
-0.180625
-0.118236
-0.0657114
0.0420713
0.145489
0.227499
0.280771
0.304196
0.310824
-0.746184
-0.757982
-0.787917
-0.822743
-0.836202
-0.793463
-0.66868
-0.532892
-0.413079
-0.315238
-0.235534
-0.175142
-0.129364
-0.09692
-0.0273628
0.0477134
0.100612
0.134014
0.148123
0.151417
-0.423835
-0.432201
-0.45127
-0.477279
-0.496692
-0.485629
-0.439132
-0.37836
-0.317233
-0.259639
-0.206364
-0.163715
-0.129297
-0.105833
-0.0664758
-0.0285332
0.000314789
0.0155412
0.0211873
0.0217584
-0.123435
-0.127427
-0.137411
-0.157555
-0.185565
-0.211968
-0.227266
-0.229527
-0.219785
-0.199629
-0.174087
-0.148874
-0.123409
-0.107978
-0.0909839
-0.0773061
-0.0711185
-0.0703156
-0.072147
-0.0727324
0.0503699
0.0483894
0.0424926
0.0256616
-0.00612416
-0.0488541
-0.0903335
-0.122549
-0.141892
-0.148482
-0.14486
-0.133891
-0.118581
-0.110355
-0.110954
-0.113094
-0.117681
-0.124361
-0.12751
-0.127846
0.11209
0.110841
0.106579
0.0928348
0.0650372
0.0251062
-0.0182483
-0.0579038
-0.0890684
-0.110327
-0.123165
-0.128044
-0.125428
-0.124772
-0.129091
-0.133852
-0.140422
-0.146265
-0.148876
-0.149226
0.117123
0.116291
0.113121
0.103014
0.0823231
0.0516765
0.0156518
-0.021097
-0.0546966
-0.0835558
-0.109509
-0.134751
-0.156833
-0.160922
-0.155842
-0.150447
-0.150796
-0.151703
-0.152154
-0.152348
0.101974
0.101475
0.0992663
0.0923384
0.0779825
0.0560322
0.02849
-0.00189612
-0.0326384
-0.0632586
-0.0974574
-0.141272
-0.194008
-0.193314
-0.170901
-0.155066
-0.147741
-0.146281
-0.145947
-0.145913
0.083059
0.0827945
0.0813462
0.0768131
0.0672262
0.0520695
0.0321009
0.00866935
-0.0167959
-0.0447571
-0.0783683
-0.126119
-0.1757
-0.168925
-0.14596
-0.132517
-0.128539
-0.128925
-0.129495
-0.129454
0.0660326
0.0659195
0.0650429
0.0622262
0.0560672
0.0459923
0.0322014
0.0153473
-0.00354035
-0.0242061
-0.0498059
-0.0824925
-0.110998
-0.100038
-0.0890682
-0.0877059
-0.0914124
-0.095376
-0.097004
-0.0970074
0.0521663
0.0521239
0.0516711
0.0500241
0.0462886
0.0399312
0.0309901
0.0199191
0.00771879
-0.00487578
-0.0154372
-0.0240929
-0.0275932
-0.0183464
-0.0188009
-0.0280381
-0.0386281
-0.044858
-0.0468294
-0.0471467
0.0410916
0.0411345
0.0409102
0.0400718
0.0380076
0.0343435
0.0291303
0.0228454
0.0167794
0.0131091
0.0170146
0.0319305
0.0537515
0.0632586
0.0475156
0.0296508
0.0167361
0.0111528
0.00944695
0.00844432
0.0318113
0.0318835
0.0318416
0.0315302
0.0306107
0.0288358
0.0262949
0.0235966
0.0222713
0.0254294
0.0401858
0.070522
0.106688
0.117542
0.0945391
0.0723058
0.0611711
0.0566008
0.0551475
0.0540701
0.0235753
0.0236596
0.0237192
0.0237272
0.0235101
0.0229145
0.0221349
0.0217464
0.0233463
0.030328
0.050169
0.0858527
0.125206
0.137996
0.113512
0.0950442
0.087823
0.0859076
0.0846687
0.0829199
0.0158392
0.015921
0.0160092
0.0161428
0.0163046
0.0163767
0.016491
0.0171894
0.019816
0.0273744
0.0462446
0.0775488
0.114619
0.11753
0.098716
0.0899446
0.0873134
0.0878774
0.0869898
0.0853397
0.00844421
0.00850359
0.00856149
0.00872457
0.00901404
0.00930186
0.00966737
0.0104117
0.012456
0.0176482
0.0304426
0.052541
0.0732823
0.0717421
0.0603444
0.0573818
0.0596471
0.0624588
0.0628228
0.0611355
0.00499742
0.00505243
0.00514795
0.00526268
0.00542805
0.00564939
0.0060302
0.0069193
0.00920958
0.0146427
0.0262088
0.041235
0.0485797
0.0414879
0.0372152
0.0378455
0.040931
0.0418976
0.0411354
0.0125662
-0.397441
-0.0560016
0.161791
0.350379
0.502571
0.623575
0.719982
0.801959
0.861751
0.85724
0.0986334
0.249857
0.390262
0.511185
0.614392
0.700342
0.771039
0.826024
0.859452
0.871713
0.360065
0.455927
0.549189
0.633064
0.705837
0.767653
0.818332
0.85705
0.884531
0.903371
0.538866
0.602932
0.67015
0.732048
0.785241
0.831105
0.86946
0.900439
0.925335
0.94323
0.675065
0.721156
0.772876
0.818557
0.859746
0.89595
0.927297
0.953781
0.975853
0.991307
0.785928
0.8232
0.863594
0.900309
0.93445
0.96541
0.992852
1.0164
1.03604
1.04885
0.882902
0.915078
0.949659
0.982744
1.01382
1.04246
1.068
1.08978
1.10752
1.11794
0.973535
1.00467
1.03872
1.07187
1.10272
1.1309
1.1557
1.17646
1.19262
1.20119
1.06805
1.10274
1.13942
1.17474
1.20655
1.23471
1.25882
1.27852
1.29327
1.30122
1.1807
1.22098
1.26014
1.29688
1.32861
1.35563
1.37815
1.39635
1.41001
1.41907
1.32444
1.36708
1.40469
1.43833
1.4663
1.49005
1.51064
1.52802
1.54185
1.55297
1.50223
1.53979
1.56778
1.59209
1.61309
1.63236
1.65059
1.66773
1.68361
1.69812
1.69987
1.72089
1.73577
1.75155
1.76782
1.78311
1.79681
1.81007
1.82556
1.84391
1.89046
1.89763
1.90817
1.9197
1.92961
1.9388
1.94904
1.96013
1.97174
1.9806
2.10348
2.10525
2.09732
2.0808
2.06965
2.06908
2.08123
2.10583
2.13994
2.16448
2.52312
2.32924
2.22818
2.1703
2.14116
2.13453
2.14973
2.19055
2.2664
2.40935
-0.412871
-0.417378
-0.377676
-0.305234
-0.214546
-0.114802
0.804429
0.870776
0.86173
0.77878
0.703906
0.629981
0.401654
0.179899
-0.0892557
-0.444597
-0.79237
)
;

boundaryField
{
    wall-4
    {
        type            zeroGradient;
    }
    pressure-outlet-7
    {
        type            fixedValue;
        value           uniform 0;
    }
    velocity-inlet-6
    {
        type            zeroGradient;
    }
    velocity-inlet-5
    {
        type            zeroGradient;
    }
    frontAndBackPlanes
    {
        type            empty;
    }
}


// ************************************************************************* //
