/*--------------------------------*- C++ -*----------------------------------*\
| =========                 |                                                 |
| \\      /  F ield         | OpenFOAM: The Open Source CFD Toolbox           |
|  \\    /   O peration     | Version:  2112                                  |
|   \\  /    A nd           | Website:  www.openfoam.com                      |
|    \\/     M anipulation  |                                                 |
\*---------------------------------------------------------------------------*/
FoamFile
{
    version     2.0;
    format      ascii;
    arch        "LSB;label=32;scalar=64";
    class       volScalarField;
    location    "14.5";
    object      p;
}
// * * * * * * * * * * * * * * * * * * * * * * * * * * * * * * * * * * * * * //

dimensions      [0 2 -2 0 0 0 0];

internalField   nonuniform List<scalar> 
8800
(
0.385671
0.33791
0.299265
0.270313
0.249503
0.234741
0.224217
0.216788
0.211973
0.209828
0.210883
0.214806
0.221188
0.230268
0.242852
0.260442
0.285116
0.318979
0.361449
0.420144
0.216851
0.224531
0.232113
0.235451
0.233996
0.228991
0.222582
0.216577
0.2119
0.209023
0.208588
0.210823
0.215019
0.220696
0.227243
0.23334
0.236849
0.23604
0.230496
0.221722
0.195133
0.201325
0.205537
0.208601
0.210772
0.21149
0.210497
0.208482
0.206478
0.20545
0.206186
0.20827
0.210753
0.212631
0.21298
0.211561
0.209015
0.205455
0.200818
0.19704
0.189206
0.1919
0.194795
0.197368
0.19917
0.200479
0.20134
0.201533
0.20124
0.201073
0.201561
0.202397
0.202895
0.202632
0.201716
0.20034
0.198256
0.195447
0.192897
0.19139
0.183674
0.185131
0.187162
0.1895
0.19156
0.193123
0.194263
0.195147
0.195793
0.196259
0.196586
0.196656
0.196346
0.195671
0.194578
0.19292
0.190805
0.188572
0.187053
0.186247
0.178696
0.17963
0.181201
0.183196
0.185266
0.187207
0.188804
0.189999
0.190901
0.191567
0.191938
0.19189
0.191396
0.190408
0.188891
0.187056
0.185137
0.183354
0.182281
0.181782
0.174136
0.174741
0.176146
0.178035
0.17992
0.181731
0.183482
0.185055
0.186304
0.187209
0.187616
0.187437
0.18669
0.185493
0.184054
0.182449
0.180683
0.179043
0.178177
0.177896
0.170951
0.171285
0.172398
0.174025
0.175669
0.177236
0.178715
0.180113
0.181411
0.182472
0.182999
0.182913
0.182391
0.181556
0.180454
0.179129
0.177657
0.176328
0.175717
0.175596
0.169113
0.169303
0.169989
0.171093
0.172338
0.173717
0.175164
0.176619
0.177992
0.179179
0.179883
0.179972
0.179583
0.178854
0.177961
0.177036
0.176085
0.175304
0.17496
0.174895
0.167154
0.167274
0.167627
0.168192
0.169044
0.169991
0.17107
0.172344
0.173724
0.175061
0.175994
0.176366
0.176338
0.176135
0.175695
0.175234
0.174895
0.174597
0.174438
0.174388
0.164353
0.164439
0.164711
0.165188
0.165719
0.166564
0.167693
0.169005
0.170471
0.171999
0.173221
0.173899
0.174139
0.174083
0.17398
0.173883
0.173715
0.17356
0.17347
0.173431
0.160882
0.160933
0.161174
0.161641
0.162256
0.162967
0.164039
0.16538
0.166984
0.168781
0.17036
0.1714
0.171987
0.172299
0.172459
0.172492
0.172416
0.172324
0.172287
0.172265
0.157036
0.15706
0.157276
0.157738
0.158364
0.159292
0.160392
0.16183
0.163638
0.165772
0.1678
0.169278
0.170233
0.170798
0.171196
0.171348
0.17135
0.171321
0.171327
0.171314
0.152899
0.152923
0.153125
0.153587
0.154282
0.155229
0.156472
0.158134
0.160261
0.16287
0.16545
0.167428
0.168801
0.169715
0.170244
0.170561
0.170693
0.17076
0.1708
0.170789
0.148309
0.148336
0.148542
0.149009
0.149742
0.150787
0.152234
0.154198
0.156773
0.159998
0.163267
0.165838
0.167669
0.16891
0.169721
0.170222
0.17051
0.170672
0.17074
0.170727
0.143068
0.143095
0.143341
0.143836
0.144665
0.145879
0.147603
0.149984
0.153156
0.157173
0.161289
0.16456
0.166923
0.168577
0.169683
0.170395
0.170835
0.171085
0.171181
0.171165
0.136976
0.137007
0.137297
0.137907
0.138883
0.140347
0.142451
0.145391
0.149338
0.154363
0.159533
0.163687
0.166715
0.168819
0.170247
0.171185
0.171777
0.172113
0.172238
0.172218
0.129813
0.12985
0.130209
0.130969
0.132194
0.133996
0.136628
0.140313
0.145261
0.151568
0.158067
0.163284
0.167077
0.16973
0.17154
0.172737
0.173496
0.173927
0.174081
0.174054
0.121297
0.121347
0.12181
0.122764
0.124316
0.126625
0.129961
0.134613
0.140852
0.148778
0.156912
0.16342
0.168142
0.171458
0.173724
0.175227
0.176182
0.17672
0.176914
0.176879
0.11106
0.111131
0.111729
0.112961
0.114963
0.117941
0.122202
0.128134
0.136045
0.146006
0.156152
0.164226
0.170075
0.174184
0.176997
0.178869
0.180056
0.180722
0.18096
0.180915
0.0985489
0.0986475
0.0994336
0.10106
0.103694
0.107565
0.1131
0.12074
0.130793
0.143296
0.155893
0.165856
0.173059
0.17812
0.181593
0.183915
0.185393
0.186214
0.186505
0.186448
0.0829721
0.0831053
0.0841694
0.0863837
0.0899224
0.0950782
0.102368
0.112262
0.125064
0.140715
0.156269
0.168481
0.177296
0.183501
0.187774
0.190645
0.192482
0.193489
0.193844
0.193773
0.0631646
0.0633551
0.0648559
0.0679713
0.0728573
0.0798753
0.0896064
0.102528
0.118857
0.138369
0.157427
0.172274
0.182989
0.190566
0.195818
0.199377
0.201674
0.202938
0.203365
0.203272
0.0373423
0.0376475
0.0398841
0.0444648
0.051475
0.0612878
0.0745069
0.0914983
0.112281
0.13642
0.159538
0.1774
0.190315
0.199524
0.205987
0.210428
0.213329
0.214937
0.215472
0.215346
0.00233206
0.00288975
0.00663592
0.0139972
0.0246203
0.0388119
0.0570231
0.0793626
0.105607
0.135125
0.162793
0.183999
0.199389
0.210503
0.218456
0.224054
0.227796
0.229881
0.230552
0.23038
-0.0479466
-0.04619
-0.0385361
-0.0254866
-0.00855268
0.012388
0.0374764
0.0665719
0.0992568
0.134779
0.167345
0.192117
0.210193
0.223456
0.233203
0.240311
0.245274
0.248165
0.249084
0.248841
-0.123377
-0.113788
-0.0962943
-0.0730074
-0.0465888
-0.0166817
0.0168128
0.0537026
0.0935519
0.135649
0.17359
0.202378
0.223616
0.239557
0.251702
0.261078
0.268123
0.272637
0.27432
0.274384
-0.203825
-0.182419
-0.154448
-0.120864
-0.0847578
-0.0457917
-0.00385252
0.0409745
0.0883735
0.137774
0.182123
0.216015
0.241426
0.260977
0.276382
0.288748
0.298616
0.306339
0.309678
0.309903
-0.266984
-0.243254
-0.207064
-0.165285
-0.120689
-0.0733608
-0.0234022
0.0290489
0.0836846
0.139972
0.190166
0.228471
0.257287
0.279596
0.297281
0.311528
0.322883
0.331688
0.334711
0.335211
-0.318143
-0.292285
-0.25139
-0.203724
-0.152604
-0.0984878
-0.0416245
0.0176572
0.0789014
0.14147
0.196827
0.238763
0.270066
0.294072
0.31289
0.327926
0.339822
0.348526
0.351925
0.352433
-0.359627
-0.333094
-0.288785
-0.236739
-0.180559
-0.120954
-0.0582992
0.00689112
0.0739938
0.142182
0.20202
0.246875
0.279963
0.305033
0.324446
0.339749
0.351719
0.360338
0.363932
0.36444
-0.394876
-0.367968
-0.321256
-0.265661
-0.205383
-0.141222
-0.0736567
-0.00330702
0.0690195
0.142265
0.206171
0.253637
0.288247
0.314126
0.333875
0.349199
0.361066
0.369496
0.373254
0.373747
-0.425815
-0.398773
-0.350218
-0.291767
-0.228037
-0.159942
-0.0880669
-0.0131222
0.063971
0.141956
0.209684
0.259544
0.295496
0.322044
0.342055
0.3574
0.369195
0.377445
0.381223
0.38172
-0.453915
-0.426748
-0.3767
-0.315825
-0.249146
-0.177646
-0.101957
-0.0228537
0.058636
0.141052
0.212434
0.264691
0.30204
0.329335
0.349684
0.365123
0.376857
0.384936
0.388705
0.389231
-0.480002
-0.452718
-0.401415
-0.338457
-0.269242
-0.194762
-0.115678
-0.0328181
0.0527332
0.139444
0.214568
0.269366
0.308255
0.336415
0.357195
0.372797
0.384537
0.392518
0.396185
0.396782
-0.504745
-0.477281
-0.424836
-0.360076
-0.288622
-0.211516
-0.129419
-0.0431388
0.046257
0.137166
0.216107
0.273632
0.314277
0.343484
0.364834
0.3807
0.392506
0.400417
0.403965
0.404574
-0.528407
-0.500699
-0.44726
-0.380989
-0.307538
-0.228105
-0.143293
-0.0538657
0.03912
0.134093
0.216953
0.277473
0.320163
0.350662
0.372762
0.389017
0.40097
0.408845
0.412249
0.412814
-0.551347
-0.523287
-0.469018
-0.401346
-0.326132
-0.244632
-0.157389
-0.0651303
0.0311857
0.130118
0.217012
0.280819
0.325876
0.357961
0.381033
0.397826
0.410016
0.417914
0.421165
0.421629
-0.573581
-0.54521
-0.490248
-0.421226
-0.34447
-0.261162
-0.171776
-0.0769645
0.0224312
0.125162
0.21616
0.283537
0.331321
0.365323
0.38964
0.407169
0.419714
0.427664
0.430795
0.431096
-0.595171
-0.566402
-0.510868
-0.44068
-0.362589
-0.277698
-0.186425
-0.0893421
0.012847
0.119157
0.214252
0.285456
0.336367
0.372684
0.398557
0.417036
0.430064
0.438104
0.441119
0.441237
-0.616182
-0.587119
-0.53088
-0.459709
-0.380464
-0.294189
-0.201286
-0.10223
0.00244467
0.112057
0.211159
0.286355
0.340801
0.379898
0.407702
0.427372
0.441006
0.449139
0.452015
0.45196
-0.636676
-0.607194
-0.550326
-0.478287
-0.398039
-0.310595
-0.216305
-0.115564
-0.00872787
0.103848
0.206766
0.286017
0.344304
0.386695
0.416937
0.438124
0.452466
0.460655
0.463275
0.463071
-0.656484
-0.626607
-0.569168
-0.496382
-0.415273
-0.326842
-0.231404
-0.12925
-0.0205899
0.0945747
0.200983
0.284232
0.346565
0.392765
0.426111
0.449284
0.464425
0.472502
0.474755
0.474383
-0.675577
-0.645346
-0.58738
-0.513934
-0.432103
-0.34286
-0.246481
-0.143195
-0.0330412
0.0842876
0.193784
0.280803
0.34725
0.39768
0.43495
0.460943
0.477084
0.484578
0.486082
0.485541
-0.694006
-0.663348
-0.604931
-0.530909
-0.448465
-0.358566
-0.261447
-0.157283
-0.0459684
0.0730912
0.185171
0.275606
0.345994
0.400838
0.44289
0.473118
0.491175
0.497369
0.496912
0.496128
-0.711625
-0.680616
-0.621773
-0.547247
-0.464307
-0.373887
-0.276207
-0.1714
-0.0592357
0.0611208
0.175213
0.268561
0.342506
0.401496
0.448891
0.485248
0.507838
0.513554
0.508626
0.506228
-0.728528
-0.697153
-0.637932
-0.562976
-0.479663
-0.388869
-0.29082
-0.185603
-0.0729073
0.0483121
0.163815
0.259441
0.336505
0.398866
0.451269
0.495357
0.526581
0.538612
0.530897
0.508524
-0.744667
-0.712968
-0.653525
-0.578267
-0.494806
-0.403819
-0.305675
-0.200358
-0.0875188
0.0340031
0.150255
0.247355
0.327105
0.391763
0.446775
0.497787
0.536798
0.549586
0.534839
0.508285
-0.759911
-0.728255
-0.66839
-0.59287
-0.509464
-0.418411
-0.320552
-0.215338
-0.102736
0.0185304
0.134773
0.232215
0.313921
0.379883
0.431296
0.481774
0.516035
0.517641
0.449103
0.405346
-0.773681
-0.743876
-0.682149
-0.606234
-0.52298
-0.432209
-0.335177
-0.230331
-0.118342
0.00206518
0.117419
0.214016
0.296318
0.36407
0.406202
0.435895
0.455415
0.413886
0.337475
0.287294
-0.82612
-0.756653
-0.694574
-0.619854
-0.536714
-0.446519
-0.349623
-0.245578
-0.134637
-0.0157275
0.0977953
0.19248
0.272302
0.345491
0.359314
0.365563
0.338011
0.271598
0.184807
0.136315
-0.784904
-0.770719
-0.712027
-0.639161
-0.556299
-0.466787
-0.371251
-0.26855
-0.159595
-0.0436548
0.0655369
0.155578
0.22754
0.288831
0.296135
0.175554
0.0586462
-0.0216198
-0.105898
-0.0604187
-0.812376
-0.785231
-0.726954
-0.653817
-0.571648
-0.482677
-0.387281
-0.285666
-0.178384
-0.0651449
0.0400363
0.12481
0.18946
0.222052
0.168385
0.000595242
-0.153703
-0.26239
-0.380923
-0.308282
-0.832985
-0.802355
-0.743892
-0.670372
-0.588495
-0.499889
-0.404971
-0.304612
-0.199274
-0.0892153
0.0112922
0.0895742
0.143955
0.148775
0.0281306
-0.194597
-0.387494
-0.535591
-0.707769
-0.640954
-0.852477
-0.820571
-0.761166
-0.687113
-0.605292
-0.517049
-0.42297
-0.323974
-0.220754
-0.114236
-0.0191633
0.0521178
0.0931374
0.0588628
-0.133913
-0.394032
-0.643673
-0.868444
-1.12091
-1.10421
-0.87068
-0.838859
-0.778869
-0.704369
-0.622605
-0.534791
-0.441643
-0.344095
-0.243214
-0.140554
-0.051399
0.0123742
0.0365998
-0.042001
-0.290423
-0.578564
-0.879503
-1.15173
-1.48494
-1.86092
-0.888719
-0.857219
-0.797199
-0.722453
-0.640765
-0.553353
-0.461064
-0.364974
-0.266488
-0.167806
-0.0847109
-0.0289466
-0.0214604
-0.150261
-0.429927
-0.72404
-1.02763
-1.28453
-1.39298
-1.56224
-0.907147
-0.876055
-0.816254
-0.741593
-0.660091
-0.573174
-0.481832
-0.387354
-0.291514
-0.197231
-0.120767
-0.0740839
-0.0884401
-0.276663
-0.552125
-0.830725
-1.0809
-1.23878
-1.26915
-1.29987
-0.926315
-0.895599
-0.836138
-0.761753
-0.680582
-0.594311
-0.504121
-0.411504
-0.318671
-0.229387
-0.160172
-0.12359
-0.168771
-0.397561
-0.660764
-0.914797
-1.12163
-1.20564
-1.22583
-1.22879
-0.946362
-0.915936
-0.856841
-0.782791
-0.702079
-0.616632
-0.527789
-0.437289
-0.347839
-0.264129
-0.20262
-0.178006
-0.251492
-0.513566
-0.763893
-0.991369
-1.17157
-1.211
-1.2006
-1.19683
-0.96712
-0.936997
-0.878168
-0.804588
-0.724453
-0.639967
-0.552647
-0.464528
-0.378729
-0.301078
-0.247839
-0.237196
-0.338961
-0.62611
-0.865865
-1.04625
-1.14714
-1.17406
-1.17421
-1.17247
-0.988303
-0.958482
-0.900007
-0.826911
-0.74745
-0.664063
-0.578444
-0.492928
-0.410995
-0.339767
-0.295686
-0.296621
-0.441608
-0.733501
-0.979049
-1.06364
-1.08566
-1.13926
-1.15854
-1.16324
-1.00928
-0.979907
-0.921951
-0.849437
-0.770687
-0.688544
-0.604786
-0.522005
-0.444142
-0.37939
-0.345289
-0.355672
-0.559289
-0.841941
-1.13514
-1.21161
-1.17553
-1.20103
-1.20604
-1.20749
-1.0295
-1.00064
-0.943724
-0.871616
-0.793718
-0.712872
-0.63111
-0.551115
-0.477386
-0.418811
-0.395178
-0.420509
-0.679319
-0.975685
-1.32418
-1.70214
-1.48371
-1.34372
-1.29537
-1.28583
-1.04835
-1.02024
-0.964087
-0.892754
-0.815752
-0.736411
-0.656608
-0.579426
-0.509648
-0.456603
-0.442991
-0.488259
-0.791017
-1.09236
-1.21068
-1.23322
-1.34032
-1.46517
-1.48768
-1.46187
-1.06471
-1.03765
-0.982518
-0.911904
-0.835979
-0.758094
-0.680455
-0.605956
-0.539533
-0.491368
-0.486405
-0.544385
-0.894107
-1.15508
-1.00367
-0.795022
-1.16865
-1.6621
-1.79851
-1.78165
-1.07746
-1.05178
-0.997892
-0.928004
-0.853141
-0.776901
-0.701432
-0.629551
-0.56562
-0.520491
-0.515413
-0.579729
-1.04297
-1.64776
-2.26674
-2.67466
-2.91228
-2.60854
-2.22463
-2.13526
-1.08519
-1.06122
-1.00884
-0.939755
-0.866008
-0.791475
-0.718318
-0.648934
-0.586402
-0.539937
-0.531239
-0.609423
-1.18856
-2.13129
-3.36565
-4.09451
-4.34557
-4.06867
-3.5421
-3.22312
-1.0866
-1.0646
-1.01371
-0.945515
-0.873018
-0.800518
-0.730089
-0.663113
-0.600936
-0.548748
-0.526178
-0.569779
-1.07186
-1.89466
-2.97619
-3.71285
-3.75387
-3.33601
-2.87647
-2.60382
-1.07918
-1.0595
-1.01053
-0.943426
-0.872573
-0.802673
-0.735479
-0.671707
-0.609755
-0.545688
-0.490402
-0.469842
-0.581763
-0.802064
-0.865322
-0.797573
-0.508235
-0.132049
0.138707
0.254665
-1.06075
-1.0431
-0.996629
-0.931472
-0.863053
-0.796597
-0.734188
-0.675843
-0.6171
-0.541118
-0.441272
-0.323289
-0.120141
0.295827
0.819628
1.4152
1.91503
2.22682
2.37021
2.40141
-1.02928
-1.01389
-0.970131
-0.908006
-0.843211
-0.781936
-0.726994
-0.679539
-0.631964
-0.553703
-0.413832
-0.20617
0.0809089
0.587681
1.27871
1.9015
2.35265
2.61294
2.72077
2.74389
-0.982385
-0.96915
-0.929183
-0.871951
-0.812743
-0.758903
-0.714884
-0.685277
-0.671436
-0.632501
-0.494176
-0.215272
0.074918
0.514858
1.09725
1.60209
1.95688
2.16348
2.25568
2.2809
-0.918534
-0.906774
-0.873059
-0.82345
-0.772421
-0.728505
-0.699605
-0.698926
-0.747702
-0.865358
-0.877113
-0.5285
-0.0934932
0.266207
0.743389
1.14587
1.43812
1.61661
1.69915
1.72184
-0.840407
-0.831071
-0.804328
-0.764067
-0.723035
-0.690552
-0.67932
-0.718741
-0.887895
-1.3352
-1.69578
-1.25067
-0.558807
-0.120586
0.332538
0.707492
0.964331
1.10961
1.1747
1.18036
-0.751103
-0.744526
-0.72368
-0.692829
-0.661943
-0.639304
-0.640905
-0.708275
-0.962907
-1.64389
-2.39159
-1.81427
-1.0546
-0.50325
-0.0299003
0.305843
0.509355
0.612182
0.657784
0.666863
-0.641131
-0.637989
-0.624675
-0.603744
-0.581554
-0.56562
-0.569872
-0.628482
-0.842502
-1.38259
-1.87814
-1.49808
-0.928825
-0.430051
-0.0658588
0.156152
0.273878
0.335659
0.367295
0.374231
-0.524568
-0.523438
-0.514447
-0.500009
-0.484028
-0.470858
-0.469367
-0.501855
-0.626213
-0.929344
-1.15981
-0.921729
-0.537949
-0.210799
-0.00522371
0.100463
0.153004
0.17984
0.191707
0.194388
-0.410222
-0.409242
-0.403105
-0.392204
-0.379418
-0.366683
-0.357893
-0.363044
-0.405001
-0.510015
-0.557152
-0.405036
-0.184045
-0.0246687
0.0553866
0.0931088
0.111017
0.119906
0.123604
0.123886
-0.301053
-0.300672
-0.2965
-0.288533
-0.27829
-0.266041
-0.252539
-0.240285
-0.233819
-0.229872
-0.178852
-0.0777984
0.00902434
0.0743947
0.0989566
0.107686
0.109954
0.109903
0.109192
0.108386
-0.202781
-0.202859
-0.200848
-0.196081
-0.188816
-0.178392
-0.164076
-0.145119
-0.119869
-0.0816361
-0.0178692
0.050215
0.0862231
0.111077
0.118302
0.11812
0.115441
0.11261
0.110724
0.109713
-0.12081
-0.121211
-0.121205
-0.119644
-0.115603
-0.107972
-0.0956022
-0.0767984
-0.0487534
-0.0069662
0.0463215
0.0910841
0.110983
0.1211
0.122972
0.120783
0.117351
0.114309
0.112466
0.111545
-0.0585515
-0.0590962
-0.0602868
-0.0608534
-0.0594128
-0.0547465
-0.0454848
-0.0298472
-0.00558085
0.0295953
0.069287
0.0990181
0.112981
0.11859
0.119119
0.117003
0.11397
0.11136
0.109853
0.109108
-0.0149831
-0.0155114
-0.0170946
-0.0186413
-0.0187197
-0.0162819
-0.0100607
0.00156531
0.0203044
0.0472278
0.0759035
0.0962869
0.106601
0.110589
0.110861
0.109113
0.106659
0.104559
0.10338
0.102806
0.013459
0.0130249
0.0115322
0.00974729
0.00895843
0.0101183
0.0141903
0.0223945
0.0359982
0.0555788
0.0759802
0.0902452
0.0978243
0.100693
0.100769
0.0993676
0.0973892
0.0956708
0.0947439
0.0943144
0.0308811
0.0305564
0.0293471
0.0277243
0.026679
0.027005
0.0295623
0.0352497
0.0448807
0.0587754
0.073151
0.0830856
0.0884071
0.0904425
0.0904539
0.0892967
0.0876692
0.0862534
0.0855206
0.0852054
0.0407938
0.040559
0.0396608
0.0383511
0.0373867
0.0373094
0.0387484
0.0424554
0.0490949
0.0587963
0.0688094
0.0757542
0.0795339
0.0809299
0.0807921
0.0798001
0.0784588
0.0772942
0.0767155
0.076486
0.0458738
0.0457
0.0450509
0.0440451
0.0432327
0.0430174
0.0438537
0.0462281
0.0506408
0.0572853
0.0642507
0.0690574
0.0715679
0.0723901
0.0721449
0.0712837
0.0701686
0.0692174
0.0687631
0.0685953
0.0478922
0.047756
0.047262
0.0464647
0.0457636
0.0454422
0.0458433
0.0473505
0.050297
0.0547667
0.0594504
0.0626614
0.0643042
0.0647722
0.0644698
0.0637298
0.0628209
0.0620633
0.0617136
0.0615898
0.0478655
0.0477559
0.0473588
0.0467014
0.046085
0.0457136
0.0458174
0.0466628
0.0485199
0.0514771
0.054627
0.056769
0.0577974
0.0579942
0.0576604
0.0570314
0.0562985
0.0557036
0.055436
0.0553434
0.0463927
0.0463048
0.045979
0.0454271
0.044882
0.0444946
0.044432
0.0448796
0.0460143
0.0479001
0.0499292
0.0512776
0.0518673
0.0518917
0.0515556
0.0510241
0.0504349
0.0499682
0.0497619
0.0496919
0.043877
0.0438071
0.0435404
0.0430756
0.0425945
0.042208
0.0420326
0.0421995
0.0428409
0.0439994
0.045266
0.0460825
0.0463853
0.046304
0.0459825
0.0455369
0.0450646
0.0446982
0.0445387
0.0444855
0.0406189
0.0405642
0.0403513
0.0399691
0.0395576
0.0391991
0.0389743
0.0389737
0.0392889
0.0399529
0.0406992
0.0411496
0.0412583
0.0411143
0.0408157
0.0404421
0.0400612
0.0397717
0.0396478
0.0396074
0.0368534
0.0368103
0.0366436
0.0363363
0.0359935
0.035675
0.035436
0.0353399
0.0354504
0.0357904
0.0361876
0.036397
0.0363863
0.0362129
0.0359436
0.035632
0.0353256
0.0350976
0.0350016
0.0349708
0.0327555
0.0327214
0.0325925
0.0323509
0.0320727
0.0318006
0.0315716
0.0314288
0.0314165
0.0315508
0.0317258
0.0317842
0.0317041
0.0315233
0.0312859
0.0310283
0.0307829
0.030604
0.0305294
0.0305059
0.028451
0.028424
0.0283251
0.0281379
0.0279165
0.0276908
0.0274849
0.0273279
0.0272495
0.0272609
0.0272996
0.0272696
0.027156
0.0269823
0.0267784
0.026568
0.0263736
0.0262343
0.0261766
0.0261586
0.0240223
0.0240012
0.0239254
0.0237814
0.0236074
0.0234245
0.0232477
0.0230962
0.0229903
0.0229369
0.0229004
0.0228252
0.022702
0.0225458
0.0223755
0.0222063
0.0220535
0.0219454
0.0219009
0.0218872
0.0195196
0.0195033
0.0194456
0.0193359
0.0192016
0.0190572
0.0189122
0.0187788
0.0186699
0.0185901
0.0185208
0.0184308
0.0183146
0.0181815
0.0180435
0.0179103
0.0177917
0.0177085
0.0176744
0.0176641
0.0149715
0.0149592
0.0149159
0.0148339
0.014733
0.0146234
0.0145109
0.0144032
0.014308
0.0142277
0.0141537
0.0140695
0.013972
0.0138662
0.0137593
0.0136576
0.0135678
0.0135049
0.0134794
0.0134718
0.0103929
0.0103841
0.010353
0.0102946
0.0102232
0.0101461
0.0100667
0.00998931
0.00991848
0.0098555
0.00979587
0.0097313
0.00965979
0.00958396
0.00950815
0.00943572
0.00937124
0.00932576
0.00930731
0.00930186
0.00578938
0.00578348
0.00576404
0.00572822
0.00568607
0.00564215
0.00559765
0.00555432
0.00551407
0.00547758
0.00544261
0.00540494
0.00536393
0.00532099
0.00527797
0.00523599
0.00519711
0.00516896
0.00515722
0.00515319
0.00117029
0.00117068
0.00117331
0.00116835
0.001158
0.00114709
0.00113601
0.00112484
0.00111364
0.00110209
0.00109061
0.0010796
0.00106871
0.00105782
0.00104702
0.00103631
0.00102577
0.00101742
0.00101671
0.00101876
-0.812641
-0.574809
-0.309013
-0.0918466
0.0844113
0.226767
0.347386
0.44921
0.496269
0.473699
-0.387732
-0.226754
-0.0594757
0.0845155
0.206889
0.30959
0.393354
0.453404
0.484763
0.495867
-0.0993516
0.00689553
0.118515
0.217785
0.30354
0.375571
0.432872
0.474746
0.504006
0.520973
0.100978
0.173781
0.251886
0.322597
0.384036
0.436037
0.478437
0.511746
0.537865
0.555518
0.25168
0.304145
0.359687
0.412137
0.458325
0.49835
0.532194
0.559882
0.582317
0.599766
0.371834
0.410485
0.45421
0.495428
0.532829
0.566006
0.594673
0.618424
0.637612
0.65478
0.473955
0.505851
0.543797
0.579349
0.612301
0.641957
0.667673
0.688835
0.705248
0.722279
0.568372
0.599589
0.636058
0.670232
0.701687
0.72984
0.753964
0.773382
0.787384
0.804446
0.667309
0.701751
0.739877
0.774765
0.805965
0.833139
0.855898
0.873779
0.886103
0.903561
0.784541
0.82304
0.862595
0.897662
0.927728
0.953099
0.97398
0.990275
1.00206
1.02019
0.930865
0.969849
1.00646
1.03765
1.06376
1.08625
1.10563
1.12141
1.13404
1.15209
1.10661
1.13862
1.16511
1.18785
1.2081
1.22705
1.24495
1.26157
1.27705
1.29516
1.29573
1.31311
1.32837
1.3448
1.36086
1.37551
1.38883
1.40285
1.42047
1.44066
1.47783
1.48741
1.49903
1.50989
1.51923
1.52893
1.53985
1.5513
1.56271
1.57809
1.68523
1.68893
1.67399
1.6592
1.65304
1.65879
1.6773
1.70766
1.73987
1.76655
1.99154
1.85668
1.78015
1.73794
1.72052
1.72449
1.75194
1.80834
1.91097
2.13535
0.276256
0.274151
0.269671
0.26109
0.248931
0.236872
0.226717
0.218894
0.213313
0.210021
0.209501
0.21197
0.216786
0.223742
0.232907
0.244271
0.256779
0.267705
0.273772
0.276784
0.200622
0.206486
0.212846
0.217426
0.219974
0.219745
0.217118
0.213392
0.209913
0.207593
0.207269
0.209196
0.212566
0.216571
0.220116
0.22178
0.220674
0.217044
0.211774
0.20512
0.192036
0.194335
0.197824
0.200943
0.203152
0.204777
0.205645
0.20543
0.20447
0.203548
0.203529
0.204644
0.206106
0.207074
0.206959
0.205808
0.204024
0.201481
0.19806
0.195071
0.186381
0.187459
0.189435
0.192058
0.194328
0.195965
0.197139
0.197987
0.198419
0.198584
0.198861
0.199313
0.199541
0.199246
0.198487
0.197286
0.195461
0.193027
0.190664
0.189198
0.181133
0.181759
0.18304
0.185073
0.187201
0.189151
0.190704
0.191873
0.192813
0.193545
0.194026
0.19416
0.193898
0.19328
0.192237
0.190688
0.188759
0.186745
0.185071
0.184216
0.176326
0.176713
0.177723
0.179533
0.181539
0.183541
0.185456
0.18707
0.188278
0.189154
0.189741
0.189924
0.189594
0.188696
0.18727
0.185548
0.183719
0.181896
0.180483
0.179905
0.172319
0.172504
0.173297
0.174924
0.176734
0.178422
0.179998
0.181544
0.182996
0.184204
0.184963
0.185068
0.184597
0.183724
0.182629
0.181318
0.179778
0.178135
0.17693
0.176574
0.169946
0.170024
0.17055
0.171764
0.173242
0.174749
0.176302
0.17777
0.179127
0.180345
0.181237
0.181549
0.181324
0.180688
0.179721
0.178599
0.177385
0.176172
0.175362
0.175163
0.168232
0.168284
0.168581
0.169249
0.170171
0.171228
0.172396
0.173719
0.175128
0.176488
0.177565
0.178067
0.178024
0.17766
0.177126
0.176435
0.175793
0.175209
0.174828
0.174713
0.165854
0.165889
0.166074
0.166467
0.167005
0.167819
0.168793
0.169985
0.171325
0.172751
0.174039
0.174847
0.175153
0.175104
0.174904
0.174681
0.174452
0.174221
0.174052
0.173984
0.162679
0.162699
0.162846
0.163208
0.163743
0.164387
0.165329
0.166532
0.167975
0.169596
0.171167
0.172299
0.172895
0.173145
0.173188
0.173186
0.173113
0.17299
0.172895
0.172862
0.158993
0.158993
0.159114
0.159477
0.16005
0.160738
0.161619
0.162865
0.164402
0.166237
0.168168
0.169721
0.170716
0.171299
0.171695
0.171853
0.171876
0.171805
0.171764
0.171758
0.155008
0.155004
0.155101
0.155445
0.15602
0.156813
0.157864
0.159201
0.160948
0.163109
0.165509
0.167555
0.168976
0.169942
0.170421
0.170792
0.170939
0.170971
0.170996
0.171007
0.150671
0.150658
0.150765
0.151103
0.15169
0.152528
0.153674
0.155223
0.157295
0.159915
0.162908
0.165553
0.167463
0.168774
0.169638
0.170166
0.170457
0.170611
0.170698
0.170717
0.145784
0.14577
0.145895
0.146238
0.146865
0.147791
0.149117
0.150968
0.153466
0.156697
0.160447
0.163832
0.166272
0.168029
0.169209
0.169976
0.170452
0.170734
0.170877
0.170904
0.140149
0.140132
0.140277
0.14069
0.141387
0.142464
0.144051
0.146304
0.149381
0.1534
0.158104
0.162367
0.165521
0.167769
0.169314
0.170342
0.171008
0.171414
0.171612
0.171647
0.133557
0.133536
0.133718
0.134215
0.13507
0.13638
0.138336
0.141128
0.144962
0.149993
0.155895
0.161267
0.165267
0.168102
0.170061
0.171383
0.172253
0.17279
0.173046
0.173091
0.125766
0.125739
0.125972
0.126591
0.127666
0.129334
0.131789
0.135295
0.140122
0.146446
0.153849
0.160573
0.165571
0.169124
0.171583
0.173247
0.174349
0.17503
0.175349
0.175408
0.116443
0.116406
0.116713
0.117524
0.118904
0.121031
0.124166
0.128642
0.134762
0.142729
0.152
0.160379
0.166583
0.171001
0.174059
0.176129
0.177502
0.178354
0.178755
0.178827
0.105118
0.105069
0.105484
0.10656
0.108367
0.111133
0.115209
0.120965
0.128758
0.138814
0.150401
0.160793
0.168458
0.173914
0.177693
0.180253
0.181954
0.183017
0.183514
0.183602
0.0911402
0.0910829
0.091663
0.0931153
0.0955214
0.0991854
0.104528
0.11199
0.121984
0.134694
0.149129
0.161949
0.171365
0.178068
0.182721
0.18588
0.187982
0.189301
0.189922
0.190027
0.0735738
0.0735164
0.0743562
0.0763529
0.0796294
0.0845713
0.0916929
0.101499
0.11438
0.130421
0.148307
0.164007
0.175493
0.183682
0.189392
0.193291
0.195896
0.197534
0.198314
0.19844
0.0509317
0.0508877
0.0521605
0.0550286
0.0596668
0.066555
0.0762797
0.0893177
0.105953
0.126118
0.148104
0.167149
0.181038
0.190977
0.197961
0.202778
0.206027
0.208081
0.209055
0.209214
0.0208133
0.0208395
0.0229103
0.027317
0.0342433
0.0442443
0.0578355
0.0753303
0.0968116
0.121984
0.148717
0.171544
0.188153
0.200121
0.208641
0.214612
0.218706
0.221324
0.22256
0.222755
-0.021052
-0.0207663
-0.0169027
-0.0093419
0.0017723
0.0169075
0.0362248
0.0597427
0.0872768
0.118314
0.150354
0.177308
0.196897
0.211152
0.221499
0.228937
0.234185
0.237624
0.239232
0.239463
-0.0827549
-0.0809683
-0.0718417
-0.0575351
-0.0385647
-0.0152349
0.0120994
0.0432661
0.077933
0.115505
0.153208
0.18447
0.207181
0.223897
0.236301
0.245536
0.25231
0.256899
0.259137
0.259433
-0.156504
-0.153594
-0.136675
-0.111385
-0.0818594
-0.0490156
-0.0129193
0.0264104
0.068741
0.113574
0.157942
0.194692
0.22172
0.242072
0.25767
0.269775
0.279256
0.285728
0.288096
0.288999
-0.232346
-0.223328
-0.198245
-0.162942
-0.12383
-0.0818611
-0.0371413
0.0102956
0.060267
0.112359
0.163445
0.20571
0.236988
0.260852
0.279522
0.294379
0.306223
0.314621
0.318924
0.32052
-0.290269
-0.279997
-0.249962
-0.208044
-0.161594
-0.112032
-0.0597506
-0.00492733
0.0521504
0.111017
0.168232
0.215286
0.249996
0.27642
0.297021
0.31333
0.326256
0.335873
0.341172
0.342911
-0.33703
-0.326258
-0.292843
-0.24626
-0.194347
-0.138884
-0.0803767
-0.0191765
0.0442282
0.109206
0.171897
0.222997
0.260299
0.288368
0.309992
0.326942
0.340263
0.350118
0.355571
0.357444
-0.37556
-0.364773
-0.329345
-0.279135
-0.222902
-0.162673
-0.099002
-0.0323872
0.0365484
0.106984
0.17453
0.229113
0.268536
0.297849
0.320154
0.337404
0.350793
0.360654
0.366105
0.36795
-0.40891
-0.398198
-0.361254
-0.308219
-0.248472
-0.184255
-0.116166
-0.0448043
0.0290669
0.104463
0.17654
0.234367
0.275683
0.306017
0.328783
0.346165
0.359513
0.369327
0.374789
0.376546
-0.438607
-0.427992
-0.389955
-0.334616
-0.271921
-0.204268
-0.132312
-0.0567371
0.0216234
0.101634
0.177961
0.238831
0.281945
0.313262
0.336502
0.35406
0.367424
0.377186
0.38269
0.384286
-0.465855
-0.45529
-0.416392
-0.359092
-0.293886
-0.223278
-0.147928
-0.0685606
0.0139038
0.098201
0.178637
0.242632
0.287664
0.320081
0.343889
0.361686
0.375117
0.384853
0.390349
0.391836
-0.491403
-0.480868
-0.441177
-0.382191
-0.314825
-0.241623
-0.16328
-0.0805241
0.00570303
0.0941262
0.178686
0.245937
0.293057
0.32673
0.351237
0.369377
0.382936
0.392662
0.398179
0.399555
-0.515684
-0.505138
-0.464777
-0.404342
-0.335038
-0.259546
-0.178548
-0.0927259
-0.00299067
0.0893714
0.178033
0.248707
0.298163
0.333327
0.35872
0.377341
0.391121
0.400899
0.406387
0.407705
-0.539081
-0.528473
-0.487445
-0.42578
-0.354757
-0.277232
-0.193851
-0.10525
-0.0123012
0.0837771
0.176549
0.250874
0.302982
0.339928
0.366436
0.385704
0.399818
0.409702
0.415121
0.416427
-0.561784
-0.551034
-0.509337
-0.446629
-0.374062
-0.294759
-0.209271
-0.118195
-0.0223154
0.0772942
0.174139
0.25232
0.307434
0.346521
0.374417
0.394523
0.409101
0.419166
0.424508
0.425795
-0.583793
-0.572883
-0.530678
-0.466944
-0.393029
-0.312174
-0.224842
-0.131564
-0.0330253
0.0698662
0.170692
0.252902
0.311351
0.352977
0.3826
0.403785
0.418973
0.429294
0.434591
0.435801
-0.605233
-0.594111
-0.551449
-0.486734
-0.411676
-0.329464
-0.240518
-0.145314
-0.0444201
0.0614693
0.16611
0.252444
0.314524
0.359089
0.390855
0.413428
0.42942
0.440087
0.44534
0.446417
-0.626038
-0.61472
-0.571588
-0.50602
-0.429964
-0.346577
-0.256246
-0.159395
-0.0564522
0.0521155
0.160328
0.250768
0.316743
0.364675
0.399068
0.423389
0.440376
0.451422
0.456623
0.457509
-0.646258
-0.634714
-0.591083
-0.524784
-0.447856
-0.363472
-0.271975
-0.173728
-0.0690458
0.0418456
0.153301
0.247708
0.317736
0.369479
0.407054
0.433612
0.451814
0.463204
0.468207
0.46887
-0.665725
-0.654032
-0.609918
-0.542975
-0.465297
-0.380067
-0.28762
-0.188223
-0.0821068
0.0307421
0.145025
0.243143
0.317204
0.37308
0.414479
0.444012
0.46382
0.475408
0.47991
0.480245
-0.68455
-0.672637
-0.628069
-0.560563
-0.482245
-0.396315
-0.303084
-0.202787
-0.0955267
0.0189139
0.135554
0.236977
0.314891
0.37499
0.420834
0.454408
0.47672
0.488339
0.491513
0.491208
-0.702605
-0.690466
-0.645511
-0.577499
-0.498626
-0.412136
-0.318289
-0.217298
-0.109182
0.00645715
0.124979
0.229186
0.310616
0.37473
0.425348
0.464241
0.490934
0.503403
0.503677
0.501261
-0.71993
-0.707608
-0.662201
-0.593741
-0.514406
-0.427469
-0.333154
-0.231672
-0.12295
-0.00646312
0.113435
0.21979
0.304264
0.371883
0.426922
0.472075
0.505914
0.523099
0.521396
0.509929
-0.736465
-0.723995
-0.678252
-0.609422
-0.529777
-0.442583
-0.348001
-0.246305
-0.137291
-0.0203822
0.100317
0.208115
0.295098
0.365699
0.423905
0.475171
0.51832
0.544649
0.546269
0.537354
-0.752193
-0.739505
-0.693673
-0.624512
-0.544737
-0.45748
-0.362808
-0.261198
-0.152219
-0.0353627
0.0855142
0.193943
0.282571
0.355606
0.414266
0.467483
0.514186
0.543571
0.527084
0.461785
-0.766927
-0.753502
-0.708392
-0.639017
-0.559433
-0.472286
-0.377614
-0.276231
-0.167651
-0.0512944
0.0690615
0.177258
0.266133
0.341359
0.397938
0.440816
0.481873
0.489468
0.437857
0.365497
-0.780766
-0.767516
-0.722251
-0.652483
-0.573549
-0.486538
-0.392604
-0.291337
-0.183428
-0.0679858
0.0510563
0.158002
0.24522
0.323669
0.377061
0.423237
0.408327
0.379062
0.306365
0.228175
-0.764395
-0.747239
-0.70119
-0.629279
-0.546185
-0.456093
-0.357642
-0.254026
-0.143701
-0.0256859
0.08667
0.18024
0.257916
0.336244
0.407871
0.320451
0.272174
0.207015
0.124328
0.0687442
-0.78771
-0.769868
-0.73728
-0.673621
-0.595238
-0.508996
-0.415341
-0.315189
-0.208746
-0.0955484
0.0201164
0.123013
0.20519
0.277075
0.342627
0.344236
0.224162
0.130661
0.0610256
-0.0367371
-0.804654
-0.789038
-0.749759
-0.684981
-0.606536
-0.521076
-0.428765
-0.329809
-0.224788
-0.113675
-0.000767309
0.0985099
0.176798
0.236017
0.256815
0.18343
0.0160229
-0.0961328
-0.183489
-0.28845
-0.82198
-0.81006
-0.765869
-0.700031
-0.621624
-0.536291
-0.444334
-0.346089
-0.242438
-0.133504
-0.0243319
0.0694279
0.140244
0.185471
0.156839
0.00361373
-0.187686
-0.333149
-0.454166
-0.616592
-0.841887
-0.829442
-0.783658
-0.716832
-0.638407
-0.553233
-0.461689
-0.364395
-0.262301
-0.155884
-0.0509404
0.0367089
0.0988573
0.125561
0.049676
-0.175412
-0.410583
-0.606541
-0.790405
-1.03493
-0.860426
-0.848324
-0.801724
-0.733938
-0.655343
-0.570404
-0.479503
-0.383382
-0.283071
-0.179506
-0.0791925
0.00188939
0.0550288
0.0566617
-0.0804264
-0.350013
-0.632196
-0.90916
-1.1436
-1.66192
-0.878283
-0.866831
-0.820046
-0.751713
-0.673016
-0.588299
-0.498052
-0.403112
-0.304673
-0.20416
-0.108783
-0.0347745
0.00907558
-0.0287089
-0.223684
-0.50661
-0.811711
-1.11393
-1.37883
-1.84986
-0.896416
-0.885363
-0.838987
-0.770292
-0.691637
-0.607145
-0.517533
-0.423754
-0.327225
-0.2299
-0.139689
-0.0730742
-0.0404434
-0.116645
-0.355346
-0.635408
-0.925171
-1.18198
-1.29896
-1.33852
-0.915252
-0.904542
-0.858611
-0.789848
-0.711428
-0.627308
-0.538482
-0.446065
-0.35174
-0.25805
-0.17362
-0.115284
-0.0964395
-0.203678
-0.477821
-0.742799
-0.992864
-1.17631
-1.23114
-1.24853
-0.934859
-0.924518
-0.87877
-0.810333
-0.732214
-0.648636
-0.560774
-0.469941
-0.378134
-0.288556
-0.210527
-0.161126
-0.156595
-0.306894
-0.589809
-0.836064
-1.06296
-1.1911
-1.21077
-1.21136
-0.955328
-0.945169
-0.899731
-0.831582
-0.753881
-0.670995
-0.584258
-0.495244
-0.406223
-0.321156
-0.250175
-0.209977
-0.226734
-0.421598
-0.700412
-0.919906
-1.11212
-1.19431
-1.18908
-1.18561
-0.976325
-0.966475
-0.921287
-0.853482
-0.776247
-0.694169
-0.608735
-0.521728
-0.435748
-0.355486
-0.292228
-0.261129
-0.310469
-0.531754
-0.81337
-0.997319
-1.09197
-1.13649
-1.15584
-1.16252
-0.997442
-0.987911
-0.943207
-0.875667
-0.799027
-0.717864
-0.633889
-0.549041
-0.466358
-0.39104
-0.336055
-0.314598
-0.395897
-0.645601
-0.926225
-1.10667
-1.05043
-1.1251
-1.16335
-1.1763
-1.01832
-1.00902
-0.964799
-0.89789
-0.821792
-0.741639
-0.659232
-0.576698
-0.497451
-0.427135
-0.380442
-0.370438
-0.479882
-0.776406
-1.05587
-1.38226
-1.3928
-1.30105
-1.25899
-1.2484
-1.03813
-1.02916
-0.985561
-0.919295
-0.843978
-0.764949
-0.684153
-0.60405
-0.528201
-0.462768
-0.423764
-0.426833
-0.563134
-0.913052
-1.17759
-1.53075
-1.6768
-1.44406
-1.37076
-1.34693
-1.05613
-1.04758
-1.00479
-0.93915
-0.864692
-0.786865
-0.707874
-0.630165
-0.55736
-0.496521
-0.463739
-0.479572
-0.647446
-1.00537
-1.10837
-0.844457
-0.8834
-1.34547
-1.66143
-1.6504
-1.07114
-1.0631
-1.02144
-0.956535
-0.882933
-0.806404
-0.729278
-0.65406
-0.583967
-0.526324
-0.497123
-0.526728
-0.727447
-1.17508
-1.45133
-1.40269
-1.63258
-1.81238
-1.91156
-1.83563
-1.08205
-1.07464
-1.03443
-0.970164
-0.897507
-0.822339
-0.747231
-0.674358
-0.606795
-0.550185
-0.52306
-0.568383
-0.812124
-1.497
-2.47664
-3.37338
-3.85372
-3.71905
-3.18694
-2.77605
-1.08707
-1.08036
-1.04192
-0.978678
-0.906986
-0.833361
-0.760391
-0.689939
-0.624124
-0.567015
-0.534236
-0.563838
-0.830811
-1.61391
-2.7307
-3.83163
-4.34575
-4.26297
-3.82694
-3.4462
-1.0847
-1.07873
-1.04245
-0.980348
-0.909657
-0.8379
-0.767462
-0.700216
-0.637385
-0.576856
-0.528376
-0.522263
-0.645783
-1.14933
-1.75546
-2.29798
-2.33638
-2.04179
-1.62967
-1.35149
-1.07219
-1.0672
-1.03338
-0.972937
-0.903702
-0.834408
-0.767578
-0.70474
-0.644565
-0.58134
-0.509276
-0.434143
-0.309755
-0.25193
-0.0136806
0.351947
0.74841
1.18128
1.4556
1.56408
-1.04753
-1.04319
-1.01232
-0.95423
-0.887533
-0.821749
-0.759982
-0.703676
-0.650807
-0.589581
-0.489621
-0.334059
-0.154709
0.234884
0.847682
1.51226
2.11052
2.49382
2.6783
2.72623
-1.00901
-1.00548
-0.977334
-0.922619
-0.859993
-0.799397
-0.745069
-0.699742
-0.662417
-0.619061
-0.527997
-0.327576
-0.0482103
0.296958
0.907445
1.52598
2.02478
2.33905
2.4943
2.54269
-0.95327
-0.950899
-0.926009
-0.877176
-0.820936
-0.7679
-0.724036
-0.696066
-0.692291
-0.706834
-0.702863
-0.505664
-0.138328
0.189539
0.674312
1.16938
1.55659
1.80879
1.94389
1.99594
-0.883054
-0.881016
-0.859927
-0.818604
-0.771403
-0.728164
-0.697311
-0.693052
-0.747774
-0.924101
-1.19203
-1.09079
-0.53728
-0.105203
0.325342
0.742757
1.07494
1.29748
1.41681
1.4631
-0.798286
-0.796158
-0.779626
-0.74844
-0.711561
-0.678937
-0.660927
-0.680477
-0.80181
-1.2013
-1.99602
-2.00501
-1.189
-0.60236
-0.0969439
0.32894
0.629004
0.809883
0.907549
0.960568
-0.699431
-0.69765
-0.687382
-0.664775
-0.637438
-0.613503
-0.602935
-0.629884
-0.763932
-1.17937
-1.97363
-2.03712
-1.35608
-0.767867
-0.268828
0.0844093
0.299659
0.412494
0.470486
0.499558
-0.583102
-0.582722
-0.57689
-0.56211
-0.543868
-0.526037
-0.517778
-0.536234
-0.630293
-0.916001
-1.41619
-1.42469
-0.982654
-0.518618
-0.162708
0.0552653
0.169268
0.227219
0.25679
0.267393
-0.466678
-0.466724
-0.46309
-0.452644
-0.438981
-0.425043
-0.414827
-0.418145
-0.459905
-0.593277
-0.809323
-0.762058
-0.487981
-0.209381
-0.0320555
0.0639753
0.110323
0.133455
0.144673
0.148868
-0.354294
-0.354776
-0.352172
-0.344478
-0.333766
-0.321548
-0.308969
-0.299565
-0.301774
-0.329194
-0.35846
-0.277093
-0.146121
-0.00737171
0.0623684
0.0922331
0.10495
0.11044
0.112397
0.112667
-0.249731
-0.250369
-0.248966
-0.244106
-0.236429
-0.226343
-0.213377
-0.197733
-0.180048
-0.159374
-0.118407
-0.0327433
0.0289534
0.0807603
0.106586
0.113257
0.113561
0.111865
0.109987
0.108812
-0.159008
-0.159697
-0.159451
-0.157558
-0.153225
-0.14597
-0.134763
-0.118495
-0.0952371
-0.0613513
-0.0100335
0.054011
0.091335
0.111937
0.121299
0.121617
0.118775
0.115409
0.112846
0.111485
-0.0868016
-0.0874145
-0.088023
-0.0884894
-0.0871114
-0.0829243
-0.0746064
-0.0607058
-0.0390493
-0.00668577
0.0375123
0.0818033
0.107097
0.118169
0.121985
0.120933
0.117934
0.114722
0.112424
0.111258
-0.0343277
-0.034824
-0.0357854
-0.0374173
-0.0378317
-0.0360065
-0.0306628
-0.0202604
-0.00292586
0.023228
0.0571397
0.0877271
0.105571
0.113304
0.115554
0.114565
0.112058
0.109397
0.107545
0.106636
0.00107806
0.000710807
-0.000251461
-0.00218292
-0.00340013
-0.00292756
0.000284932
0.00750652
0.0202788
0.0398662
0.0647152
0.0860671
0.0987845
0.104575
0.106145
0.105276
0.103271
0.101127
0.0996385
0.0989498
0.0234566
0.0231976
0.0223976
0.0206399
0.0191927
0.018935
0.0207979
0.0257232
0.034759
0.0487863
0.066503
0.0815382
0.0905501
0.0946894
0.0957501
0.0950409
0.0934209
0.0916588
0.0904486
0.0899304
0.0366908
0.0365083
0.0359048
0.034499
0.0331796
0.0326067
0.0335011
0.0366858
0.0429719
0.0528698
0.0652993
0.075745
0.082014
0.0849759
0.0857013
0.0850553
0.0837114
0.0822595
0.0812721
0.0808837
0.0438837
0.0437472
0.043313
0.042267
0.0411876
0.0406001
0.0409978
0.0429294
0.0470454
0.0538175
0.0624639
0.0698047
0.0742008
0.0761957
0.076551
0.0759335
0.0748102
0.0736123
0.0728121
0.0725205
0.0472487
0.0471409
0.04682
0.0460384
0.0451698
0.04461
0.0447293
0.0459426
0.0486716
0.0532328
0.059126
0.0641192
0.0670348
0.0682936
0.0684158
0.0678354
0.0668914
0.0659127
0.0652751
0.0650563
0.0481379
0.0480526
0.047799
0.0471784
0.0464501
0.045911
0.0458103
0.0464492
0.0481673
0.0511913
0.0551421
0.0585053
0.0604486
0.0612227
0.0611819
0.0606504
0.0598737
0.0590928
0.0585974
0.0584334
0.047317
0.0472506
0.0470449
0.0465364
0.0459172
0.045415
0.0452068
0.0454973
0.0465156
0.048441
0.051043
0.0532577
0.0544796
0.0548878
0.0547402
0.0542607
0.0536217
0.0530008
0.0526161
0.0524915
0.0452719
0.0452212
0.0450537
0.0446302
0.0440963
0.0436279
0.0433503
0.0434115
0.0439769
0.0451618
0.0468048
0.0481968
0.0489254
0.0491023
0.0489007
0.0484778
0.0479563
0.0474649
0.0471659
0.0470705
0.042345
0.0423064
0.0421727
0.0418252
0.0413726
0.0409505
0.0406472
0.0405647
0.0408187
0.0414977
0.042498
0.0433379
0.043733
0.0437557
0.0435278
0.0431581
0.0427316
0.0423406
0.0421069
0.0420335
0.0388026
0.0387729
0.0386682
0.0383897
0.0380158
0.0376497
0.0373534
0.0371979
0.0372637
0.0376096
0.0381705
0.0386316
0.0388039
0.038733
0.0385003
0.0381802
0.0378309
0.037519
0.0373362
0.0372799
0.034849
0.0348259
0.0347445
0.0345257
0.0342238
0.0339156
0.0336435
0.0334559
0.0334085
0.0335431
0.0338199
0.0340364
0.0340694
0.0339474
0.0337249
0.0334515
0.0331668
0.0329189
0.0327762
0.0327327
0.0306325
0.0306144
0.0305512
0.0303817
0.0301431
0.0298909
0.0296532
0.0294627
0.0293571
0.0293652
0.0294632
0.0295259
0.0294775
0.0293337
0.0291299
0.0288999
0.0286698
0.0284743
0.0283633
0.0283295
0.0262554
0.0262411
0.0261921
0.0260621
0.0258764
0.0256741
0.0254737
0.0252965
0.0251679
0.0251074
0.0251019
0.0250768
0.0249869
0.0248405
0.0246614
0.0244713
0.0242877
0.0241346
0.0240484
0.0240222
0.0217831
0.0217719
0.0217341
0.0216351
0.0214922
0.0213328
0.0211689
0.0210145
0.0208862
0.0207965
0.0207384
0.0206701
0.0205661
0.0204307
0.0202792
0.0201257
0.0199814
0.019863
0.0197967
0.0197764
0.0172538
0.0172453
0.0172166
0.0171421
0.0170337
0.0169111
0.016782
0.0166554
0.0165419
0.016449
0.0163732
0.0162928
0.0161941
0.016079
0.0159568
0.0158362
0.0157248
0.0156345
0.0155843
0.015569
0.0126877
0.0126813
0.0126604
0.0126058
0.0125262
0.0124362
0.012341
0.0122455
0.0121562
0.0120777
0.0120087
0.0119374
0.011857
0.0117679
0.0116758
0.011586
0.0115031
0.011436
0.011399
0.0113879
0.00809518
0.00809056
0.00807641
0.00803898
0.00798542
0.00792644
0.00786484
0.0078033
0.00774474
0.00769152
0.00764306
0.00759353
0.00753943
0.00748101
0.00742122
0.00736259
0.00730726
0.00726124
0.00723585
0.00722832
0.00116967
0.00117248
0.0011721
0.00116346
0.00115258
0.00114155
0.00113036
0.0011191
0.00110798
0.00109684
0.00108552
0.00107419
0.0010632
0.0010524
0.00104168
0.00103101
0.00102095
0.00101607
0.00101842
0.00308944
-2.10804
-1.18162
-0.648018
-0.32663
-0.0870901
0.0994793
0.248933
0.375808
0.50206
0.601027
-0.781682
-0.511953
-0.275718
-0.0822514
0.0789731
0.212732
0.323806
0.415114
0.473267
0.483634
-0.325807
-0.174114
-0.0303645
0.0980329
0.208737
0.302897
0.380491
0.439737
0.478522
0.500384
-0.0519287
0.0468237
0.143316
0.232272
0.310244
0.376902
0.43166
0.47442
0.506472
0.528074
0.137755
0.205841
0.275146
0.339232
0.395918
0.444998
0.486318
0.520192
0.547248
0.565901
0.282351
0.329818
0.383776
0.43152
0.475225
0.513866
0.547358
0.575616
0.598726
0.614121
0.398837
0.436989
0.479677
0.518321
0.554623
0.587615
0.616663
0.641363
0.661484
0.674027
0.500356
0.533905
0.571132
0.606541
0.639732
0.670185
0.697017
0.719625
0.737523
0.747633
0.596608
0.630678
0.667878
0.70358
0.736389
0.765975
0.791614
0.812786
0.828874
0.837501
0.701718
0.740115
0.779496
0.816771
0.84974
0.878421
0.902538
0.92209
0.936654
0.945438
0.830567
0.873418
0.913212
0.949718
0.98068
1.00686
1.02882
1.04681
1.06061
1.07097
0.993119
1.03497
1.0691
1.09895
1.12381
1.14564
1.16549
1.18312
1.19804
1.21086
1.18417
1.21517
1.2367
1.25606
1.27433
1.29173
1.30808
1.32402
1.34064
1.35764
1.38247
1.39397
1.40515
1.41937
1.43375
1.44667
1.45814
1.4691
1.48208
1.49901
1.56857
1.57852
1.5872
1.58964
1.59048
1.59483
1.60576
1.62181
1.63948
1.64412
1.86973
1.81437
1.76355
1.72329
1.70101
1.69705
1.71052
1.74434
1.80083
1.8764
0.418483
0.359793
0.31736
0.28354
0.25893
0.241436
0.228996
0.220128
0.21404
0.210516
0.209958
0.212553
0.217713
0.225393
0.236092
0.250972
0.27186
0.300865
0.339549
0.38733
0.219967
0.228777
0.234381
0.235236
0.231811
0.225839
0.219475
0.214059
0.210222
0.208466
0.209398
0.212694
0.217678
0.223902
0.230464
0.235571
0.237092
0.233792
0.226284
0.218609
0.196874
0.198918
0.203577
0.207198
0.20983
0.21137
0.21119
0.209553
0.207408
0.205773
0.20559
0.20713
0.209527
0.211828
0.213023
0.212448
0.210379
0.20739
0.203216
0.198781
0.189837
0.190717
0.193305
0.196181
0.198359
0.199874
0.200988
0.201528
0.201415
0.201094
0.201231
0.201982
0.202723
0.202857
0.20223
0.201088
0.1994
0.196907
0.194066
0.192023
0.184014
0.18448
0.186041
0.188357
0.190591
0.192412
0.193735
0.194737
0.195502
0.196043
0.196441
0.196661
0.196546
0.19605
0.195184
0.193814
0.191894
0.189656
0.187689
0.186591
0.178915
0.179194
0.180309
0.182182
0.184241
0.186272
0.188065
0.189449
0.190485
0.191265
0.191793
0.191968
0.191696
0.190965
0.189701
0.187992
0.186088
0.184206
0.182703
0.182005
0.17426
0.174415
0.175326
0.17707
0.178994
0.180835
0.182622
0.184308
0.185728
0.186807
0.187481
0.187593
0.187126
0.18613
0.184791
0.183268
0.181577
0.179818
0.178488
0.178024
0.170999
0.17107
0.171731
0.173183
0.174856
0.176469
0.177991
0.179425
0.180783
0.181988
0.182811
0.183019
0.182695
0.182005
0.181033
0.17981
0.178408
0.176942
0.175916
0.17565
0.169133
0.169173
0.169573
0.170505
0.17171
0.173008
0.174441
0.175903
0.177325
0.178622
0.179602
0.179995
0.179823
0.179251
0.178405
0.177505
0.176556
0.175655
0.175072
0.174921
0.167167
0.167197
0.167418
0.167893
0.168563
0.169529
0.170494
0.171689
0.173032
0.174415
0.17559
0.17624
0.176387
0.176242
0.175965
0.175426
0.175069
0.174733
0.174496
0.17441
0.164361
0.164382
0.164549
0.164924
0.165457
0.166073
0.167106
0.168328
0.169724
0.171241
0.172662
0.173624
0.174061
0.174138
0.174002
0.173962
0.173797
0.173632
0.173503
0.173451
0.160881
0.160891
0.161023
0.161384
0.161937
0.16259
0.163475
0.164674
0.166153
0.167875
0.169614
0.170947
0.17174
0.172175
0.172397
0.172476
0.172466
0.172365
0.172298
0.17228
0.157031
0.157032
0.157136
0.157483
0.158027
0.158774
0.15982
0.161066
0.16269
0.164672
0.166823
0.168613
0.169812
0.170527
0.171036
0.171288
0.171359
0.171332
0.171322
0.171326
0.152885
0.152893
0.152991
0.153324
0.153909
0.154724
0.155802
0.157245
0.159138
0.161513
0.164192
0.166521
0.168183
0.169311
0.170016
0.170436
0.170638
0.170729
0.170785
0.170801
0.148292
0.148296
0.148412
0.148744
0.149341
0.15022
0.151451
0.153143
0.155405
0.15831
0.161658
0.164654
0.166849
0.168353
0.169361
0.170005
0.170386
0.170602
0.170717
0.170742
0.143047
0.143053
0.143187
0.14355
0.144209
0.145217
0.146668
0.148702
0.151466
0.155064
0.159262
0.163063
0.165821
0.167831
0.169189
0.170079
0.170642
0.17098
0.17115
0.171183
0.136949
0.136955
0.137114
0.137561
0.138342
0.139547
0.141307
0.143806
0.147233
0.151723
0.156986
0.161759
0.165342
0.167864
0.169605
0.170767
0.171517
0.171974
0.172197
0.172241
0.129778
0.129785
0.129984
0.130535
0.13152
0.133008
0.135195
0.138325
0.142621
0.148254
0.154861
0.16087
0.165343
0.168525
0.170724
0.172202
0.173162
0.173748
0.174032
0.174084
0.121252
0.121262
0.12152
0.12222
0.123457
0.125358
0.128148
0.132105
0.137525
0.144617
0.152903
0.160412
0.165983
0.169952
0.172702
0.174555
0.175762
0.176498
0.176852
0.176917
0.111003
0.111019
0.111356
0.112259
0.113854
0.116313
0.119887
0.124939
0.131835
0.140788
0.151159
0.160498
0.1674
0.172317
0.175727
0.178032
0.179535
0.180446
0.180884
0.180963
0.0984763
0.0984991
0.0989431
0.100133
0.102238
0.10545
0.110096
0.116636
0.12546
0.136767
0.149708
0.161261
0.169765
0.17582
0.180024
0.182875
0.184744
0.185875
0.186414
0.186508
0.0828747
0.0829056
0.0835046
0.0851211
0.0879744
0.0922667
0.0984256
0.10697
0.118301
0.132576
0.148653
0.162854
0.173263
0.180679
0.185841
0.189357
0.191676
0.193078
0.193731
0.193848
0.0630312
0.0630754
0.0639181
0.0661961
0.070183
0.076063
0.0843709
0.0956541
0.110282
0.128276
0.148126
0.165438
0.178084
0.187115
0.193439
0.197777
0.200663
0.202423
0.203232
0.203367
0.0371556
0.0372282
0.0384891
0.0418645
0.0476641
0.0559909
0.0674483
0.0825341
0.101453
0.124014
0.148296
0.169181
0.184394
0.195318
0.203049
0.208424
0.21205
0.214281
0.215308
0.215467
0.00204378
0.002177
0.00431516
0.00987664
0.0189112
0.0312403
0.0474152
0.0677059
0.0920593
0.120062
0.149389
0.174245
0.192317
0.205405
0.214819
0.221511
0.22614
0.229035
0.230352
0.230539
-0.0484027
-0.0479126
-0.0430984
-0.0325595
-0.0174742
0.00141917
0.0244449
0.0515812
0.0825524
0.116786
0.151628
0.180723
0.201863
0.217339
0.228709
0.237049
0.243046
0.246982
0.248817
0.249061
-0.122543
-0.119449
-0.105965
-0.0850622
-0.0601724
-0.032039
-0.000321046
0.0349205
0.0733713
0.114466
0.155322
0.189113
0.213783
0.232147
0.246036
0.256696
0.264901
0.270723
0.273782
0.274472
-0.201224
-0.193415
-0.16945
-0.13794
-0.103088
-0.065576
-0.0251166
0.0182986
0.0644774
0.112975
0.160759
0.20035
0.2296
0.251822
0.269127
0.28291
0.293965
0.302792
0.30871
0.309826
-0.264819
-0.2572
-0.226247
-0.186488
-0.143255
-0.0972672
-0.0486081
0.00263092
0.0562372
0.111785
0.166011
0.21076
0.243857
0.269132
0.288941
0.304799
0.317548
0.327708
0.333834
0.33509
-0.31589
-0.307654
-0.273056
-0.22793
-0.178474
-0.125801
-0.0702677
-0.0121403
0.0482002
0.110207
0.17024
0.21941
0.255508
0.282841
0.304041
0.320826
0.334285
0.344618
0.350863
0.352325
-0.357469
-0.34906
-0.312391
-0.263261
-0.209
-0.151053
-0.0898531
-0.0258494
0.0403934
0.108171
0.173354
0.226233
0.264623
0.29334
0.315346
0.332551
0.34616
0.356483
0.362762
0.364347
-0.392756
-0.384269
-0.346274
-0.294067
-0.235926
-0.173641
-0.107696
-0.038638
0.0328253
0.105775
0.175616
0.231856
0.272252
0.302098
0.324653
0.342019
0.35556
0.365746
0.371989
0.373676
-0.423758
-0.415265
-0.376353
-0.321699
-0.260366
-0.194377
-0.124295
-0.0507714
0.0253906
0.103129
0.177362
0.236725
0.278932
0.309745
0.33274
0.350232
0.3637
0.373787
0.379931
0.381663
-0.451905
-0.443384
-0.403742
-0.347043
-0.283002
-0.213831
-0.140132
-0.0626127
0.0178484
0.100035
0.178403
0.240822
0.284875
0.316725
0.340239
0.357929
0.371419
0.38138
0.387383
0.389195
-0.478017
-0.469477
-0.42924
-0.370758
-0.304422
-0.232486
-0.155597
-0.0744908
0.00988735
0.0962676
0.178769
0.244371
0.290423
0.323439
0.347575
0.365546
0.37911
0.389035
0.39487
0.396714
-0.502728
-0.494135
-0.453346
-0.393304
-0.32497
-0.250594
-0.17089
-0.0865699
0.00144424
0.0918616
0.178485
0.247412
0.295669
0.330055
0.354975
0.373347
0.387065
0.396992
0.402681
0.404524
-0.526387
-0.517716
-0.476428
-0.415107
-0.344925
-0.268389
-0.18617
-0.0989174
-0.00754085
0.0867014
0.177415
0.249886
0.300637
0.336668
0.362582
0.381504
0.39548
0.40546
0.411028
0.412785
-0.549288
-0.540501
-0.498639
-0.436247
-0.364432
-0.285991
-0.201524
-0.111651
-0.0172044
0.0806673
0.17548
0.251713
0.305276
0.343261
0.37043
0.390088
0.404439
0.414536
0.420033
0.421634
-0.571473
-0.562586
-0.520174
-0.456831
-0.383564
-0.303461
-0.217025
-0.124815
-0.0275721
0.073712
0.172564
0.252744
0.309466
0.349756
0.378489
0.399116
0.414002
0.424286
0.429747
0.431156
-0.593048
-0.584002
-0.541263
-0.476884
-0.402374
-0.320824
-0.232658
-0.138381
-0.0386241
0.0657991
0.16856
0.252824
0.313047
0.35606
0.386716
0.408571
0.424163
0.434718
0.440144
0.441371
-0.614043
-0.604828
-0.561683
-0.496426
-0.420849
-0.338031
-0.248365
-0.152303
-0.0503522
0.0569149
0.163383
0.251777
0.315794
0.361992
0.394994
0.418392
0.434867
0.445763
0.451111
0.45218
-0.634439
-0.625098
-0.581485
-0.515459
-0.438949
-0.355041
-0.264108
-0.166526
-0.0626795
0.0470999
0.156977
0.249428
0.317426
0.367241
0.403127
0.428496
0.446061
0.457318
0.462504
0.463347
-0.654182
-0.644699
-0.600636
-0.533945
-0.456625
-0.371804
-0.279804
-0.180956
-0.0755175
0.0364015
0.149324
0.24563
0.317682
0.371465
0.410868
0.438811
0.457757
0.469297
0.474161
0.47472
-0.673221
-0.663629
-0.619117
-0.551843
-0.473825
-0.388237
-0.29537
-0.195497
-0.0887733
0.0249199
0.140441
0.240267
0.316294
0.374274
0.417835
0.44925
0.470154
0.481776
0.485802
0.48591
-0.691574
-0.681849
-0.63691
-0.569111
-0.4905
-0.404271
-0.310718
-0.210046
-0.102329
0.012757
0.130405
0.233292
0.313021
0.37517
0.423384
0.459476
0.483683
0.495499
0.497445
0.496446
-0.70916
-0.699288
-0.653978
-0.585709
-0.506591
-0.419858
-0.32577
-0.224509
-0.116061
4.68735e-05
0.119319
0.224691
0.30771
0.373658
0.426569
0.468562
0.498497
0.512662
0.511408
0.506909
-0.726007
-0.716026
-0.670326
-0.601639
-0.522121
-0.43502
-0.34055
-0.238918
-0.13
-0.0132409
0.10713
0.214299
0.300111
0.369287
0.426124
0.474534
0.51309
0.535157
0.536502
0.51959
-0.742165
-0.731994
-0.686076
-0.617052
-0.537306
-0.450053
-0.355413
-0.253717
-0.144684
-0.0277466
0.0931252
0.201343
0.289293
0.361173
0.419969
0.473033
0.520068
0.545321
0.551655
0.501718
-0.757891
-0.746817
-0.701171
-0.631849
-0.552076
-0.464872
-0.370191
-0.268683
-0.159863
-0.0432017
0.0775001
0.185924
0.274888
0.349023
0.406839
0.456748
0.501797
0.526948
0.487865
0.416751
-0.774003
-0.759888
-0.715495
-0.646042
-0.566726
-0.479637
-0.385112
-0.283801
-0.175524
-0.0595789
0.0602174
0.167934
0.256232
0.332829
0.388093
0.417256
0.4509
0.441339
0.376827
0.301756
-0.789447
-0.793964
-0.731387
-0.657314
-0.578605
-0.491781
-0.399618
-0.298466
-0.190982
-0.0761467
0.041928
0.147774
0.233546
0.314796
0.355171
0.332068
0.358
0.307431
0.229497
0.147253
-0.764121
-0.763867
-0.70777
-0.635469
-0.552467
-0.462647
-0.366396
-0.263196
-0.153528
-0.0364956
0.0744464
0.166512
0.241339
0.315178
0.358106
0.25314
0.167011
0.0978673
0.0154517
-0.160193
-0.801661
-0.77781
-0.71896
-0.645907
-0.563407
-0.474177
-0.378741
-0.276561
-0.168391
-0.0537307
0.0535128
0.141072
0.209575
0.256238
0.230849
0.0920373
-0.045978
-0.139555
-0.237517
-0.43837
-0.822924
-0.793668
-0.735386
-0.662065
-0.580086
-0.491325
-0.396101
-0.2951
-0.188767
-0.0770822
0.0258647
0.10749
0.167293
0.1869
0.103715
-0.0960465
-0.266941
-0.39199
-0.531271
-0.820156
-0.843237
-0.81156
-0.752531
-0.678726
-0.596883
-0.508449
-0.413915
-0.314227
-0.209927
-0.1016
-0.00373239
0.0710591
0.119071
0.106054
-0.053065
-0.294708
-0.51452
-0.694121
-0.90773
-1.37773
-0.861975
-0.829869
-0.769977
-0.695644
-0.613853
-0.525813
-0.432203
-0.333923
-0.231845
-0.127226
-0.035062
0.0325202
0.065573
0.00928281
-0.213496
-0.489408
-0.771851
-1.0268
-1.33539
-2.22863
-0.879973
-0.848217
-0.787995
-0.713312
-0.631581
-0.543975
-0.451268
-0.354458
-0.254772
-0.154107
-0.0679736
-0.00817306
0.00746921
-0.0935328
-0.363275
-0.656575
-0.965136
-1.25127
-1.5155
-2.594
-0.898198
-0.866763
-0.806686
-0.731892
-0.650278
-0.563093
-0.471264
-0.375945
-0.27874
-0.18219
-0.102332
-0.0511708
-0.0527665
-0.212607
-0.493272
-0.781645
-1.0617
-1.26448
-1.30849
-1.37672
-0.917028
-0.885934
-0.826119
-0.751564
-0.670204
-0.583592
-0.492797
-0.399218
-0.304839
-0.212984
-0.140098
-0.0985932
-0.127609
-0.33853
-0.607824
-0.873508
-1.09781
-1.22128
-1.24354
-1.25261
-0.936708
-0.905883
-0.846469
-0.772183
-0.691221
-0.60534
-0.515798
-0.424214
-0.333023
-0.246468
-0.181062
-0.150502
-0.210157
-0.456172
-0.712618
-0.95243
-1.14915
-1.20214
-1.21158
-1.21075
-0.957204
-0.926628
-0.867534
-0.793615
-0.713177
-0.628195
-0.540092
-0.450753
-0.3631
-0.282374
-0.224899
-0.207717
-0.294938
-0.570849
-0.815901
-1.01797
-1.17964
-1.19362
-1.18706
-1.18374
-0.978292
-0.948003
-0.889155
-0.815702
-0.735901
-0.65195
-0.565458
-0.478619
-0.394729
-0.320259
-0.271521
-0.267547
-0.386669
-0.681084
-0.920872
-1.05322
-1.09943
-1.14668
-1.16079
-1.16259
-0.999427
-0.969616
-0.911119
-0.838189
-0.759077
-0.676292
-0.591592
-0.50743
-0.427511
-0.359562
-0.320485
-0.326278
-0.499003
-0.784948
-1.04676
-1.09817
-1.09438
-1.15415
-1.17224
-1.17784
-1.02024
-0.990847
-0.933097
-0.860627
-0.78227
-0.700786
-0.618008
-0.536621
-0.460834
-0.399219
-0.37034
-0.38739
-0.620257
-0.907588
-1.22987
-1.43182
-1.33031
-1.27403
-1.25119
-1.24688
-1.03998
-1.01131
-0.954203
-0.882401
-0.80494
-0.724808
-0.644027
-0.565443
-0.493746
-0.438011
-0.419366
-0.455257
-0.736708
-1.0513
-1.33282
-1.72386
-1.49993
-1.39981
-1.35466
-1.34204
-1.0579
-1.03019
-0.973701
-0.902668
-0.826198
-0.747558
-0.668831
-0.593014
-0.525002
-0.474522
-0.465818
-0.519163
-0.840175
-1.10687
-1.00745
-0.685386
-1.09837
-1.55732
-1.67562
-1.64231
-1.0728
-1.04632
-0.990707
-0.920435
-0.84503
-0.767963
-0.691414
-0.618241
-0.553187
-0.506918
-0.503402
-0.564077
-0.963242
-1.34977
-1.4535
-1.50469
-1.73805
-1.90394
-1.85603
-1.85978
-1.08353
-1.05863
-1.00406
-0.934507
-0.860216
-0.784825
-0.710476
-0.639844
-0.576802
-0.531621
-0.523138
-0.59781
-1.13009
-1.93726
-2.9922
-3.66871
-3.86314
-3.48435
-2.94391
-2.71551
-1.08866
-1.06541
-1.01207
-0.94346
-0.870373
-0.796795
-0.724935
-0.656739
-0.594424
-0.545692
-0.533788
-0.601985
-1.1815
-2.12453
-3.36572
-4.14849
-4.37492
-4.053
-3.59229
-3.38826
-1.08635
-1.06493
-1.01326
-0.945528
-0.873868
-0.802588
-0.733696
-0.668203
-0.606174
-0.548661
-0.510926
-0.520695
-0.866322
-1.44898
-2.06587
-2.37183
-2.22374
-1.8269
-1.46752
-1.26726
-1.07358
-1.05463
-1.00512
-0.938781
-0.869082
-0.800742
-0.735636
-0.674096
-0.613055
-0.542046
-0.464394
-0.404886
-0.305868
-0.153005
0.164108
0.535117
0.974731
1.34516
1.52444
1.58619
-1.04863
-1.03202
-0.985332
-0.921294
-0.854481
-0.790377
-0.731334
-0.677683
-0.622711
-0.543863
-0.425935
-0.258844
0.0100591
0.513557
1.17916
1.83294
2.32995
2.6091
2.71358
2.73275
-1.00983
-0.995493
-0.952014
-0.891646
-0.829296
-0.771447
-0.721484
-0.681812
-0.648907
-0.579475
-0.429905
-0.185015
0.0943178
0.577436
1.22671
1.79657
2.20425
2.43446
2.52787
2.54921
-0.95397
-0.942214
-0.903422
-0.849289
-0.793768
-0.744596
-0.707627
-0.69092
-0.701455
-0.722292
-0.634931
-0.333766
0.0243851
0.406378
0.933031
1.3797
1.69874
1.8898
1.97745
2.00369
-0.883657
-0.873726
-0.84081
-0.79513
-0.748916
-0.710666
-0.690589
-0.709222
-0.812098
-1.07309
-1.22886
-0.839893
-0.288769
0.095332
0.542824
0.922834
1.19896
1.36928
1.44742
1.47022
-0.799025
-0.790101
-0.765344
-0.730045
-0.694365
-0.667306
-0.663851
-0.721467
-0.951308
-1.56166
-2.20135
-1.61905
-0.856661
-0.348222
0.126838
0.494824
0.732964
0.867241
0.936966
0.968401
-0.698837
-0.694143
-0.677166
-0.651172
-0.624719
-0.605709
-0.609403
-0.676363
-0.918096
-1.55052
-2.17895
-1.71239
-1.04594
-0.50147
-0.0749975
0.207591
0.366341
0.446058
0.488459
0.5036
-0.583115
-0.58099
-0.570202
-0.553184
-0.534073
-0.520161
-0.522032
-0.568905
-0.740382
-1.16405
-1.52181
-1.22495
-0.745112
-0.322809
-0.03652
0.121936
0.202767
0.2449
0.264034
0.268038
-0.466896
-0.465676
-0.4585
-0.44604
-0.431911
-0.419118
-0.413886
-0.431879
-0.51157
-0.705969
-0.838005
-0.63604
-0.340437
-0.108525
0.0256389
0.0915355
0.123776
0.140184
0.147511
0.148884
-0.354699
-0.354061
-0.348847
-0.339376
-0.327825
-0.315196
-0.303552
-0.298526
-0.311762
-0.34974
-0.327203
-0.220892
-0.0690623
0.0356017
0.0805594
0.100053
0.108284
0.111724
0.112692
0.112269
-0.25019
-0.250048
-0.24695
-0.24054
-0.23174
-0.220235
-0.205874
-0.189124
-0.170462
-0.143503
-0.081303
0.00307347
0.057272
0.0976443
0.111028
0.11387
0.112829
0.110866
0.109311
0.10834
-0.159458
-0.159721
-0.158772
-0.155682
-0.150031
-0.140922
-0.127353
-0.107907
-0.0799854
-0.0378204
0.021887
0.07716
0.102812
0.118252
0.122014
0.120387
0.11706
0.113972
0.112037
0.111051
-0.0871833
-0.0876785
-0.0883906
-0.088057
-0.0854508
-0.0793471
-0.0684609
-0.0510105
-0.0244087
0.0146317
0.0609393
0.097253
0.113666
0.120892
0.12182
0.119558
0.116274
0.113414
0.111728
0.110892
-0.0346235
-0.0351754
-0.0366425
-0.0378196
-0.0372692
-0.0338478
-0.0261898
-0.0125747
0.00895762
0.0399618
0.0737741
0.0983313
0.110319
0.114966
0.115345
0.113419
0.110676
0.108334
0.107001
0.106344
0.000865708
0.000379292
-0.00119898
-0.00293188
-0.00343207
-0.001718
0.00331297
0.0131179
0.0291808
0.0522597
0.0764712
0.093478
0.102359
0.105776
0.105931
0.104358
0.102162
0.100266
0.0992213
0.0987236
0.0233093
0.0229308
0.0215691
0.0198318
0.0188603
0.0195579
0.0228263
0.029672
0.0411249
0.0576452
0.0748112
0.0867565
0.0931215
0.095519
0.0955653
0.0943047
0.0925115
0.0909523
0.0901286
0.0897599
0.0365875
0.0363112
0.0352606
0.0337879
0.0327596
0.0328296
0.0347634
0.039408
0.047461
0.0590997
0.0710872
0.0793576
0.0838464
0.0855681
0.0855108
0.0844393
0.0829631
0.081678
0.0810265
0.0807576
0.0438065
0.0436059
0.0428439
0.0416946
0.0408076
0.0406494
0.0417389
0.0446827
0.0500929
0.058142
0.066523
0.0723465
0.0754589
0.0765381
0.0763364
0.0754144
0.0741914
0.0731372
0.0726237
0.0724275
0.0471884
0.0470356
0.0464748
0.0455858
0.0448354
0.0445643
0.0451769
0.0470977
0.0507162
0.0561745
0.0618968
0.0658188
0.0678428
0.0684716
0.0681946
0.0673934
0.0663833
0.0655312
0.0651315
0.0649876
0.0480909
0.0479688
0.0475275
0.0468049
0.0461471
0.0457923
0.0460197
0.0471576
0.0495134
0.0531616
0.0570081
0.0596458
0.0609637
0.0612856
0.0609636
0.0602817
0.0594658
0.0587946
0.058489
0.0583822
0.047281
0.0471828
0.0468238
0.0462231
0.0456448
0.0452648
0.0452787
0.0459043
0.047361
0.0497335
0.0522782
0.0539874
0.0547719
0.0548708
0.0545326
0.0539533
0.0532953
0.0527681
0.0525334
0.0524529
0.0452449
0.0451665
0.0448709
0.0443633
0.0438494
0.0434586
0.0433308
0.0436241
0.0444903
0.0459767
0.047585
0.0486412
0.0490742
0.0490402
0.0487103
0.0482238
0.0476966
0.0472835
0.0471023
0.0470413
0.0423248
0.042263
0.0420241
0.0416012
0.0411546
0.0407797
0.0405735
0.0406444
0.0411038
0.0419914
0.0429742
0.04359
0.043785
0.0436672
0.0433562
0.0429481
0.042524
0.0421984
0.0420578
0.0420115
0.0387874
0.0387389
0.0385502
0.0382064
0.0378296
0.03749
0.0372546
0.0371998
0.0374007
0.0378846
0.0384372
0.0387537
0.0387951
0.0386329
0.0383482
0.0380065
0.0376645
0.0374074
0.0372984
0.0372633
0.0348375
0.0347993
0.0346525
0.034379
0.034069
0.0337731
0.0335369
0.0334121
0.0334525
0.0336774
0.0339512
0.0340762
0.0340254
0.0338462
0.0335926
0.0333087
0.0330339
0.0328315
0.0327469
0.0327202
0.0306238
0.0305935
0.0304802
0.0302667
0.0300177
0.0297691
0.0295505
0.0293975
0.0293466
0.0294111
0.0295086
0.0295162
0.0294161
0.0292376
0.029017
0.0287836
0.0285645
0.0284062
0.0283405
0.02832
0.0262486
0.0262246
0.0261377
0.0259732
0.0257766
0.0255729
0.0253811
0.0252249
0.025129
0.0251023
0.0250976
0.0250407
0.0249198
0.024754
0.0245669
0.0243778
0.024205
0.0240817
0.0240307
0.024015
0.0217779
0.0217591
0.0216927
0.021567
0.0214141
0.0212509
0.0210898
0.0209463
0.0208365
0.020766
0.0207089
0.0206232
0.0205018
0.0203563
0.0202023
0.0200519
0.0199173
0.0198223
0.019783
0.019771
0.0172499
0.0172355
0.0171855
0.0170907
0.0169738
0.016847
0.016718
0.0165965
0.0164929
0.0164101
0.0163355
0.0162463
0.0161383
0.0160184
0.015896
0.015779
0.0156758
0.0156037
0.0155739
0.0155649
0.0126847
0.0126742
0.0126376
0.012568
0.0124823
0.0123891
0.0122931
0.0121998
0.0121157
0.0120426
0.0119743
0.0118987
0.0118134
0.0117221
0.0116305
0.0115434
0.0114667
0.0114132
0.0113915
0.0113848
0.00809292
0.00808577
0.00806077
0.0080134
0.00795645
0.00789592
0.00783397
0.00777348
0.00771753
0.00766705
0.00761898
0.00756727
0.0075107
0.00745121
0.00739175
0.0073344
0.00728237
0.00724554
0.00723081
0.007226
0.00347914
0.00347659
0.00347099
0.00345275
0.00342711
0.00340055
0.00337357
0.00334684
0.00332147
0.00329792
0.00327633
0.00325435
0.00323015
0.00320427
0.00317799
0.00315188
0.0031262
0.00310376
0.00309212
0.00308773
-1.53672
-0.862438
-0.475061
-0.201492
0.0105572
0.176871
0.31528
0.436043
0.567114
0.554562
-0.589993
-0.38547
-0.174297
0.00223592
0.149134
0.270727
0.372193
0.449902
0.484367
0.4882
-0.229518
-0.100533
0.0361897
0.15552
0.25786
0.343811
0.412626
0.461503
0.491865
0.50788
0.00951222
0.0960513
0.18917
0.27267
0.345027
0.405794
0.454502
0.491609
0.519442
0.537319
0.181493
0.242625
0.308094
0.368524
0.421428
0.466615
0.504155
0.534504
0.558703
0.576568
0.314927
0.359968
0.407907
0.454018
0.495187
0.531255
0.562154
0.587756
0.608476
0.625992
0.424514
0.459158
0.499262
0.536841
0.571583
0.602657
0.629592
0.651963
0.669711
0.686974
0.521472
0.552591
0.589113
0.623431
0.655361
0.68409
0.708889
0.729163
0.744326
0.76145
0.616458
0.649115
0.686075
0.720348
0.751632
0.779322
0.802792
0.82149
0.834571
0.85187
0.722878
0.759617
0.798652
0.833777
0.864637
0.891063
0.912901
0.92999
0.941928
0.959827
0.853741
0.893338
0.932161
0.965844
0.994319
1.01834
1.03833
1.05416
1.06621
1.08452
1.01578
1.05241
1.08476
1.11187
1.13501
1.15579
1.17464
1.19087
1.20472
1.22264
1.20111
1.22644
1.24657
1.2653
1.28315
1.30004
1.31605
1.33216
1.34938
1.36855
1.3882
1.39919
1.41204
1.42671
1.4404
1.45257
1.46359
1.47504
1.49051
1.50997
1.57038
1.58387
1.58895
1.58993
1.59193
1.59942
1.61326
1.63094
1.64472
1.65608
1.83937
1.78883
1.74135
1.70981
1.69688
1.70146
1.72469
1.76979
1.83652
1.93064
0.275101
0.272113
0.266072
0.255202
0.242779
0.231539
0.222552
0.21585
0.211385
0.209381
0.210387
0.214087
0.219967
0.228004
0.238308
0.25047
0.262697
0.271323
0.275818
0.277941
0.203317
0.209982
0.215293
0.218992
0.22019
0.218659
0.215304
0.211569
0.208572
0.207141
0.207986
0.210737
0.214536
0.218489
0.221275
0.221614
0.219144
0.214624
0.208281
0.202428
0.193033
0.196042
0.199513
0.202134
0.204026
0.205328
0.20566
0.204999
0.203954
0.20338
0.203983
0.205383
0.206704
0.207177
0.206491
0.204994
0.202875
0.19982
0.196367
0.194072
0.18683
0.188316
0.190738
0.193262
0.195214
0.196591
0.197604
0.198252
0.19851
0.198692
0.199088
0.199483
0.199467
0.19892
0.197956
0.196468
0.194306
0.191758
0.189822
0.188745
0.181403
0.182276
0.184014
0.186132
0.18821
0.189977
0.191321
0.192364
0.193204
0.193825
0.194146
0.194079
0.193635
0.192825
0.19153
0.18976
0.187757
0.185808
0.184568
0.183942
0.176498
0.177093
0.17858
0.180526
0.182539
0.184516
0.186306
0.187718
0.188747
0.189491
0.189897
0.189831
0.189225
0.188043
0.186433
0.184648
0.182793
0.181084
0.180118
0.179729
0.172399
0.172773
0.174055
0.175838
0.177589
0.179214
0.180771
0.182287
0.183635
0.184662
0.185102
0.184899
0.1842
0.183202
0.18201
0.180577
0.178942
0.177423
0.176677
0.176489
0.169974
0.170192
0.171099
0.172499
0.173991
0.175522
0.177045
0.17846
0.179757
0.180856
0.181475
0.181495
0.181059
0.180241
0.179173
0.178005
0.176756
0.175683
0.175211
0.175128
0.168248
0.168385
0.168877
0.169683
0.170671
0.171804
0.173037
0.174416
0.175819
0.177092
0.1779
0.178104
0.177869
0.177419
0.176786
0.176111
0.175487
0.174983
0.174747
0.17469
0.165865
0.165954
0.166246
0.166725
0.167395
0.168262
0.16937
0.170637
0.172031
0.173447
0.17452
0.175053
0.175171
0.174995
0.174798
0.17457
0.17433
0.174126
0.174008
0.173962
0.162684
0.162748
0.163001
0.163459
0.164042
0.164824
0.165898
0.167225
0.168766
0.170424
0.171813
0.172654
0.173052
0.173187
0.1732
0.173156
0.173054
0.172936
0.172874
0.172844
0.158991
0.15903
0.159263
0.159742
0.160387
0.161107
0.16221
0.163594
0.165282
0.167232
0.169024
0.170279
0.171051
0.171504
0.171792
0.171887
0.171843
0.171777
0.171761
0.171745
0.154996
0.155029
0.155238
0.155707
0.156368
0.15734
0.158482
0.160021
0.161976
0.164329
0.166618
0.168334
0.169504
0.170255
0.170616
0.170895
0.170963
0.170982
0.171006
0.170995
0.150655
0.150697
0.150897
0.151365
0.152075
0.153058
0.154393
0.156203
0.15853
0.161427
0.164334
0.166592
0.168179
0.169255
0.169933
0.170336
0.170547
0.170662
0.170716
0.170703
0.145766
0.145808
0.146032
0.146518
0.147285
0.148397
0.149969
0.152129
0.154985
0.158584
0.162255
0.165161
0.167228
0.168679
0.169636
0.170244
0.170613
0.170822
0.170903
0.170887
0.140125
0.140179
0.140448
0.140999
0.141871
0.143184
0.145084
0.147729
0.151266
0.15576
0.160384
0.164063
0.166751
0.168618
0.169882
0.170713
0.17124
0.171538
0.171646
0.171625
0.133528
0.133596
0.133924
0.134596
0.135656
0.137266
0.139614
0.142901
0.14732
0.152953
0.158758
0.16343
0.166808
0.169175
0.170789
0.171866
0.172559
0.172951
0.173089
0.173063
0.125728
0.125816
0.126228
0.127066
0.128415
0.130449
0.133392
0.137527
0.143088
0.150161
0.157438
0.163272
0.167505
0.170471
0.172499
0.173857
0.174738
0.175231
0.175405
0.175374
0.116392
0.116508
0.117052
0.118136
0.119861
0.122451
0.126216
0.131478
0.138504
0.147388
0.156476
0.16373
0.168987
0.172675
0.175197
0.176889
0.177989
0.178607
0.178823
0.178785
0.10505
0.105207
0.105936
0.107363
0.109611
0.112984
0.117852
0.124583
0.133492
0.144651
0.15596
0.164934
0.171427
0.175983
0.179101
0.181193
0.182559
0.183332
0.183598
0.183549
0.0910519
0.0912775
0.0922782
0.0941878
0.0971728
0.101619
0.107964
0.116646
0.127992
0.141989
0.155998
0.167038
0.175011
0.180613
0.184457
0.187042
0.188731
0.189697
0.190023
0.189962
0.0734598
0.0738042
0.0752095
0.0778162
0.0818615
0.0878266
0.0962272
0.107532
0.122001
0.139495
0.156734
0.170216
0.179944
0.186802
0.191532
0.19473
0.196827
0.198028
0.198438
0.198359
0.0507816
0.0513342
0.0533973
0.0571047
0.0627912
0.0710273
0.082353
0.0971654
0.115594
0.137323
0.158346
0.174655
0.186433
0.194785
0.200599
0.20457
0.207194
0.208699
0.209211
0.209112
0.020621
0.0215883
0.0248309
0.0304336
0.0388179
0.0505611
0.0660685
0.0855582
0.10894
0.135678
0.161016
0.180513
0.194632
0.204749
0.211898
0.216861
0.220193
0.222111
0.222754
0.222629
-0.0212704
-0.0193323
-0.0135248
-0.00427044
0.00881214
0.0260238
0.0474374
0.0729956
0.102358
0.134815
0.164902
0.187874
0.204586
0.216741
0.22553
0.2318
0.236136
0.238653
0.239472
0.239304
-0.0829029
-0.07722
-0.0652341
-0.0486414
-0.0274439
-0.00209344
0.0271753
0.0601386
0.0963417
0.135026
0.170108
0.196702
0.216161
0.230551
0.241256
0.249202
0.254885
0.258319
0.259486
0.259189
-0.15643
-0.146714
-0.124685
-0.0971021
-0.065894
-0.0314388
0.00627852
0.0471443
0.0907942
0.136587
0.177786
0.209191
0.232583
0.250368
0.264091
0.274799
0.283045
0.287327
0.28865
0.289
-0.230198
-0.212714
-0.181262
-0.143832
-0.103269
-0.0599282
-0.0138472
0.0348842
0.0859731
0.13889
0.186251
0.222448
0.249673
0.270722
0.287355
0.300641
0.311058
0.317081
0.320173
0.320646
-0.287907
-0.267066
-0.229845
-0.185333
-0.137259
-0.0863248
-0.0327517
0.0232353
0.0812693
0.140784
0.193648
0.233873
0.26405
0.287324
0.305629
0.320178
0.331616
0.338956
0.342505
0.343015
-0.33467
-0.311869
-0.270527
-0.220908
-0.167113
-0.110108
-0.0502108
0.012152
0.076424
0.141884
0.199564
0.243026
0.275273
0.299844
0.31896
0.334012
0.345717
0.353351
0.356978
0.357518
-0.373267
-0.349698
-0.30532
-0.251687
-0.193353
-0.131364
-0.0661625
0.00168834
0.0714845
0.142256
0.204152
0.25034
0.284219
0.309724
0.329311
0.344528
0.356223
0.363946
0.367404
0.367992
-0.406716
-0.38262
-0.335927
-0.279077
-0.216995
-0.150792
-0.0809968
-0.00828394
0.0664793
0.142144
0.207993
0.256676
0.291966
0.318179
0.338037
0.35328
0.364901
0.372651
0.376034
0.37658
-0.436485
-0.412086
-0.363565
-0.304069
-0.23879
-0.168924
-0.0950833
-0.0180082
0.0613302
0.141576
0.21113
0.262166
0.298802
0.32571
0.345872
0.361201
0.372765
0.380551
0.383864
0.384301
-0.463744
-0.43909
-0.389152
-0.32734
-0.259339
-0.186296
-0.108855
-0.0278189
0.0557321
0.140297
0.213547
0.267054
0.305154
0.332867
0.353409
0.368874
0.380463
0.388198
0.391491
0.391778
-0.489349
-0.464408
-0.413209
-0.34941
-0.279038
-0.2032
-0.122565
-0.0379558
0.0495465
0.138368
0.215395
0.271528
0.31126
0.339923
0.360963
0.376649
0.388294
0.396013
0.399283
0.399459
-0.513665
-0.488461
-0.43614
-0.370635
-0.298153
-0.219847
-0.13636
-0.0484647
0.0427647
0.135723
0.216601
0.27559
0.317203
0.347025
0.368728
0.384749
0.396523
0.404233
0.407472
0.407579
-0.537063
-0.511537
-0.458227
-0.39126
-0.316897
-0.236395
-0.150325
-0.0594444
0.0352357
0.132208
0.217073
0.2792
0.323012
0.354254
0.376817
0.393313
0.405297
0.412999
0.416202
0.416278
-0.559721
-0.533876
-0.47971
-0.411366
-0.335349
-0.252911
-0.164562
-0.0709905
0.0268953
0.127753
0.216698
0.282257
0.328641
0.361623
0.385274
0.402402
0.414702
0.422461
0.425553
0.425623
-0.581728
-0.55549
-0.500642
-0.431026
-0.353575
-0.26945
-0.179087
-0.0830979
0.0177367
0.122284
0.215335
0.284599
0.333932
0.36904
0.394068
0.41202
0.424746
0.432595
0.435577
0.435617
-0.603125
-0.576542
-0.52095
-0.450266
-0.371576
-0.285965
-0.193844
-0.0957353
0.00773742
0.115731
0.212851
0.286029
0.338665
0.376323
0.403101
0.422129
0.435418
0.443411
0.446241
0.4462
-0.623882
-0.597002
-0.54068
-0.469072
-0.389303
-0.302418
-0.208791
-0.108854
-0.00306155
0.108083
0.209117
0.286343
0.342646
0.38333
0.412294
0.432674
0.446636
0.454753
0.457424
0.457236
-0.644032
-0.61679
-0.559829
-0.487411
-0.406713
-0.318756
-0.223861
-0.122378
-0.0145853
0.0993377
0.204043
0.28531
0.345596
0.389825
0.421535
0.443627
0.458345
0.466469
0.468874
0.468548
-0.663443
-0.635914
-0.578356
-0.505242
-0.423755
-0.334895
-0.238959
-0.136208
-0.0267529
0.0895428
0.197557
0.282723
0.347129
0.3954
0.43059
0.455025
0.470607
0.478443
0.480359
0.479882
-0.682209
-0.654306
-0.596243
-0.522508
-0.440355
-0.350763
-0.253989
-0.150229
-0.0394617
0.0787893
0.189642
0.278426
0.346872
0.399523
0.439074
0.466953
0.483846
0.490743
0.491489
0.49085
-0.700167
-0.671969
-0.613442
-0.539166
-0.456464
-0.366285
-0.268872
-0.164353
-0.0525776
0.0671904
0.180346
0.272308
0.344529
0.401524
0.446228
0.479238
0.499114
0.504643
0.502226
0.500816
-0.717451
-0.688893
-0.629915
-0.555167
-0.472017
-0.381386
-0.283491
-0.178442
-0.06596
0.0548845
0.169764
0.264328
0.339873
0.400665
0.450689
0.490663
0.517058
0.524505
0.516394
0.496937
-0.733958
-0.70508
-0.645801
-0.570695
-0.487289
-0.396379
-0.298248
-0.192952
-0.080135
0.0412986
0.157265
0.253752
0.332228
0.395898
0.450224
0.498041
0.534994
0.548912
0.534975
0.548805
-0.749851
-0.720564
-0.661056
-0.585687
-0.502235
-0.411201
-0.313126
-0.207841
-0.0950805
0.0263869
0.142741
0.240167
0.320998
0.386381
0.440727
0.492773
0.530236
0.548764
0.491424
0.459246
-0.765642
-0.735867
-0.675432
-0.599732
-0.516407
-0.42544
-0.32793
-0.222856
-0.110507
0.0104002
0.126318
0.223482
0.305704
0.372343
0.4194
0.464139
0.492236
0.471074
0.399669
0.349586
-0.781874
-0.751278
-0.688427
-0.612644
-0.52947
-0.439
-0.342328
-0.237838
-0.126318
-0.00658518
0.107985
0.203776
0.285397
0.355235
0.3979
0.4086
0.401225
0.345312
0.264662
0.214668
-0.405757
-0.304942
-0.1979
-0.0837702
0.0329816
0.13705
0.220454
0.0473122
-0.797913
-0.778139
-0.743094
-0.679168
-0.600775
-0.515044
-0.422175
-0.322718
-0.216995
-0.104823
0.00960848
0.111028
0.191887
0.257846
0.301814
0.270344
0.115496
0.0163783
-0.0612346
-0.812305
-0.79973
-0.757405
-0.692042
-0.613598
-0.528216
-0.436144
-0.337556
-0.233207
-0.123158
-0.0120379
0.0846205
0.15949
0.212202
0.209134
0.0928821
-0.0831322
-0.211433
-0.317768
-0.831923
-0.819705
-0.774652
-0.70838
-0.629985
-0.544727
-0.452932
-0.355111
-0.252207
-0.144482
-0.0373734
0.0533905
0.119954
0.156491
0.10368
-0.0856393
-0.296949
-0.464861
-0.615518
-0.851161
-0.838805
-0.792624
-0.725323
-0.646818
-0.561759
-0.470522
-0.373797
-0.272582
-0.167556
-0.0648739
0.0195696
0.0774009
0.0927801
-0.0110769
-0.264203
-0.523344
-0.757257
-0.986312
-0.869239
-0.857466
-0.810774
-0.742714
-0.66407
-0.579236
-0.488677
-0.393157
-0.293779
-0.191733
-0.093876
-0.0163032
0.0323039
0.0157885
-0.153536
-0.431637
-0.730758
-1.02148
-1.28734
-0.887007
-0.875847
-0.829356
-0.760867
-0.682169
-0.597544
-0.507605
-0.413229
-0.315708
-0.21673
-0.123849
-0.0534146
-0.0144765
-0.0727263
-0.290258
-0.573564
-0.875809
-1.1691
-1.35653
-1.42451
-0.905479
-0.894638
-0.848633
-0.779934
-0.701398
-0.617064
-0.527827
-0.434698
-0.339234
-0.243666
-0.156255
-0.093622
-0.0677514
-0.160468
-0.418063
-0.691649
-0.961609
-1.17889
-1.25842
-1.28829
-0.924573
-0.914164
-0.868456
-0.799971
-0.721699
-0.637834
-0.549459
-0.457806
-0.364705
-0.273013
-0.191694
-0.137675
-0.125893
-0.251822
-0.534193
-0.791052
-1.02782
-1.18086
-1.2277
-1.22839
-0.944578
-0.934373
-0.889015
-0.820853
-0.742942
-0.659693
-0.572369
-0.482424
-0.391974
-0.304602
-0.230012
-0.185053
-0.189388
-0.364161
-0.643969
-0.87952
-1.09559
-1.19258
-1.1985
-1.19821
-0.96533
-0.955222
-0.91028
-0.842448
-0.764988
-0.682484
-0.596384
-0.508348
-0.420811
-0.338115
-0.270912
-0.23504
-0.267552
-0.477312
-0.755171
-0.962246
-1.11021
-1.19607
-1.17627
-1.17362
-0.986285
-0.976568
-0.932027
-0.864511
-0.787607
-0.705967
-0.621244
-0.535292
-0.450939
-0.37314
-0.313949
-0.287123
-0.353925
-0.588635
-0.867955
-1.04594
-1.05067
-1.10816
-1.15065
-1.16214
-1.00706
-0.997639
-0.953962
-0.886765
-0.810437
-0.729766
-0.646557
-0.562848
-0.481866
-0.409057
-0.358238
-0.341874
-0.437847
-0.709309
-0.987969
-1.22549
-1.17345
-1.19217
-1.20418
-1.20705
-1.02717
-1.0181
-0.975107
-0.90868
-0.833008
-0.753376
-0.67177
-0.590454
-0.512911
-0.445076
-0.402356
-0.398762
-0.521994
-0.844622
-1.12085
-1.55592
-1.63605
-1.40987
-1.31181
-1.28885
-1.04594
-1.03723
-0.995169
-0.929393
-0.854568
-0.776167
-0.696218
-0.617299
-0.543022
-0.479956
-0.444311
-0.453652
-0.605818
-0.96553
-1.16613
-1.23061
-1.32848
-1.40651
-1.4915
-1.47264
-1.06234
-1.05404
-1.01318
-0.948174
-0.874195
-0.796981
-0.718904
-0.642483
-0.571051
-0.512045
-0.481417
-0.50365
-0.686542
-1.06258
-1.14549
-0.824047
-0.921143
-1.43707
-1.77236
-1.77711
-1.07518
-1.06743
-1.028
-0.963931
-0.890769
-0.814876
-0.738747
-0.664698
-0.595873
-0.539041
-0.511446
-0.549636
-0.7686
-1.32902
-1.99045
-2.4521
-2.86279
-2.80997
-2.4039
-2.11406
-1.08302
-1.07595
-1.03829
-0.975289
-0.902987
-0.82853
-0.754473
-0.682781
-0.616118
-0.559486
-0.530749
-0.569231
-0.83912
-1.62006
-2.746
-3.7956
-4.30278
-4.25466
-3.81034
-3.34038
-1.08489
-1.0784
-1.04256
-0.980672
-0.909272
-0.836512
-0.764715
-0.695733
-0.631221
-0.572584
-0.53383
-0.547301
-0.766093
-1.45872
-2.41144
-3.44739
-3.80318
-3.57755
-3.08272
-2.71307
-1.07798
-1.07235
-1.03852
-0.978109
-0.907864
-0.837198
-0.768412
-0.703202
-0.641463
-0.579731
-0.520187
-0.487271
-0.482908
-0.700092
-0.851476
-0.85289
-0.674726
-0.31261
0.0243991
0.212226
-1.05979
-1.05489
-1.02349
-0.965206
-0.896944
-0.829242
-0.76472
-0.704725
-0.647446
-0.58372
-0.494658
-0.377823
-0.210481
0.0659794
0.553612
1.1103
1.68855
2.09294
2.3169
2.3919
-1.02846
-1.02452
-0.995597
-0.9401
-0.875197
-0.811748
-0.753333
-0.701879
-0.655193
-0.600863
-0.500287
-0.317569
-0.0951919
0.296854
0.935834
1.60498
2.15286
2.50406
2.68196
2.73742
-0.981743
-0.978533
-0.952617
-0.901445
-0.841823
-0.784692
-0.735211
-0.69762
-0.674171
-0.651201
-0.588104
-0.373146
-0.0443831
0.261814
0.813074
1.36243
1.8005
2.07646
2.22082
2.27384
-0.917765
-0.91465
-0.892986
-0.849126
-0.79733
-0.749015
-0.711438
-0.694665
-0.717107
-0.796521
-0.898407
-0.738136
-0.297771
0.0686795
0.509557
0.955971
1.30774
1.54098
1.66674
1.72047
-0.839627
-0.83709
-0.820391
-0.784976
-0.742906
-0.704998
-0.680881
-0.689373
-0.779336
-1.0773
-1.58624
-1.54915
-0.867837
-0.345562
0.116015
0.529336
0.849852
1.04943
1.15094
1.18096
-0.750314
-0.748967
-0.736039
-0.708898
-0.676806
-0.648742
-0.635238
-0.661247
-0.798116
-1.23802
-2.11271
-2.19247
-1.38349
-0.776065
-0.249161
0.156034
0.421505
0.570855
0.639708
0.666786
-0.641328
-0.640448
-0.632813
-0.614733
-0.592316
-0.572128
-0.563564
-0.587497
-0.705122
-1.06551
-1.72425
-1.75916
-1.20628
-0.668805
-0.23013
0.061421
0.22506
0.309216
0.354777
0.373222
-0.524471
-0.524514
-0.519964
-0.507632
-0.491966
-0.476657
-0.467625
-0.478705
-0.546228
-0.752724
-1.09889
-1.07474
-0.728122
-0.357661
-0.0944399
0.0562153
0.131186
0.168786
0.187145
0.193979
-0.40987
-0.410162
-0.407018
-0.398025
-0.385896
-0.372854
-0.36132
-0.357567
-0.377082
-0.44984
-0.562335
-0.497461
-0.292672
-0.0911451
0.0215949
0.0774592
0.103541
0.11631
0.122223
0.124144
-0.300619
-0.301185
-0.299181
-0.292882
-0.283648
-0.272387
-0.259309
-0.245965
-0.235979
-0.233252
-0.213374
-0.12449
-0.037665
0.0472803
0.0897442
0.104533
0.109226
0.110102
0.109549
0.108846
-0.202315
-0.203
-0.202187
-0.198817
-0.192782
-0.184042
-0.171753
-0.155242
-0.133457
-0.103367
-0.0535167
0.0217551
0.0686631
0.100717
0.116321
0.118781
0.116889
0.113957
0.11152
0.110171
-0.120391
-0.121049
-0.121291
-0.120726
-0.117999
-0.112315
-0.102466
-0.0871575
-0.0641591
-0.0299949
0.0187241
0.0722022
0.102705
0.117111
0.12288
0.122188
0.119093
0.11571
0.113232
0.111948
-0.0582113
-0.0587708
-0.0596124
-0.0607955
-0.060459
-0.0575725
-0.0508053
-0.0386039
-0.0189506
0.0105187
0.0495368
0.086263
0.10746
0.116551
0.119342
0.118269
0.115502
0.112548
0.110472
0.109436
-0.014731
-0.015161
-0.0161542
-0.0180187
-0.0189304
-0.0178998
-0.0137527
-0.00504756
0.00994039
0.0327416
0.0619083
0.0874436
0.102482
0.109171
0.111067
0.110143
0.107895
0.105512
0.103856
0.103064
0.0136363
0.0133265
0.0124352
0.0105534
0.00916561
0.00922559
0.0117067
0.0176793
0.0284458
0.0450743
0.0660965
0.0840111
0.094765
0.0996983
0.100975
0.100184
0.0983916
0.0964502
0.0951092
0.0945114
0.0310037
0.0307874
0.0300861
0.0284944
0.0270817
0.026611
0.0279366
0.0319489
0.0395234
0.0513304
0.0662033
0.0787507
0.0862473
0.0897348
0.0906323
0.0899695
0.0884943
0.0868946
0.085801
0.0853523
0.0408824
0.0407259
0.040213
0.038994
0.037792
0.0371948
0.0377877
0.0402606
0.0453755
0.0535997
0.0639695
0.0727164
0.0779929
0.0804658
0.0809977
0.0803639
0.0791385
0.0778203
0.0769306
0.0765943
0.0459419
0.0458209
0.0454506
0.0445521
0.0435875
0.0430165
0.0432703
0.04481
0.0481488
0.0537056
0.0608757
0.0669689
0.0705614
0.0721419
0.072364
0.0717639
0.0707312
0.0696447
0.0689279
0.0686752
0.0479456
0.0478495
0.047566
0.046874
0.0460817
0.0455303
0.0455249
0.0464304
0.0486264
0.0523582
0.0571816
0.0612702
0.0636526
0.0646544
0.0646905
0.0641339
0.0632768
0.0624013
0.0618384
0.0616491
0.0479066
0.0478312
0.0476032
0.0470429
0.0463723
0.0458511
0.0456875
0.0461257
0.0474495
0.0498726
0.0530977
0.0558481
0.0574041
0.0579767
0.0578742
0.0573682
0.0566635
0.0559669
0.0555305
0.0553878
0.0464239
0.0463658
0.04618
0.0457162
0.0451415
0.0446558
0.044409
0.0445769
0.0453506
0.04687
0.0489447
0.0507057
0.0516545
0.0519342
0.051755
0.0513037
0.0507262
0.0501736
0.0498344
0.0497254
0.0439003
0.043856
0.0437058
0.0433209
0.0428276
0.0423804
0.0420842
0.0420618
0.0424531
0.0433603
0.0446517
0.0457429
0.0462897
0.0463814
0.0461636
0.0457678
0.0452965
0.0448586
0.0445945
0.0445109
0.0406364
0.0406026
0.0404841
0.0401722
0.0397598
0.0393653
0.0390629
0.038938
0.0390861
0.0395802
0.0403383
0.0409696
0.0412407
0.0412101
0.0409776
0.0406332
0.0402471
0.0398978
0.0396909
0.0396266
0.0368665
0.0368403
0.0367479
0.0365006
0.0361638
0.0358267
0.0355407
0.0353644
0.0353655
0.0355934
0.0359965
0.0363209
0.0364152
0.0363146
0.0360857
0.0357895
0.0354742
0.0351963
0.0350349
0.0349853
0.0327656
0.032745
0.0326733
0.0324808
0.0322123
0.0319329
0.0316773
0.0314856
0.0314037
0.0314662
0.0316424
0.0317726
0.0317587
0.0316227
0.0314085
0.0311572
0.0309012
0.0306811
0.0305552
0.0305168
0.0284587
0.0284426
0.0283871
0.028239
0.0280285
0.0278022
0.0275831
0.0273978
0.027277
0.0272445
0.0272827
0.0272948
0.0272215
0.0270742
0.026882
0.0266724
0.0264667
0.0262941
0.0261966
0.0261669
0.0240281
0.0240156
0.0239728
0.0238594
0.023696
0.0235159
0.0233338
0.0231671
0.0230363
0.0229573
0.02292
0.0228684
0.0227684
0.0226264
0.022461
0.0222896
0.0221264
0.0219917
0.0219163
0.0218934
0.019524
0.0195144
0.0194816
0.0193954
0.0192703
0.0191299
0.0189839
0.018843
0.0187205
0.0186265
0.0185561
0.0184786
0.0183753
0.0182491
0.0181121
0.0179756
0.0178481
0.0177441
0.0176862
0.0176688
0.0149748
0.0149676
0.0149429
0.0148784
0.0147847
0.0146788
0.0145669
0.0144558
0.0143536
0.014266
0.0141909
0.0141129
0.014022
0.0139195
0.0138123
0.0137073
0.0136105
0.0135318
0.0134882
0.0134752
0.0103953
0.0103901
0.0103724
0.0103262
0.0102597
0.010185
0.0101063
0.0100274
0.00995278
0.00988594
0.00982579
0.00976417
0.00969617
0.00962199
0.00954569
0.00947118
0.00940196
0.00934522
0.00931362
0.00930438
0.00579127
0.00578737
0.00577609
0.00574746
0.00570738
0.00566421
0.0056198
0.00557568
0.00553373
0.00549523
0.00546004
0.00542404
0.00538475
0.00534248
0.00529932
0.00525671
0.00521581
0.00518105
0.00516131
0.00515512
0.00347746
0.00347496
0.00346355
0.0034403
0.00341391
0.00338709
0.0033601
0.00333386
0.00330949
0.00328734
0.00326591
0.00324259
0.00321734
0.00319115
0.00316493
0.00313897
0.0031141
0.00309629
0.00309037
0.00101939
-1.18545
-0.74549
-0.438519
-0.196008
6.04514e-05
0.15887
0.289292
0.401259
0.482272
0.483685
-0.52844
-0.321613
-0.139994
0.0153593
0.14832
0.260544
0.353952
0.426891
0.472514
0.490234
-0.177324
-0.0535835
0.0639551
0.169875
0.262355
0.341297
0.406149
0.455654
0.490681
0.5128
0.0495922
0.131511
0.213163
0.288419
0.354483
0.411227
0.458428
0.496132
0.525646
0.54567
0.214398
0.269829
0.331438
0.38672
0.436008
0.479104
0.516043
0.546776
0.571767
0.588612
0.343688
0.384883
0.432665
0.475239
0.514645
0.549958
0.580931
0.607161
0.628646
0.642441
0.450806
0.486045
0.525138
0.561873
0.596194
0.627579
0.655354
0.67884
0.69777
0.708905
0.54835
0.581393
0.618036
0.65348
0.686333
0.71622
0.742447
0.764297
0.78124
0.790319
0.647071
0.6829
0.721083
0.757796
0.790842
0.820079
0.845089
0.86549
0.880772
0.889089
0.762253
0.803185
0.843172
0.880795
0.913292
0.940986
0.964079
0.982739
0.996753
1.00607
0.907494
0.950644
0.988638
1.02279
1.05123
1.0754
1.09634
1.11401
1.12807
1.13935
1.08609
1.12391
1.15229
1.17689
1.19819
1.2177
1.23614
1.25344
1.26946
1.28407
1.28428
1.30543
1.32052
1.33653
1.35297
1.36839
1.38222
1.39557
1.41115
1.42957
1.47527
1.48248
1.49309
1.5047
1.51466
1.52393
1.53432
1.54551
1.55718
1.56608
1.6885
1.69028
1.68238
1.66586
1.65478
1.65432
1.6665
1.69115
1.72531
1.74987
2.10812
1.91423
1.81323
1.75553
1.72645
1.71982
1.73505
1.77589
1.85174
1.9947
-0.764055
-0.768823
-0.731162
-0.665089
-0.586508
-0.499799
0.297261
0.370127
0.372465
0.295694
0.222155
0.143132
-0.142184
-0.427372
-0.785084
-1.26113
-1.82223
)
;

boundaryField
{
    wall-4
    {
        type            zeroGradient;
    }
    pressure-outlet-7
    {
        type            fixedValue;
        value           uniform 0;
    }
    velocity-inlet-6
    {
        type            zeroGradient;
    }
    velocity-inlet-5
    {
        type            zeroGradient;
    }
    frontAndBackPlanes
    {
        type            empty;
    }
}


// ************************************************************************* //
