/*--------------------------------*- C++ -*----------------------------------*\
| =========                 |                                                 |
| \\      /  F ield         | OpenFOAM: The Open Source CFD Toolbox           |
|  \\    /   O peration     | Version:  2112                                  |
|   \\  /    A nd           | Website:  www.openfoam.com                      |
|    \\/     M anipulation  |                                                 |
\*---------------------------------------------------------------------------*/
FoamFile
{
    version     2.0;
    format      ascii;
    arch        "LSB;label=32;scalar=64";
    class       volScalarField;
    location    "30.5";
    object      p;
}
// * * * * * * * * * * * * * * * * * * * * * * * * * * * * * * * * * * * * * //

dimensions      [0 2 -2 0 0 0 0];

internalField   nonuniform List<scalar> 
8800
(
1.54867
1.50088
1.46219
1.43318
1.41231
1.39746
1.38683
1.37931
1.37444
1.37231
1.37348
1.37758
1.38415
1.39341
1.40615
1.42386
1.44862
1.48254
1.52508
1.58378
1.37993
1.38761
1.39507
1.39838
1.39687
1.39177
1.38527
1.37916
1.37439
1.37148
1.3711
1.37351
1.37791
1.38379
1.39051
1.39675
1.40036
1.39961
1.39417
1.38547
1.35836
1.36452
1.36864
1.37157
1.37361
1.3742
1.37306
1.37092
1.36884
1.36784
1.36869
1.37097
1.37369
1.3758
1.37636
1.37512
1.37275
1.36933
1.36476
1.361
1.35259
1.35524
1.35798
1.36038
1.362
1.36315
1.36386
1.36393
1.36356
1.36341
1.36404
1.3651
1.36584
1.36582
1.36515
1.36401
1.36215
1.35955
1.35713
1.35562
1.34727
1.34869
1.35047
1.35249
1.35427
1.35559
1.35655
1.35729
1.35783
1.35828
1.35878
1.35914
1.35912
1.35874
1.35796
1.35664
1.35489
1.353
1.35167
1.35084
1.34226
1.34318
1.34443
1.34599
1.34762
1.34913
1.35038
1.35139
1.35227
1.35303
1.35355
1.3537
1.35351
1.35295
1.35196
1.35066
1.34926
1.34794
1.34709
1.34654
1.33746
1.33813
1.3391
1.34041
1.34182
1.34327
1.34468
1.34595
1.34705
1.348
1.34862
1.34877
1.3485
1.34782
1.34686
1.34579
1.34467
1.34367
1.34305
1.34265
1.33281
1.33333
1.33412
1.33527
1.33655
1.33792
1.33935
1.34077
1.3421
1.34325
1.344
1.34421
1.34393
1.34332
1.34252
1.34163
1.34072
1.33993
1.33946
1.33915
1.32826
1.32867
1.32934
1.33038
1.3316
1.33293
1.33435
1.33585
1.33735
1.33873
1.33967
1.33999
1.33984
1.3394
1.33877
1.33804
1.33728
1.33666
1.33629
1.33605
1.32375
1.32407
1.32466
1.32563
1.32682
1.32813
1.32958
1.33114
1.33277
1.33438
1.33557
1.33613
1.3362
1.33595
1.33549
1.33492
1.33431
1.33381
1.33353
1.33334
1.31921
1.31947
1.32
1.32093
1.32211
1.32346
1.32498
1.32667
1.3285
1.33038
1.33189
1.33274
1.33305
1.333
1.33271
1.33228
1.3318
1.33141
1.33119
1.33103
1.31458
1.31479
1.31528
1.31621
1.31743
1.31885
1.32048
1.32234
1.32442
1.32663
1.32854
1.32976
1.33036
1.33053
1.33042
1.33013
1.32976
1.32947
1.32931
1.32918
1.30984
1.31
1.31047
1.31142
1.3127
1.31421
1.31597
1.31805
1.32046
1.32314
1.32553
1.32714
1.32808
1.32855
1.32867
1.32855
1.3283
1.32809
1.32798
1.32788
1.30493
1.30505
1.3055
1.30647
1.30782
1.30945
1.31139
1.31372
1.31648
1.31967
1.32268
1.32488
1.32629
1.3271
1.32749
1.32759
1.32748
1.32737
1.32731
1.32722
1.29977
1.29985
1.30029
1.30131
1.30278
1.30459
1.3068
1.30951
1.31283
1.31673
1.32047
1.32328
1.32516
1.32635
1.32704
1.32735
1.32742
1.32741
1.32741
1.32734
1.29433
1.29438
1.29479
1.29582
1.29738
1.29935
1.30182
1.30493
1.30883
1.31354
1.31823
1.32189
1.32448
1.32622
1.32732
1.32798
1.3283
1.32845
1.3285
1.32844
1.28825
1.2883
1.28873
1.28978
1.29146
1.29368
1.29656
1.30027
1.30499
1.31078
1.3166
1.3212
1.32452
1.32686
1.3285
1.32955
1.33019
1.33051
1.33059
1.33053
1.28123
1.28127
1.28173
1.28286
1.28473
1.28728
1.29066
1.29511
1.30085
1.30796
1.31517
1.32096
1.32524
1.32832
1.33053
1.33205
1.33303
1.33352
1.33364
1.33358
1.2728
1.27283
1.27336
1.27466
1.27684
1.27988
1.28397
1.28941
1.29645
1.30521
1.31414
1.32134
1.32669
1.33061
1.33349
1.33552
1.33685
1.3375
1.33767
1.33759
1.26252
1.26256
1.26321
1.26478
1.26745
1.27121
1.27627
1.28301
1.29174
1.30256
1.31355
1.32243
1.32904
1.33393
1.33754
1.3401
1.34178
1.3426
1.3428
1.3427
1.24988
1.24992
1.25074
1.25273
1.25608
1.26081
1.26718
1.27565
1.28653
1.29991
1.31341
1.32425
1.33234
1.33834
1.34278
1.34596
1.34803
1.34901
1.34924
1.34913
1.23412
1.23418
1.23525
1.23784
1.24217
1.24824
1.25642
1.26719
1.28086
1.29741
1.31388
1.327
1.33679
1.34405
1.34945
1.35334
1.35584
1.35698
1.35725
1.35712
1.21407
1.21415
1.2156
1.2191
1.2249
1.23292
1.24363
1.25748
1.2747
1.29511
1.31506
1.33081
1.34251
1.35121
1.35775
1.36244
1.3654
1.36673
1.36703
1.36687
1.18804
1.18816
1.19024
1.19521
1.20329
1.21426
1.22855
1.24652
1.26821
1.29321
1.31715
1.33586
1.34973
1.36007
1.36784
1.37343
1.37687
1.3784
1.37873
1.37853
1.15315
1.15341
1.15675
1.16437
1.17624
1.19174
1.21113
1.23451
1.26166
1.29198
1.32036
1.34229
1.35852
1.37068
1.37983
1.38638
1.39036
1.39209
1.39242
1.39219
1.10386
1.10499
1.11166
1.12465
1.14301
1.16538
1.19175
1.22193
1.2555
1.29175
1.32489
1.35021
1.36894
1.38302
1.39363
1.40123
1.40584
1.40776
1.40806
1.40777
1.03137
1.03896
1.05433
1.07724
1.10511
1.13652
1.17137
1.20938
1.25012
1.29289
1.33127
1.3604
1.38198
1.39832
1.41075
1.41976
1.42526
1.42761
1.42803
1.42781
0.953861
0.971383
0.99617
1.0294
1.06703
1.10759
1.15099
1.19708
1.24548
1.29562
1.3404
1.37446
1.39985
1.41918
1.43409
1.44521
1.45203
1.45484
1.45556
1.45553
0.890126
0.910548
0.94316
0.98487
1.03099
1.08006
1.13168
1.18562
1.24151
1.29878
1.34959
1.38814
1.41688
1.43881
1.45567
1.4681
1.47602
1.47965
1.48022
1.48028
0.838223
0.860439
0.898223
0.945937
0.998734
1.05485
1.11366
1.17476
1.23763
1.30158
1.35795
1.40047
1.432
1.45595
1.47435
1.48806
1.49715
1.50086
1.50155
1.50168
0.795149
0.818448
0.8597
0.912213
0.970322
1.03223
1.09717
1.16457
1.23373
1.30379
1.36516
1.41114
1.44502
1.47063
1.49026
1.5048
1.51442
1.51859
1.51955
1.51972
0.758329
0.782256
0.826272
0.882454
0.944991
1.01179
1.08201
1.15497
1.22978
1.30537
1.37126
1.42027
1.45612
1.48303
1.50351
1.51868
1.52865
1.53325
1.53444
1.53462
0.725815
0.750176
0.796267
0.855573
0.921858
0.992905
1.06779
1.1457
1.22564
1.30631
1.37634
1.42807
1.46561
1.49354
1.51464
1.53021
1.54034
1.54521
1.54649
1.54665
0.696195
0.720945
0.768782
0.830737
0.900255
0.975022
1.05406
1.13648
1.22114
1.30655
1.3805
1.43479
1.47385
1.50264
1.52415
1.53992
1.55013
1.55509
1.55644
1.55656
0.668602
0.693705
0.743099
0.807315
0.879685
0.957745
1.04051
1.12703
1.21609
1.30603
1.38378
1.44059
1.48115
1.51075
1.53267
1.54857
1.55883
1.56384
1.56527
1.56536
0.64232
0.667833
0.718637
0.784858
0.85978
0.940785
1.02691
1.1172
1.21037
1.30466
1.3862
1.4456
1.48772
1.51823
1.54061
1.5567
1.56698
1.5719
1.57337
1.57351
0.617078
0.643019
0.694905
0.763087
0.840283
0.923934
1.01311
1.10685
1.20388
1.30239
1.38777
1.4499
1.49378
1.52532
1.54826
1.5646
1.57494
1.57981
1.58117
1.58125
0.592515
0.619008
0.671928
0.741817
0.821045
0.907075
0.999006
1.09591
1.19656
1.29917
1.38846
1.45356
1.4994
1.53216
1.5558
1.57248
1.58289
1.58769
1.58891
1.58891
0.568552
0.595482
0.649519
0.72093
0.801985
0.890148
0.984565
1.08436
1.18838
1.29495
1.38826
1.45654
1.50462
1.53881
1.56329
1.58038
1.59086
1.59553
1.59662
1.59652
0.545112
0.572579
0.627569
0.700374
0.783074
0.87314
0.969784
1.0722
1.17934
1.2897
1.38705
1.45878
1.50942
1.5453
1.57077
1.58831
1.5988
1.60328
1.6042
1.60402
0.522101
0.550161
0.60607
0.680149
0.764312
0.856078
0.954702
1.05946
1.16943
1.28336
1.38473
1.46016
1.51373
1.55163
1.57826
1.59626
1.60668
1.61086
1.61158
1.61134
0.499528
0.528237
0.585048
0.66028
0.745753
0.839007
0.939375
1.0462
1.1587
1.27593
1.38125
1.46056
1.51744
1.55778
1.58583
1.60426
1.61442
1.61817
1.61866
1.61837
0.477566
0.506877
0.564543
0.64081
0.727441
0.822002
0.923874
1.03249
1.14723
1.26744
1.37653
1.45982
1.52037
1.5637
1.5936
1.61247
1.62204
1.62508
1.62531
1.62498
0.456243
0.486128
0.544587
0.621795
0.709442
0.805131
0.908299
1.01844
1.1351
1.25793
1.37051
1.45777
1.5223
1.56923
1.60171
1.6213
1.62982
1.63158
1.63138
1.63107
0.435503
0.466031
0.525221
0.603279
0.691826
0.788481
0.892742
1.00415
1.12241
1.24748
1.36317
1.45427
1.52292
1.57402
1.61014
1.63143
1.63875
1.63817
1.63685
1.63672
0.415517
0.446609
0.506504
0.585329
0.674653
0.772136
0.877301
0.989741
1.1093
1.23621
1.35453
1.4492
1.52193
1.5775
1.61841
1.64334
1.65089
1.64739
1.64318
1.64214
0.396198
0.427873
0.488418
0.56792
0.657893
0.756049
0.861917
0.975146
1.09568
1.22403
1.34448
1.4423
1.519
1.5789
1.62532
1.65635
1.66793
1.66521
1.65472
1.63753
0.37762
0.40983
0.470841
0.550862
0.641253
0.739887
0.846172
0.959875
1.08102
1.2103
1.33231
1.4327
1.51343
1.57699
1.62817
1.66643
1.68305
1.6742
1.65786
1.63969
0.359951
0.392341
0.453957
0.534397
0.625032
0.723996
0.830294
0.944264
1.06563
1.1953
1.31819
1.42009
1.50473
1.57086
1.6218
1.66035
1.67978
1.6622
1.59135
1.55756
0.343838
0.374252
0.438099
0.519116
0.609941
0.708863
0.814577
0.928537
1.04973
1.17918
1.30213
1.4043
1.49185
1.56065
1.60225
1.63224
1.63527
1.58562
1.51357
1.46855
0.288014
0.358443
0.423558
0.50384
0.594541
0.693095
0.798961
0.912428
1.03298
1.16153
1.28361
1.38497
1.47154
1.5476
1.55089
1.56635
1.5317
1.46711
1.38955
1.34583
0.326906
0.34282
0.402404
0.482187
0.572189
0.670434
0.775252
0.887803
1.00696
1.13344
1.25255
1.35104
1.42897
1.50475
1.502
1.39659
1.29246
1.22044
1.14631
1.18195
0.295975
0.325156
0.385544
0.46484
0.554804
0.652697
0.757647
0.869419
0.987296
1.11163
1.22745
1.32164
1.39196
1.43181
1.38683
1.24172
1.11214
1.02003
0.918801
0.974245
0.272178
0.30435
0.36591
0.445518
0.535526
0.633255
0.73801
0.84881
0.965092
1.08676
1.19856
1.28699
1.34745
1.35629
1.25206
1.07432
0.91596
0.793122
0.657869
0.695618
0.248977
0.282687
0.345414
0.425853
0.516026
0.613604
0.717777
0.827485
0.941995
1.06067
1.16769
1.24974
1.29544
1.27118
1.11261
0.908125
0.707618
0.526901
0.327126
0.319373
0.226534
0.260582
0.324174
0.405337
0.495709
0.593083
0.696567
0.805081
0.91759
1.03294
1.13466
1.2095
1.23766
1.17878
0.979711
0.758861
0.527365
0.320855
0.0601144
-0.265485
0.203867
0.23786
0.301934
0.383582
0.474164
0.571386
0.674257
0.781564
0.891993
1.00383
1.10008
1.16668
1.1775
1.06752
0.86427
0.643402
0.423833
0.236831
0.165256
0.0656944
0.180131
0.214084
0.278385
0.360264
0.450928
0.547915
0.650085
0.756023
0.864073
0.971918
1.06228
1.11902
1.10509
0.957646
0.762474
0.560775
0.387156
0.286156
0.261843
0.243435
0.155004
0.18894
0.253375
0.33532
0.425898
0.522494
0.623741
0.72802
0.833286
0.936522
1.02052
1.0653
1.03023
0.856108
0.670309
0.494724
0.359375
0.316171
0.301064
0.299032
0.128284
0.162291
0.22686
0.30879
0.399156
0.495159
0.595252
0.697558
0.79961
0.897656
0.974593
1.00597
0.953216
0.76092
0.584921
0.427815
0.337458
0.3228
0.320681
0.32061
0.0999642
0.134145
0.198844
0.280715
0.370732
0.465968
0.564671
0.664683
0.763103
0.855435
0.924329
0.944032
0.857915
0.673457
0.505358
0.374348
0.335568
0.330913
0.330464
0.331067
0.070359
0.104742
0.169477
0.251226
0.340765
0.43504
0.532102
0.629506
0.723864
0.810006
0.870342
0.874153
0.759577
0.590815
0.439975
0.348932
0.340286
0.337859
0.336714
0.33702
0.0400467
0.0744852
0.139046
0.220585
0.309499
0.402605
0.497785
0.592268
0.682185
0.761654
0.813566
0.797932
0.667734
0.514437
0.385337
0.359003
0.341519
0.339405
0.339981
0.340454
0.00949806
0.0438378
0.108105
0.18924
0.277334
0.369069
0.462108
0.553383
0.638536
0.711053
0.754122
0.722004
0.574756
0.441807
0.350836
0.31239
0.329406
0.337812
0.3406
0.341296
-0.0204738
0.0136011
0.0774331
0.157794
0.244858
0.335003
0.425657
0.513482
0.593628
0.659068
0.69202
0.645283
0.478226
0.366115
0.326274
0.331887
0.324126
0.325878
0.329905
0.331882
-0.0483202
-0.0151243
0.0478426
0.127159
0.21294
0.30121
0.389259
0.473464
0.548493
0.606699
0.631507
0.568742
0.378607
0.240736
0.257906
0.254596
0.261183
0.266747
0.274134
0.278912
-0.0727638
-0.0405572
0.0204232
0.0985251
0.182616
0.268749
0.353986
0.434504
0.504531
0.555509
0.576301
0.492522
0.284927
0.0504946
0.0161392
0.0920812
0.152992
0.175837
0.185008
0.189905
-0.0918852
-0.0615134
-0.00274925
0.0732079
0.155155
0.23887
0.32117
0.398037
0.46354
0.507755
0.526422
0.431858
0.243377
-0.0516393
-0.280629
-0.0731515
0.0317169
0.0636001
0.0750757
0.0837235
-0.103883
-0.0760747
-0.02034
0.0528646
0.132127
0.213052
0.292322
0.365791
0.427426
0.466548
0.482764
0.403741
0.319649
0.266988
0.0655638
0.0340175
-0.0296516
-0.038822
-0.0311344
-0.0274773
-0.106536
-0.0824557
-0.0306944
0.039064
0.115132
0.192868
0.269113
0.339709
0.398097
0.43439
0.445209
0.394179
0.442514
0.826105
0.932751
0.438329
0.0571868
-0.00976028
-0.0296036
-0.0317384
-0.0985535
-0.0787464
-0.0320434
0.033148
0.105474
0.179835
0.253295
0.321725
0.378161
0.412191
0.413723
0.313321
0.19439
0.165617
-0.0318298
-0.4066
-0.414199
-0.259873
-0.150743
-0.16398
-0.0781855
-0.0625143
-0.0231519
0.0360375
0.10402
0.175038
0.246229
0.313724
0.37102
0.404875
0.392986
0.159919
-0.506924
-1.58708
-2.27198
-2.5719
-2.35479
-1.83498
-1.38974
-1.18549
-0.0468342
-0.0360268
-0.00436631
0.0475258
0.110801
0.178732
0.248658
0.31721
0.379228
0.423149
0.417664
0.178352
-0.500687
-1.3946
-2.07961
-2.29175
-2.0554
-1.66637
-1.30318
-1.1406
-0.00869901
-0.00225333
0.0209973
0.0655273
0.124245
0.189918
0.26008
0.332446
0.402534
0.469255
0.507468
0.482522
0.353418
0.347123
0.451448
0.725462
1.04998
1.31238
1.47874
1.548
0.0304725
0.0340411
0.0485093
0.0860668
0.141338
0.206125
0.277841
0.35586
0.439774
0.52921
0.635734
0.780863
1.07077
1.59966
2.2279
2.80458
3.21672
3.44524
3.54106
3.56635
0.0648441
0.066872
0.0750519
0.105241
0.157544
0.22325
0.297964
0.381713
0.476847
0.586246
0.712154
0.846974
1.12036
1.69577
2.3283
2.88403
3.27746
3.49943
3.59705
3.62366
0.0987494
0.0994553
0.102304
0.123063
0.171221
0.238209
0.31542
0.402348
0.498263
0.608193
0.720731
0.840306
0.999739
1.43932
1.94526
2.36593
2.67316
2.85215
2.93393
2.95834
0.126848
0.128077
0.128871
0.141347
0.184609
0.251999
0.330793
0.417116
0.509922
0.61434
0.716469
0.814369
0.913344
1.18459
1.56078
1.86781
2.0931
2.22693
2.28834
2.30449
0.142037
0.14214
0.140956
0.151507
0.19745
0.268712
0.348687
0.432108
0.520013
0.615539
0.704807
0.780394
0.846062
1.01796
1.2679
1.48182
1.63795
1.72736
1.76762
1.77848
0.163579
0.16
0.15684
0.169764
0.221175
0.295608
0.374097
0.451543
0.530813
0.614517
0.691773
0.753817
0.811207
0.917402
1.08391
1.22141
1.32019
1.37703
1.40141
1.40598
0.237602
0.232172
0.228534
0.241686
0.285696
0.348068
0.413342
0.478083
0.544415
0.614547
0.680952
0.73447
0.783201
0.851832
0.959032
1.04599
1.10591
1.14078
1.15423
1.1551
0.367357
0.364255
0.3617
0.368343
0.391747
0.426351
0.467138
0.511809
0.561036
0.616261
0.670321
0.715653
0.760084
0.801761
0.866423
0.922814
0.961614
0.983008
0.992351
0.992445
0.496567
0.495424
0.493395
0.492184
0.495395
0.504966
0.522042
0.546467
0.578651
0.618554
0.660053
0.697753
0.735959
0.763111
0.799407
0.835365
0.861736
0.878139
0.884297
0.883557
0.583042
0.582629
0.580353
0.574597
0.567215
0.563271
0.565862
0.57609
0.594191
0.619735
0.647839
0.675722
0.704138
0.723728
0.745706
0.770193
0.790535
0.803066
0.808208
0.80694
0.625914
0.625526
0.623223
0.617179
0.608069
0.599927
0.595959
0.597886
0.606063
0.619667
0.634561
0.648535
0.663215
0.67228
0.690495
0.713579
0.73245
0.744019
0.748512
0.747214
0.642218
0.641729
0.639721
0.634972
0.627634
0.620016
0.614469
0.612596
0.614647
0.619013
0.620692
0.617298
0.611447
0.61375
0.634705
0.66127
0.682513
0.695096
0.700051
0.698757
0.6464
0.645898
0.644294
0.640864
0.635848
0.630224
0.625347
0.622427
0.621407
0.619817
0.609492
0.587841
0.558415
0.559915
0.592452
0.624529
0.646351
0.658033
0.662089
0.66097
0.645985
0.645584
0.644431
0.641948
0.638526
0.634797
0.63147
0.629311
0.628287
0.625513
0.612048
0.57841
0.535038
0.544123
0.582731
0.612892
0.629925
0.637213
0.63988
0.639798
0.643112
0.642915
0.642304
0.640705
0.638404
0.636154
0.63463
0.634544
0.636111
0.636812
0.628927
0.602004
0.571373
0.58927
0.619125
0.638401
0.64737
0.650844
0.652026
0.651781
0.63675
0.636785
0.636735
0.636107
0.635035
0.634343
0.634861
0.637386
0.644063
0.652345
0.658066
0.653115
0.649452
0.666471
0.68254
0.691027
0.695663
0.698563
0.699522
0.698557
0.625018
0.625268
0.625702
0.626018
0.626404
0.627689
0.631072
0.637891
0.650401
0.668304
0.69025
0.708622
0.729907
0.745955
0.746785
0.745884
0.747434
0.75097
0.75243
0.751527
0.60621
0.606685
0.607598
0.608802
0.610665
0.614208
0.620785
0.632232
0.651254
0.678967
0.715766
0.748567
0.787291
0.796595
0.789907
0.789645
0.794189
0.799175
0.798981
0.796768
0.578641
0.579366
0.580711
0.582712
0.585909
0.591486
0.601038
0.617065
0.642259
0.678661
0.721416
0.759543
0.799646
0.805597
0.803836
0.808158
0.815479
0.818799
0.817388
0.816307
0.539333
0.540351
0.542174
0.544913
0.549194
0.556195
0.567667
0.586548
0.615561
0.65796
0.705109
0.741301
0.766252
0.772804
0.788446
0.811867
0.827069
0.832077
0.82952
0.828677
0.485258
0.486549
0.488707
0.491919
0.496667
0.503722
0.514483
0.531721
0.559128
0.603145
0.657645
0.696811
0.703143
0.713354
0.758461
0.805662
0.831422
0.838132
0.834733
0.835241
0.414383
0.41575
0.417882
0.42095
0.424819
0.429165
0.434106
0.441038
0.454713
0.490363
0.564581
0.624157
0.631224
0.651639
0.73244
0.806997
0.855361
0.860875
0.85615
0.855217
0.327712
0.328799
0.330306
0.332127
0.332828
0.330028
0.320783
0.302355
0.28001
0.29995
0.413926
0.515635
0.534245
0.589156
0.700825
0.792228
0.845959
0.847579
0.842564
0.840198
0.231746
0.232119
0.232362
0.231622
0.226409
0.211065
0.176527
0.111166
0.0255456
0.022418
0.200533
0.370715
0.430357
0.516744
0.637518
0.738332
0.76811
0.762569
0.756319
0.753019
0.139522
0.138886
0.137669
0.133848
0.121528
0.0906264
0.0220759
-0.107585
-0.276102
-0.291286
-0.0367514
0.195474
0.296422
0.429343
0.542241
0.604599
0.605415
0.60359
0.602195
0.601049
0.0677237
0.0661857
0.0640047
0.0582981
0.0415683
-0.000288645
-0.0956683
-0.274542
-0.486854
-0.516775
-0.219232
0.0518726
0.188151
0.343561
0.43949
0.454365
0.44486
0.438445
0.436672
0.436168
0.0257394
0.0243507
0.0233487
0.0200897
0.00730931
-0.0273408
-0.115496
-0.287683
-0.481264
-0.497167
-0.229654
-0.0310509
0.106356
0.277197
0.328176
0.302365
0.284141
0.272139
0.2671
0.265637
0.0120205
0.0116231
0.0127346
0.0146777
0.0148388
0.0108408
-0.00738943
-0.0591705
-0.125809
-0.170733
-0.115889
-0.0203341
0.020728
-0.00450452
0.114278
0.0951147
0.0721791
0.0614012
0.0568723
0.0551319
0.571869
0.755269
0.969158
1.15185
1.29905
1.41654
1.51465
1.59748
1.63453
1.61163
0.905842
1.03683
1.17669
1.29776
1.4003
1.48566
1.5548
1.60384
1.62872
1.64052
1.14287
1.23218
1.32719
1.41147
1.48414
1.54498
1.59331
1.62856
1.6538
1.67148
1.3147
1.37738
1.44389
1.50477
1.55777
1.6027
1.6395
1.66872
1.69242
1.71053
1.44721
1.49307
1.54142
1.58765
1.62846
1.66401
1.69432
1.71942
1.74038
1.75811
1.5557
1.59013
1.62993
1.66707
1.70106
1.73141
1.75785
1.77999
1.79822
1.81552
1.65086
1.68049
1.71564
1.74874
1.77954
1.80742
1.83173
1.85187
1.86764
1.88471
1.74112
1.77091
1.80564
1.83828
1.86842
1.89546
1.9187
1.93746
1.95102
1.96806
1.83749
1.87097
1.90808
1.94206
1.97245
1.99894
2.02113
2.03858
2.05059
2.068
1.95324
1.99104
2.03002
2.06456
2.09412
2.11904
2.13956
2.15557
2.16712
2.18521
2.09867
2.13738
2.17348
2.20429
2.23009
2.25229
2.27143
2.28703
2.29952
2.31753
2.27367
2.30558
2.33184
2.35431
2.37436
2.39314
2.4109
2.42742
2.44281
2.46089
2.46241
2.47971
2.49487
2.51116
2.5271
2.54167
2.5549
2.56886
2.58642
2.60659
2.64442
2.65385
2.66542
2.67626
2.68556
2.69518
2.706
2.71739
2.72877
2.74413
2.85155
2.85524
2.84031
2.82552
2.81927
2.82498
2.84347
2.87379
2.90598
2.93264
3.15789
3.02303
2.94641
2.90409
2.88668
2.89065
2.91807
2.97448
3.07711
3.30148
1.43927
1.43714
1.43265
1.42402
1.41179
1.39964
1.38939
1.38147
1.3758
1.37247
1.37202
1.37465
1.37966
1.38681
1.39615
1.40765
1.42027
1.43129
1.43739
1.44043
1.36373
1.36958
1.37592
1.3804
1.38286
1.38252
1.37976
1.37592
1.37236
1.37002
1.36976
1.37185
1.37541
1.37963
1.38337
1.38521
1.38425
1.38074
1.37556
1.36893
1.35535
1.35764
1.36104
1.36403
1.3661
1.36758
1.36831
1.36795
1.36687
1.3659
1.36596
1.36726
1.36897
1.37019
1.3703
1.36935
1.36776
1.36539
1.36211
1.35918
1.34988
1.35096
1.3528
1.35517
1.35718
1.3586
1.35959
1.3603
1.36063
1.36076
1.36112
1.36178
1.36225
1.36221
1.36172
1.3608
1.35928
1.35715
1.35503
1.35364
1.34474
1.3454
1.34651
1.34821
1.34999
1.35161
1.35288
1.35385
1.35465
1.35534
1.35591
1.35629
1.35633
1.35603
1.35536
1.35421
1.35271
1.3511
1.34974
1.34895
1.33984
1.3403
1.34109
1.34239
1.34388
1.34539
1.34683
1.34809
1.34914
1.35007
1.3508
1.35116
1.35111
1.35067
1.34983
1.34872
1.34749
1.34628
1.34531
1.34478
1.33512
1.33546
1.33608
1.33716
1.33846
1.33984
1.34126
1.34267
1.34396
1.3451
1.34599
1.34642
1.34635
1.34586
1.34507
1.34413
1.34314
1.34216
1.34142
1.34104
1.33053
1.33079
1.33129
1.33222
1.33341
1.33472
1.3361
1.33755
1.339
1.34036
1.34144
1.342
1.34199
1.34159
1.34095
1.34018
1.33935
1.33857
1.338
1.3377
1.326
1.32621
1.32662
1.32745
1.32858
1.32984
1.33122
1.33269
1.33425
1.33582
1.33714
1.33787
1.33803
1.33782
1.33736
1.33675
1.33607
1.33544
1.335
1.33477
1.32148
1.32164
1.322
1.32276
1.32386
1.32511
1.32651
1.32805
1.32973
1.33148
1.33307
1.3341
1.33452
1.33453
1.33425
1.3338
1.33327
1.33276
1.33242
1.33224
1.31691
1.31703
1.31734
1.31807
1.31916
1.32044
1.32191
1.32358
1.32545
1.32746
1.32938
1.33077
1.33148
1.33171
1.33162
1.33133
1.33093
1.33054
1.33028
1.33014
1.31223
1.31232
1.3126
1.31331
1.31443
1.31579
1.31736
1.31919
1.3213
1.32365
1.32601
1.32781
1.32887
1.32938
1.32952
1.3294
1.32912
1.32883
1.32864
1.32854
1.30741
1.30747
1.30772
1.30843
1.30959
1.31104
1.31272
1.31472
1.3171
1.31986
1.32275
1.32508
1.32658
1.32747
1.32791
1.32801
1.3279
1.32772
1.32761
1.32753
1.30238
1.30241
1.30264
1.30337
1.3046
1.30616
1.30803
1.31033
1.3131
1.31637
1.31991
1.32291
1.32495
1.32622
1.32695
1.3273
1.32738
1.32733
1.32728
1.32724
1.29711
1.29711
1.29732
1.29804
1.29934
1.30104
1.30311
1.30572
1.30896
1.31292
1.3173
1.32107
1.32375
1.32557
1.3267
1.32733
1.32768
1.3278
1.32784
1.32783
1.29138
1.29137
1.29159
1.2923
1.29365
1.29548
1.29782
1.30082
1.30464
1.30938
1.31476
1.31956
1.32306
1.32551
1.32714
1.32826
1.32894
1.32929
1.32943
1.32944
1.28489
1.28486
1.28509
1.28585
1.28729
1.28933
1.29204
1.29561
1.30024
1.30606
1.3127
1.31866
1.32308
1.32627
1.32854
1.33011
1.33117
1.33177
1.33201
1.33202
1.27721
1.27717
1.27743
1.27827
1.27988
1.28223
1.28543
1.2897
1.2953
1.30242
1.31062
1.31805
1.32364
1.32774
1.3307
1.33284
1.33433
1.3352
1.33553
1.33555
1.2679
1.26785
1.26816
1.26916
1.27108
1.27391
1.27782
1.28309
1.29001
1.29881
1.30892
1.31809
1.325
1.33012
1.33388
1.33663
1.33854
1.33966
1.34008
1.3401
1.2565
1.25643
1.25683
1.25809
1.26045
1.26398
1.26886
1.27542
1.28404
1.29494
1.30741
1.31867
1.32717
1.33347
1.33812
1.34155
1.34394
1.34532
1.34583
1.34585
1.24237
1.24227
1.24282
1.24445
1.24745
1.25195
1.25816
1.26648
1.27733
1.2909
1.30623
1.31996
1.33029
1.33796
1.34365
1.34784
1.35078
1.35244
1.35303
1.35306
1.22457
1.22446
1.22523
1.22742
1.23134
1.23722
1.24529
1.25601
1.26978
1.2867
1.30548
1.3221
1.33452
1.34375
1.3506
1.35569
1.35925
1.36121
1.36189
1.36192
1.20169
1.20157
1.20269
1.20572
1.21107
1.21902
1.2298
1.24382
1.26139
1.28245
1.3053
1.32522
1.34003
1.35101
1.35925
1.36534
1.36956
1.37183
1.37262
1.37264
1.17151
1.17142
1.17318
1.17764
1.18534
1.19656
1.21133
1.2299
1.25235
1.27838
1.30592
1.32952
1.34697
1.35993
1.36966
1.37689
1.3818
1.38442
1.38531
1.38532
1.1301
1.13018
1.13338
1.14076
1.15267
1.1692
1.18982
1.21448
1.24299
1.27485
1.30758
1.33516
1.35544
1.37055
1.38192
1.39036
1.39604
1.39902
1.39998
1.39996
1.07002
1.07128
1.07905
1.09283
1.11234
1.13714
1.16588
1.19825
1.23391
1.27226
1.31055
1.34228
1.36546
1.38275
1.3958
1.40547
1.41204
1.4154
1.41633
1.41626
0.998615
1.00065
1.01532
1.03901
1.06917
1.10351
1.1411
1.18173
1.22512
1.27076
1.31568
1.35274
1.37995
1.40038
1.41588
1.4274
1.43525
1.4393
1.4404
1.44038
0.925303
0.93197
0.953659
0.987245
1.02714
1.07074
1.11709
1.16598
1.21719
1.27026
1.32201
1.36461
1.39591
1.41955
1.43767
1.45141
1.4607
1.46467
1.46598
1.46626
0.866349
0.874966
0.901351
0.941666
0.989075
1.04041
1.09454
1.1511
1.20973
1.2699
1.3281
1.37574
1.41065
1.43693
1.45703
1.47217
1.48238
1.48744
1.48954
1.48994
0.818468
0.827652
0.857477
0.90265
0.955791
1.01331
1.07396
1.13723
1.20255
1.26927
1.33341
1.38557
1.42354
1.45199
1.47369
1.49013
1.5015
1.50736
1.50976
1.5102
0.778331
0.787741
0.819894
0.868817
0.926566
0.989181
1.05533
1.1244
1.19568
1.26831
1.33784
1.394
1.4346
1.46482
1.48776
1.5051
1.51721
1.52368
1.52635
1.52684
0.743433
0.752938
0.78679
0.838785
0.900349
0.967279
1.03819
1.11238
1.18899
1.26698
1.3414
1.40117
1.44405
1.47571
1.49958
1.51755
1.5301
1.5371
1.5399
1.54041
0.712202
0.721747
0.756945
0.811486
0.876262
0.946922
1.02203
1.10079
1.18224
1.26516
1.34415
1.40726
1.45219
1.48507
1.50963
1.52797
1.54077
1.54799
1.55084
1.55136
0.683459
0.693059
0.729371
0.786123
0.853666
0.927589
1.00642
1.0893
1.17519
1.26274
1.34607
1.41239
1.45927
1.49327
1.51843
1.53703
1.54992
1.55728
1.56009
1.56065
0.656428
0.666086
0.703391
0.762053
0.832081
0.908905
0.99106
1.07768
1.16768
1.25959
1.34714
1.41666
1.46553
1.50067
1.52644
1.54534
1.55835
1.56573
1.56857
1.56895
0.63061
0.640363
0.678596
0.73888
0.811164
0.890582
0.975731
1.06576
1.15955
1.25562
1.34733
1.42013
1.4711
1.50753
1.534
1.55325
1.56639
1.57375
1.57657
1.57692
0.605602
0.615537
0.654601
0.716432
0.790699
0.872441
0.960294
1.05342
1.15074
1.25076
1.34659
1.42282
1.47611
1.51399
1.54132
1.56103
1.57436
1.58171
1.58442
1.58477
0.581221
0.591398
0.631218
0.69453
0.770563
0.854386
0.944674
1.04062
1.14119
1.24497
1.3449
1.42475
1.4806
1.52016
1.54851
1.56878
1.58234
1.58967
1.59224
1.59254
0.557415
0.56781
0.608421
0.673048
0.750685
0.836377
0.928844
1.02734
1.13089
1.23821
1.34221
1.42583
1.48453
1.52604
1.5556
1.57653
1.59034
1.59759
1.59999
1.6002
0.534067
0.544777
0.586113
0.651963
0.731046
0.818407
0.912816
1.01359
1.11986
1.23048
1.33841
1.42597
1.48784
1.53164
1.56263
1.58431
1.59833
1.60545
1.60761
1.60771
0.511241
0.52224
0.56432
0.631282
0.71167
0.800512
0.896643
0.99943
1.10812
1.22176
1.33347
1.42505
1.49041
1.53689
1.56962
1.59214
1.60628
1.6131
1.61497
1.61496
0.488907
0.500216
0.543062
0.611042
0.692596
0.782741
0.880379
0.984934
1.09575
1.2121
1.32735
1.42297
1.49209
1.54171
1.57662
1.60014
1.61421
1.62049
1.62195
1.62184
0.467253
0.478798
0.522378
0.59129
0.673884
0.765177
0.864102
0.97018
1.08283
1.20157
1.32005
1.4196
1.49268
1.54593
1.58364
1.60854
1.62234
1.62761
1.62844
1.62821
0.446148
0.458035
0.502305
0.57206
0.655578
0.747868
0.847911
0.955261
1.06947
1.19026
1.31159
1.41486
1.49197
1.54924
1.59057
1.61769
1.63131
1.63481
1.63439
1.63396
0.425762
0.43796
0.482878
0.553411
0.637761
0.730902
0.831892
0.940304
1.05579
1.17825
1.30202
1.40866
1.48974
1.55127
1.597
1.62776
1.64232
1.64366
1.64043
1.63885
0.40604
0.418528
0.464151
0.535398
0.620476
0.71435
0.81613
0.925392
1.04189
1.16569
1.29145
1.40097
1.48582
1.55151
1.6021
1.63814
1.65633
1.65769
1.6505
1.64039
0.387064
0.399787
0.446023
0.51787
0.603515
0.697928
0.800284
0.910111
1.02731
1.15206
1.2793
1.39114
1.4796
1.54932
1.60454
1.64713
1.67222
1.67745
1.66904
1.65961
0.368892
0.381828
0.428492
0.500871
0.586891
0.681634
0.784376
0.894448
1.01203
1.13724
1.26542
1.37885
1.47043
1.544
1.60178
1.64904
1.67744
1.68776
1.652
1.5977
0.351783
0.36542
0.411662
0.484458
0.570492
0.665337
0.768364
0.878526
0.996102
1.12134
1.24978
1.36399
1.45739
1.53534
1.59199
1.63243
1.66187
1.65302
1.59568
1.52932
0.335435
0.349871
0.395723
0.469238
0.554643
0.649514
0.752031
0.862407
0.979682
1.10451
1.23242
1.34647
1.43947
1.52447
1.57434
1.62739
1.60193
1.56284
1.49299
1.42302
0.349612
0.367645
0.416171
0.493693
0.583931
0.682492
0.790222
0.903397
1.02353
1.15147
1.27285
1.37365
1.45824
1.54827
1.59933
1.51863
1.47499
1.41318
1.33946
1.2903
0.325276
0.341738
0.377254
0.445129
0.530118
0.624441
0.727046
0.836709
0.95303
1.07634
1.20196
1.31368
1.4029
1.48188
1.55258
1.55499
1.4346
1.35084
1.28787
1.20292
0.305367
0.321061
0.362344
0.431643
0.516885
0.610772
0.712171
0.820856
0.936074
1.05776
1.18132
1.29045
1.37648
1.44264
1.46946
1.39977
1.25738
1.15978
1.08339
0.992314
0.285059
0.29758
0.343369
0.413975
0.49939
0.593437
0.694744
0.803015
0.917197
1.03716
1.15761
1.26195
1.34083
1.39123
1.36904
1.23917
1.08272
0.961592
0.861127
0.720323
0.261566
0.274653
0.322461
0.394205
0.47994
0.574006
0.675158
0.782752
0.895694
1.01358
1.1304
1.22926
1.30013
1.33088
1.27207
1.08534
0.896433
0.735931
0.588112
0.386468
0.239188
0.251896
0.300929
0.373841
0.460075
0.554096
0.654841
0.76151
0.872967
0.988404
1.10123
1.19408
1.25619
1.2579
1.14683
0.939927
0.71731
0.501119
0.315662
-0.106776
0.216878
0.229153
0.278673
0.352453
0.439091
0.533131
0.633461
0.739196
0.849057
0.961819
1.07032
1.15652
1.20826
1.17504
1.0217
0.810882
0.581466
0.354382
0.159575
-0.156968
0.193725
0.205834
0.25549
0.329799
0.416718
0.510787
0.610741
0.715563
0.823772
0.93369
1.03762
1.11674
1.15527
1.10229
0.908849
0.706163
0.496519
0.31717
0.240852
0.204399
0.169281
0.181208
0.231023
0.305597
0.392598
0.486537
0.585962
0.689648
0.795877
0.902465
1.00119
1.07256
1.09642
1.01397
0.808115
0.618016
0.445433
0.329645
0.291782
0.279709
0.143351
0.155213
0.205121
0.27985
0.366811
0.460454
0.559145
0.661442
0.765323
0.868073
0.960894
1.02427
1.02656
0.908544
0.716802
0.540533
0.393014
0.331388
0.316239
0.3115
0.115899
0.12752
0.177731
0.25257
0.339395
0.432575
0.530331
0.630956
0.732126
0.830577
0.916777
0.971842
0.946804
0.808177
0.630292
0.465031
0.3573
0.318488
0.324975
0.325486
0.0869344
0.0985397
0.148894
0.223833
0.310432
0.402995
0.499591
0.598273
0.696368
0.790027
0.869119
0.913929
0.870848
0.712503
0.551132
0.402672
0.353667
0.338745
0.334442
0.334062
0.0568759
0.0684871
0.118832
0.193847
0.280099
0.371879
0.467092
0.563557
0.658212
0.746623
0.81821
0.851044
0.799032
0.626078
0.479079
0.371194
0.32214
0.335362
0.337978
0.338366
0.0262056
0.0377446
0.0881148
0.162949
0.248743
0.339543
0.433153
0.527122
0.618008
0.700792
0.76446
0.788023
0.71304
0.543409
0.417256
0.343759
0.33697
0.337781
0.339668
0.34065
-0.00421333
0.00701242
0.0573744
0.13164
0.216856
0.306478
0.398241
0.489456
0.576305
0.653195
0.708708
0.721258
0.615447
0.460337
0.361584
0.359313
0.333711
0.333074
0.338393
0.339759
-0.0334779
-0.0226126
0.0272076
0.101039
0.185129
0.273385
0.363056
0.451291
0.533912
0.60468
0.652419
0.647553
0.520338
0.361752
0.302356
0.299012
0.297663
0.30142
0.305473
0.309845
-0.0601229
-0.0497301
-0.00089718
0.0717804
0.15467
0.24118
0.328523
0.413608
0.491927
0.556534
0.597138
0.578875
0.431286
0.233784
0.121672
0.161502
0.195354
0.215907
0.225374
0.23356
-0.0826881
-0.0729812
-0.0254852
0.0454793
0.126571
0.211042
0.295822
0.377644
0.451792
0.510618
0.544326
0.520669
0.360253
0.119899
-0.143036
-0.0702192
0.0555003
0.117643
0.133249
0.138847
-0.0991724
-0.0903031
-0.0449819
0.0237622
0.102305
0.18433
0.266341
0.344912
0.415187
0.46925
0.495495
0.475424
0.333489
0.180505
-0.176058
-0.138901
-0.0429063
-0.0277646
-0.00719156
0.0126128
-0.107883
-0.0998053
-0.05752
0.0080322
0.0835951
0.162642
0.241609
0.317109
0.383997
0.434583
0.453233
0.44889
0.368579
0.458471
0.657212
0.445171
0.113006
-0.0148448
-0.022888
-0.0268971
-0.105527
-0.0987576
-0.061866
2.35058e-05
0.0718803
0.147468
0.223303
0.29607
0.36042
0.408144
0.422622
0.408113
0.353882
0.537089
1.00658
0.63261
0.170164
-0.0202656
-0.0438899
-0.0602086
-0.0909633
-0.0863014
-0.0559499
0.000751261
0.0683553
0.14006
0.21288
0.283538
0.346848
0.393353
0.40733
0.345621
0.0583205
-0.45679
-1.08993
-1.63811
-1.69198
-1.33041
-0.80561
-0.534749
-0.064424
-0.0609268
-0.038368
0.0107017
0.0732354
0.14101
0.211235
0.280911
0.345312
0.396046
0.410869
0.339252
-0.204376
-1.20002
-2.20771
-2.64693
-2.69933
-2.39382
-1.9678
-1.69025
-0.0289352
-0.0266847
-0.011707
0.0286046
0.0856316
0.149807
0.218319
0.288778
0.357215
0.418678
0.454676
0.44882
0.0935419
-0.359772
-0.81387
-0.945119
-0.759812
-0.448582
-0.132979
0.0926341
0.0106937
0.0119516
0.0211192
0.051301
0.102594
0.164488
0.232467
0.305631
0.38216
0.458135
0.5379
0.600124
0.710572
0.937241
1.34288
1.80497
2.25677
2.59379
2.78813
2.87554
0.0482542
0.048952
0.0534019
0.0756595
0.121088
0.181556
0.250497
0.327558
0.412925
0.50803
0.619617
0.753943
0.960203
1.4284
2.09767
2.74508
3.2515
3.57182
3.73727
3.79801
0.0814249
0.0822557
0.0841171
0.0972148
0.136697
0.196387
0.267831
0.349062
0.439553
0.543984
0.657611
0.784604
0.917507
1.28612
1.86187
2.3904
2.81258
3.0809
3.22074
3.27653
0.113849
0.114526
0.11539
0.121059
0.151526
0.209517
0.283065
0.365721
0.456465
0.556811
0.66557
0.774054
0.881949
1.09623
1.53296
1.93849
2.25382
2.46227
2.57147
2.61373
0.135297
0.136576
0.137135
0.139347
0.164823
0.223482
0.298823
0.381126
0.469175
0.564156
0.664015
0.754158
0.838056
0.956318
1.24813
1.53684
1.76295
1.91414
1.99095
2.01899
0.148874
0.149131
0.146199
0.14723
0.176259
0.241531
0.320006
0.400553
0.482959
0.569249
0.657953
0.732951
0.800293
0.877052
1.06514
1.25754
1.40572
1.50425
1.55515
1.57399
0.19217
0.190146
0.184014
0.186082
0.217003
0.281566
0.355004
0.427984
0.500445
0.57505
0.651318
0.716921
0.773565
0.826687
0.951415
1.076
1.16812
1.22838
1.25722
1.26706
0.299537
0.296497
0.291609
0.293253
0.315785
0.359938
0.411949
0.466643
0.523055
0.583264
0.646237
0.701977
0.749698
0.790661
0.869173
0.94711
1.00538
1.04344
1.06142
1.06664
0.43678
0.43491
0.432607
0.432022
0.439198
0.45598
0.480576
0.511697
0.548911
0.592501
0.641364
0.687615
0.727735
0.759242
0.805896
0.854037
0.892721
0.91808
0.930692
0.934038
0.546611
0.545705
0.544547
0.541218
0.536873
0.535437
0.540409
0.552952
0.573482
0.601811
0.636929
0.671777
0.703649
0.731844
0.757908
0.787093
0.812941
0.831379
0.840904
0.843315
0.609352
0.608834
0.607824
0.603688
0.595604
0.586997
0.582522
0.584379
0.593357
0.609195
0.630901
0.652394
0.673323
0.691538
0.708747
0.730168
0.751568
0.767109
0.775262
0.776716
0.636608
0.636177
0.635132
0.631433
0.624206
0.615407
0.608477
0.60549
0.607601
0.614573
0.624007
0.631243
0.635516
0.639038
0.651066
0.674835
0.698078
0.714388
0.722699
0.723876
0.645436
0.645019
0.644038
0.641166
0.63599
0.629304
0.623049
0.618901
0.617676
0.618654
0.618002
0.609703
0.591235
0.579489
0.595649
0.625592
0.651458
0.668247
0.676662
0.678145
0.646739
0.646351
0.645551
0.643402
0.639804
0.635301
0.630754
0.627229
0.625288
0.623755
0.617815
0.597594
0.558936
0.534186
0.562598
0.599972
0.626215
0.640763
0.647048
0.648117
0.645048
0.644745
0.644245
0.642795
0.64025
0.637268
0.634463
0.632556
0.631951
0.631991
0.626942
0.605239
0.563325
0.544662
0.578209
0.611297
0.630712
0.639652
0.642445
0.643085
0.640615
0.640443
0.640322
0.63964
0.638129
0.636417
0.635286
0.63554
0.638272
0.642502
0.644853
0.635858
0.614171
0.61327
0.637541
0.65554
0.663605
0.667546
0.669048
0.669916
0.631739
0.631701
0.63193
0.631993
0.631664
0.631495
0.632419
0.635722
0.642659
0.6533
0.667967
0.678693
0.684971
0.700854
0.71391
0.719719
0.722011
0.725339
0.728185
0.727582
0.61662
0.616709
0.6173
0.61801
0.618867
0.620507
0.624042
0.631023
0.643062
0.661638
0.68863
0.717996
0.749614
0.775338
0.773859
0.770835
0.771416
0.776826
0.779421
0.77799
0.593685
0.593922
0.594753
0.596129
0.598112
0.601518
0.607699
0.618496
0.635913
0.662658
0.699623
0.738597
0.779078
0.807548
0.80231
0.79958
0.802478
0.806666
0.808831
0.807655
0.560511
0.560995
0.562233
0.564182
0.56714
0.57204
0.580368
0.594204
0.616151
0.650145
0.6941
0.736048
0.772415
0.794626
0.797262
0.807899
0.819313
0.82718
0.827051
0.824856
0.514062
0.514823
0.516419
0.518885
0.522597
0.528379
0.537547
0.552225
0.575575
0.612401
0.660828
0.70667
0.732746
0.736745
0.754734
0.791464
0.820569
0.836704
0.833786
0.831754
0.451603
0.452614
0.454398
0.457071
0.460897
0.466157
0.473393
0.484248
0.50153
0.531896
0.583928
0.646237
0.672672
0.66872
0.709256
0.777319
0.827432
0.846493
0.844228
0.844151
0.372372
0.373511
0.3751
0.377346
0.380011
0.382135
0.382468
0.380493
0.376858
0.38335
0.445195
0.544465
0.58907
0.593806
0.667723
0.76165
0.837503
0.86547
0.859815
0.856015
0.279903
0.280871
0.281706
0.282637
0.282324
0.277653
0.263933
0.235062
0.186914
0.147216
0.229491
0.393821
0.477309
0.504211
0.617069
0.727926
0.802113
0.81797
0.812649
0.807707
0.183973
0.18436
0.183948
0.182845
0.177975
0.163229
0.128362
0.0562025
-0.0648725
-0.158556
-0.0517002
0.201313
0.334478
0.405731
0.535369
0.638995
0.692935
0.689968
0.685816
0.68273
0.100409
0.0999611
0.0983178
0.0954248
0.0863027
0.0619287
0.00500836
-0.115275
-0.30969
-0.455324
-0.306394
0.00586785
0.189312
0.308863
0.441015
0.516598
0.525117
0.521133
0.519263
0.518642
0.0434895
0.0424929
0.0409101
0.0376434
0.027388
0.000997056
-0.0630129
-0.204311
-0.42331
-0.582758
-0.421009
-0.104116
0.0740325
0.242854
0.370245
0.399957
0.373936
0.359224
0.354181
0.352812
0.0116163
0.0120021
0.0138015
0.0150679
0.0136498
0.00472874
-0.0284905
-0.0943695
-0.150615
-0.162312
-0.0645449
0.00926078
0.0143621
0.0245792
0.108795
0.0812389
0.0653563
0.0586592
0.0559011
0.168207
-0.524942
0.215352
0.683241
0.95751
1.15785
1.31315
1.43573
1.53722
1.64222
1.73452
0.590787
0.803818
0.996614
1.15825
1.29353
1.40479
1.49613
1.57079
1.61715
1.62282
0.954877
1.07965
1.20099
1.30926
1.40267
1.4817
1.54652
1.59572
1.62754
1.64635
1.18199
1.26639
1.34925
1.42529
1.49196
1.54887
1.59564
1.63225
1.65999
1.67977
1.34603
1.4032
1.4646
1.52147
1.5708
1.61369
1.64999
1.68001
1.7044
1.72185
1.47438
1.51678
1.56501
1.60728
1.64631
1.68104
1.71135
1.73717
1.75863
1.77319
1.58073
1.6162
1.65479
1.69026
1.72358
1.75409
1.78115
1.80431
1.82337
1.83533
1.67613
1.70791
1.74275
1.77611
1.8075
1.8364
1.86198
1.88361
1.90081
1.91051
1.76854
1.80152
1.83732
1.87177
1.90347
1.93211
1.95696
1.9775
1.99313
2.00146
1.87139
1.90905
1.94759
1.98417
2.01649
2.04457
2.06819
2.08733
2.10158
2.11015
1.99897
2.04141
2.08063
2.11668
2.14724
2.17304
2.19468
2.2124
2.22597
2.23619
2.16064
2.20232
2.23618
2.26564
2.29024
2.31182
2.33147
2.34894
2.36372
2.37645
2.35105
2.38191
2.40337
2.42256
2.44065
2.45791
2.47415
2.49
2.50654
2.52348
2.5491
2.56054
2.57163
2.58576
2.60006
2.61292
2.62431
2.63519
2.64811
2.66501
2.73496
2.74488
2.75355
2.756
2.75686
2.76115
2.77198
2.78795
2.80559
2.81019
3.036
2.98063
2.92983
2.88959
2.86722
2.8632
2.8767
2.91051
2.96696
3.04252
1.58148
1.52279
1.4803
1.44644
1.42177
1.4042
1.39166
1.38269
1.37653
1.37297
1.37248
1.37523
1.38058
1.38845
1.39932
1.41433
1.43532
1.4644
1.50315
1.55097
1.38305
1.3918
1.39732
1.39814
1.39464
1.38858
1.38211
1.3766
1.37269
1.37093
1.37199
1.37548
1.38067
1.38708
1.3938
1.39904
1.40064
1.39739
1.39003
1.38236
1.3601
1.36213
1.36673
1.37024
1.37273
1.37414
1.37383
1.37205
1.3698
1.36813
1.36803
1.36973
1.37234
1.37488
1.3763
1.37592
1.37403
1.3712
1.36713
1.36274
1.35323
1.3541
1.35658
1.35928
1.36128
1.36262
1.36358
1.36398
1.36377
1.36341
1.36363
1.36457
1.36554
1.36593
1.36554
1.36464
1.36318
1.36091
1.35824
1.35627
1.34763
1.3481
1.34949
1.35151
1.35343
1.35499
1.3561
1.35695
1.35759
1.35805
1.35852
1.359
1.35918
1.35897
1.3584
1.35736
1.35579
1.35392
1.35224
1.35121
1.34252
1.34281
1.34373
1.3452
1.34681
1.3484
1.3498
1.35091
1.35185
1.35267
1.35332
1.35367
1.35365
1.35328
1.3525
1.35133
1.34996
1.34857
1.34744
1.34681
1.33765
1.33785
1.33854
1.33972
1.34111
1.34254
1.34399
1.34534
1.34652
1.34755
1.34836
1.34875
1.34869
1.3482
1.34736
1.34633
1.34523
1.34414
1.3433
1.34285
1.33296
1.33311
1.33366
1.33466
1.3359
1.33723
1.33864
1.34007
1.34146
1.3427
1.34368
1.34417
1.34412
1.34365
1.34293
1.34208
1.34118
1.3403
1.33965
1.33931
1.32838
1.32849
1.32895
1.32982
1.33098
1.33226
1.33363
1.3351
1.33661
1.33807
1.33927
1.3399
1.33996
1.33965
1.3391
1.33841
1.33765
1.33694
1.33644
1.33618
1.32384
1.32393
1.32431
1.3251
1.32621
1.32746
1.32884
1.33035
1.33195
1.3336
1.33505
1.33592
1.33621
1.33611
1.33574
1.33522
1.33461
1.33404
1.33365
1.33344
1.31927
1.31935
1.31968
1.32042
1.32151
1.32277
1.32421
1.32581
1.32757
1.32945
1.3312
1.33239
1.33295
1.33306
1.33287
1.3325
1.33204
1.33158
1.33128
1.33112
1.31463
1.31468
1.31498
1.31569
1.3168
1.31812
1.31964
1.32139
1.32336
1.32552
1.32764
1.32924
1.33012
1.33048
1.3305
1.33029
1.32995
1.3296
1.32937
1.32925
1.30987
1.30991
1.31018
1.31089
1.31203
1.31343
1.31506
1.31697
1.31922
1.32178
1.3244
1.32643
1.32768
1.32836
1.32865
1.32864
1.32843
1.32818
1.32803
1.32794
1.30494
1.30497
1.30521
1.30592
1.3071
1.3086
1.31038
1.31251
1.31505
1.31803
1.32122
1.32389
1.32567
1.32676
1.32733
1.32758
1.32755
1.32742
1.32733
1.32728
1.29977
1.29978
1.3
1.30073
1.302
1.30365
1.30564
1.30809
1.3111
1.31472
1.31866
1.32201
1.32432
1.32582
1.32675
1.32725
1.32741
1.32742
1.32741
1.32739
1.29431
1.29433
1.29452
1.29523
1.29654
1.29831
1.30051
1.30329
1.30678
1.31109
1.31594
1.32021
1.3233
1.32544
1.32682
1.32771
1.32817
1.32839
1.32849
1.32848
1.28822
1.28823
1.28845
1.28917
1.29056
1.2925
1.29503
1.2983
1.3025
1.30776
1.31374
1.31908
1.323
1.32579
1.32776
1.32909
1.32992
1.33038
1.33057
1.33058
1.28119
1.2812
1.28143
1.2822
1.28371
1.28592
1.28885
1.29274
1.29782
1.30425
1.31163
1.31828
1.32327
1.32691
1.32952
1.33137
1.33261
1.33333
1.33361
1.33363
1.27275
1.27275
1.27302
1.2739
1.27565
1.27825
1.28178
1.2865
1.29272
1.30063
1.30973
1.318
1.32422
1.3288
1.33216
1.33461
1.33627
1.33725
1.33763
1.33765
1.26246
1.26246
1.26279
1.26385
1.26598
1.26919
1.27355
1.27941
1.28712
1.29691
1.30814
1.31831
1.32598
1.33168
1.33587
1.33893
1.34105
1.34229
1.34275
1.34277
1.24979
1.24979
1.25021
1.25156
1.25424
1.25827
1.26376
1.27113
1.28078
1.29294
1.30677
1.31921
1.3286
1.33556
1.34073
1.34451
1.34714
1.34864
1.34918
1.34921
1.234
1.23401
1.23455
1.23632
1.23979
1.24498
1.25204
1.26146
1.27367
1.28882
1.3058
1.32092
1.33226
1.34069
1.34696
1.35157
1.35477
1.35655
1.35719
1.35722
1.21392
1.21393
1.21466
1.21707
1.22173
1.22861
1.23791
1.25015
1.26569
1.28457
1.30531
1.32352
1.3371
1.34717
1.35473
1.3603
1.36414
1.36623
1.36696
1.36699
1.18782
1.18784
1.18889
1.19233
1.19888
1.20839
1.22097
1.23708
1.25694
1.28038
1.3055
1.32721
1.34331
1.35528
1.36426
1.37089
1.37541
1.37783
1.37865
1.37867
1.15283
1.15287
1.1546
1.16001
1.16983
1.18353
1.20095
1.22236
1.24768
1.27653
1.3066
1.33216
1.35101
1.36504
1.3756
1.38343
1.38867
1.39145
1.39236
1.39235
1.10337
1.10366
1.10756
1.11742
1.13327
1.15372
1.17811
1.20643
1.23838
1.27341
1.30889
1.33854
1.36027
1.37648
1.38872
1.3978
1.4039
1.40707
1.40802
1.40796
1.03196
1.03439
1.0456
1.06501
1.09075
1.12042
1.15359
1.19007
1.22953
1.2714
1.3128
1.34697
1.37197
1.39071
1.40498
1.41569
1.42293
1.42676
1.42796
1.42796
0.956053
0.962638
0.982558
1.01201
1.04791
1.08701
1.12903
1.1738
1.22112
1.27049
1.31885
1.35874
1.38806
1.41016
1.42713
1.44016
1.44916
1.45384
1.45536
1.45558
0.892182
0.898868
0.925473
0.963287
1.00761
1.05528
1.10566
1.15849
1.21347
1.27014
1.32517
1.37035
1.40352
1.42857
1.44782
1.46246
1.47257
1.47838
1.48009
1.48026
0.84022
0.847284
0.877605
0.921267
0.971952
1.02654
1.08406
1.14408
1.20615
1.26966
1.3309
1.38087
1.41737
1.44478
1.46576
1.48175
1.49322
1.49963
1.50133
1.50164
0.797123
0.804475
0.837223
0.885135
0.940815
1.00098
1.06448
1.13074
1.19913
1.26887
1.33576
1.38998
1.42932
1.4587
1.4811
1.49816
1.51025
1.51713
1.51923
1.51967
0.760278
0.767795
0.802167
0.853394
0.91321
0.978054
1.04665
1.11835
1.19236
1.26773
1.33975
1.39776
1.43953
1.47051
1.49397
1.51177
1.52431
1.53156
1.53405
1.53457
0.727728
0.735349
0.770953
0.824853
0.888141
0.956991
1.03006
1.10659
1.18567
1.26617
1.3429
1.40437
1.44829
1.48058
1.50483
1.5231
1.53593
1.54337
1.5461
1.54662
0.69808
0.705812
0.742435
0.798632
0.864862
0.937196
1.01422
1.09508
1.17879
1.26406
1.34523
1.40996
1.45587
1.48931
1.51418
1.53271
1.5457
1.5532
1.55605
1.55655
0.670477
0.678308
0.715826
0.77398
0.842815
0.91822
0.998755
1.08355
1.17153
1.26129
1.34673
1.41465
1.46251
1.49708
1.52253
1.54132
1.55439
1.56193
1.56486
1.56539
0.644245
0.652211
0.690538
0.750392
0.821592
0.899743
0.983428
1.07179
1.16372
1.25773
1.34737
1.41851
1.46841
1.50417
1.53028
1.54938
1.56255
1.57001
1.5729
1.57354
0.619014
0.627141
0.666292
0.727599
0.800915
0.881522
0.968054
1.05967
1.15526
1.25332
1.34709
1.42159
1.47369
1.51082
1.5377
1.55719
1.5705
1.57796
1.58075
1.58131
0.594486
0.602809
0.642622
0.705445
0.780621
0.863429
0.952529
1.0471
1.14608
1.248
1.34588
1.4239
1.47844
1.51713
1.54495
1.56493
1.57844
1.58588
1.58857
1.58899
0.570556
0.579117
0.619577
0.683759
0.760615
0.845398
0.936801
1.03405
1.13615
1.24173
1.3437
1.42542
1.48265
1.52315
1.55208
1.57268
1.5864
1.5938
1.59634
1.59664
0.547172
0.555855
0.597078
0.662471
0.740856
0.827401
0.920865
1.02053
1.12548
1.23448
1.34046
1.42604
1.48628
1.52889
1.55914
1.58044
1.59439
1.60165
1.60399
1.60417
0.52426
0.533131
0.575058
0.64158
0.72134
0.809462
0.904758
1.00657
1.11408
1.22625
1.33609
1.42565
1.48924
1.53432
1.56614
1.58824
1.60235
1.60938
1.61145
1.61151
0.501821
0.510884
0.553549
0.621112
0.702104
0.791623
0.888525
0.99223
1.10202
1.21706
1.33057
1.42417
1.49139
1.53938
1.57313
1.59613
1.61027
1.61689
1.61861
1.61856
0.479938
0.489196
0.532591
0.601107
0.683201
0.773938
0.872247
0.977587
1.08936
1.20695
1.32386
1.42146
1.49254
1.54392
1.58014
1.60428
1.61825
1.62413
1.62534
1.62517
0.458682
0.468138
0.512223
0.581605
0.664686
0.756488
0.856001
0.96274
1.07621
1.19601
1.31597
1.41741
1.49251
1.54773
1.58714
1.61301
1.62669
1.63118
1.63153
1.63123
0.438057
0.44772
0.492478
0.562658
0.646611
0.73935
0.839881
0.947791
1.06267
1.18433
1.30694
1.41195
1.49106
1.55046
1.59389
1.62264
1.6365
1.63889
1.63734
1.63668
0.418137
0.428001
0.473397
0.544316
0.629049
0.72258
0.823972
0.932835
1.04886
1.17203
1.29685
1.40501
1.48801
1.55165
1.59979
1.63302
1.64899
1.64985
1.6449
1.64227
0.3989
0.408951
0.454992
0.52658
0.611975
0.706159
0.808251
0.917839
1.03474
1.15907
1.28563
1.39639
1.48307
1.55079
1.60379
1.64303
1.66437
1.66781
1.66012
1.64258
0.380312
0.390578
0.437151
0.50928
0.595156
0.689771
0.792334
0.902331
1.01976
1.14479
1.27258
1.38531
1.47545
1.5471
1.60396
1.64931
1.67746
1.68098
1.67565
1.62945
0.362108
0.373278
0.419939
0.492555
0.578699
0.673512
0.776405
0.886537
1.00416
1.12944
1.25783
1.37176
1.46448
1.5401
1.59781
1.64328
1.67266
1.67988
1.6285
1.56472
0.343288
0.358068
0.403548
0.476508
0.562317
0.657202
0.760212
0.870466
0.987928
1.113
1.24128
1.35556
1.44905
1.53006
1.58425
1.6137
1.63769
1.61528
1.54987
1.48186
0.324779
0.323006
0.38359
0.463557
0.548839
0.643613
0.744342
0.854766
0.971786
1.09625
1.22355
1.33707
1.42912
1.51926
1.54595
1.54439
1.5536
1.50123
1.42913
1.35653
0.349236
0.35032
0.407736
0.486681
0.576706
0.675135
0.780595
0.893499
1.01317
1.14045
1.26089
1.36085
1.44228
1.53053
1.55755
1.46409
1.38435
1.32084
1.24799
1.09841
0.308263
0.334434
0.39457
0.474138
0.564128
0.662189
0.767037
0.879223
0.997799
1.12328
1.24082
1.33734
1.41153
1.46888
1.44461
1.32275
1.20344
1.12193
1.03661
0.866182
0.283872
0.314826
0.375858
0.455208
0.54519
0.64297
0.747893
0.859194
0.976299
1.09933
1.21325
1.30466
1.37023
1.39526
1.32232
1.15826
1.01695
0.912357
0.795292
0.549723
0.260107
0.293446
0.355701
0.435732
0.525818
0.62348
0.727984
0.83825
0.953665
1.07387
1.18336
1.26865
1.32213
1.31446
1.18175
0.989998
0.811998
0.663991
0.497767
0.0964902
0.23741
0.271563
0.334871
0.415736
0.506007
0.603492
0.707318
0.81644
0.929977
1.04702
1.15144
1.22998
1.26704
1.22726
1.04502
0.830241
0.606534
0.411632
0.153021
-0.476535
0.215014
0.249156
0.313139
0.394606
0.485092
0.58238
0.685544
0.793446
0.904919
1.01851
1.11749
1.1882
1.20837
1.12435
0.919406
0.696283
0.466377
0.249953
0.0666548
-0.648302
0.191803
0.225952
0.290279
0.372114
0.46277
0.559894
0.66243
0.769092
0.878377
0.988291
1.08164
1.14333
1.1424
1.01114
0.811989
0.598631
0.39989
0.262493
0.231685
0.180655
0.167365
0.201484
0.265998
0.347973
0.43863
0.53544
0.637181
0.742329
0.849031
0.954642
1.04187
1.09273
1.06776
0.906161
0.715203
0.527833
0.375495
0.307405
0.285235
0.278241
0.141366
0.175571
0.24022
0.322224
0.412731
0.509057
0.609757
0.713084
0.816801
0.917499
0.998048
1.03577
0.992988
0.807622
0.626942
0.46236
0.344807
0.3136
0.312209
0.31181
0.113744
0.148146
0.212921
0.294915
0.385141
0.480782
0.580208
0.681407
0.781697
0.876943
0.949906
0.975323
0.907674
0.716201
0.544524
0.399448
0.34369
0.328331
0.32579
0.325833
0.0846279
0.11927
0.184173
0.2661
0.355924
0.4507
0.548613
0.647363
0.743797
0.833089
0.897591
0.910877
0.807373
0.631388
0.471835
0.356806
0.330362
0.334124
0.33405
0.334333
0.0545212
0.0893043
0.154217
0.235988
0.325267
0.418981
0.51513
0.611111
0.703291
0.786138
0.84203
0.836071
0.713307
0.551751
0.412156
0.360674
0.340133
0.338378
0.338285
0.33849
0.0237845
0.0587368
0.123399
0.20492
0.293489
0.385932
0.480069
0.572984
0.660552
0.736552
0.78394
0.760503
0.621313
0.478871
0.367951
0.332838
0.336848
0.338677
0.340276
0.340971
-0.00666047
0.0280237
0.0924676
0.173472
0.261077
0.352045
0.443915
0.533492
0.616162
0.685137
0.722853
0.683573
0.526627
0.408108
0.334695
0.324784
0.328871
0.33626
0.339438
0.340365
-0.0358817
-0.00187725
0.0622168
0.14223
0.228758
0.317996
0.407372
0.493402
0.570992
0.632853
0.66085
0.607477
0.428533
0.316742
0.308615
0.307157
0.30149
0.302757
0.308026
0.311461
-0.0625023
-0.0294376
0.0335036
0.11242
0.197509
0.284719
0.371381
0.453743
0.526234
0.580838
0.602852
0.529901
0.329095
0.152558
0.155127
0.184578
0.209344
0.220392
0.230193
0.235847
-0.0849074
-0.0533397
0.00805253
0.0852345
0.168421
0.253388
0.337152
0.415831
0.483508
0.530985
0.550485
0.458961
0.252084
-0.0283134
-0.143496
-0.00922674
0.0960447
0.128602
0.136429
0.140921
-0.101236
-0.071752
-0.0124639
0.0622017
0.142969
0.225335
0.306125
0.381234
0.444731
0.485962
0.503429
0.413535
0.26532
0.040481
-0.195668
-0.0652245
-0.0361508
-0.0186353
0.00553459
0.014856
-0.109565
-0.082587
-0.0266123
0.0449602
0.122785
0.202133
0.279874
0.351827
0.411759
0.449078
0.463514
0.40053
0.394756
0.617551
0.587286
0.265821
0.0119661
-0.019828
-0.0247932
-0.027643
-0.107865
-0.0844569
-0.0327867
0.03507
0.109314
0.185355
0.260143
0.329554
0.386701
0.421859
0.420959
0.365245
0.399784
0.745536
0.859283
0.385524
0.0272182
-0.0317239
-0.0558892
-0.0597781
-0.0929964
-0.0750195
-0.0297998
0.0336463
0.103739
0.176344
0.248575
0.316337
0.372747
0.406478
0.398854
0.224274
-0.157969
-0.814918
-1.38542
-1.72037
-1.56687
-1.05528
-0.623028
-0.537886
-0.0661112
-0.0530975
-0.0163468
0.0409007
0.106528
0.175836
0.246219
0.313905
0.373153
0.410322
0.399823
0.132694
-0.651179
-1.78156
-2.46243
-2.72896
-2.57979
-2.1803
-1.79391
-1.64318
-0.0303405
-0.0217097
0.00549265
0.0557509
0.117105
0.183492
0.25332
0.32351
0.3889
0.442844
0.454353
0.303602
-0.131667
-0.600695
-0.92697
-0.883661
-0.611853
-0.287928
-0.00543724
0.154911
0.00955346
0.0145982
0.0331926
0.075034
0.132638
0.197619
0.2684
0.343425
0.420007
0.498802
0.569196
0.664328
0.792023
1.12464
1.56857
2.03904
2.44363
2.70737
2.84202
2.89447
0.0474602
0.0499672
0.0616074
0.0959811
0.149824
0.214884
0.287909
0.368927
0.459432
0.559953
0.687001
0.826361
1.15475
1.75488
2.43237
3.0209
3.43444
3.6713
3.77801
3.80762
0.0818789
0.0827416
0.0879613
0.113881
0.164487
0.23101
0.30712
0.392942
0.489615
0.601114
0.719081
0.848568
1.05593
1.57083
2.13493
2.61934
2.96574
3.16435
3.25668
3.28597
0.114131
0.114993
0.116477
0.132455
0.177886
0.244971
0.32311
0.410143
0.504538
0.612003
0.719895
0.828195
0.955496
1.30353
1.74635
2.10791
2.37248
2.52764
2.59916
2.62011
0.135937
0.137101
0.137168
0.147807
0.191175
0.259756
0.339124
0.424245
0.515038
0.615411
0.711091
0.797693
0.873725
1.09031
1.39907
1.65795
1.84918
1.96052
2.00971
2.02219
0.149471
0.147809
0.145235
0.156693
0.20606
0.279947
0.360096
0.441084
0.525156
0.615156
0.698204
0.765565
0.827093
0.961692
1.16523
1.3374
1.46204
1.53468
1.56796
1.57489
0.191717
0.18729
0.182978
0.196736
0.246674
0.31789
0.391588
0.463793
0.537187
0.614161
0.686118
0.743963
0.796621
0.881837
1.01663
1.12612
1.20269
1.24613
1.26404
1.26672
0.29834
0.294092
0.29079
0.301347
0.336041
0.385336
0.439079
0.49433
0.552443
0.615374
0.675619
0.724778
0.770973
0.825423
0.909562
0.97896
1.02718
1.0545
1.0652
1.06575
0.435789
0.433836
0.431751
0.434318
0.446636
0.467329
0.495429
0.529463
0.569914
0.617343
0.665299
0.707048
0.749431
0.78141
0.829701
0.875495
0.907021
0.925747
0.933378
0.932835
0.54596
0.545334
0.543187
0.538991
0.535512
0.537053
0.545692
0.562171
0.586862
0.619406
0.654168
0.687412
0.720613
0.743523
0.772285
0.800726
0.823352
0.837191
0.842902
0.842007
0.608943
0.608587
0.606247
0.60003
0.591074
0.584084
0.582567
0.588002
0.600592
0.619768
0.641257
0.662174
0.685262
0.700063
0.718695
0.741404
0.760258
0.772103
0.776764
0.77541
0.636321
0.635877
0.633694
0.628213
0.619772
0.611572
0.606402
0.605968
0.610697
0.619347
0.627646
0.633748
0.638783
0.643569
0.662177
0.687044
0.707309
0.719444
0.724121
0.722623
0.645202
0.644694
0.642884
0.638847
0.632726
0.626049
0.620663
0.618011
0.618133
0.619004
0.614534
0.601529
0.582925
0.584831
0.610436
0.639507
0.661094
0.673395
0.678198
0.677255
0.646533
0.646067
0.644678
0.64175
0.63763
0.633014
0.62885
0.626114
0.624736
0.621911
0.609286
0.579776
0.538845
0.54441
0.582315
0.614725
0.634801
0.644731
0.648136
0.647421
0.644875
0.644566
0.643674
0.641622
0.638777
0.635817
0.633376
0.632095
0.632005
0.630387
0.618779
0.585781
0.54605
0.560187
0.596218
0.622554
0.636279
0.641469
0.643029
0.642568
0.64049
0.640411
0.640087
0.638966
0.637242
0.635726
0.63517
0.636458
0.640202
0.644206
0.642352
0.625578
0.607934
0.626017
0.648317
0.660378
0.665954
0.66839
0.669606
0.669796
0.631664
0.631807
0.63201
0.631863
0.631503
0.631749
0.633562
0.6383
0.647797
0.660672
0.674388
0.68159
0.690336
0.708737
0.717067
0.721023
0.723733
0.727024
0.728359
0.726874
0.616593
0.616959
0.617651
0.618401
0.619524
0.621955
0.62692
0.636003
0.651735
0.674592
0.704215
0.732241
0.765808
0.774188
0.771675
0.770227
0.773862
0.778829
0.779016
0.777266
0.593732
0.594266
0.595385
0.597012
0.599568
0.604174
0.612308
0.626138
0.648466
0.680785
0.720631
0.757435
0.798365
0.805754
0.799255
0.800065
0.805138
0.808342
0.808298
0.80712
0.560636
0.561526
0.563115
0.565495
0.569271
0.575667
0.58641
0.604241
0.631834
0.671447
0.716714
0.754048
0.788746
0.795337
0.801417
0.814462
0.823504
0.828044
0.825662
0.824339
0.514351
0.515518
0.517534
0.520544
0.525158
0.532421
0.544003
0.562904
0.592238
0.636032
0.686225
0.721855
0.737356
0.745177
0.771518
0.807317
0.832747
0.836025
0.832119
0.831551
0.452028
0.453405
0.455611
0.458819
0.46332
0.469458
0.478146
0.491766
0.514209
0.555616
0.617844
0.664172
0.669167
0.68237
0.746491
0.802515
0.841161
0.848134
0.844068
0.844601
0.372918
0.374233
0.376139
0.378663
0.381207
0.382611
0.381739
0.378527
0.376543
0.405674
0.497082
0.574741
0.584384
0.617101
0.717781
0.807644
0.855549
0.861617
0.857312
0.855565
0.280457
0.281272
0.28219
0.282783
0.280753
0.272288
0.251802
0.212737
0.16215
0.170526
0.313667
0.44934
0.486491
0.556372
0.670677
0.77175
0.82246
0.816044
0.809681
0.806822
0.184338
0.184201
0.183581
0.18117
0.172281
0.14915
0.0981758
0.00167207
-0.128823
-0.13461
0.0807948
0.280509
0.365352
0.474636
0.592172
0.669708
0.689397
0.687768
0.684093
0.681746
0.100409
0.0992166
0.0972339
0.0920592
0.0767391
0.0390083
-0.0452737
-0.205928
-0.401137
-0.423657
-0.144593
0.119905
0.2316
0.380271
0.492097
0.536929
0.524156
0.519832
0.518928
0.518373
0.0431486
0.0417004
0.039808
0.0336823
0.0170958
-0.0241849
-0.121828
-0.310186
-0.517688
-0.548147
-0.250079
-0.0027421
0.14933
0.315152
0.3954
0.3819
0.364743
0.355908
0.353284
0.35263
0.0153631
0.0143588
0.0145504
0.0150978
0.0113492
-0.00323068
-0.0462619
-0.144606
-0.29681
-0.409625
-0.28564
-0.0606858
0.0133575
0.127779
0.271747
0.245437
0.209617
0.184577
0.171891
0.167181
-0.0945069
0.496685
0.831981
1.06208
1.23939
1.37693
1.48916
1.58627
1.69964
1.69476
0.745669
0.906897
1.081
1.22926
1.35205
1.4526
1.53572
1.59887
1.62523
1.62939
1.03462
1.14175
1.25709
1.3578
1.44395
1.51591
1.57326
1.61363
1.63883
1.65561
1.2356
1.30895
1.38849
1.45984
1.52166
1.57353
1.61518
1.64705
1.67177
1.69023
1.3849
1.43926
1.49451
1.54694
1.59307
1.63265
1.66576
1.69282
1.71515
1.73337
1.50386
1.54319
1.58635
1.62733
1.66422
1.69673
1.72484
1.74837
1.76791
1.78563
1.60453
1.63597
1.67279
1.70723
1.73924
1.76808
1.79326
1.81432
1.83128
1.84863
1.69608
1.72535
1.75967
1.79207
1.82231
1.84964
1.87333
1.89276
1.90739
1.92452
1.78778
1.81924
1.85487
1.88797
1.91822
1.94504
1.9678
1.98596
1.99866
2.01593
1.89222
1.9281
1.96639
2.00085
2.03108
2.05695
2.07834
2.09506
2.10672
2.12458
2.02199
2.06104
2.09934
2.13261
2.16069
2.18435
2.20405
2.21963
2.2315
2.24976
2.18316
2.21968
2.25163
2.27842
2.30131
2.32188
2.34053
2.35661
2.37035
2.38823
2.3679
2.39316
2.41317
2.43171
2.4494
2.46617
2.48207
2.4981
2.51524
2.53439
2.5548
2.56571
2.57847
2.59306
2.60669
2.61879
2.62973
2.6411
2.65652
2.67596
2.73672
2.75023
2.7553
2.75631
2.75829
2.76569
2.77943
2.79705
2.81081
2.82215
3.00565
2.95509
2.90764
2.87607
2.86306
2.86762
2.89086
2.93593
3.00263
3.09676
1.43811
1.43509
1.42903
1.4181
1.40559
1.39426
1.38518
1.37838
1.37384
1.37185
1.37297
1.37686
1.38294
1.39116
1.40162
1.41391
1.42624
1.43493
1.43944
1.4416
1.36642
1.37307
1.37832
1.38193
1.38302
1.38137
1.37789
1.37405
1.371
1.36958
1.37055
1.37348
1.37749
1.38165
1.38463
1.38512
1.38278
1.37838
1.37207
1.36624
1.35635
1.35931
1.36267
1.36515
1.3669
1.36806
1.36825
1.36746
1.36632
1.36576
1.36649
1.36812
1.36969
1.37041
1.36993
1.36864
1.3667
1.36381
1.36046
1.35817
1.35035
1.35177
1.35398
1.35624
1.35795
1.35913
1.35998
1.36051
1.3607
1.36089
1.36144
1.36207
1.36231
1.36202
1.36132
1.36013
1.35828
1.35602
1.35425
1.35316
1.34504
1.34586
1.34732
1.34909
1.35083
1.35228
1.35339
1.35426
1.35501
1.35564
1.35614
1.35635
1.35622
1.35575
1.35485
1.35349
1.35191
1.35035
1.34931
1.34864
1.34006
1.34062
1.3417
1.34312
1.34463
1.34612
1.34748
1.34863
1.34962
1.35047
1.35103
1.35118
1.35095
1.3503
1.3493
1.34812
1.34687
1.34573
1.34502
1.34455
1.33529
1.3357
1.33658
1.3378
1.33914
1.34054
1.34197
1.34333
1.34455
1.3456
1.34628
1.34645
1.34616
1.34549
1.34461
1.34364
1.34263
1.34174
1.34121
1.34086
1.33066
1.33098
1.33171
1.3328
1.33405
1.3354
1.33682
1.33828
1.3397
1.34096
1.3418
1.34206
1.34183
1.34129
1.34058
1.33977
1.33894
1.33825
1.33783
1.33756
1.3261
1.32636
1.32699
1.32799
1.3292
1.33051
1.33194
1.33346
1.33504
1.33654
1.33759
1.33801
1.33797
1.33761
1.33707
1.33642
1.33574
1.33519
1.33487
1.33465
1.32156
1.32178
1.32233
1.32328
1.32446
1.32579
1.32726
1.32887
1.3306
1.33233
1.33367
1.33438
1.33457
1.33442
1.33404
1.33355
1.333
1.33257
1.33232
1.33214
1.31697
1.31714
1.31765
1.31858
1.31977
1.32115
1.32272
1.32449
1.32643
1.32847
1.33017
1.3312
1.33165
1.3317
1.33149
1.33114
1.33072
1.33039
1.3302
1.33006
1.31227
1.31242
1.31289
1.31384
1.31509
1.31655
1.31824
1.3202
1.32245
1.32488
1.32702
1.32842
1.32918
1.32949
1.32949
1.32927
1.32897
1.32872
1.32859
1.32847
1.30744
1.30755
1.30801
1.30897
1.31028
1.31184
1.31367
1.31586
1.31843
1.32136
1.32403
1.32592
1.3271
1.32774
1.328
1.32798
1.32781
1.32766
1.32757
1.32748
1.30239
1.30248
1.30293
1.30394
1.30534
1.30705
1.30912
1.31164
1.31466
1.31818
1.32154
1.32404
1.32567
1.32664
1.32717
1.32736
1.32736
1.3273
1.32727
1.32719
1.29711
1.29716
1.2976
1.29864
1.30015
1.30201
1.30434
1.30725
1.31085
1.31515
1.31933
1.32253
1.32476
1.32621
1.32705
1.32754
1.32775
1.32782
1.32784
1.32778
1.29136
1.29144
1.29187
1.29291
1.29451
1.29657
1.29922
1.30261
1.30689
1.3121
1.31733
1.32146
1.3244
1.32642
1.32775
1.32865
1.32915
1.32939
1.32945
1.32939
1.28486
1.28493
1.28538
1.28649
1.28824
1.29059
1.2937
1.29778
1.30299
1.30941
1.31588
1.32104
1.3248
1.3275
1.32939
1.33069
1.33152
1.33193
1.33203
1.33197
1.27717
1.27725
1.27776
1.27898
1.28096
1.28371
1.28741
1.29232
1.29866
1.30654
1.31458
1.32105
1.32586
1.32934
1.33186
1.33366
1.33484
1.33542
1.33557
1.33549
1.26784
1.26794
1.26856
1.27
1.27238
1.27572
1.28026
1.28632
1.29416
1.3039
1.3138
1.3218
1.32776
1.33214
1.33537
1.33768
1.3392
1.33995
1.34012
1.34004
1.25642
1.25655
1.25733
1.25913
1.26206
1.26623
1.2719
1.27945
1.28919
1.30122
1.31341
1.32323
1.33055
1.33597
1.33998
1.34286
1.34476
1.34566
1.34588
1.34578
1.24226
1.24244
1.24348
1.24577
1.24951
1.25482
1.26202
1.27156
1.28376
1.29864
1.31356
1.3255
1.33441
1.341
1.34592
1.34947
1.35177
1.35284
1.35309
1.35297
1.22444
1.22471
1.22613
1.22915
1.23403
1.24095
1.25029
1.26249
1.27783
1.29622
1.31437
1.32876
1.33947
1.34742
1.35334
1.35766
1.36043
1.36167
1.36196
1.36182
1.20151
1.20194
1.20395
1.20808
1.21473
1.22402
1.23637
1.25214
1.27148
1.29409
1.31598
1.33317
1.34593
1.35541
1.36254
1.3677
1.37093
1.37237
1.37269
1.37252
1.17128
1.17203
1.17504
1.18104
1.19053
1.20348
1.22011
1.24062
1.26492
1.29249
1.3186
1.33889
1.35392
1.36513
1.37356
1.37964
1.38338
1.38504
1.38538
1.38517
1.12983
1.13133
1.13652
1.14612
1.16041
1.17898
1.20162
1.22824
1.2585
1.29171
1.32244
1.34606
1.36353
1.37663
1.38648
1.39355
1.39785
1.3997
1.40003
1.39979
1.06978
1.0744
1.08524
1.10182
1.12419
1.151
1.18158
1.21565
1.25273
1.2921
1.32769
1.35474
1.37471
1.38973
1.40103
1.40917
1.41411
1.41609
1.41636
1.41609
0.998379
1.00657
1.02629
1.05334
1.08586
1.12185
1.16097
1.20302
1.2476
1.29409
1.3357
1.36734
1.39087
1.40866
1.4221
1.4318
1.43774
1.44014
1.44042
1.44034
0.92683
0.940836
0.969469
1.00653
1.04849
1.0935
1.14113
1.19122
1.24341
1.29717
1.34502
1.38139
1.40852
1.4292
1.44506
1.45672
1.46327
1.46551
1.4662
1.4663
0.868326
0.886001
0.920313
0.964666
1.01426
1.06705
1.12242
1.18006
1.23953
1.30021
1.35386
1.39447
1.42468
1.44764
1.46519
1.47799
1.48542
1.48881
1.48984
1.49
0.820502
0.84016
0.878682
0.928454
0.984004
1.04317
1.10517
1.16953
1.23564
1.30273
1.36167
1.40597
1.43874
1.46355
1.48254
1.49653
1.50502
1.50891
1.51011
1.51028
0.780335
0.801108
0.842842
0.896854
0.957263
1.02172
1.0894
1.15966
1.23173
1.30462
1.36832
1.41585
1.45076
1.47705
1.49708
1.5118
1.52109
1.52539
1.52672
1.5269
0.745392
0.766913
0.811153
0.868661
0.933138
1.00214
1.07477
1.15028
1.22771
1.30589
1.37389
1.4243
1.46102
1.48846
1.50924
1.5245
1.53432
1.53892
1.54029
1.54045
0.71412
0.736186
0.78247
0.842892
0.91085
0.983826
1.06085
1.14107
1.22342
1.3065
1.37851
1.43154
1.46985
1.49822
1.5195
1.53509
1.54506
1.54984
1.55127
1.55138
0.685388
0.707859
0.755928
0.818839
0.889823
0.966293
1.04725
1.13177
1.21866
1.30637
1.38223
1.43778
1.47758
1.50677
1.52847
1.5442
1.55428
1.55914
1.56053
1.56063
0.658315
0.681255
0.73086
0.795949
0.869631
0.949211
1.0337
1.12215
1.2133
1.30544
1.38508
1.44317
1.48449
1.51453
1.53665
1.55259
1.56271
1.56763
1.56892
1.56888
0.632464
0.655919
0.70673
0.773867
0.849961
0.932329
1.02002
1.11207
1.20721
1.30362
1.38708
1.44781
1.49079
1.52179
1.54442
1.56058
1.57077
1.57562
1.5769
1.57683
0.607488
0.631452
0.683374
0.752372
0.830611
0.915486
1.00608
1.10144
1.20031
1.30089
1.38821
1.45179
1.49662
1.52875
1.55201
1.56848
1.57875
1.58352
1.58476
1.58465
0.583165
0.607603
0.660677
0.731308
0.811474
0.898604
0.991811
1.0902
1.19257
1.29717
1.38847
1.45513
1.50205
1.53549
1.55953
1.57638
1.58675
1.59142
1.59253
1.59241
0.55938
0.584337
0.63849
0.710593
0.792492
0.881635
0.977199
1.07834
1.18396
1.29245
1.38777
1.45775
1.50706
1.54206
1.56701
1.58431
1.59475
1.59926
1.60022
1.60005
0.536104
0.561612
0.616761
0.690205
0.773655
0.864599
0.962265
1.06589
1.17448
1.28666
1.38602
1.45957
1.51163
1.54847
1.57449
1.59225
1.6027
1.60699
1.60777
1.60754
0.513374
0.539375
0.595496
0.670154
0.754992
0.847528
0.947052
1.05288
1.16416
1.27977
1.38313
1.46048
1.51566
1.55472
1.58201
1.60022
1.61052
1.61447
1.61506
1.61478
0.491153
0.517672
0.574728
0.650483
0.73655
0.830479
0.931629
1.03938
1.15305
1.27181
1.37904
1.46033
1.519
1.56077
1.58967
1.60829
1.61819
1.62161
1.62196
1.62165
0.46955
0.496573
0.554495
0.631233
0.718386
0.813534
0.916082
1.02549
1.14123
1.2628
1.37367
1.45895
1.52147
1.56652
1.59759
1.61674
1.62583
1.62832
1.62835
1.62803
0.448559
0.476128
0.534827
0.612464
0.700573
0.796766
0.900506
1.01132
1.12881
1.25281
1.36699
1.4562
1.52278
1.57174
1.60589
1.62613
1.634
1.63474
1.63412
1.63384
0.428279
0.456341
0.515781
0.59423
0.683169
0.780259
0.884986
0.996947
1.11589
1.24193
1.359
1.45193
1.52263
1.57597
1.61435
1.63714
1.64423
1.64208
1.6394
1.63875
0.408644
0.437241
0.497406
0.576588
0.666252
0.764096
0.869644
0.982516
1.10261
1.23029
1.34975
1.44604
1.52073
1.57851
1.62212
1.6497
1.6587
1.65477
1.64594
1.62818
0.389722
0.418836
0.47956
0.559339
0.649527
0.747943
0.854056
0.967552
1.08844
1.21731
1.33862
1.43784
1.51655
1.57843
1.62759
1.66217
1.67714
1.67507
1.65845
1.67058
0.371383
0.401138
0.4623
0.542539
0.633047
0.731862
0.838232
0.952088
1.07338
1.20293
1.32548
1.42678
1.50948
1.57447
1.62654
1.6658
1.6855
1.68149
1.62012
1.60042
0.353041
0.383587
0.445875
0.526592
0.617296
0.716297
0.822376
0.936387
1.05772
1.18735
1.31039
1.41257
1.49889
1.56621
1.61351
1.65151
1.66273
1.62999
1.55911
1.51557
0.334014
0.365334
0.430699
0.511847
0.602666
0.701389
0.806855
0.920621
1.04155
1.17063
1.29328
1.39518
1.48297
1.5544
1.60082
1.60427
1.58759
1.52902
1.45543
1.41011
0.737583
0.847807
0.964555
1.08855
1.21488
1.3272
1.41729
1.27347
0.313658
0.332549
0.370292
0.438575
0.523654
0.617629
0.719499
0.828562
0.944321
1.06684
1.19158
1.3024
1.39065
1.46395
1.51548
1.48422
1.34244
1.25452
1.18545
0.296325
0.309326
0.35332
0.423332
0.50867
0.602638
0.703924
0.812388
0.927102
1.04795
1.17004
1.27694
1.3597
1.41853
1.4187
1.31816
1.17157
1.06345
0.972626
0.27343
0.286169
0.333072
0.404183
0.489724
0.583788
0.685066
0.793055
0.90665
1.02563
1.14431
1.24597
1.32098
1.36195
1.32219
1.16188
0.990448
0.851644
0.730325
0.250426
0.263345
0.311832
0.38413
0.470108
0.564145
0.665109
0.77226
0.884474
1.00117
1.11605
1.21201
1.27881
1.29658
1.21196
1.01123
0.804618
0.61515
0.435283
0.228292
0.240677
0.289981
0.363317
0.449744
0.543775
0.644295
0.750486
0.861152
0.975263
1.08594
1.17554
1.23295
1.21561
1.08261
0.87222
0.641805
0.418969
0.21729
0.205751
0.217802
0.267328
0.341342
0.42813
0.522206
0.622355
0.727652
0.836726
0.948132
1.05444
1.13725
1.1827
1.1378
0.964113
0.756507
0.53304
0.319854
0.188875
0.149959
0.181988
0.193858
0.243552
0.317919
0.404874
0.498902
0.598612
0.7029
0.81016
0.918481
1.0199
1.09527
1.12638
1.06196
0.856965
0.659704
0.469657
0.323018
0.27565
0.249308
0.156933
0.168611
0.2184
0.292947
0.379919
0.473721
0.572817
0.675839
0.780938
0.885673
0.981551
1.04909
1.06355
0.961333
0.761751
0.578764
0.418943
0.326587
0.303876
0.299146
0.130315
0.141824
0.191778
0.26644
0.353314
0.446737
0.544994
0.646482
0.749057
0.849723
0.939329
0.998947
0.986461
0.857743
0.672855
0.50126
0.371327
0.325643
0.322162
0.320166
0.102155
0.113572
0.163663
0.23843
0.325108
0.418
0.515199
0.614892
0.714569
0.810693
0.893396
0.944026
0.908018
0.759643
0.589384
0.429589
0.349078
0.330209
0.330568
0.330668
0.0726661
0.0841793
0.134188
0.209047
0.295435
0.38762
0.483556
0.581169
0.67758
0.768675
0.844099
0.883108
0.835108
0.668508
0.513255
0.384276
0.342889
0.339531
0.336925
0.336788
0.0423999
0.0539381
0.103761
0.17857
0.264539
0.355844
0.450289
0.545544
0.638355
0.723993
0.79171
0.819722
0.758345
0.584659
0.445451
0.351141
0.329539
0.336914
0.339619
0.340241
0.0119536
0.0234137
0.0729848
0.1474
0.232851
0.323073
0.415794
0.508419
0.597318
0.677193
0.736883
0.755687
0.66466
0.50238
0.385806
0.35288
0.334011
0.335659
0.339674
0.340939
-0.0175843
-0.00666498
0.0424419
0.116393
0.200926
0.289894
0.380648
0.470399
0.555152
0.629005
0.680637
0.685026
0.567305
0.413484
0.336687
0.334847
0.325489
0.324431
0.328134
0.330852
-0.0452564
-0.0346714
0.0130759
0.0863309
0.169702
0.257116
0.34566
0.43234
0.512808
0.580474
0.624652
0.612157
0.474595
0.299622
0.230275
0.235838
0.251624
0.263923
0.270625
0.276892
-0.069723
-0.0595535
-0.0133378
0.0583045
0.140285
0.225787
0.311885
0.395347
0.471556
0.533189
0.570421
0.548437
0.392597
0.166734
-0.013158
0.0540568
0.128188
0.167628
0.180985
0.188006
-0.0888117
-0.0793664
-0.0354456
0.0341172
0.113888
0.197164
0.280612
0.3608
0.432964
0.489269
0.519505
0.49608
0.339352
0.117969
-0.230673
-0.159086
-0.00747059
0.0520937
0.0689261
0.0816991
-0.100949
-0.0925113
-0.0515162
0.0151317
0.0921974
0.172774
0.253306
0.330304
0.398814
0.451008
0.473463
0.460123
0.346903
0.295856
0.100617
0.0594701
-0.00121001
-0.0389372
-0.0358232
-0.0279387
-0.10388
-0.0969862
-0.059887
0.00296554
0.0768042
0.154158
0.231576
0.30567
0.371135
0.420292
0.43631
0.437433
0.381037
0.589912
1.16707
0.720983
0.207626
-0.00185705
-0.0234085
-0.0321264
-0.0968025
-0.09112
-0.0588139
-0.000814264
0.0689973
0.14274
0.217069
0.288666
0.352285
0.399007
0.414918
0.386258
0.242247
0.173267
0.144183
-0.273356
-0.44197
-0.340562
-0.195646
-0.1407
-0.0765935
-0.0723711
-0.0462195
0.00482168
0.0695651
0.139493
0.21096
0.280955
0.344499
0.392101
0.405283
0.333321
-0.119534
-1.01803
-1.97806
-2.50371
-2.51932
-2.09693
-1.59737
-1.23337
-0.0454673
-0.0428115
-0.023347
0.0196304
0.078372
0.144481
0.213771
0.28361
0.349504
0.405206
0.426823
0.38466
-0.138282
-0.924045
-1.80999
-2.24486
-2.21748
-1.85909
-1.48392
-1.1922
-0.00744841
-0.00587441
0.00612773
0.0410914
0.0936287
0.156527
0.224709
0.296265
0.368388
0.436324
0.493861
0.517872
0.417028
0.331013
0.38659
0.572678
0.892349
1.19005
1.40822
1.52143
0.031464
0.0324054
0.0385983
0.0643962
0.112017
0.173026
0.241279
0.316266
0.397426
0.482922
0.581654
0.691255
0.893693
1.31411
1.90963
2.53252
3.03473
3.35086
3.50512
3.55803
0.0655754
0.0661571
0.0691474
0.086636
0.129264
0.189359
0.259516
0.338865
0.427483
0.52992
0.645591
0.7802
0.947298
1.38469
2.01718
2.62272
3.10347
3.40699
3.56
3.61566
0.0984504
0.099028
0.10017
0.109053
0.144124
0.203025
0.275646
0.357943
0.449032
0.551841
0.662989
0.781348
0.897371
1.18875
1.70223
2.16744
2.53598
2.77691
2.90237
2.95078
0.126418
0.127425
0.128384
0.131909
0.158797
0.216237
0.290601
0.373165
0.462874
0.560835
0.665801
0.764885
0.862198
1.01709
1.37849
1.72453
1.9916
2.1705
2.26475
2.30024
0.141306
0.142373
0.141416
0.14287
0.169469
0.231376
0.308345
0.390112
0.475761
0.566806
0.661216
0.743014
0.816899
0.911489
1.14485
1.38184
1.56777
1.69021
1.75204
1.77596
0.163538
0.162417
0.157775
0.159442
0.190409
0.257236
0.335063
0.41299
0.491116
0.571891
0.654457
0.724355
0.786298
0.849286
1.00265
1.1581
1.2754
1.35355
1.39239
1.40538
0.238438
0.23534
0.229416
0.231689
0.25986
0.316091
0.380795
0.445939
0.511108
0.578909
0.64874
0.709638
0.761372
0.807615
0.90754
1.00618
1.07885
1.12649
1.14957
1.15569
0.368489
0.365978
0.362456
0.363132
0.377932
0.408207
0.446178
0.489058
0.535867
0.587812
0.643656
0.694568
0.738649
0.774709
0.835078
0.896661
0.944086
0.974253
0.98885
0.993529
0.497377
0.496061
0.494512
0.492382
0.49315
0.499199
0.512568
0.533317
0.561626
0.597274
0.639307
0.680206
0.716205
0.745161
0.781466
0.818578
0.849572
0.871285
0.882266
0.884844
0.583556
0.582894
0.581869
0.57793
0.570747
0.564512
0.563648
0.570024
0.58413
0.605815
0.634055
0.662395
0.689731
0.714142
0.734292
0.758089
0.781161
0.797821
0.806474
0.808311
0.62625
0.625795
0.624764
0.620744
0.612786
0.603585
0.597294
0.596102
0.601122
0.612122
0.627531
0.642205
0.655208
0.666334
0.680365
0.702298
0.723794
0.739172
0.747071
0.748425
0.642473
0.64205
0.641021
0.637736
0.631529
0.623671
0.616843
0.612974
0.613046
0.616655
0.6206
0.619884
0.613637
0.609451
0.622148
0.648316
0.672913
0.6898
0.698505
0.69986
0.646618
0.646211
0.645306
0.642812
0.638517
0.632994
0.62755
0.623558
0.621675
0.620938
0.616791
0.602632
0.571722
0.551988
0.574633
0.609491
0.636775
0.653278
0.660892
0.66188
0.646176
0.645823
0.645158
0.643352
0.640312
0.636643
0.632988
0.630186
0.628713
0.627333
0.620897
0.598433
0.555002
0.531054
0.563265
0.599656
0.622838
0.634485
0.638846
0.640207
0.643263
0.643022
0.642709
0.641637
0.639592
0.637232
0.635253
0.634371
0.635175
0.637525
0.634867
0.618049
0.583816
0.573687
0.604372
0.630398
0.643769
0.649595
0.651557
0.652133
0.63685
0.636746
0.636807
0.636509
0.635579
0.634592
0.634417
0.635905
0.641094
0.647777
0.656255
0.656824
0.649229
0.657562
0.674936
0.687631
0.693512
0.69739
0.69932
0.699092
0.625068
0.625095
0.625486
0.625882
0.626155
0.626876
0.629076
0.634148
0.643508
0.658183
0.679204
0.699659
0.718423
0.741652
0.74739
0.74679
0.74586
0.74918
0.752124
0.751949
0.606212
0.60638
0.607084
0.608156
0.609597
0.612142
0.617028
0.625948
0.640679
0.663343
0.694745
0.73132
0.769115
0.79867
0.793789
0.788828
0.791887
0.796763
0.799717
0.797731
0.578556
0.578919
0.579964
0.581611
0.584094
0.588299
0.595652
0.608117
0.627974
0.65868
0.699655
0.740617
0.780518
0.806583
0.804465
0.80695
0.811127
0.818506
0.818535
0.816747
0.539151
0.539735
0.541164
0.543401
0.546798
0.55226
0.56124
0.575864
0.599056
0.635362
0.681689
0.724857
0.756296
0.769401
0.776872
0.800003
0.822064
0.829811
0.830696
0.829024
0.484908
0.485795
0.487514
0.490155
0.494066
0.499847
0.508538
0.522077
0.543607
0.578867
0.628929
0.681246
0.704733
0.701546
0.733073
0.781638
0.821958
0.838734
0.835694
0.834776
0.413895
0.41498
0.416706
0.419298
0.422815
0.426949
0.431505
0.437383
0.446655
0.467905
0.523104
0.601453
0.634673
0.633743
0.689525
0.773946
0.832718
0.860645
0.857696
0.855326
0.327149
0.328226
0.32948
0.331243
0.33277
0.332049
0.326354
0.312865
0.289851
0.276928
0.348319
0.474102
0.536224
0.551974
0.644385
0.749342
0.831703
0.850721
0.845292
0.840843
0.231255
0.231982
0.232246
0.232297
0.229908
0.22052
0.196941
0.148068
0.069346
0.0010885
0.0934128
0.302137
0.409776
0.45584
0.581938
0.688694
0.758768
0.765069
0.759123
0.75433
0.139312
0.139316
0.138369
0.136411
0.129276
0.109432
0.0627999
-0.0343216
-0.195952
-0.318082
-0.190794
0.0979336
0.257156
0.358584
0.489512
0.587723
0.60738
0.604923
0.602859
0.601584
0.0679204
0.067079
0.0650964
0.0619339
0.0520596
0.0252118
-0.0386383
-0.174169
-0.387019
-0.547021
-0.388584
-0.0648169
0.131241
0.273576
0.402225
0.460157
0.448847
0.440725
0.437268
0.436345
0.0262571
0.0250568
0.0238382
0.0224559
0.0153729
-0.00575574
-0.061785
-0.190183
-0.393453
-0.532277
-0.381857
-0.106098
0.0244887
0.197845
0.295316
0.310716
0.293656
0.27699
0.269046
0.266158
0.0147598
0.0142559
0.0149888
0.0141305
0.00597334
-0.0192063
-0.0875321
-0.217878
-0.366672
-0.382218
-0.159774
-0.00883214
0.0707067
0.207799
0.266206
0.226759
0.195418
0.176539
0.169639
0.0555005
0.255852
0.620202
0.861456
1.06432
1.22868
1.36075
1.46751
1.55849
1.62377
1.62072
0.792509
0.957809
1.10917
1.23958
1.35132
1.44498
1.52233
1.58233
1.61904
1.63285
1.07734
1.18077
1.28078
1.37078
1.44927
1.51605
1.57078
1.6125
1.64206
1.66184
1.26915
1.33878
1.40966
1.47535
1.53226
1.58125
1.6221
1.65497
1.68116
1.69966
1.4139
1.46168
1.51653
1.56523
1.60872
1.64689
1.67981
1.7075
1.7304
1.74625
1.52959
1.56783
1.61045
1.64884
1.6845
1.7167
1.74514
1.76946
1.78963
1.80272
1.62935
1.66239
1.69831
1.73246
1.76446
1.79389
1.82007
1.84234
1.86043
1.87106
1.72196
1.75364
1.78846
1.82227
1.85369
1.88237
1.90759
1.92867
1.94507
1.95379
1.8177
1.85267
1.88978
1.92554
1.95772
1.98621
2.01058
2.03049
2.0454
2.05346
1.93121
1.97154
2.01086
2.04795
2.07993
2.10715
2.12983
2.14817
2.16192
2.17106
2.07543
2.1184
2.1559
2.18961
2.21772
2.24158
2.26226
2.27972
2.29361
2.30478
2.25327
2.2909
2.31916
2.34349
2.36454
2.38387
2.40216
2.41934
2.43526
2.4498
2.451
2.47207
2.48709
2.50296
2.51927
2.53459
2.54833
2.56161
2.57713
2.5955
2.64187
2.64899
2.65951
2.67108
2.68101
2.69023
2.70051
2.71163
2.72326
2.73213
2.85481
2.85659
2.84869
2.83219
2.82106
2.82052
2.83269
2.8573
2.89143
2.91597
3.27449
3.0806
2.97954
2.92172
2.89261
2.88599
2.9012
2.94202
3.01788
3.16084
0.349813
0.345301
0.384347
0.45479
0.539976
0.634668
1.50205
1.5715
1.5725
1.49671
1.42856
1.35674
1.11455
0.877577
0.590367
0.207715
-0.190109
)
;

boundaryField
{
    wall-4
    {
        type            zeroGradient;
    }
    pressure-outlet-7
    {
        type            fixedValue;
        value           uniform 0;
    }
    velocity-inlet-6
    {
        type            zeroGradient;
    }
    velocity-inlet-5
    {
        type            zeroGradient;
    }
    frontAndBackPlanes
    {
        type            empty;
    }
}


// ************************************************************************* //
