0.0005	0.007982359
0.001	0.00699984
0.0015	0.010277673
0.002	0.010039971
0.0025	0.0093534793
0.003	0.0097147783
0.0035	0.009647366
0.004	0.0099471248
0.0045	0.0097482987
0.005	0.0098073692
0.0055	0.0098662442
0.006	0.0094982529
0.0065	0.0098370934
0.007	0.0095086665
0.0075	0.0095644562
0.008	0.0095010051
0.0085	0.0091695202
0.009	0.0092922806
0.0095	0.0090185292
0.01	0.0090485168
0.0105	0.0088559106
0.011	0.0086878746
0.0115	0.0086495567
0.012	0.008315256
0.0125	0.0083980076
0.013	0.0081137157
0.0135	0.008110766
0.014	0.0079051442
0.0145	0.0078173973
0.015	0.0076569233
0.0155	0.0075195548
0.016	0.0074513962
0.0165	0.0072301556
0.017	0.0072426777
0.0175	0.0069679498
0.018	0.0070320699
0.0185	0.0067540433
0.019	0.0068240703
0.0195	0.0065777532
0.02	0.0066249764
0.0205	0.0064100454
0.021	0.0064470407
0.0215	0.0062517331
0.022	0.0062886292
0.0225	0.0061057624
0.023	0.0061426551
0.0235	0.0059750288
0.024	0.0060081397
0.0245	0.005855503
0.025	0.0058852168
0.0255	0.0057462133
0.026	0.0057730245
0.0265	0.0056475704
0.027	0.0056699628
0.0275	0.0055558051
0.028	0.0055748922
0.0285	0.0054700522
0.029	0.0054873935
0.0295	0.0053915638
0.03	0.0054073559
0.0305	0.0053190371
0.031	0.0053370032
0.0315	0.005252013
0.032	0.0052730312
0.0325	0.0051928494
0.033	0.0052129771
0.0335	0.0051418931
0.034	0.0051560226
0.0345	0.0050952245
0.035	0.0051016652
0.0355	0.005050889
0.036	0.0050495913
0.0365	0.0050083546
0.037	0.0049996674
0.0375	0.0049674473
0.038	0.0049518242
0.0385	0.0049279602
0.039	0.0049058597
0.0395	0.0048897055
0.04	0.0048636567
0.0405	0.004852641
0.041	0.0048290294
0.0415	0.0048168771
0.042	0.0047984489
0.0425	0.004782255
0.043	0.0047691282
0.0435	0.0047488184
0.044	0.0047405202
0.0445	0.0047181223
0.045	0.0047126093
0.0455	0.0046923212
0.046	0.004685798
0.0465	0.00466966
0.047	0.0046610899
0.0475	0.0046482693
0.048	0.004638457
0.0485	0.0046276819
0.049	0.0046177148
0.0495	0.0046077874
0.05	0.0045980529
0.0505	0.0045885362
0.051	0.0045791595
0.0515	0.0045699555
0.052	0.0045608842
0.0525	0.0045519513
0.053	0.0045431638
0.0535	0.0045345139
0.054	0.0045259987
0.0545	0.0045176154
0.055	0.0045093514
0.0555	0.0045011975
0.056	0.0044931323
0.0565	0.0044851177
0.057	0.0044771509
0.0575	0.0044691598
0.058	0.0044611101
0.0585	0.0044528937
0.059	0.0044444261
0.0595	0.0044355486
0.06	0.0044260895
0.0605	0.0044157758
0.061	0.0044042963
0.0615	0.0043912019
0.062	0.0043759425
0.0625	0.0043578226
0.063	0.0043359789
0.0635	0.0043093351
0.064	0.0042766169
0.0645	0.0042363609
0.065	0.0041869554
0.0655	0.0041267497
0.066	0.0040542242
0.0665	0.003968285
0.067	0.0038688025
0.0675	0.0037565528
0.068	0.0036337704
0.0685	0.0035045738
0.069	0.0033744355
0.0695	0.0032497719
0.07	0.0032101448
0.0705	0.0032547937
0.071	0.0032895084
0.0715	0.0033110584
0.072	0.0033235036
0.0725	0.0033213035
0.073	0.003316809
0.0735	0.0033017848
0.074	0.0032839729
0.0745	0.0032591899
0.075	0.0032305335
0.0755	0.0032067888
0.076	0.0031864409
0.0765	0.0031677858
0.077	0.0031501044
0.0775	0.0031286708
0.078	0.0031053226
0.0785	0.0030828175
0.079	0.0030601874
0.0795	0.0030393523
0.08	0.0030188894
0.0805	0.0029956726
0.081	0.0029727352
0.0815	0.0029509698
0.082	0.0029273451
0.0825	0.0029039561
0.083	0.0028831087
0.0835	0.0028610027
0.084	0.0028378195
0.0845	0.0028173118
0.085	0.0027954054
0.0855	0.002772089
0.086	0.0027512867
0.0865	0.0027302245
0.087	0.0027079455
0.0875	0.0026866431
0.088	0.0026667045
0.0885	0.0026456525
0.089	0.0026238786
0.0895	0.0026045722
0.09	0.0025846883
0.0905	0.002564021
0.091	0.0025441134
0.0915	0.002525584
0.092	0.0025063085
0.0925	0.0024865622
0.093	0.0024686327
0.0935	0.0024508823
0.094	0.0024326775
0.0945	0.0024142031
0.095	0.002397556
0.0955	0.0023806851
0.096	0.0023635136
0.0965	0.0023460744
0.097	0.0023304797
0.0975	0.0023144884
0.098	0.0022984033
0.0985	0.00228217
0.099	0.0022670802
0.0995	0.0022524016
0.1	0.0022371465
0.1005	0.0022222131
0.101	0.0022076187
0.1015	0.0021937371
0.102	0.0021798942
0.1025	0.0021656507
0.103	0.0021519395
0.1035	0.0021383117
0.104	0.0021255055
0.1045	0.0021126053
0.105	0.0020998402
0.1055	0.0020873434
0.106	0.0020750049
0.1065	0.0020633111
0.107	0.0020519138
0.1075	0.0020410419
0.108	0.0020303912
0.1085	0.0020201659
0.109	0.0020103895
0.1095	0.0020010408
0.11	0.0019924394
0.1105	0.00198457
0.111	0.0019769593
0.1115	0.001969444
0.112	0.0019619862
0.1125	0.0019545772
0.113	0.0019472096
0.1135	0.0019398751
0.114	0.0019325751
0.1145	0.0019253064
0.115	0.0019180681
0.1155	0.0019108592
0.116	0.0019036794
0.1165	0.001896528
0.117	0.0018894057
0.1175	0.0018823121
0.118	0.0018752441
0.1185	0.0018682007
0.119	0.001861182
0.1195	0.0018541878
0.12	0.0018472155
0.1205	0.001840264
0.121	0.0018333339
0.1215	0.0018264229
0.122	0.0018195307
0.1225	0.0018126573
0.123	0.0018058026
0.1235	0.0017989676
0.124	0.001792152
0.1245	0.0017853563
0.125	0.0017785779
0.1255	0.0017718225
0.126	0.001765098
0.1265	0.0017583972
0.127	0.0017517185
0.1275	0.0017450618
0.128	0.0017384282
0.1285	0.0017318294
0.129	0.0017252526
0.1295	0.0017186968
0.13	0.0017121624
0.1305	0.001705649
0.131	0.0016991561
0.1315	0.001692684
0.132	0.0016862324
0.1325	0.0016798005
0.133	0.0016733875
0.1335	0.001666993
0.134	0.0016606174
0.1345	0.0016542604
0.135	0.0016479214
0.1355	0.0016416005
0.136	0.0016352973
0.1365	0.0016290115
0.137	0.0016227428
0.1375	0.0016164912
0.138	0.0016102565
0.1385	0.0016040386
0.139	0.0015978386
0.1395	0.0015916551
0.14	0.0015854881
0.1405	0.0015793379
0.141	0.001573204
0.1415	0.001567087
0.142	0.0015609854
0.1425	0.0015549
0.143	0.0015488303
0.1435	0.0015427768
0.144	0.0015367387
0.1445	0.0015307162
0.145	0.0015247093
0.1455	0.0015187183
0.146	0.0015127432
0.1465	0.0015067835
0.147	0.0015008394
0.1475	0.0014949113
0.148	0.0014889987
0.1485	0.0014831019
0.149	0.0014772211
0.1495	0.0014713562
0.15	0.0014655073
0.1505	0.0014596745
0.151	0.0014538579
0.1515	0.0014480578
0.152	0.0014422744
0.1525	0.0014365078
0.153	0.0014307583
0.1535	0.0014250262
0.154	0.0014193127
0.1545	0.0014136175
0.155	0.0014079407
0.1555	0.0014022835
0.156	0.0013966451
0.1565	0.001391026
0.157	0.001385427
0.1575	0.0013798485
0.158	0.001374291
0.1585	0.0013687546
0.159	0.0013632396
0.1595	0.0013577467
0.16	0.0013522763
0.1605	0.0013468288
0.161	0.001341404
0.1615	0.0013360024
0.162	0.0013306245
0.1625	0.0013252709
0.163	0.0013199422
0.1635	0.0013146385
0.164	0.0013093602
0.1645	0.0013041071
0.165	0.0012988798
0.1655	0.0012936777
0.166	0.001288501
0.1665	0.0012833498
0.167	0.0012782244
0.1675	0.0012731259
0.168	0.0012680541
0.1685	0.0012630086
0.169	0.0012579902
0.1695	0.0012529988
0.17	0.0012480327
0.1705	0.0012430916
0.171	0.0012381757
0.1715	0.0012332848
0.172	0.0012284201
0.1725	0.0012235816
0.173	0.0012187672
0.1735	0.0012139762
0.174	0.0012092083
0.1745	0.0012044642
0.175	0.0011997434
0.1755	0.0011950444
0.176	0.0011903672
0.1765	0.0011857122
0.177	0.001181077
0.1775	0.0011764615
0.178	0.0011718652
0.1785	0.0011672873
0.179	0.0011627286
0.1795	0.001158188
0.18	0.0011536664
0.1805	0.0011491651
0.181	0.0011446802
0.1815	0.0011402119
0.182	0.0011357615
0.1825	0.0011313262
0.183	0.001126906
0.1835	0.0011225003
0.184	0.0011181081
0.1845	0.0011137299
0.185	0.001109365
0.1855	0.0011050132
0.186	0.001100674
0.1865	0.001096346
0.187	0.0010920296
0.1875	0.0010877245
0.188	0.0010834319
0.1885	0.0010791508
0.189	0.0010748812
0.1895	0.0010706227
0.19	0.0010663751
0.1905	0.0010621381
0.191	0.0010579115
0.1915	0.0010536959
0.192	0.0010494919
0.1925	0.0010452982
0.193	0.0010411147
0.1935	0.0010369412
0.194	0.0010327786
0.1945	0.0010286282
0.195	0.0010244875
0.1955	0.001020358
0.196	0.0010162395
0.1965	0.0010121312
0.197	0.0010080334
0.1975	0.0010039464
0.198	0.00099987013
0.1985	0.00099580521
0.199	0.00099175197
0.1995	0.00098770986
0.2	0.00098367938
