0.0005	-0.0032959304
0.001	-0.0032959304
0.0015	-0.0032959304
0.002	-0.0032959304
0.0025	-0.0032959304
0.003	-0.0032959304
0.0035	-0.0032959304
0.004	-0.0032959304
0.0045	-0.0032959304
0.005	-0.0032959304
0.0055	-0.0032959304
0.006	-0.0032959304
0.0065	-0.0032959304
0.007	-0.0032959304
0.0075	-0.0032959304
0.008	-0.0032959304
0.0085	-0.0032959304
0.009	-0.0032959304
0.0095	-0.0032959304
0.01	-0.0032959304
0.0105	-0.0032959304
0.011	-0.0032959304
0.0115	-0.0032959304
0.012	-0.0032959304
0.0125	-0.0032959304
0.013	-0.0032959304
0.0135	-0.0032959304
0.014	-0.0032959304
0.0145	-0.0032959304
0.015	-0.0032959304
0.0155	-0.0032959304
0.016	-0.0032959304
0.0165	-0.0032959304
0.017	-0.0032959304
0.0175	-0.0032959304
0.018	-0.0032959304
0.0185	-0.0032959304
0.019	-0.0032959304
0.0195	-0.0032959304
0.02	-0.0032959304
0.0205	-0.0032959304
0.021	-0.0032959304
0.0215	-0.0032959304
0.022	-0.0032959304
0.0225	-0.0032959304
0.023	-0.0032959304
0.0235	-0.0032959304
0.024	-0.0032959304
0.0245	-0.0032959304
0.025	-0.0032959304
0.0255	-0.0032959304
0.026	-0.0032959304
0.0265	-0.0032959304
0.027	-0.0032959304
0.0275	-0.0032959304
0.028	-0.0032959304
0.0285	-0.0032959304
0.029	-0.0032959304
0.0295	-0.0032959304
0.03	-0.0032959304
0.0305	-0.0032959304
0.031	-0.0032959304
0.0315	-0.0032959304
0.032	-0.0032959304
0.0325	-0.0032959304
0.033	-0.0032959304
0.0335	-0.0032959304
0.034	-0.0032959304
0.0345	-0.0032959304
0.035	-0.0032959304
0.0355	-0.0032959304
0.036	-0.0032959304
0.0365	-0.0032959304
0.037	-0.0032959304
0.0375	-0.0032959304
0.038	-0.0032959304
0.0385	-0.0032959304
0.039	-0.0032959304
0.0395	-0.0032959304
0.04	-0.0032959304
0.0405	-0.0032959304
0.041	-0.0032959304
0.0415	-0.0032959304
0.042	-0.0032959304
0.0425	-0.0032959304
0.043	-0.0032959304
0.0435	-0.0032959304
0.044	-0.0032959304
0.0445	-0.0032959304
0.045	-0.0032959304
0.0455	-0.0032959303
0.046	-0.0032959303
0.0465	-0.0032959303
0.047	-0.0032959303
0.0475	-0.0032959302
0.048	-0.0032959301
0.0485	-0.00329593
0.049	-0.0032959297
0.0495	-0.0032959292
0.05	-0.0032959284
0.0505	-0.0032959272
0.051	-0.0032959251
0.0515	-0.0032959218
0.052	-0.0032959165
0.0525	-0.0032959083
0.053	-0.0032958954
0.0535	-0.0032958755
0.054	-0.0032958449
0.0545	-0.0032957986
0.055	-0.0032957288
0.0555	-0.0032956247
0.056	-0.0032954708
0.0565	-0.0032952453
0.057	-0.0032949175
0.0575	-0.0032944455
0.058	-0.0032937716
0.0585	-0.0032928181
0.059	-0.0032914807
0.0595	-0.0032896215
0.06	-0.0032870602
0.0605	-0.0032835639
0.061	-0.0032788353
0.0615	-0.0032725009
0.062	-0.0032640983
0.0625	-0.0032530652
0.063	-0.0032387313
0.0635	-0.0032203167
0.064	-0.0031969398
0.0645	-0.0031676396
0.065	-0.0031314185
0.0655	-0.0030873099
0.066	-0.0030344754
0.0665	-0.0029723308
0.067	-0.0029006968
0.0675	-0.0028199598
0.068	-0.0027312157
0.0685	-0.0026363587
0.069	-0.0025380673
0.0695	-0.0024396432
0.07	-0.0023446942
0.0705	-0.0022567026
0.071	-0.0021785779
0.0715	-0.0021122891
0.072	-0.0020586542
0.0725	-0.0020173195
0.073	-0.001986921
0.0735	-0.0019653821
0.074	-0.0019502815
0.0745	-0.0019392138
0.075	-0.0019300876
0.0755	-0.0019213234
0.076	-0.0019119383
0.0765	-0.0019015213
0.077	-0.0018901267
0.0775	-0.0018781151
0.078	-0.001865983
0.0785	-0.0018542115
0.079	-0.0018431595
0.0795	-0.0018330115
0.08	-0.0018237764
0.0805	-0.0018153259
0.081	-0.0018074524
0.0815	-0.0017999298
0.082	-0.001792563
0.0825	-0.0017852178
0.083	-0.0017778291
0.0835	-0.0017703926
0.084	-0.0017629446
0.0845	-0.001755539
0.085	-0.0017482266
0.0855	-0.0017410414
0.086	-0.0017339954
0.0865	-0.0017270804
0.087	-0.0017202745
0.0875	-0.0017135505
0.088	-0.0017068834
0.0885	-0.0017002552
0.089	-0.0016936568
0.0895	-0.001687087
0.09	-0.0016805498
0.0905	-0.001674051
0.091	-0.0016675956
0.0915	-0.0016611861
0.092	-0.0016548223
0.0925	-0.0016485013
0.093	-0.0016422192
0.0935	-0.0016359717
0.094	-0.0016297557
0.0945	-0.0016235693
0.095	-0.0016174118
0.0955	-0.0016112834
0.096	-0.0016051848
0.0965	-0.0015991164
0.097	-0.0015930784
0.0975	-0.0015870706
0.098	-0.0015810922
0.0985	-0.0015751424
0.099	-0.0015692203
0.0995	-0.0015633252
0.1	-0.0015574566
0.1005	-0.0015516142
0.101	-0.001545798
0.1015	-0.0015400077
0.102	-0.0015342434
0.1025	-0.0015285048
0.103	-0.0015227917
0.1035	-0.0015171038
0.104	-0.0015114408
0.1045	-0.0015058024
0.105	-0.0015001883
0.1055	-0.0014945984
0.106	-0.0014890325
0.1065	-0.0014834904
0.107	-0.001477972
0.1075	-0.0014724771
0.108	-0.0014670056
0.1085	-0.0014615575
0.109	-0.0014561325
0.1095	-0.0014507306
0.11	-0.0014453517
0.1105	-0.0014399958
0.111	-0.0014346629
0.1115	-0.0014293531
0.112	-0.0014240662
0.1125	-0.0014188024
0.113	-0.0014135617
0.1135	-0.001408344
0.114	-0.0014031494
0.1145	-0.0013979776
0.115	-0.0013928286
0.1155	-0.001387702
0.116	-0.0013825975
0.1165	-0.0013775146
0.117	-0.0013724526
0.1175	-0.0013674108
0.118	-0.0013623884
0.1185	-0.0013573846
0.119	-0.0013523982
0.1195	-0.0013474285
0.12	-0.0013424745
0.1205	-0.0013375354
0.121	-0.0013326106
0.1215	-0.0013276995
0.122	-0.0013228021
0.1225	-0.0013179181
0.123	-0.0013130479
0.1235	-0.0013081919
0.124	-0.0013033506
0.1245	-0.0012985247
0.125	-0.0012937151
0.1255	-0.0012889224
0.126	-0.0012841475
0.1265	-0.001279391
0.127	-0.0012746534
0.1275	-0.0012699349
0.128	-0.0012652358
0.1285	-0.001260556
0.129	-0.0012558955
0.1295	-0.0012512539
0.13	-0.0012466309
0.1305	-0.0012420261
0.131	-0.0012374391
0.1315	-0.0012328696
0.132	-0.0012283172
0.1325	-0.0012237815
0.133	-0.0012192623
0.1335	-0.0012147593
0.134	-0.0012102723
0.1345	-0.0012058011
0.135	-0.0012013455
0.1355	-0.0011969054
0.136	-0.0011924806
0.1365	-0.001188071
0.137	-0.0011836764
0.1375	-0.0011792967
0.138	-0.0011749318
0.1385	-0.0011705816
0.139	-0.0011662459
0.1395	-0.0011619248
0.14	-0.0011576181
0.1405	-0.0011533257
0.141	-0.0011490476
0.1415	-0.0011447836
0.142	-0.0011405338
0.1425	-0.0011362979
0.143	-0.0011320759
0.1435	-0.0011278677
0.144	-0.0011236733
0.1445	-0.0011194925
0.145	-0.0011153253
0.1455	-0.0011111715
0.146	-0.0011070312
0.1465	-0.0011029043
0.147	-0.0010987905
0.1475	-0.00109469
0.148	-0.0010906026
0.1485	-0.0010865281
0.149	-0.0010824667
0.1495	-0.0010784181
0.15	-0.0010743823
0.1505	-0.0010703593
0.151	-0.0010663489
0.1515	-0.001062351
0.152	-0.0010583657
0.1525	-0.0010543928
0.153	-0.0010504323
0.1535	-0.0010464841
0.154	-0.0010425481
0.1545	-0.0010386243
0.155	-0.0010347125
0.1555	-0.0010308128
0.156	-0.001026925
0.1565	-0.0010230491
0.157	-0.001019185
0.1575	-0.0010153327
0.158	-0.001011492
0.1585	-0.001007663
0.159	-0.0010038456
0.1595	-0.0010000396
0.16	-0.00099624507
0.1605	-0.00099246192
0.161	-0.00098869009
0.1615	-0.00098492951
0.162	-0.00098118012
0.1625	-0.00097744187
0.163	-0.0009737147
0.1635	-0.00096999854
0.164	-0.00096629335
0.1645	-0.00096259905
0.165	-0.0009589156
0.1655	-0.00095524293
0.166	-0.000951581
0.1665	-0.00094792973
0.167	-0.00094428908
0.1675	-0.000940659
0.168	-0.00093703941
0.1685	-0.00093343028
0.169	-0.00092983155
0.1695	-0.00092624316
0.17	-0.00092266506
0.1705	-0.00091909719
0.171	-0.00091553951
0.1715	-0.00091199195
0.172	-0.00090845448
0.1725	-0.00090492704
0.173	-0.00090140957
0.1735	-0.00089790203
0.174	-0.00089440437
0.1745	-0.00089091654
0.175	-0.00088743848
0.1755	-0.00088397016
0.176	-0.00088051152
0.1765	-0.00087706251
0.177	-0.0008736231
0.1775	-0.00087019322
0.178	-0.00086677284
0.1785	-0.00086336191
0.179	-0.00085996037
0.1795	-0.0008565682
0.18	-0.00085318534
0.1805	-0.00084981174
0.181	-0.00084644737
0.1815	-0.00084309217
0.182	-0.0008397461
0.1825	-0.00083640911
0.183	-0.00083308117
0.1835	-0.00082976223
0.184	-0.00082645224
0.1845	-0.00082315117
0.185	-0.00081985897
0.1855	-0.0008165756
0.186	-0.00081330101
0.1865	-0.00081003517
0.187	-0.00080677804
0.1875	-0.00080352958
0.188	-0.00080028975
0.1885	-0.00079705852
0.189	-0.00079383584
0.1895	-0.00079062169
0.19	-0.00078741603
0.1905	-0.00078421882
0.191	-0.00078103005
0.1915	-0.00077784967
0.192	-0.00077467767
0.1925	-0.00077151402
0.193	-0.0007683587
0.1935	-0.0007652117
0.194	-0.00076207298
0.1945	-0.00075894256
0.195	-0.00075582041
0.1955	-0.00075270654
0.196	-0.00074960095
0.1965	-0.00074650365
0.197	-0.00074341465
0.1975	-0.00074033396
0.198	-0.00073726163
0.1985	-0.00073419767
0.199	-0.00073114214
0.1995	-0.00072809508
0.2	-0.00072505655
