0.0005	0.80038766
0.001	0.47216904
0.0015	0.64602113
0.002	0.58753018
0.0025	0.54143021
0.003	0.55343565
0.0035	0.5648001
0.004	0.59369098
0.0045	0.59707628
0.005	0.5994488
0.0055	0.59541621
0.006	0.57895618
0.0065	0.59616269
0.007	0.59471899
0.0075	0.59776199
0.008	0.61095847
0.0085	0.59836502
0.009	0.60496623
0.0095	0.60310458
0.01	0.60830919
0.0105	0.60998197
0.011	0.60454295
0.0115	0.61120131
0.012	0.60315403
0.0125	0.61291157
0.013	0.60728016
0.0135	0.61116884
0.014	0.61252532
0.0145	0.6117079
0.015	0.61237368
0.0155	0.61126359
0.016	0.61640026
0.0165	0.61024843
0.017	0.6186628
0.0175	0.60943984
0.018	0.6193425
0.0185	0.60933391
0.019	0.6197159
0.0195	0.61186161
0.02	0.62016732
0.0205	0.61460005
0.021	0.62138696
0.0215	0.61661815
0.022	0.6228699
0.0225	0.61825231
0.023	0.62418598
0.0235	0.62030843
0.024	0.62513475
0.0245	0.62231614
0.025	0.62595343
0.0255	0.62410972
0.026	0.62676168
0.0265	0.62549914
0.027	0.62747495
0.0275	0.62652616
0.028	0.62804219
0.0285	0.62730425
0.029	0.6285345
0.0295	0.62780287
0.03	0.62914052
0.0305	0.62790271
0.031	0.62958781
0.0315	0.62812197
0.032	0.62983235
0.0325	0.62848609
0.033	0.62985984
0.0335	0.62873817
0.034	0.62968083
0.0345	0.62877841
0.035	0.6293099
0.0355	0.62858017
0.036	0.62875044
0.0365	0.62817379
0.037	0.6280165
0.0375	0.62759403
0.038	0.62696635
0.0385	0.6268181
0.039	0.62554701
0.0395	0.62589464
0.04	0.62441279
0.0405	0.62485543
0.041	0.62349198
0.0415	0.62370284
0.042	0.62250145
0.0425	0.62241083
0.043	0.62138573
0.0435	0.62101662
0.044	0.62016369
0.0445	0.61963693
0.045	0.61892499
0.0455	0.61829777
0.046	0.61764407
0.0465	0.61691519
0.047	0.61623245
0.0475	0.61544748
0.048	0.61470872
0.0485	0.61389448
0.049	0.6130979
0.0495	0.6122561
0.05	0.61141645
0.0505	0.61054269
0.051	0.60966732
0.0515	0.60876545
0.052	0.60785779
0.0525	0.60692885
0.053	0.60599181
0.0535	0.60502877
0.054	0.60406599
0.0545	0.60308016
0.055	0.60209277
0.0555	0.60108636
0.056	0.60007593
0.0565	0.59905548
0.057	0.5980142
0.0575	0.59697893
0.058	0.59590998
0.0585	0.59484799
0.059	0.59374705
0.0595	0.59265064
0.06	0.59151195
0.0605	0.59036819
0.061	0.58917369
0.0615	0.5879466
0.062	0.58665896
0.0625	0.58530895
0.063	0.58387773
0.0635	0.5823457
0.064	0.58069374
0.0645	0.57888305
0.065	0.57686667
0.0655	0.57456951
0.066	0.57185936
0.0665	0.56856618
0.067	0.5644799
0.0675	0.55937992
0.068	0.5529708
0.0685	0.54506129
0.069	0.5355884
0.0695	0.52477285
0.07	0.52302497
0.0705	0.52441606
0.071	0.5236459
0.0715	0.52190522
0.072	0.52006598
0.0725	0.51780744
0.073	0.51655715
0.0735	0.51473704
0.074	0.51312729
0.0745	0.51079231
0.075	0.50822978
0.0755	0.5062463
0.076	0.50435721
0.0765	0.50306498
0.077	0.50144569
0.0775	0.49933189
0.078	0.49723832
0.0785	0.49491975
0.079	0.49258226
0.0795	0.49068428
0.08	0.48856173
0.0805	0.48612191
0.081	0.48392427
0.0815	0.48166937
0.082	0.47917156
0.0825	0.47686761
0.083	0.47475348
0.0835	0.47240366
0.084	0.46999192
0.0845	0.4679332
0.085	0.46552023
0.0855	0.46296467
0.086	0.46086547
0.0865	0.45851182
0.087	0.45601691
0.0875	0.45376888
0.088	0.45156998
0.0885	0.44916416
0.089	0.44670191
0.0895	0.44463181
0.09	0.44230835
0.0905	0.43989366
0.091	0.43765342
0.0915	0.43551451
0.092	0.43320218
0.0925	0.43083877
0.093	0.42880575
0.0935	0.42663601
0.094	0.42440006
0.0945	0.42213584
0.095	0.42017824
0.0955	0.41804831
0.096	0.41588337
0.0965	0.4136829
0.097	0.41179323
0.0975	0.40971864
0.098	0.40764112
0.0985	0.405533
0.099	0.40362752
0.0995	0.40170202
0.1	0.39966506
0.1005	0.39769241
0.101	0.39575865
0.1015	0.39392938
0.102	0.39204247
0.1025	0.39008994
0.103	0.38823011
0.1035	0.38636116
0.104	0.38463016
0.1045	0.38281578
0.105	0.38103094
0.1055	0.37926009
0.106	0.37751522
0.1065	0.37584232
0.107	0.37420937
0.1075	0.37262184
0.108	0.37105805
0.1085	0.36952824
0.109	0.36806315
0.1095	0.36663958
0.11	0.36531185
0.1105	0.36406239
0.111	0.3628347
0.1115	0.36161555
0.112	0.36040334
0.1125	0.35919671
0.113	0.357995
0.1135	0.35679686
0.114	0.35560249
0.1145	0.3544113
0.115	0.35322303
0.1155	0.352038
0.116	0.35085641
0.1165	0.34967775
0.117	0.34850245
0.1175	0.3473304
0.118	0.34616098
0.1185	0.34499464
0.119	0.34383141
0.1195	0.34267122
0.12	0.34151376
0.1205	0.34035871
0.121	0.3392062
0.1215	0.33805598
0.122	0.33690778
0.1225	0.33576142
0.123	0.33461752
0.1235	0.33347591
0.124	0.33233626
0.1245	0.3311988
0.125	0.33006458
0.1255	0.32893426
0.126	0.32780731
0.1265	0.32668288
0.127	0.32556115
0.1275	0.32444267
0.128	0.32332761
0.1285	0.3222164
0.129	0.32110802
0.1295	0.32000254
0.13	0.31889997
0.1305	0.31780033
0.131	0.31670285
0.1315	0.31560811
0.132	0.31451583
0.1325	0.31342617
0.133	0.31233885
0.1335	0.31125424
0.134	0.31017238
0.1345	0.30909305
0.135	0.30801616
0.1355	0.30694182
0.136	0.30587001
0.1365	0.30480053
0.137	0.3037333
0.1375	0.30266854
0.138	0.30160628
0.1385	0.3005462
0.139	0.29948748
0.1395	0.29843105
0.14	0.29737707
0.1405	0.29632562
0.141	0.2952766
0.1415	0.29423009
0.142	0.29318585
0.1425	0.29214382
0.143	0.29110399
0.1435	0.29006635
0.144	0.28903097
0.1445	0.28799789
0.145	0.28696707
0.1455	0.28593811
0.146	0.28491136
0.1465	0.28388694
0.147	0.28286494
0.1475	0.28184522
0.148	0.28082764
0.1485	0.27981225
0.149	0.27879921
0.1495	0.27778839
0.15	0.2767794
0.1505	0.27577266
0.151	0.2747683
0.1515	0.27376626
0.152	0.27276644
0.1525	0.2717689
0.153	0.27077376
0.1535	0.26978124
0.154	0.26879143
0.1545	0.2678042
0.155	0.26681957
0.1555	0.26583771
0.156	0.26485851
0.1565	0.2638819
0.157	0.26290812
0.1575	0.26193709
0.158	0.26096879
0.1585	0.26000312
0.159	0.25904039
0.1595	0.25808072
0.16	0.25712409
0.1605	0.25617066
0.161	0.25522033
0.1615	0.25427317
0.162	0.25332931
0.1625	0.25238883
0.163	0.25145186
0.1635	0.25051829
0.164	0.249588
0.1645	0.24866112
0.165	0.24773765
0.1655	0.24681743
0.166	0.24590049
0.1665	0.24498701
0.167	0.24407678
0.1675	0.24317021
0.168	0.24226733
0.1685	0.24136806
0.169	0.24047244
0.1695	0.23958056
0.17	0.23869193
0.1705	0.23780673
0.171	0.23692503
0.1715	0.23604682
0.172	0.23517225
0.1725	0.2343012
0.173	0.23343334
0.1735	0.23256842
0.174	0.23170664
0.1745	0.23084823
0.175	0.22999284
0.1755	0.22914035
0.176	0.22829108
0.1765	0.22744498
0.177	0.22660158
0.1775	0.22576083
0.178	0.2249225
0.1785	0.22408706
0.179	0.22325405
0.1795	0.22242365
0.18	0.2215961
0.1805	0.22077183
0.181	0.21995019
0.1815	0.21913106
0.182	0.21831468
0.1825	0.21750093
0.183	0.21668963
0.1835	0.21588046
0.184	0.21507343
0.1845	0.21426848
0.185	0.21346524
0.1855	0.2126639
0.186	0.21186477
0.1865	0.21106753
0.187	0.21027215
0.1875	0.20947855
0.188	0.20868674
0.1885	0.20789698
0.189	0.20710925
0.1895	0.20632351
0.19	0.20553973
0.1905	0.20475774
0.191	0.20397765
0.1915	0.20319969
0.192	0.20242364
0.1925	0.20164943
0.193	0.20087717
0.1935	0.20010681
0.194	0.19933843
0.1945	0.19857222
0.195	0.19780785
0.1955	0.19704556
0.196	0.19628512
0.1965	0.19552653
0.197	0.1947698
0.1975	0.19401499
0.198	0.193262
0.1985	0.19251101
0.199	0.19176182
0.1995	0.19101454
0.2	0.19026948
