0.0005	0.44948176
0.001	0.62491407
0.0015	0.6090484
0.002	0.69086462
0.0025	0.69161661
0.003	0.67475438
0.0035	0.674145
0.004	0.70765153
0.0045	0.7227769
0.005	0.73879001
0.0055	0.74481473
0.006	0.72522936
0.0065	0.741348
0.007	0.7395876
0.0075	0.74255875
0.008	0.76121365
0.0085	0.74661807
0.009	0.75308242
0.0095	0.75356245
0.01	0.75624257
0.0105	0.76041921
0.011	0.75150342
0.0115	0.76049773
0.012	0.7507193
0.0125	0.7598705
0.013	0.75442201
0.0135	0.75428056
0.014	0.75664283
0.0145	0.75102509
0.015	0.75177947
0.0155	0.74673289
0.016	0.75172359
0.0165	0.74114068
0.017	0.74885672
0.0175	0.73537521
0.018	0.74361084
0.0185	0.73050594
0.019	0.738021
0.0195	0.72837142
0.02	0.73262963
0.0205	0.72564727
0.021	0.72801852
0.0215	0.72178009
0.022	0.72358104
0.0225	0.71729638
0.023	0.71903267
0.0235	0.71338544
0.024	0.71417524
0.0245	0.70937509
0.025	0.70928442
0.0255	0.7053484
0.026	0.70459576
0.0265	0.70119312
0.027	0.70010155
0.0275	0.69698407
0.028	0.6956583
0.0285	0.692731
0.029	0.69126018
0.0295	0.68844612
0.03	0.68725769
0.0305	0.68384295
0.031	0.68337125
0.0315	0.67961411
0.032	0.67956622
0.0325	0.67596439
0.033	0.67584156
0.0335	0.67250942
0.034	0.672183
0.0345	0.66913095
0.035	0.66854594
0.0355	0.66579287
0.036	0.66489192
0.0365	0.66244524
0.037	0.66117962
0.0375	0.65911659
0.038	0.65730923
0.0385	0.65578642
0.039	0.65317465
0.0395	0.65247437
0.04	0.64956827
0.0405	0.64916979
0.041	0.64637616
0.0415	0.64585113
0.042	0.64329277
0.0425	0.642508
0.043	0.64028264
0.0435	0.63914784
0.044	0.63731109
0.0445	0.63602874
0.045	0.63439413
0.0455	0.63303714
0.046	0.6315872
0.0465	0.6301162
0.047	0.62883997
0.0475	0.62725182
0.048	0.62599222
0.0485	0.62442506
0.049	0.62311321
0.0495	0.62161268
0.05	0.62026166
0.0505	0.61882227
0.051	0.61745923
0.0515	0.61606001
0.052	0.61469253
0.0525	0.6133347
0.053	0.61194622
0.0535	0.61062415
0.054	0.60923054
0.0545	0.60792938
0.055	0.60653925
0.0555	0.60524388
0.056	0.60386818
0.0565	0.60257113
0.057	0.6012145
0.0575	0.59990452
0.058	0.59856563
0.0585	0.59723708
0.059	0.59590351
0.0595	0.59453891
0.06	0.5931817
0.0605	0.59175929
0.061	0.5903088
0.0615	0.58875288
0.062	0.58708874
0.0625	0.58525028
0.063	0.58314564
0.0635	0.58071
0.064	0.57776207
0.0645	0.57422028
0.065	0.56982419
0.0655	0.56448417
0.066	0.55794666
0.0665	0.55016655
0.067	0.5410741
0.0675	0.53094653
0.068	0.52023481
0.0685	0.50958323
0.069	0.49963765
0.0695	0.49117174
0.07	0.49453245
0.0705	0.50338935
0.071	0.51029094
0.0715	0.51499704
0.072	0.51759571
0.0725	0.51737284
0.073	0.51624009
0.0735	0.51346866
0.074	0.51069341
0.0745	0.50744484
0.075	0.50435262
0.0755	0.50219412
0.076	0.50034955
0.0765	0.49895428
0.077	0.49715645
0.0775	0.49472536
0.078	0.49223733
0.0785	0.4896038
0.079	0.48703359
0.0795	0.48495884
0.08	0.4827169
0.0805	0.48016587
0.081	0.47784021
0.0815	0.47548183
0.082	0.47288968
0.0825	0.47048951
0.083	0.46834438
0.0835	0.46596338
0.084	0.46350353
0.0845	0.46141935
0.085	0.45897911
0.0855	0.45639995
0.086	0.45425827
0.0865	0.45189131
0.087	0.44938736
0.0875	0.44710921
0.088	0.44490868
0.0885	0.44249671
0.089	0.44001971
0.0895	0.43793947
0.09	0.43561769
0.0905	0.43319965
0.091	0.43093445
0.0915	0.42879798
0.092	0.42648055
0.0925	0.42410731
0.093	0.42205095
0.0935	0.41987847
0.094	0.41763558
0.0945	0.41535636
0.095	0.41338513
0.0955	0.41125307
0.096	0.40908481
0.0965	0.40686953
0.097	0.40496952
0.0975	0.40289011
0.098	0.40081589
0.0985	0.39869534
0.099	0.39677427
0.0995	0.39484429
0.1	0.3928044
0.1005	0.39082641
0.101	0.38886835
0.1015	0.38702782
0.102	0.38513267
0.1025	0.38316833
0.103	0.38129861
0.1035	0.37940893
0.104	0.37766204
0.1045	0.37584052
0.105	0.3740435
0.1055	0.37226363
0.106	0.37050082
0.1065	0.36882038
0.107	0.36717704
0.1075	0.36559092
0.108	0.36402139
0.1085	0.36249718
0.109	0.36103236
0.1095	0.35961163
0.11	0.35828611
0.1105	0.35704773
0.111	0.35583049
0.1115	0.35461829
0.112	0.3534095
0.1125	0.35220289
0.113	0.35100083
0.1135	0.34980241
0.114	0.34860849
0.1145	0.34741838
0.115	0.34623153
0.1155	0.34504737
0.116	0.34386634
0.1165	0.34268837
0.117	0.34151308
0.1175	0.34034073
0.118	0.3391715
0.1185	0.33800502
0.119	0.33684115
0.1195	0.3356793
0.12	0.3345195
0.1205	0.33336197
0.121	0.33220612
0.1215	0.3310526
0.122	0.32990152
0.1225	0.32875288
0.123	0.32760646
0.1235	0.32646194
0.124	0.32531952
0.1245	0.3241799
0.125	0.32304353
0.1255	0.32190979
0.126	0.3207784
0.1265	0.31965036
0.127	0.3185257
0.1275	0.31740471
0.128	0.3162881
0.1285	0.31517251
0.129	0.31406003
0.1295	0.31295092
0.13	0.31184452
0.1305	0.3107411
0.131	0.30964017
0.1315	0.308542
0.132	0.30744624
0.1325	0.30635312
0.133	0.30526255
0.1335	0.30417469
0.134	0.30308931
0.1345	0.30200596
0.135	0.30092498
0.1355	0.2998465
0.136	0.29877065
0.1365	0.29769746
0.137	0.29662681
0.1375	0.29555885
0.138	0.29449337
0.1385	0.29343027
0.139	0.29236941
0.1395	0.29131056
0.14	0.29025385
0.1405	0.28919937
0.141	0.28814689
0.1415	0.28709661
0.142	0.28604846
0.1425	0.28500242
0.143	0.28395885
0.1435	0.28291743
0.144	0.28187818
0.1445	0.28084138
0.145	0.2798071
0.1455	0.27877528
0.146	0.27774573
0.1465	0.27671851
0.147	0.27569377
0.1475	0.27467139
0.148	0.27365101
0.1485	0.2726328
0.149	0.27161658
0.1495	0.27060288
0.15	0.26959166
0.1505	0.26858276
0.151	0.26757622
0.1515	0.26657198
0.152	0.26557012
0.1525	0.26457038
0.153	0.26357301
0.1535	0.26257837
0.154	0.26158651
0.1545	0.26059725
0.155	0.25961069
0.1555	0.25862631
0.156	0.25764472
0.1565	0.25666589
0.157	0.25568956
0.1575	0.2547161
0.158	0.25374548
0.1585	0.25277751
0.159	0.2518124
0.1595	0.25085018
0.16	0.24989126
0.1605	0.24893543
0.161	0.24798299
0.1615	0.24703415
0.162	0.24608897
0.1625	0.24514732
0.163	0.24420916
0.1635	0.2432747
0.164	0.24234433
0.1645	0.24141798
0.165	0.24049531
0.1655	0.23957668
0.166	0.23866221
0.1665	0.23775137
0.167	0.23684431
0.1675	0.23594148
0.168	0.23504295
0.1685	0.23414849
0.169	0.23325836
0.1695	0.23237234
0.17	0.23149053
0.1705	0.23061303
0.171	0.22973967
0.1715	0.22887048
0.172	0.22800518
0.1725	0.22714414
0.173	0.22628731
0.1735	0.22543458
0.174	0.22458604
0.1745	0.22374094
0.175	0.22289965
0.1755	0.22206222
0.176	0.22122875
0.1765	0.22039912
0.177	0.21957318
0.1775	0.21875098
0.178	0.21793216
0.1785	0.21711671
0.179	0.21630495
0.1795	0.21549671
0.18	0.21469132
0.1805	0.21388871
0.181	0.21308929
0.1815	0.21229276
0.182	0.21149945
0.1825	0.21070898
0.183	0.20992089
0.1835	0.20913515
0.184	0.20835171
0.1845	0.20757063
0.185	0.20679212
0.1855	0.20601581
0.186	0.20524155
0.1865	0.20446978
0.187	0.2037003
0.1875	0.20293268
0.188	0.20216693
0.1885	0.20140305
0.189	0.20064111
0.1895	0.19988122
0.19	0.19912289
0.1905	0.19836634
0.191	0.19761144
0.1915	0.19685829
0.192	0.19610695
0.1925	0.19535738
0.193	0.19460962
0.1935	0.19386372
0.194	0.1931195
0.1945	0.19237665
0.195	0.19163545
0.1955	0.19089541
0.196	0.19015724
0.1965	0.189421
0.197	0.18868648
0.1975	0.18795373
0.198	0.18722282
0.1985	0.18649333
0.199	0.18576519
0.1995	0.18503894
0.2	0.18431455
