0.0005	0
0.001	4.3709612e-09
0.0015	4.2924723e-09
0.002	6.3598453e-09
0.0025	5.4021552e-09
0.003	9.2666278e-09
0.0035	3.3088194e-09
0.004	8.8600521e-09
0.0045	9.0269574e-09
0.005	8.813235e-09
0.0055	7.9031301e-09
0.006	9.4184726e-09
0.0065	9.0266111e-09
0.007	9.5547852e-09
0.0075	9.4892359e-09
0.008	8.6486217e-09
0.0085	8.9027907e-09
0.009	8.1056868e-09
0.0095	8.2890114e-09
0.01	7.8934223e-09
0.0105	7.8477706e-09
0.011	8.0920843e-09
0.0115	7.8120299e-09
0.012	8.2677758e-09
0.0125	7.8447614e-09
0.013	8.1473626e-09
0.0135	7.6711636e-09
0.014	7.9390554e-09
0.0145	7.4969409e-09
0.015	7.7551001e-09
0.0155	7.4584333e-09
0.016	7.5666942e-09
0.0165	7.3297917e-09
0.017	7.3343548e-09
0.0175	7.1024642e-09
0.018	7.0115083e-09
0.0185	6.8721692e-09
0.019	6.7339507e-09
0.0195	6.5761466e-09
0.02	6.4811435e-09
0.0205	6.198645e-09
0.021	6.1752062e-09
0.0215	5.8443416e-09
0.022	5.8639529e-09
0.0225	5.5260972e-09
0.023	5.5624387e-09
0.0235	5.2000947e-09
0.024	5.2779095e-09
0.0245	4.9331666e-09
0.025	4.9725733e-09
0.0255	4.6801972e-09
0.026	4.6713013e-09
0.0265	4.4388805e-09
0.027	4.3953489e-09
0.0275	4.2507582e-09
0.028	4.1351378e-09
0.0285	4.0797536e-09
0.029	3.8853728e-09
0.0295	3.8893733e-09
0.03	3.6517198e-09
0.0305	3.7151028e-09
0.031	3.4406125e-09
0.0315	3.5356687e-09
0.032	3.2378081e-09
0.0325	3.3548214e-09
0.033	3.0635411e-09
0.0335	3.1774668e-09
0.034	2.9099756e-09
0.0345	3.0069268e-09
0.035	9.7126027e-09
0.0355	9.7069568e-09
0.036	9.2610044e-09
0.0365	9.1659907e-09
0.037	8.8115301e-09
0.0375	8.6406049e-09
0.038	8.4027045e-09
0.0385	8.167788e-09
0.039	8.0161982e-09
0.0395	7.7369509e-09
0.04	7.6369799e-09
0.0405	7.3218177e-09
0.041	7.2471676e-09
0.0415	6.942264e-09
0.042	6.8891556e-09
0.0425	6.5919885e-09
0.043	6.5455703e-09
0.0435	6.2812409e-09
0.044	6.2139704e-09
0.0445	5.9884652e-09
0.045	5.904416e-09
0.0455	5.7219342e-09
0.046	5.6251031e-09
0.0465	5.4761452e-09
0.047	5.345441e-09
0.0475	5.2459411e-09
0.048	5.0657577e-09
0.0485	5.0260491e-09
0.049	4.8114598e-09
0.0495	4.8025022e-09
0.05	4.6037048e-09
0.0505	4.5739085e-09
0.051	4.4236349e-09
0.0515	4.3495762e-09
0.052	4.2585697e-09
0.0525	4.1485944e-09
0.053	4.0954344e-09
0.0535	3.9610456e-09
0.054	3.9295438e-09
0.0545	3.7794858e-09
0.055	3.7660382e-09
0.0555	3.6234838e-09
0.056	3.6118806e-09
0.0565	3.4892499e-09
0.057	3.4571988e-09
0.0575	3.3627507e-09
0.058	3.3018823e-09
0.0585	3.2379768e-09
0.059	3.1515117e-09
0.0595	3.1138886e-09
0.06	3.0086054e-09
0.0605	2.982637e-09
0.061	2.8789519e-09
0.0615	2.8414004e-09
0.062	9.7221639e-09
0.0625	9.460479e-09
0.063	9.2297627e-09
0.0635	8.8929831e-09
0.064	8.7235439e-09
0.0645	8.3984589e-09
0.065	8.293276e-09
0.0655	8.1409117e-09
0.066	8.1644164e-09
0.0665	8.1912527e-09
0.067	8.2350736e-09
0.0675	8.3245016e-09
0.068	8.2193547e-09
0.0685	8.1145113e-09
0.069	7.698362e-09
0.0695	7.1113694e-09
0.07	6.4155896e-09
0.0705	5.6289164e-09
0.071	4.9759941e-09
0.0715	4.7049304e-09
0.072	4.8322161e-09
0.0725	4.9910559e-09
0.073	5.1184042e-09
0.0735	5.1488461e-09
0.074	5.1169233e-09
0.0745	5.0922777e-09
0.075	5.1594755e-09
0.0755	5.1849278e-09
0.076	5.1586913e-09
0.0765	5.144648e-09
0.077	5.1409471e-09
0.0775	5.0761156e-09
0.078	4.9619844e-09
0.0785	4.8228389e-09
0.079	4.7179218e-09
0.0795	4.6113995e-09
0.08	4.4772293e-09
0.0805	4.3475173e-09
0.081	4.246079e-09
0.0815	4.1889555e-09
0.082	4.10368e-09
0.0825	3.9838339e-09
0.083	3.8491994e-09
0.0835	3.727853e-09
0.084	3.645643e-09
0.0845	3.5579779e-09
0.085	3.4848085e-09
0.0855	3.4112209e-09
0.086	3.3192775e-09
0.0865	3.2300579e-09
0.087	3.1524833e-09
0.0875	3.08244e-09
0.088	2.9998748e-09
0.0885	2.9295022e-09
0.089	2.8637825e-09
0.0895	9.9275146e-09
0.09	9.7220077e-09
0.0905	9.5378712e-09
0.091	9.374126e-09
0.0915	9.2099598e-09
0.092	9.0276913e-09
0.0925	8.8849133e-09
0.093	8.7454869e-09
0.0935	8.5882798e-09
0.094	8.4457271e-09
0.0945	8.3229592e-09
0.095	8.1831025e-09
0.0955	8.0417318e-09
0.096	7.9242102e-09
0.0965	7.8059853e-09
0.097	7.6937136e-09
0.0975	7.5786053e-09
0.098	7.4577771e-09
0.0985	7.3469213e-09
0.099	7.2470969e-09
0.0995	7.1272469e-09
0.1	7.0139033e-09
0.1005	6.9095093e-09
0.101	6.8054311e-09
0.1015	6.6887448e-09
0.102	6.5870687e-09
0.1025	6.4810814e-09
0.103	6.3750013e-09
0.1035	6.2797596e-09
0.104	6.1801438e-09
0.1045	6.0744577e-09
0.105	5.9857213e-09
0.1055	5.8997442e-09
0.106	5.8024366e-09
0.1065	5.717002e-09
0.107	5.6364073e-09
0.1075	5.5560629e-09
0.108	5.4784835e-09
0.1085	5.4079609e-09
0.109	5.3329644e-09
0.1095	5.262255e-09
0.11	5.1999246e-09
0.1105	5.1307412e-09
0.111	5.0601081e-09
0.1115	4.9953615e-09
0.112	4.9236094e-09
0.1125	4.8557286e-09
0.113	4.7893656e-09
0.1135	4.7263642e-09
0.114	4.6600861e-09
0.1145	4.593861e-09
0.115	4.5367166e-09
0.1155	4.4727655e-09
0.116	4.4073279e-09
0.1165	4.3498372e-09
0.117	4.2914854e-09
0.1175	4.2311773e-09
0.118	4.1744816e-09
0.1185	4.1214172e-09
0.119	4.0671149e-09
0.1195	4.010315e-09
0.12	3.9620452e-09
0.1205	3.9125393e-09
0.121	3.861334e-09
0.1215	3.8153118e-09
0.122	3.7701141e-09
0.1225	3.7225557e-09
0.123	3.6767142e-09
0.1235	3.6345298e-09
0.124	3.5900535e-09
0.1245	3.5445912e-09
0.125	3.5034079e-09
0.1255	3.4594201e-09
0.126	3.4128198e-09
0.1265	3.3727656e-09
0.127	3.3322744e-09
0.1275	3.2914909e-09
0.128	3.2475417e-09
0.1285	3.2022758e-09
0.129	3.1692162e-09
0.1295	3.1292469e-09
0.13	3.0927299e-09
0.1305	3.0563893e-09
0.131	3.0210297e-09
0.1315	2.9844738e-09
0.132	2.950279e-09
0.1325	2.9177423e-09
0.133	2.8837316e-09
0.1335	2.8514537e-09
0.134	2.8198547e-09
0.1345	2.7895066e-09
0.135	9.8958807e-09
0.1355	9.7931963e-09
0.136	9.6896014e-09
0.1365	9.5852749e-09
0.137	9.4916057e-09
0.1375	9.3962835e-09
0.138	9.2966331e-09
0.1385	9.2053258e-09
0.139	9.119158e-09
0.1395	9.0294469e-09
0.14	8.9401282e-09
0.1405	8.8555935e-09
0.141	8.7742518e-09
0.1415	8.6922802e-09
0.142	8.6140121e-09
0.1425	8.5326424e-09
0.143	8.4636254e-09
0.1435	8.3863143e-09
0.144	8.3209308e-09
0.1445	8.2548987e-09
0.145	8.1888056e-09
0.1455	8.1199153e-09
0.146	8.0531103e-09
0.1465	7.9914142e-09
0.147	7.9265867e-09
0.1475	7.867605e-09
0.148	7.8028301e-09
0.1485	7.7471338e-09
0.149	7.6879692e-09
0.1495	7.6298179e-09
0.15	7.570193e-09
0.1505	7.5172681e-09
0.151	7.4604714e-09
0.1515	7.4015052e-09
0.152	7.3484396e-09
0.1525	7.2975463e-09
0.153	7.2451939e-09
0.1535	7.190615e-09
0.154	7.1344719e-09
0.1545	7.092001e-09
0.155	7.0346075e-09
0.1555	6.9859022e-09
0.156	6.9351772e-09
0.1565	6.8896321e-09
0.157	6.8416478e-09
0.1575	6.7929808e-09
0.158	6.7452399e-09
0.1585	6.7025254e-09
0.159	6.6560167e-09
0.1595	6.6105032e-09
0.16	6.5658261e-09
0.1605	6.51852e-09
0.161	6.4757513e-09
0.1615	6.4325496e-09
0.162	6.3869238e-09
0.1625	6.3428027e-09
0.163	6.2962928e-09
0.1635	6.2573971e-09
0.164	6.2179848e-09
0.1645	6.1767061e-09
0.165	6.1403646e-09
0.1655	6.1033866e-09
0.166	6.0705741e-09
0.1665	6.0363685e-09
0.167	6.002417e-09
0.1675	5.9718353e-09
0.168	5.9429924e-09
0.1685	5.914987e-09
0.169	5.8862772e-09
0.1695	5.8576234e-09
0.17	5.8315592e-09
0.1705	5.8074919e-09
0.171	5.7805296e-09
0.1715	5.7576751e-09
0.172	5.7323888e-09
0.1725	5.7111033e-09
0.173	5.6782496e-09
0.1735	5.6583113e-09
0.174	5.6297623e-09
0.1745	5.6077927e-09
0.175	5.580705e-09
0.1755	5.5584793e-09
0.176	5.5265551e-09
0.1765	5.4989716e-09
0.177	5.46665e-09
0.1775	5.4402392e-09
0.178	5.4091782e-09
0.1785	5.3762487e-09
0.179	5.3422124e-09
0.1795	5.3087117e-09
0.18	5.2722385e-09
0.1805	5.2364937e-09
0.181	5.1961799e-09
0.1815	5.1594941e-09
0.182	5.1146521e-09
0.1825	5.0741704e-09
0.183	5.0267713e-09
0.1835	4.982968e-09
0.184	4.9333591e-09
0.1845	4.8871176e-09
0.185	4.8352825e-09
0.1855	4.7858696e-09
0.186	4.7345518e-09
0.1865	4.6844544e-09
0.187	4.6328684e-09
0.1875	4.5822101e-09
0.188	4.5313284e-09
0.1885	4.4778803e-09
0.189	4.426638e-09
0.1895	4.3742321e-09
0.19	4.3214924e-09
0.1905	4.2691584e-09
0.191	4.2187577e-09
0.1915	4.1680276e-09
0.192	4.1172697e-09
0.1925	4.0705858e-09
0.193	4.0203612e-09
0.1935	3.972592e-09
0.194	3.9239853e-09
0.1945	3.8785853e-09
0.195	3.8316032e-09
0.1955	3.7876288e-09
0.196	3.7445783e-09
0.1965	3.7025216e-09
0.197	3.6578509e-09
0.1975	3.6155338e-09
0.198	3.5751814e-09
0.1985	3.5342507e-09
0.199	3.4950358e-09
0.1995	3.4556713e-09
0.2	3.4177397e-09
