/*--------------------------------*- C++ -*----------------------------------*\
| =========                 |                                                 |
| \\      /  F ield         | OpenFOAM: The Open Source CFD Toolbox           |
|  \\    /   O peration     | Version:  2112                                  |
|   \\  /    A nd           | Website:  www.openfoam.com                      |
|    \\/     M anipulation  |                                                 |
\*---------------------------------------------------------------------------*/
FoamFile
{
    version     2.0;
    format      ascii;
    arch        "LSB;label=32;scalar=64";
    class       volScalarField;
    location    "7.0005";
    object      T;
}
// * * * * * * * * * * * * * * * * * * * * * * * * * * * * * * * * * * * * * //

dimensions      [0 0 0 1 0 0 0];

internalField   nonuniform List<scalar> 
7000
(
1
1
1
1
1
1.00001
1.00001
1.00004
1.00005
1.00053
1.0009
1.00356
1.00646
1.0141
1.06291
1.12708
1.51123
2.18229
2.6576
2.73394
2.71434
2.6885
2.68467
2.68743
2.69315
2.69995
2.70541
2.71036
2.7159
2.72205
2.72847
2.73659
2.74683
2.7569
2.76309
2.76559
2.76853
2.77382
2.78154
2.79121
2.80039
2.80677
2.81225
2.8177
2.82019
2.81974
2.81705
2.81206
2.80343
2.79545
1
1
1
1
1
1.00001
1.00001
1.00004
1.00005
1.00051
1.00086
1.00336
1.00617
1.0124
1.06107
1.12341
1.49294
2.15296
2.64026
2.73151
2.71193
2.68385
2.68192
2.68627
2.69417
2.70237
2.70876
2.71454
2.72062
2.72725
2.7338
2.74178
2.75165
2.76116
2.76681
2.76926
2.77275
2.77821
2.78493
2.79305
2.80109
2.80714
2.81298
2.8189
2.82144
2.82076
2.81756
2.81152
2.80239
2.79304
1
1
1
1
1
1
1.00001
1.00004
1.00005
1.00049
1.0008
1.00319
1.00592
1.01286
1.05576
1.12149
1.47312
2.1365
2.62375
2.72854
2.7104
2.68217
2.68002
2.68501
2.69396
2.70247
2.70903
2.71525
2.72183
2.72837
2.73511
2.7436
2.75348
2.76213
2.76685
2.76924
2.77343
2.77972
2.78693
2.79476
2.80171
2.80673
2.81218
2.81781
2.82018
2.81962
2.81678
2.81185
2.80196
2.79367
1
1
1
1
1
1
1.00001
1.00004
1.00004
1.00044
1.00071
1.00287
1.00524
1.01247
1.05331
1.1234
1.44821
2.10271
2.59683
2.72444
2.70791
2.6793
2.67853
2.68475
2.6943
2.70308
2.71003
2.71656
2.72332
2.73002
2.7367
2.74474
2.75388
2.76187
2.76645
2.76942
2.77404
2.7801
2.78699
2.79483
2.80177
2.80684
2.81241
2.81778
2.81944
2.8182
2.8145
2.80755
2.79901
2.79104
1
1
1
1
1
1
1
1.00003
1.00004
1.00038
1.00062
1.0024
1.0052
1.01056
1.05094
1.11563
1.4242
2.07303
2.55765
2.72064
2.70528
2.67802
2.67786
2.68538
2.69434
2.7033
2.71076
2.71756
2.72424
2.73076
2.73731
2.74522
2.75389
2.76106
2.76538
2.76864
2.77317
2.77916
2.78623
2.79367
2.7998
2.8053
2.81195
2.81735
2.8186
2.81708
2.81291
2.80737
2.79705
2.79132
1
1
1
1
1
1
1
1.00003
1.00003
1.00032
1.00056
1.00197
1.00414
1.00629
1.04784
1.11449
1.39497
2.04137
2.50582
2.71737
2.70189
2.67939
2.67897
2.68625
2.69385
2.7035
2.71154
2.71842
2.72491
2.73124
2.73774
2.74496
2.75315
2.76015
2.76374
2.76706
2.77249
2.77836
2.78467
2.7922
2.79884
2.80454
2.81088
2.81544
2.8161
2.81442
2.81027
2.80314
2.79556
2.78863
1
1
1
1
1
1
1
1.00002
1.00003
1.00027
1.00049
1.00153
1.00432
1.00622
1.04383
1.11429
1.37096
2.0056
2.45643
2.71437
2.69682
2.68438
2.68024
2.6868
2.6935
2.70422
2.71263
2.71924
2.72536
2.73117
2.73749
2.74471
2.75196
2.75793
2.76176
2.76544
2.7705
2.77657
2.78346
2.79048
2.79615
2.80223
2.80995
2.81527
2.81597
2.81403
2.80981
2.804
2.79282
2.78924
1
1
1
1
1
1
1
1.00003
1.00003
1.00028
1.00052
1.00159
1.0044
1.00582
1.04445
1.10736
1.34954
1.95676
2.41849
2.70922
2.69515
2.68848
2.68076
2.68682
2.69376
2.70481
2.71312
2.71951
2.72557
2.73142
2.7371
2.74327
2.74996
2.75519
2.75853
2.76291
2.76865
2.77434
2.78086
2.78809
2.79392
2.80011
2.80813
2.81379
2.8146
2.81236
2.80721
2.79947
2.79279
2.78565
1
1
1
1
1
1
1
1.00003
1.00005
1.00032
1.00057
1.0016
1.00448
1.00536
1.04037
1.10671
1.32611
1.88916
2.38624
2.70268
2.69906
2.69133
2.68473
2.68895
2.6966
2.70576
2.71397
2.72003
2.72449
2.72909
2.73511
2.74157
2.74774
2.75232
2.75505
2.75912
2.76549
2.7719
2.77825
2.78486
2.79074
2.79734
2.8055
2.81118
2.81207
2.81014
2.80574
2.79802
2.78704
2.78643
1
1
1
1
1
1
1
1.00003
1.00006
1.00034
1.00062
1.00185
1.00412
1.00416
1.03828
1.09638
1.30769
1.82311
2.34403
2.69654
2.70506
2.69803
2.69042
2.69286
2.70047
2.70734
2.71436
2.71889
2.72298
2.72855
2.73501
2.74007
2.7435
2.74657
2.75016
2.7554
2.76178
2.76811
2.77444
2.78076
2.78668
2.7945
2.80368
2.80906
2.8094
2.80654
2.80112
2.79466
2.78781
2.78083
1
1
1
1
1
1
1
1.00003
1.00006
1.00035
1.00055
1.00191
1.00432
1.00503
1.03721
1.08733
1.28491
1.74244
2.31132
2.68712
2.71195
2.70508
2.69432
2.69493
2.70123
2.70732
2.71382
2.71769
2.72107
2.72569
2.73002
2.73325
2.7368
2.74003
2.74371
2.74996
2.75755
2.76449
2.77147
2.77725
2.78205
2.78949
2.79967
2.80632
2.80721
2.80489
2.79915
2.79016
2.78037
2.78236
1
1
1
1
1
1
1
1.00003
1.00006
1.0003
1.00046
1.0016
1.00403
1.00316
1.03561
1.07842
1.2644
1.65879
2.26136
2.6757
2.72005
2.7109
2.69511
2.69477
2.7
2.70501
2.70952
2.71159
2.71431
2.71862
2.72298
2.72577
2.72925
2.73424
2.739
2.74557
2.75332
2.75987
2.76646
2.77336
2.77833
2.7855
2.79562
2.80262
2.80358
2.80073
2.79532
2.78637
2.77835
2.77296
1
1
1
1
1
1
1
1.00002
1.00005
1.00028
1.00042
1.0015
1.00349
1.00435
1.03035
1.07156
1.23604
1.57527
2.1986
2.65795
2.72674
2.714
2.6924
2.68956
2.69336
2.69719
2.7019
2.70509
2.70743
2.71146
2.71629
2.71984
2.72354
2.72789
2.73389
2.74202
2.75117
2.75815
2.76358
2.76838
2.77322
2.77972
2.78985
2.79772
2.79934
2.79693
2.79068
2.78383
2.7717
2.77353
1
1
1
1
1
1
1
1.00003
1.00006
1.00027
1.00045
1.00142
1.00346
1.00494
1.02652
1.06176
1.20868
1.49642
2.10303
2.63414
2.72938
2.70934
2.68123
2.68024
2.68603
2.69246
2.69895
2.70236
2.70634
2.71054
2.71468
2.71805
2.72186
2.72735
2.73227
2.73909
2.74733
2.75398
2.75865
2.76281
2.76643
2.77331
2.78307
2.79038
2.792
2.79004
2.78333
2.77125
2.76819
2.76225
1
1
1
1
1
1
1
1.00004
1.00007
1.00027
1.00049
1.00125
1.00345
1.00314
1.02284
1.05701
1.17644
1.42322
1.98907
2.57793
2.72523
2.70796
2.68047
2.67616
2.68382
2.69026
2.69633
2.69991
2.70254
2.70655
2.70999
2.71328
2.71806
2.72312
2.72882
2.73442
2.74031
2.74601
2.7511
2.75449
2.75834
2.76629
2.77692
2.78318
2.78401
2.78105
2.77839
2.77166
2.75234
2.75788
1
1
1
1
1
1
1.00002
1.00004
1.00017
1.00027
1.00104
1.00149
1.00509
1.0061
1.0172
1.04385
1.14896
1.38015
1.83882
2.55953
2.74254
2.71508
2.68511
2.6771
2.68504
2.69071
2.69668
2.69974
2.70204
2.70448
2.70684
2.70933
2.71382
2.71867
2.72353
2.73019
2.73477
2.73674
2.74022
2.74342
2.74523
2.75219
2.76509
2.77492
2.77597
2.77226
2.76137
2.7527
2.75043
2.7399
1
1
1
1
1
1
1.00001
1.00002
1.0001
1.00017
1.00055
1.00107
1.00212
1.00811
1.00528
1.05047
1.11959
1.39976
2.02736
2.492
2.72718
2.7089
2.68547
2.68302
2.68758
2.69294
2.69942
2.70249
2.7037
2.70511
2.70625
2.7068
2.70881
2.712
2.71547
2.72149
2.72812
2.73094
2.73188
2.73465
2.73701
2.74026
2.74987
2.76
2.76298
2.7622
2.7581
2.73911
2.7227
2.73045
1
1
1
1
1
1
1.00001
1.00002
1.00009
1.00014
1.00049
1.00095
1.00167
1.00746
1.00555
1.04446
1.11535
1.34205
1.94373
2.42606
2.69456
2.67577
2.67088
2.66856
2.67177
2.68059
2.69162
2.69824
2.70131
2.70311
2.70454
2.70577
2.70624
2.70704
2.70824
2.71075
2.71437
2.71753
2.71992
2.72197
2.72417
2.73055
2.73779
2.74274
2.7422
2.73884
2.73093
2.72485
2.70812
2.69533
1
1
1
1
1
1
1.00001
1.00002
1.00007
1.00011
1.00033
1.0008
1.00115
1.00749
1.00223
1.04028
1.09805
1.30583
1.82118
2.34832
2.67428
2.67583
2.66765
2.65899
2.66059
2.66749
2.67418
2.6832
2.69089
2.69611
2.69948
2.70208
2.7035
2.70407
2.70525
2.70653
2.70775
2.70828
2.70903
2.70913
2.70983
2.71291
2.7222
2.72748
2.72661
2.72098
2.70864
2.68478
2.66634
2.66074
1
1
1
1
1
1
1.00001
1.00001
1.00003
1.00013
1.00012
1.00124
1.00201
1.011
1.00874
1.0347
1.07564
1.26719
1.69725
2.26675
2.64679
2.68035
2.66964
2.65724
2.65733
2.66196
2.66656
2.67096
2.67487
2.67872
2.68272
2.68721
2.69073
2.69283
2.69445
2.69663
2.69691
2.69669
2.69678
2.69635
2.69469
2.69391
2.69709
2.6996
2.69781
2.69263
2.67505
2.65064
2.60479
2.51392
1
1
1
1
1
1
1
1
1.00002
1.00002
1.00019
1.00034
1.00171
1.0017
1.01327
1.00123
1.07322
1.1734
1.60925
2.34694
2.6182
2.68818
2.67599
2.66029
2.65806
2.66258
2.66676
2.67031
2.67201
2.67406
2.67641
2.67906
2.68206
2.68389
2.68414
2.68391
2.68315
2.68114
2.6792
2.6778
2.67575
2.67279
2.66998
2.66586
2.65774
2.63984
2.61657
2.5615
2.50162
2.37789
1
1
1
1
1
1
1
1
1.00001
1.00001
1.00013
1.0002
1.00128
1.00146
1.0112
1.00367
1.06492
1.1425
1.53074
2.23556
2.57051
2.69055
2.67661
2.66061
2.65565
2.65919
2.66169
2.66553
2.66721
2.6679
2.66801
2.66795
2.66792
2.66848
2.66952
2.66913
2.66748
2.66386
2.65865
2.65304
2.64635
2.64046
2.63612
2.6281
2.61818
2.59831
2.5643
2.51775
2.42529
2.3467
1
1
1
1
1
1
1
1
1.00001
1.00001
1.00013
1.00018
1.00115
1.0014
1.00916
1.00353
1.05314
1.11624
1.39924
2.00632
2.47745
2.66409
2.64325
2.63861
2.63634
2.64252
2.64557
2.6497
2.65181
2.65341
2.65505
2.65548
2.65582
2.65537
2.6549
2.65399
2.65233
2.64856
2.64378
2.63436
2.62386
2.60862
2.59597
2.58241
2.56536
2.54851
2.51406
2.48119
2.41121
2.36015
1
1
1
1
1
1
1
1
1.00001
1.00001
1.0001
1.00015
1.00094
1.00123
1.0076
1.00426
1.0404
1.10248
1.30397
1.81893
2.33679
2.64245
2.64092
2.63281
2.62377
2.62392
2.62582
2.62732
2.62738
2.62747
2.62852
2.62968
2.6311
2.63278
2.63318
2.63381
2.63337
2.6319
2.62882
2.62292
2.6107
2.59869
2.5759
2.55936
2.53078
2.51247
2.47588
2.45081
2.39927
2.36952
1
1
1
1
1
1
1
1
1.00001
1
1.00007
1.0001
1.00068
1.00075
1.00578
1.0022
1.03145
1.07735
1.23203
1.61113
2.14512
2.56863
2.64016
2.63006
2.62647
2.6213
2.62428
2.6242
2.62348
2.62164
2.61822
2.61468
2.60994
2.6068
2.60492
2.60349
2.60251
2.60069
2.59789
2.59527
2.58848
2.58111
2.56368
2.55008
2.52162
2.50381
2.46741
2.44313
2.40137
2.37199
1
1
1
1
1
1
1
1
1
1.00002
1.00001
1.00014
1.0002
1.00123
1.00137
1.01058
1.00395
1.0603
1.12969
1.49758
2.15179
2.5228
2.65331
2.62899
2.61848
2.60888
2.60926
2.61304
2.61555
2.61509
2.61363
2.61038
2.60453
2.59787
2.59226
2.58624
2.58061
2.57598
2.56896
2.56408
2.55573
2.54988
2.53706
2.52813
2.50723
2.49324
2.46513
2.44179
2.41128
2.38424
1
1
1
1
1
1
1
1
1
1.00001
1.00001
1.00012
1.00019
1.0011
1.00128
1.00851
1.00432
1.04434
1.11433
1.33343
1.91301
2.36886
2.63389
2.63014
2.61663
2.60316
2.60208
2.60312
2.60493
2.60773
2.60731
2.60552
2.60122
2.59622
2.58786
2.58147
2.57109
2.56478
2.55309
2.54642
2.53322
2.52565
2.512
2.50124
2.48616
2.47121
2.45318
2.4344
2.41137
2.3899
1
1
1
1
1
1
1
1
1
1.00001
1.00001
1.00008
1.00013
1.00077
1.00079
1.00631
1.00106
1.03362
1.07814
1.25723
1.65679
2.21867
2.58912
2.62649
2.61521
2.60288
2.59608
2.596
2.59642
2.59738
2.59743
2.59675
2.59464
2.59172
2.5845
2.57883
2.56748
2.56094
2.54798
2.54022
2.52666
2.51596
2.50201
2.48875
2.4735
2.45833
2.44137
2.42418
2.4057
2.38903
1
1
1
1
1
1
1
1
1
1.00001
1.00001
1.00007
1.00006
1.00068
1.00108
1.00658
1.00486
1.02044
1.04737
1.1657
1.41411
1.88162
2.47588
2.64221
2.63329
2.6129
2.59217
2.58225
2.58019
2.57971
2.5778
2.57665
2.57594
2.57522
2.57237
2.56908
2.56065
2.55485
2.5433
2.53529
2.52381
2.5131
2.50067
2.4877
2.47325
2.45863
2.4426
2.42642
2.40861
2.39297
1
1
1
1
1
1
1
1
1
1
1.00001
1.00001
1.00013
1.00019
1.00112
1.0012
1.0083
1.00267
1.04607
1.10766
1.32812
1.90357
2.31949
2.62197
2.6373
2.6291
2.60916
2.59444
2.58394
2.57932
2.57392
2.57045
2.56576
2.56191
2.55714
2.55286
2.54631
2.53997
2.53239
2.52343
2.51553
2.50556
2.49616
2.48574
2.4738
2.4612
2.44753
2.43348
2.41801
2.40379
1
1
1
1
1
1
1
1
1
1
1.00001
1.00001
1.00009
1.00014
1.00083
1.00088
1.00616
1.00146
1.03414
1.07822
1.24923
1.65024
2.1779
2.55478
2.62665
2.61829
2.61087
2.5998
2.59325
2.58811
2.58188
2.576
2.56951
2.56249
2.55621
2.54915
2.54215
2.53419
2.52659
2.51797
2.50947
2.50037
2.49093
2.48101
2.47123
2.46085
2.44979
2.43809
2.42554
2.41376
1
1
1
1
1
1
1
1
1
1
1
1.00002
1.00002
1.00015
1.00013
1.00112
1.00141
1.01119
1.00664
1.067
1.14234
1.52303
2.21378
2.50351
2.62398
2.60289
2.59518
2.5812
2.57863
2.57847
2.57744
2.57466
2.57105
2.5647
2.55836
2.55094
2.54386
2.53567
2.5279
2.51945
2.51083
2.5018
2.49231
2.48254
2.47287
2.46315
2.45323
2.44295
2.43215
2.42208
1
1
1
1
1
1
1
1
1
1
1.00001
1.00001
1.00005
1.00004
1.00034
1.00051
1.00295
1.0017
1.01473
1.00995
1.10688
1.27507
1.77764
2.52375
2.63878
2.62892
2.60475
2.58137
2.56994
2.56595
2.5644
2.56215
2.56027
2.55689
2.554
2.54942
2.54363
2.53724
2.53017
2.52292
2.51466
2.50605
2.49697
2.48737
2.47819
2.46872
2.45913
2.44931
2.43931
2.42998
1
1
1
1
1
1
1
1
1
1
1
1.00001
1.00001
1.00008
1.00009
1.0006
1.00077
1.00657
1.0009
1.03639
1.07858
1.25906
1.65252
2.23681
2.61226
2.65322
2.6361
2.60827
2.58706
2.57605
2.56988
2.56411
2.55959
2.55391
2.54794
2.54271
2.53803
2.53338
2.52822
2.52232
2.51634
2.50966
2.50327
2.49599
2.4882
2.47965
2.47091
2.46169
2.45232
2.44364
1
1
1
1
1
1
1
1
1
1
1
1
1.00001
1.00004
1.00004
1.00036
1.00048
1.00403
1.00096
1.0239
1.04441
1.16772
1.42313
1.89438
2.47645
2.64712
2.63342
2.62162
2.59638
2.58028
2.57196
2.56562
2.55929
2.55273
2.54496
2.53751
2.53043
2.52401
2.51863
2.51395
2.50984
2.50513
2.50023
2.49447
2.48831
2.48135
2.47424
2.46663
2.45874
2.45149
1
1
1
1
1
1
1
1
1
1
1
1
1.00002
1.00002
1.00014
1.00016
1.00111
1.00123
1.00938
1.00265
1.04612
1.11606
1.34037
1.93736
2.33513
2.61994
2.62318
2.61879
2.60528
2.59397
2.58663
2.58082
2.57328
2.56509
2.55582
2.54593
2.5369
2.52872
2.52144
2.51502
2.50959
2.50442
2.49929
2.49391
2.4884
2.48223
2.47583
2.46904
2.46209
2.45569
1
1
1
1
1
1
1
1
1
1
1
1
1.00001
1.00001
1.0001
1.00011
1.00085
1.00089
1.00702
1.00267
1.03756
1.0856
1.26502
1.69578
2.23693
2.56904
2.6129
2.6004
2.5913
2.58329
2.58123
2.58036
2.57842
2.57498
2.56985
2.56348
2.55601
2.5468
2.53753
2.52872
2.51963
2.51165
2.50447
2.49766
2.49126
2.48479
2.4785
2.47189
2.46529
2.45918
1
1
1
1
1
1
1
1
1
1
1
1
1
1.00002
1.00002
1.00019
1.00021
1.00147
1.00163
1.01323
1.00127
1.07833
1.15121
1.57539
2.27093
2.53668
2.63552
2.61417
2.60089
2.58686
2.58135
2.57965
2.57826
2.57559
2.57247
2.56861
2.56363
2.55852
2.55237
2.54582
2.53944
2.53214
2.52495
2.51679
2.50894
2.50046
2.49238
2.48405
2.47598
2.46886
1
1
1
1
1
1
1
1
1
1
1
1
1
1.00002
1.00002
1.00017
1.00021
1.00137
1.00148
1.01059
1.00001
1.0588
1.1171
1.42736
2.05688
2.4596
2.62664
2.59881
2.59017
2.57381
2.56891
2.56853
2.56786
2.56608
2.56349
2.56014
2.5567
2.55301
2.54923
2.54486
2.54021
2.53567
2.53088
2.52658
2.52163
2.5168
2.51095
2.50462
2.49746
2.49034
1
1
1
1
1
1
1
1
1
1
1
1
1
1.00001
1.00005
1.00002
1.00046
1.00048
1.00379
1.00156
1.0227
1.00641
1.10406
1.26
1.74099
2.50595
2.63841
2.63192
2.60916
2.58515
2.575
2.5714
2.56893
2.56548
2.56159
2.55738
2.55259
2.54812
2.54288
2.5386
2.53484
2.53133
2.52816
2.52506
2.52221
2.51897
2.51567
2.51203
2.50719
2.50296
1
1
1
1
1
1
1
1
1
1
1
1
1
1.00001
1.00004
1.00004
1.00028
1.00037
1.00231
1.00171
1.01632
1.00054
1.08718
1.19179
1.64396
2.41675
2.60703
2.65891
2.64395
2.62311
2.60675
2.59752
2.59115
2.58457
2.5777
2.571
2.56317
2.55617
2.54868
2.54194
2.53624
2.53135
2.52769
2.52393
2.52137
2.51839
2.51563
2.51251
2.50866
2.50547
1
1
1
1
1
1
1
1
1
1
1
1
1
1.00001
1.00001
1.00005
1.00003
1.00034
1.00043
1.00319
1.00247
1.02255
1.03254
1.16569
1.40914
1.9537
2.49956
2.66438
2.63916
2.6259
2.60314
2.5943
2.58891
2.58493
2.57959
2.57367
2.56724
2.56069
2.55431
2.5488
2.5435
2.53813
2.53413
2.52936
2.52565
2.52164
2.51813
2.51452
2.51059
2.50708
1
1
1
1
1
1
1
1
1
1
1
1
1
1.00001
1.00001
1.00007
1.00007
1.00056
1.00068
1.00437
1.0022
1.02593
1.00646
1.12169
1.29267
1.80458
2.53714
2.67188
2.64807
2.63564
2.60962
2.59786
2.59277
2.58907
2.5848
2.57911
2.57295
2.56686
2.56041
2.55462
2.54966
2.54459
2.54128
2.53683
2.53343
2.52913
2.52485
2.52042
2.51529
2.51093
1
1
1
1
1
1
1
1
1
1
1
1
1
1.00001
1.00001
1.00006
1.00005
1.00048
1.00053
1.00379
1.00154
1.02271
1.00052
1.10934
1.23728
1.74987
2.52182
2.67869
2.67584
2.65619
2.63017
2.61584
2.60995
2.60521
2.60204
2.59728
2.59251
2.58739
2.58226
2.57622
2.57159
2.56531
2.56111
2.5557
2.55187
2.54714
2.54226
2.53714
2.53061
2.52523
1
1
1
1
1
1
1
1
1
1
1
1
1
1
1.00001
1.00001
1.00007
1.00007
1.00052
1.00066
1.00468
1.00323
1.0314
1.06233
1.25143
1.63774
2.21794
2.61725
2.68322
2.66234
2.64058
2.62284
2.61675
2.6122
2.60889
2.60323
2.59843
2.59321
2.5885
2.58457
2.58038
2.57705
2.57348
2.57042
2.5672
2.56384
2.55986
2.5556
2.55031
2.54544
1
1
1
1
1
1
1
1
1
1
1
1
1
1
1.00001
1.00001
1.00005
1.00004
1.00041
1.00052
1.00393
1.00285
1.02763
1.04511
1.19502
1.48498
2.04376
2.54703
2.67918
2.65011
2.63041
2.60794
2.59987
2.59749
2.59621
2.5934
2.59043
2.58675
2.58285
2.58009
2.57633
2.57408
2.57075
2.56824
2.56538
2.56193
2.55928
2.55446
2.55154
2.54671
1
1
1
1
1
1
1
1
1
1
1
1
1
1
1.00001
1.00001
1.00005
1.00005
1.00042
1.00049
1.00301
1.00184
1.01605
1.01432
1.13843
1.36529
1.87312
2.53663
2.72273
2.68473
2.64265
2.61151
2.59935
2.59627
2.59498
2.59287
2.5906
2.58752
2.58388
2.5811
2.57754
2.57492
2.57164
2.56841
2.5653
2.56098
2.5581
2.55289
2.55023
2.5459
1
1
1
1
1
1
1
1
1
1
1
1
1
1
1
1.00002
1.00007
1.0001
1.00036
1.00087
1.00251
1.00599
1.01734
1.05677
1.11277
1.45364
2.10363
2.5332
2.69328
2.66719
2.63041
2.61027
2.60481
2.60436
2.60434
2.60385
2.60272
2.60096
2.59859
2.59584
2.59335
2.59036
2.58752
2.58366
2.57937
2.57413
2.56961
2.5638
2.56005
2.55525
1
1
1
1
1
1
1
1
1
1
1
1
1
1
1
1.00002
1.00002
1.00011
1.00039
1.00074
1.00264
1.00518
1.01823
1.04791
1.11447
1.36847
1.99469
2.43774
2.66971
2.64326
2.62742
2.61057
2.60306
2.59975
2.59741
2.59512
2.59313
2.59129
2.58896
2.58615
2.58415
2.58199
2.58048
2.57802
2.57479
2.57047
2.56651
2.56119
2.55774
2.55326
1
1
1
1
1
1
1
1
1
1
1
1
1
1
1
1.00001
1.00001
1.00013
1.00011
1.00099
1.00106
1.00864
1.00032
1.04692
1.09761
1.33932
1.89278
2.37189
2.65945
2.65152
2.63271
2.61227
2.60293
2.59893
2.59545
2.59146
2.58755
2.58412
2.58177
2.57867
2.57625
2.57255
2.56912
2.56488
2.56104
2.55687
2.55303
2.54898
2.54587
2.54269
1
1
1
1
1
1
1
1
1
1
1
1
1
1
1
1.00001
1.00001
1.00009
1.00011
1.0008
1.00081
1.00717
1.00219
1.03944
1.08553
1.30229
1.79631
2.31063
2.64528
2.65723
2.6429
2.6193
2.60644
2.60097
2.59728
2.59274
2.58822
2.58276
2.5788
2.57418
2.57119
2.56716
2.56424
2.56046
2.5572
2.55389
2.55066
2.54783
2.54509
2.5429
1
1
1
1
1
1
1
1
1
1
1
1
1
1
1
1.00001
1.00001
1.00008
1.00009
1.00065
1.00076
1.00555
1.00356
1.03492
1.07591
1.26949
1.71947
2.23796
2.63335
2.67222
2.65181
2.62646
2.61139
2.60506
2.60091
2.59654
2.592
2.58702
2.58384
2.58042
2.57845
2.57597
2.57464
2.57277
2.57119
2.56981
2.56752
2.5653
2.56224
2.5594
1
1
1
1
1
1
1
1
1
1
1
1
1
1
1
1.00001
1.00001
1.00009
1.00012
1.00067
1.00085
1.00561
1.00013
1.03482
1.06824
1.24651
1.65141
2.17047
2.62185
2.68474
2.66164
2.63414
2.61373
2.60787
2.60743
2.60675
2.60533
2.60405
2.60223
2.60015
2.59852
2.59601
2.59406
2.59111
2.58844
2.58513
2.58167
2.57842
2.57447
2.5716
1
1
1
1
1
1
1
1
1
1
1
1
1
1
1
1.00001
1.00001
1.0001
1.00011
1.00076
1.00089
1.0056
1.00021
1.03222
1.05973
1.22936
1.60126
2.11548
2.61942
2.69339
2.66621
2.6371
2.62479
2.62594
2.62964
2.6305
2.62976
2.6268
2.62026
2.61427
2.60758
2.60248
2.59756
2.59313
2.58962
2.58583
2.58322
2.58013
2.57781
2.57559
1
1
1
1
1
1
1
1
1
1
1
1
1
1
1
1.00001
1.00001
1.0001
1.00013
1.00081
1.00091
1.00565
1.00688
1.02633
1.05655
1.21482
1.56989
2.09256
2.60952
2.69452
2.6676
2.64111
2.63711
2.64092
2.64557
2.64561
2.64359
2.63644
2.62633
2.6173
2.60921
2.60331
2.59768
2.59407
2.59087
2.58852
2.58703
2.58497
2.58381
2.58164
1
1
1
1
1
1
1
1
1
1
1
1
1
1
1
1.00001
1.00002
1.00011
1.00008
1.00042
1.00048
1.00449
1.00299
1.03046
1.04772
1.21976
1.55685
2.10895
2.59264
2.69049
2.66249
2.6429
2.64106
2.64627
2.65089
2.65041
2.646
2.63523
2.62541
2.61675
2.61102
2.60641
2.60334
2.60131
2.59908
2.59796
2.59581
2.59437
2.59246
2.59107
1
1
1
1
1
1
1
1
1
1
1
1
1
1
1
1
1.00004
1.00003
1.00032
1.00031
1.00236
1.00267
1.01197
1.0238
1.07499
1.16489
1.62986
2.39606
2.64276
2.70974
2.69706
2.67618
2.66484
2.65686
2.64786
2.63599
2.62368
2.61265
2.60473
2.59826
2.59431
2.59078
2.58831
2.58627
2.58392
2.58228
2.57988
2.57787
2.57606
2.57401
1
1
1
1
1
1
1
1
1
1
1
1
1
1
1.00001
1.00001
1.00005
1.00004
1.00028
1.00037
1.00235
1.00264
1.01696
1.0162
1.0727
1.17095
1.63397
2.40042
2.62487
2.70228
2.69137
2.6767
2.66838
2.65441
2.6446
2.63154
2.61591
2.60334
2.59394
2.58592
2.5808
2.57542
2.57287
2.56879
2.56668
2.563
2.56028
2.55693
2.55317
2.55031
1
1
1
1
1
1
1
1
1
1
1
1
1
1
1
1.00002
1.00002
1.00013
1.00018
1.0009
1.00113
1.00593
1.0064
1.02959
1.04704
1.22311
1.56497
2.13405
2.56915
2.66745
2.6419
2.62804
2.63006
2.6402
2.64928
2.64975
2.64584
2.63445
2.62335
2.61548
2.61075
2.60845
2.60606
2.60308
2.59937
2.59436
2.59014
2.58455
2.58136
2.5767
1
1
1
1
1
1
1
1
1
1
1
1
1
1
1.00001
1.00001
1.00006
1.00005
1.00023
1.00025
1.00188
1.00154
1.01412
1.00342
1.08211
1.16506
1.64437
2.37321
2.61622
2.69991
2.69119
2.67796
2.66624
2.65338
2.64352
2.6321
2.61863
2.60686
2.59737
2.59068
2.58602
2.58203
2.57963
2.57698
2.57564
2.57271
2.5708
2.56634
2.56302
2.55855
2.14176
2.62962
2.9116
3.27699
3.22474
3.20264
3.19381
3.19789
3.20854
3.21398
3.22106
3.22402
3.22913
3.23186
3.2379
3.24202
3.24699
3.24983
3.25361
3.25542
3.25618
3.25494
3.2521
3.24929
3.24428
3.23935
3.23219
3.22585
3.21645
3.2094
3.1969
3.19048
3.1771
3.16752
3.15526
3.14399
3.13071
3.11855
3.10523
3.09235
3.07889
3.06578
3.05083
3.03877
3.02466
3.01231
2.99921
2.98678
2.97232
2.96003
2.9472
2.93549
2.92243
2.91048
2.89856
2.88608
2.87445
2.86162
2.85096
2.83837
2.82787
2.81568
2.80617
2.79363
2.78505
2.77212
2.76389
2.75132
2.74293
2.73084
2.72256
2.71062
2.70275
2.69071
2.6832
2.67142
2.66391
2.65286
2.64503
2.63485
2.62688
2.61754
2.6097
2.60119
2.5939
2.58615
2.58001
2.57338
2.56858
2.56418
2.56201
2.56024
2.5589
2.55839
2.55923
2.56197
2.56745
2.57077
2.5784
2.57382
2.17973
2.41405
2.64711
2.84438
3.04399
3.16454
3.22717
3.27261
3.28301
3.32819
3.53805
3.55506
3.46581
3.38484
3.35115
3.31725
3.29271
3.27395
3.25292
3.23835
3.22176
3.20785
3.19503
3.17941
3.16702
3.15494
3.14524
3.13447
3.12606
3.11494
3.10466
3.09287
3.07967
3.06679
3.05034
3.03603
3.02037
3.00215
2.98324
2.96345
2.94395
2.92216
2.90432
2.88216
2.86473
2.84183
2.82513
2.80333
2.78804
2.76778
2.7529
2.73342
2.71949
2.70193
2.68948
2.67314
2.66063
2.64443
2.6318
2.61605
2.60386
2.58908
2.57803
2.56469
2.5551
2.54344
2.53546
2.52551
2.51899
2.51053
2.50529
2.49815
2.49401
2.48812
2.48476
2.48009
2.47706
2.47349
2.47059
2.46782
2.46508
2.46282
2.46039
2.45836
2.4564
2.45467
2.45321
2.45221
2.45181
2.45236
2.45427
2.45635
2.45904
2.46188
2.4652
2.47031
2.47867
2.48315
2.49322
2.49021
2.25749
2.32856
2.41224
2.48755
2.54663
2.62703
2.69934
2.75888
2.79792
2.82857
2.85175
2.86626
2.86405
2.85736
2.84874
2.83146
2.81168
2.78538
2.75761
2.73018
2.706
2.68248
2.66228
2.64314
2.62741
2.61388
2.60364
2.59539
2.58975
2.58465
2.58219
2.57905
2.5775
2.57432
2.57252
2.56873
2.56637
2.56135
2.55777
2.55257
2.54957
2.54452
2.54032
2.53407
2.52789
2.51948
2.51021
2.49936
2.4882
2.47575
2.46357
2.45059
2.43893
2.42646
2.41499
2.4027
2.39122
2.37956
2.36794
2.35661
2.34483
2.33351
2.32192
2.31047
2.29925
2.28798
2.27711
2.26654
2.256
2.24631
2.23648
2.22769
2.21871
2.21094
2.20306
2.19626
2.18972
2.18395
2.1789
2.17437
2.1706
2.16747
2.16499
2.16316
2.16192
2.16127
2.16139
2.16189
2.16313
2.16482
2.16864
2.17095
2.17496
2.17759
2.18291
2.18708
2.19561
2.20026
2.21116
2.21053
2.29478
2.29706
2.32499
2.35399
2.37633
2.40247
2.42742
2.45326
2.47321
2.48581
2.493
2.49175
2.48767
2.48112
2.47545
2.46693
2.46119
2.45371
2.44684
2.4398
2.43311
2.4262
2.41949
2.41258
2.40628
2.39998
2.39442
2.38905
2.38454
2.37974
2.37587
2.37127
2.36758
2.36287
2.35949
2.35521
2.35261
2.34829
2.34497
2.34001
2.33669
2.3323
2.32892
2.32472
2.32075
2.31665
2.31206
2.30786
2.30276
2.29818
2.29277
2.28774
2.28213
2.27663
2.27087
2.26494
2.25901
2.25267
2.24631
2.23968
2.23286
2.22582
2.21867
2.21118
2.2038
2.19586
2.18824
2.17982
2.17191
2.16318
2.15494
2.14622
2.13777
2.12914
2.12061
2.11219
2.10387
2.0958
2.08798
2.08041
2.07337
2.06669
2.06076
2.05528
2.05061
2.0466
2.04326
2.04103
2.03935
2.03949
2.04087
2.0422
2.04509
2.04759
2.05325
2.05766
2.06635
2.07215
2.08269
2.08611
2.31388
2.29658
2.28953
2.29231
2.29428
2.29788
2.30357
2.31127
2.31773
2.32166
2.32118
2.31877
2.31373
2.30857
2.30416
2.30166
2.29976
2.29855
2.29791
2.29734
2.2972
2.29695
2.29629
2.29566
2.29495
2.29443
2.29378
2.29332
2.2926
2.29186
2.2907
2.28908
2.28725
2.28455
2.2825
2.27972
2.27807
2.27486
2.27263
2.26833
2.2659
2.26188
2.25971
2.25565
2.25327
2.24886
2.24619
2.24124
2.23804
2.23247
2.22869
2.22266
2.21839
2.21221
2.20765
2.20145
2.19674
2.19066
2.18563
2.17969
2.17413
2.16817
2.16203
2.15594
2.14936
2.14303
2.13627
2.12964
2.12267
2.11582
2.10861
2.10145
2.09414
2.0869
2.07959
2.07233
2.06514
2.05794
2.05084
2.04392
2.03691
2.03042
2.02401
2.01797
2.01275
2.00752
2.00374
2
1.99786
1.9964
1.99638
1.99665
1.99739
1.99879
2.00141
2.00472
2.0108
2.01465
2.0227
2.02458
2.32921
2.31634
2.29128
2.27915
2.26394
2.25574
2.24636
2.24163
2.23887
2.23651
2.23205
2.22897
2.22316
2.21867
2.21407
2.21292
2.2133
2.21443
2.21616
2.21888
2.22137
2.22283
2.22552
2.22668
2.22842
2.2305
2.23149
2.23261
2.23328
2.23319
2.23279
2.23169
2.23057
2.22831
2.22673
2.22437
2.22266
2.21993
2.21687
2.21288
2.20889
2.20463
2.20056
2.19627
2.19238
2.18801
2.18421
2.17962
2.17569
2.17091
2.16664
2.16171
2.15696
2.15193
2.14662
2.14146
2.13557
2.13018
2.12391
2.11833
2.11193
2.10635
2.10022
2.09468
2.08891
2.0834
2.07796
2.07254
2.06727
2.06194
2.05663
2.05125
2.04574
2.04018
2.03444
2.02859
2.02272
2.01672
2.01089
2.00491
1.99936
1.99367
1.9885
1.98366
1.97903
1.97535
1.97178
1.96948
1.96748
1.96721
1.96728
1.96764
1.96859
1.9702
1.97367
1.97642
1.98179
1.98516
1.99204
1.9938
2.34515
2.32576
2.31057
2.2872
2.26446
2.24608
2.23004
2.21656
2.20542
2.19622
2.18873
2.18096
2.17652
2.17168
2.16833
2.16586
2.16659
2.16842
2.17143
2.1746
2.17791
2.18059
2.18401
2.18739
2.19063
2.1943
2.19615
2.19872
2.2002
2.20041
2.20023
2.19954
2.19828
2.19619
2.19402
2.19178
2.18921
2.18654
2.18304
2.17947
2.17529
2.17132
2.16704
2.16277
2.15846
2.15382
2.14934
2.14431
2.13961
2.13439
2.12938
2.12412
2.11864
2.11339
2.10744
2.10214
2.0959
2.09047
2.08416
2.07849
2.07224
2.06626
2.06005
2.05389
2.04782
2.04173
2.03574
2.02982
2.02394
2.01825
2.01258
2.00709
2.00181
1.9965
1.9917
1.98657
1.98216
1.97733
1.97309
1.96873
1.96452
1.96066
1.95665
1.95328
1.94976
1.94711
1.94438
1.94278
1.94149
1.94119
1.94118
1.94137
1.94225
1.94335
1.94636
1.94834
1.95218
1.95434
1.95958
1.9595
2.35051
2.33278
2.31536
2.29872
2.28017
2.25578
2.23305
2.21417
2.19806
2.18449
2.17318
2.16394
2.15649
2.15178
2.14807
2.14666
2.14549
2.14635
2.1481
2.15147
2.15427
2.15792
2.16141
2.16494
2.16861
2.17126
2.17353
2.17501
2.1751
2.17497
2.17402
2.17259
2.1704
2.16819
2.16527
2.16311
2.16039
2.15813
2.15471
2.15151
2.14746
2.14351
2.1391
2.13466
2.13018
2.12549
2.12088
2.11596
2.11107
2.10603
2.10087
2.09585
2.09042
2.0854
2.07973
2.0746
2.06884
2.06346
2.05772
2.05205
2.04632
2.04051
2.0347
2.02888
2.02303
2.01724
2.01146
2.00575
2.00011
1.99456
1.98912
1.98377
1.97861
1.97353
1.96863
1.96397
1.95926
1.95514
1.95077
1.94713
1.94341
1.9402
1.93728
1.93465
1.93258
1.93072
1.92963
1.92877
1.92882
1.92895
1.92922
1.92979
1.93112
1.93241
1.93502
1.9366
1.93927
1.9406
1.94425
1.94334
2.35791
2.33894
2.32002
2.30321
2.28436
2.26794
2.24866
2.22947
2.20983
2.19235
2.17836
2.1666
2.15758
2.15085
2.14615
2.14289
2.14195
2.14056
2.14092
2.14239
2.14541
2.14907
2.15208
2.15439
2.15643
2.15708
2.15689
2.15632
2.15484
2.15258
2.15118
2.14792
2.14547
2.14235
2.14
2.13754
2.13572
2.13345
2.1308
2.12772
2.12414
2.12018
2.1158
2.11105
2.10632
2.10129
2.09648
2.09139
2.08644
2.08141
2.07629
2.07132
2.06604
2.06099
2.05562
2.05044
2.04508
2.03975
2.03441
2.02897
2.0236
2.01809
2.01263
2.00715
2.00166
1.99629
1.99085
1.9856
1.9803
1.97515
1.97006
1.96501
1.96023
1.95531
1.95092
1.94629
1.94223
1.93812
1.9345
1.93091
1.92794
1.92496
1.92264
1.92051
1.91889
1.91779
1.91705
1.91712
1.9173
1.91752
1.91805
1.91884
1.92007
1.9214
1.92289
1.92365
1.92479
1.9251
1.92678
1.92456
2.37329
2.35235
2.33124
2.31188
2.29286
2.27518
2.25829
2.24148
2.22635
2.21237
2.19945
2.18795
2.17892
2.17141
2.16564
2.1614
2.15676
2.15418
2.15169
2.15025
2.14956
2.14927
2.14934
2.14906
2.14829
2.14659
2.14385
2.14126
2.13779
2.13518
2.13382
2.13124
2.12941
2.12778
2.12627
2.12535
2.12404
2.12276
2.12031
2.11776
2.11413
2.11033
2.1057
2.10095
2.09583
2.09065
2.08543
2.08004
2.07471
2.0692
2.06369
2.05818
2.05251
2.04694
2.04109
2.0353
2.02941
2.02352
2.01768
2.0118
2.00603
2.00021
1.99454
1.98888
1.98339
1.97792
1.97275
1.9674
1.96263
1.95741
1.95288
1.94792
1.94355
1.93892
1.93487
1.9306
1.92697
1.92332
1.92005
1.91725
1.91453
1.91252
1.91069
1.90942
1.90857
1.90813
1.90821
1.90848
1.90876
1.90904
1.90974
1.91035
1.91113
1.91185
1.91203
1.91193
1.91168
1.91102
1.91141
1.90878
2.38811
2.36883
2.34806
2.32652
2.30602
2.28642
2.26884
2.25231
2.23728
2.22409
2.21237
2.20261
2.19398
2.18668
2.18038
2.17505
2.17038
2.16562
2.16099
2.15671
2.1526
2.14925
2.14609
2.14274
2.13977
2.13642
2.13333
2.13071
2.12798
2.12668
2.12541
2.12378
2.12289
2.12231
2.12189
2.12155
2.12079
2.11978
2.1176
2.11539
2.11191
2.10832
2.10381
2.09911
2.094
2.08876
2.08341
2.07793
2.0724
2.06672
2.06102
2.0552
2.04934
2.04337
2.03724
2.03107
2.02471
2.01839
2.01193
2.00557
1.99917
1.99285
1.98664
1.98043
1.97446
1.96849
1.96274
1.95718
1.95165
1.94654
1.94129
1.93655
1.9317
1.92728
1.92293
1.91898
1.91521
1.91184
1.9088
1.9061
1.90387
1.90204
1.90064
1.8998
1.89934
1.89944
1.89976
1.90027
1.90069
1.90151
1.90254
1.90344
1.90414
1.90469
1.90478
1.90471
1.90451
1.90415
1.90414
1.90258
2.4004
2.38355
2.36494
2.34436
2.32366
2.30336
2.28435
2.26706
2.25127
2.23722
2.22487
2.21403
2.20463
2.19663
2.18945
2.18262
2.17642
2.16971
2.16363
2.15756
2.15166
2.14613
2.14061
2.13541
2.13072
2.12665
2.12327
2.12121
2.12025
2.12011
2.1198
2.11986
2.12014
2.1206
2.12078
2.12067
2.1202
2.11929
2.11734
2.11519
2.11205
2.1085
2.1042
2.09946
2.09436
2.08905
2.08364
2.07811
2.0725
2.0668
2.06101
2.05512
2.04915
2.04303
2.03683
2.03046
2.02406
2.01748
2.01094
2.0043
1.99777
1.99125
1.98485
1.97858
1.97236
1.96635
1.96039
1.95462
1.94899
1.9435
1.93816
1.93312
1.92808
1.92356
1.91904
1.91502
1.91124
1.90784
1.90491
1.9023
1.9003
1.89869
1.89767
1.89708
1.89717
1.89743
1.89806
1.89861
1.89958
1.9008
1.90183
1.90295
1.90345
1.90384
1.90389
1.90384
1.90354
1.90332
1.90293
1.90203
2.41025
2.39494
2.37783
2.35897
2.33995
2.32072
2.30205
2.28405
2.26738
2.25222
2.23881
2.22706
2.2169
2.20752
2.19899
2.19055
2.18233
2.17433
2.16619
2.1584
2.15039
2.14287
2.13526
2.12858
2.12348
2.11932
2.11674
2.11622
2.11633
2.11666
2.1177
2.11892
2.12
2.12121
2.12199
2.12199
2.12165
2.12083
2.11906
2.11664
2.11335
2.10947
2.10494
2.09985
2.09438
2.08867
2.08287
2.07703
2.07124
2.06547
2.05972
2.05395
2.04806
2.04204
2.03587
2.0296
2.0232
2.01677
2.01023
2.0037
1.99718
1.99064
1.98427
1.97787
1.97166
1.96552
1.95951
1.95363
1.94802
1.9424
1.93728
1.93209
1.92741
1.92292
1.91874
1.915
1.91161
1.90863
1.90619
1.90409
1.90264
1.90159
1.90105
1.90114
1.90141
1.9021
1.9027
1.9037
1.90488
1.9062
1.90705
1.90792
1.90827
1.90862
1.90857
1.90835
1.90748
1.90707
1.90605
1.90561
2.4251
2.41082
2.39433
2.37559
2.35573
2.33577
2.31686
2.29864
2.28237
2.26678
2.25368
2.24117
2.23066
2.22025
2.2105
2.2007
2.19106
2.18136
2.17143
2.16152
2.15144
2.14171
2.13292
2.12583
2.12029
2.11672
2.11579
2.11596
2.11664
2.11816
2.1197
2.12115
2.1225
2.12386
2.12439
2.12431
2.12389
2.12297
2.12108
2.1182
2.11436
2.10967
2.10433
2.09859
2.09256
2.08636
2.07998
2.07353
2.06701
2.06047
2.05396
2.04756
2.04133
2.03522
2.02926
2.02334
2.01742
2.01155
2.00562
1.99971
1.99368
1.98765
1.98163
1.97557
1.96964
1.96371
1.95795
1.95228
1.94681
1.94144
1.93648
1.93159
1.9271
1.92299
1.91904
1.91585
1.91268
1.91043
1.90829
1.90696
1.90595
1.90549
1.90558
1.90584
1.90651
1.90716
1.90807
1.9093
1.91053
1.91149
1.91206
1.91259
1.91271
1.91253
1.91186
1.91114
1.90955
1.9088
1.90737
1.90673
2.4353
2.42357
2.40969
2.39309
2.3746
2.35426
2.33428
2.31453
2.29725
2.28132
2.26791
2.25512
2.24376
2.23233
2.22139
2.21049
2.19929
2.18844
2.17667
2.16531
2.15353
2.14347
2.13431
2.12755
2.12273
2.12005
2.1186
2.11814
2.11824
2.1186
2.1193
2.12004
2.12093
2.12178
2.12202
2.12192
2.12153
2.12065
2.11888
2.11615
2.11262
2.10832
2.10352
2.09831
2.09279
2.08701
2.08092
2.07457
2.0679
2.06104
2.05401
2.04683
2.03964
2.03239
2.02524
2.0181
2.01119
2.00436
1.99769
1.99139
1.98502
1.97923
1.97327
1.96777
1.96221
1.95695
1.9517
1.94672
1.94183
1.93713
1.93275
1.92844
1.92468
1.92102
1.91791
1.91502
1.91281
1.91074
1.90952
1.9085
1.90812
1.90821
1.90846
1.90907
1.90972
1.91049
1.91155
1.91255
1.91333
1.91377
1.91411
1.91403
1.91369
1.91282
1.91159
1.91017
1.90821
1.90668
1.90508
1.90386
2.4415
2.43136
2.41945
2.40457
2.38857
2.37051
2.35261
2.33364
2.31575
2.2977
2.28154
2.26609
2.25257
2.23974
2.22795
2.21602
2.20415
2.1919
2.1791
2.16663
2.15476
2.14443
2.13565
2.12911
2.1242
2.12076
2.11818
2.11642
2.1153
2.11439
2.11397
2.11394
2.11396
2.11392
2.11375
2.11326
2.1121
2.11025
2.10807
2.10572
2.10324
2.10063
2.0978
2.09455
2.09074
2.08628
2.08113
2.07543
2.06915
2.06254
2.05563
2.0485
2.04128
2.03385
2.02651
2.019
2.01179
2.00436
1.9974
1.99017
1.98348
1.97667
1.97016
1.96389
1.95767
1.95192
1.94622
1.94102
1.93595
1.9313
1.92702
1.92295
1.91935
1.91613
1.91328
1.91107
1.90909
1.90786
1.90686
1.90637
1.90641
1.90656
1.90699
1.90751
1.90819
1.90909
1.90992
1.91039
1.91085
1.91098
1.91081
1.91019
1.90938
1.90761
1.90632
1.90405
1.90214
1.89974
1.89805
1.89615
2.44576
2.43607
2.42505
2.41097
2.39641
2.38043
2.36489
2.34788
2.33114
2.31351
2.29688
2.28064
2.26559
2.25122
2.23738
2.22337
2.2092
2.19476
2.18052
2.16709
2.15495
2.1445
2.13593
2.12917
2.12377
2.11941
2.11598
2.11295
2.11044
2.10847
2.10706
2.10605
2.10524
2.10432
2.1031
2.10156
2.09994
2.09819
2.09656
2.09491
2.09323
2.09136
2.0891
2.08633
2.08311
2.07936
2.07529
2.07074
2.06581
2.06048
2.05468
2.04856
2.04206
2.03546
2.0287
2.02177
2.01481
2.00763
2.00053
1.99337
1.98636
1.97943
1.97268
1.96605
1.95974
1.95355
1.94777
1.94218
1.93705
1.93209
1.92773
1.92352
1.91994
1.91664
1.91381
1.91156
1.90957
1.90823
1.90728
1.90665
1.90641
1.90639
1.90647
1.9067
1.9072
1.90763
1.90773
1.90791
1.90786
1.90759
1.90705
1.90574
1.90477
1.90274
1.90144
1.89914
1.89736
1.89504
1.8934
1.89154
2.45426
2.44265
2.4306
2.41649
2.40192
2.38633
2.37139
2.35578
2.34099
2.32596
2.31165
2.29709
2.28253
2.26765
2.25218
2.23637
2.22015
2.20409
2.18877
2.17464
2.16187
2.15098
2.1417
2.13392
2.12723
2.1215
2.11649
2.11243
2.1092
2.10665
2.10468
2.10328
2.10205
2.10064
2.09897
2.09723
2.09545
2.09371
2.09206
2.09028
2.0883
2.08587
2.08292
2.07942
2.07531
2.07069
2.06572
2.06054
2.05545
2.05051
2.04571
2.04121
2.03664
2.0321
2.02718
2.02217
2.01688
2.01149
2.00581
1.99995
1.99372
1.98724
1.98051
1.97349
1.96669
1.95998
1.95369
1.94768
1.94218
1.93706
1.93251
1.92831
1.92472
1.92153
1.9188
1.91667
1.91486
1.91357
1.91276
1.91212
1.9117
1.91169
1.91178
1.91198
1.91214
1.91212
1.91206
1.9119
1.91156
1.91068
1.90989
1.90814
1.90698
1.90459
1.90308
1.90045
1.89841
1.89572
1.8938
1.89161
2.47418
2.4576
2.44107
2.42447
2.4082
2.39157
2.37596
2.36094
2.34747
2.33438
2.32172
2.30852
2.29479
2.28024
2.26499
2.24936
2.23374
2.21851
2.20413
2.19056
2.17823
2.16721
2.1576
2.14901
2.14134
2.13451
2.12869
2.12383
2.11977
2.11619
2.11269
2.1091
2.10548
2.10218
2.09947
2.09731
2.09536
2.09361
2.09186
2.09001
2.08783
2.08509
2.08176
2.07779
2.07318
2.06804
2.06247
2.0565
2.05047
2.04428
2.03842
2.03288
2.02778
2.02342
2.01943
2.01617
2.01262
2.00922
2.00522
2.00134
1.99715
1.99308
1.98881
1.98438
1.97963
1.97453
1.96918
1.96367
1.95786
1.95209
1.94645
1.94117
1.93674
1.93287
1.92968
1.92725
1.92519
1.92375
1.92272
1.92178
1.92141
1.92138
1.92132
1.92117
1.92099
1.9208
1.92054
1.91992
1.91927
1.91786
1.91688
1.91483
1.91358
1.911
1.90951
1.90649
1.90461
1.90151
1.89974
1.89718
2.49013
2.47858
2.46373
2.44406
2.42231
2.40208
2.38432
2.36851
2.35492
2.34205
2.32931
2.31602
2.30214
2.28776
2.27318
2.25844
2.24381
2.22936
2.21536
2.20231
2.19041
2.17952
2.16939
2.16006
2.15152
2.14388
2.13716
2.13131
2.12612
2.12132
2.11681
2.11269
2.10906
2.10602
2.10344
2.10135
2.09959
2.0981
2.09636
2.09441
2.09187
2.08898
2.08519
2.08107
2.07588
2.07055
2.06426
2.05815
2.05147
2.045
2.03852
2.03212
2.0261
2.02022
2.01485
2.00988
2.00544
2.00188
1.99893
1.99645
1.9941
1.99156
1.98885
1.98645
1.98386
1.98161
1.97911
1.97665
1.97395
1.97103
1.96814
1.96456
1.96107
1.95726
1.95359
1.95039
1.94743
1.94484
1.94286
1.94135
1.94023
1.93937
1.93842
1.93753
1.93683
1.93581
1.9351
1.93358
1.9326
1.93059
1.92941
1.92695
1.92554
1.92259
1.92091
1.91744
1.91535
1.91162
1.90968
1.90663
2.49575
2.48878
2.47788
2.46413
2.4472
2.42711
2.4061
2.38662
2.36922
2.3534
2.33826
2.32339
2.30846
2.29353
2.27865
2.26383
2.24917
2.23495
2.22135
2.20854
2.19629
2.18455
2.17327
2.16278
2.15313
2.14447
2.13681
2.12993
2.12371
2.11819
2.11334
2.10907
2.10532
2.10214
2.09949
2.09725
2.0956
2.09431
2.09349
2.0926
2.09183
2.09046
2.08888
2.08629
2.08317
2.07892
2.07367
2.06741
2.06004
2.05239
2.04434
2.0368
2.02959
2.02293
2.01679
2.01111
2.00578
2.0008
1.99621
1.99198
1.98862
1.98578
1.98402
1.98275
1.98195
1.98085
1.97993
1.97933
1.97887
1.97884
1.97874
1.97852
1.97814
1.97732
1.9761
1.97462
1.97255
1.97057
1.96832
1.96655
1.96408
1.96192
1.95948
1.95761
1.95578
1.95383
1.95228
1.94978
1.94834
1.94541
1.94375
1.94034
1.93844
1.93456
1.93231
1.92813
1.92545
1.92122
1.91899
1.91535
2.49677
2.4888
2.47989
2.46938
2.45636
2.44174
2.42631
2.40957
2.39096
2.37165
2.35272
2.33481
2.31758
2.30091
2.28461
2.26877
2.25339
2.23874
2.22488
2.21161
2.19874
2.1862
2.17413
2.16267
2.15219
2.14262
2.13391
2.12606
2.11902
2.11277
2.10724
2.10219
2.09733
2.09299
2.08929
2.08659
2.08478
2.08377
2.08348
2.08353
2.0837
2.08375
2.08361
2.08306
2.08176
2.07954
2.07668
2.07304
2.06873
2.06361
2.05732
2.04999
2.0419
2.03357
2.02546
2.01792
2.01107
2.00502
1.99951
1.99444
1.98985
1.98577
1.98227
1.97919
1.97701
1.97625
1.97632
1.97675
1.97779
1.97945
1.98132
1.98336
1.98534
1.987
1.98795
1.98857
1.98865
1.98835
1.98699
1.98528
1.98229
1.97989
1.97637
1.97363
1.97023
1.96697
1.96364
1.95984
1.95685
1.95263
1.94991
1.94553
1.94285
1.93858
1.93564
1.93168
1.92844
1.92496
1.92228
1.91995
2.49893
2.48771
2.47832
2.46875
2.45791
2.44663
2.43593
2.42483
2.41218
2.397
2.37915
2.3594
2.33897
2.31865
2.29905
2.28086
2.26417
2.24875
2.23411
2.21964
2.20541
2.19133
2.17775
2.16494
2.15326
2.14256
2.13298
2.12441
2.11679
2.10973
2.10286
2.09633
2.09048
2.08556
2.08156
2.07845
2.0764
2.07508
2.07419
2.07353
2.07302
2.07266
2.07232
2.07196
2.07152
2.07096
2.07009
2.06855
2.06625
2.06313
2.05941
2.05512
2.05018
2.04449
2.03804
2.03093
2.02334
2.01566
2.00838
2.0018
1.99581
1.99047
1.98609
1.98264
1.97958
1.97751
1.97702
1.97719
1.97786
1.97947
1.98203
1.9851
1.98843
1.99167
1.99458
1.99726
1.9991
1.99972
1.9995
1.9987
1.99625
1.9937
1.98945
1.98616
1.98113
1.977
1.97179
1.96728
1.96261
1.95793
1.95383
1.94923
1.94558
1.94141
1.938
1.93459
1.93117
1.92871
1.92595
1.92495
2.50936
2.49315
2.48069
2.47038
2.4609
2.45119
2.44125
2.43169
2.42243
2.41165
2.39783
2.38084
2.36172
2.34177
2.32222
2.30349
2.28553
2.26783
2.25032
2.23296
2.21603
2.19988
2.18492
2.17131
2.15899
2.14808
2.13815
2.12886
2.11969
2.11076
2.10247
2.09491
2.08844
2.08311
2.07886
2.07502
2.07129
2.06793
2.06499
2.06231
2.06004
2.05843
2.05745
2.05686
2.05653
2.05628
2.05604
2.05576
2.0553
2.05456
2.0534
2.05164
2.04932
2.04653
2.04322
2.03924
2.03462
2.02936
2.02341
2.01698
2.0105
2.00421
1.99819
1.9929
1.98858
1.98494
1.98225
1.98132
1.98141
1.98192
1.98315
1.98526
1.98838
1.99203
1.99579
1.99946
2.00267
2.00448
2.00477
2.00452
2.00365
2.00178
1.99795
1.9945
1.98916
1.98467
1.97888
1.97444
1.96857
1.96445
1.95895
1.95527
1.95056
1.9473
1.9434
1.94073
1.93712
1.93529
1.93244
1.9321
2.53291
2.51699
2.50051
2.48525
2.47063
2.45586
2.44231
2.43124
2.42153
2.41171
2.40051
2.38697
2.37124
2.35426
2.33681
2.31924
2.30159
2.28377
2.26608
2.24884
2.23245
2.21735
2.20353
2.191
2.17927
2.16788
2.15646
2.14513
2.13404
2.12355
2.11385
2.10506
2.09703
2.08951
2.08231
2.07561
2.06936
2.06331
2.05798
2.05355
2.05006
2.04765
2.04605
2.04504
2.04455
2.04443
2.04441
2.04444
2.04461
2.04509
2.0455
2.04555
2.04548
2.04523
2.04463
2.04334
2.04115
2.0383
2.03461
2.03016
2.02525
2.02004
2.01439
2.00852
2.00329
1.99852
1.99381
1.99006
1.988
1.98742
1.98758
1.98833
1.99036
1.99371
1.99739
2.00097
2.00448
2.00798
2.01065
2.01187
2.01216
2.01203
2.01146
2.00945
2.00632
2.00124
1.99635
1.99069
1.98493
1.97952
1.97341
1.96869
1.96271
1.95882
1.95351
1.95061
1.94627
1.94463
1.94186
1.94247
2.53886
2.53169
2.51684
2.49726
2.47713
2.45812
2.44181
2.42877
2.41834
2.40893
2.39894
2.38789
2.3757
2.36266
2.34861
2.33361
2.3177
2.3012
2.28449
2.26812
2.25243
2.23773
2.22391
2.21077
2.19812
2.18575
2.17372
2.16206
2.15089
2.1403
2.13018
2.12026
2.1102
2.09999
2.0896
2.07972
2.07058
2.06262
2.05599
2.05078
2.04702
2.04407
2.04154
2.03963
2.03838
2.03744
2.03679
2.03646
2.03635
2.03636
2.0365
2.03693
2.03749
2.03792
2.03811
2.03812
2.03792
2.0372
2.03552
2.03302
2.02994
2.02623
2.02168
2.01657
2.01174
2.00717
2.00261
1.99824
1.99529
1.99445
1.99454
1.99496
1.99609
1.99858
2.00174
2.00558
2.00931
2.01333
2.01723
2.02064
2.02284
2.02346
2.02329
2.02262
2.02087
2.01684
2.01148
2.00494
1.99852
1.9916
1.98553
1.97938
1.97396
1.96914
1.96454
1.96144
1.95835
1.95682
1.95575
1.95747
2.53952
2.53642
2.53109
2.51712
2.49139
2.46724
2.44792
2.43316
2.42133
2.41075
2.40034
2.38954
2.37819
2.36616
2.3532
2.33927
2.32436
2.30874
2.29252
2.27626
2.26035
2.24507
2.23041
2.21641
2.20302
2.19027
2.1781
2.16658
2.15582
2.14573
2.13608
2.12652
2.11702
2.10761
2.09817
2.08915
2.08038
2.07202
2.06447
2.05747
2.05116
2.04596
2.04156
2.03754
2.03407
2.03135
2.02913
2.02725
2.02588
2.02511
2.0248
2.02477
2.02492
2.02547
2.02666
2.02794
2.02921
2.03026
2.03091
2.03117
2.03117
2.03086
2.02964
2.02701
2.02398
2.0207
2.01799
2.01354
2.0106
2.00873
2.00802
2.00786
2.00799
2.00849
2.01007
2.01272
2.01518
2.01789
2.02111
2.0247
2.02799
2.02973
2.02986
2.02961
2.02887
2.02696
2.0238
2.01879
2.01361
2.00742
2.00181
1.99567
1.99012
1.98469
1.97961
1.97589
1.97189
1.97009
1.9681
1.96915
2.54913
2.54701
2.54301
2.53419
2.51556
2.49315
2.47169
2.45199
2.43357
2.41661
2.40127
2.38759
2.37484
2.36244
2.34953
2.33582
2.32132
2.30634
2.29147
2.27699
2.26283
2.2488
2.23467
2.22054
2.20685
2.19394
2.18233
2.17196
2.16231
2.15316
2.14418
2.13525
2.12658
2.11814
2.10971
2.10122
2.09273
2.08419
2.07579
2.0675
2.05911
2.05108
2.04411
2.03817
2.03315
2.02926
2.02653
2.02452
2.02281
2.02139
2.02047
2.02011
2.02008
2.02018
2.02065
2.02199
2.02433
2.02685
2.02908
2.03086
2.03238
2.0336
2.03443
2.03457
2.03436
2.03287
2.03181
2.02955
2.02634
2.02339
2.02127
2.02005
2.01925
2.01894
2.01886
2.01946
2.02087
2.02285
2.02535
2.02838
2.03205
2.03525
2.03685
2.03706
2.03685
2.03617
2.03458
2.03095
2.02642
2.02039
2.01466
2.00819
2.00224
1.99618
1.99076
1.98639
1.98223
1.97998
1.97782
1.97884
2.54687
2.54493
2.54088
2.53474
2.52596
2.51067
2.4897
2.46619
2.44289
2.42149
2.40253
2.38603
2.37151
2.35813
2.34494
2.33159
2.3182
2.30518
2.29252
2.28014
2.26752
2.25456
2.24129
2.22788
2.21462
2.2014
2.18884
2.17679
2.16535
2.15473
2.14448
2.13465
2.1254
2.1166
2.1082
2.1001
2.09222
2.08448
2.07682
2.06954
2.06285
2.05687
2.05179
2.04736
2.04327
2.03951
2.03591
2.03221
2.02864
2.02554
2.0228
2.02035
2.01853
2.01766
2.01753
2.01767
2.01822
2.01959
2.02192
2.02442
2.02712
2.02932
2.03178
2.0329
2.03435
2.03552
2.03626
2.03633
2.03599
2.03491
2.03362
2.03263
2.03182
2.03142
2.03102
2.03109
2.03142
2.03265
2.03437
2.03608
2.03837
2.04052
2.04163
2.04173
2.04144
2.04069
2.03933
2.03642
2.03369
2.02903
2.02518
2.02014
2.0156
2.01117
2.0067
2.00311
1.99895
1.99651
1.99347
1.99204
2.53684
2.53512
2.53213
2.52743
2.52215
2.51529
2.5026
2.48326
2.45943
2.43519
2.41384
2.39585
2.38027
2.36592
2.35206
2.33856
2.32533
2.31213
2.29867
2.28499
2.27096
2.25676
2.24234
2.22818
2.21441
2.20067
2.18704
2.17348
2.16008
2.1472
2.13516
2.12427
2.11474
2.10619
2.09871
2.09229
2.0864
2.0813
2.07725
2.07393
2.07105
2.06858
2.06604
2.06263
2.0582
2.05321
2.04786
2.04194
2.03555
2.0294
2.02401
2.01917
2.01451
2.01003
2.00611
2.00338
2.00214
2.00209
2.00241
2.00358
2.00607
2.01027
2.01538
2.02159
2.02798
2.03408
2.03955
2.04432
2.04848
2.05188
2.05409
2.05478
2.05468
2.0543
2.05302
2.05116
2.04867
2.0462
2.044
2.04226
2.04089
2.03971
2.0388
2.03833
2.03829
2.03858
2.03899
2.03897
2.03879
2.03829
2.03707
2.03584
2.03305
2.03047
2.0248
2.02046
2.01342
2.00783
2.00252
1.9973
2.53741
2.53489
2.53066
2.52513
2.52017
2.51628
2.5096
2.49574
2.47797
2.45984
2.44265
2.42629
2.40976
2.39237
2.37406
2.35524
2.33645
2.31819
2.30054
2.28326
2.2664
2.24995
2.23396
2.21842
2.20321
2.18857
2.17462
2.16141
2.14895
2.13753
2.12733
2.11815
2.10978
2.10224
2.09525
2.08886
2.08369
2.08015
2.0776
2.07539
2.07346
2.07131
2.06795
2.06337
2.05843
2.05315
2.04661
2.03832
2.02904
2.01978
2.0111
2.00321
1.99648
1.99152
1.98862
1.98758
1.98755
1.98788
1.98908
1.99182
1.99666
2.00299
2.0108
2.01967
2.02889
2.03801
2.04674
2.05463
2.06155
2.06692
2.06993
2.07073
2.07038
2.06887
2.06481
2.05892
2.05366
2.04849
2.04351
2.03925
2.03554
2.03277
2.03133
2.03118
2.03193
2.0347
2.03911
2.04254
2.04444
2.04497
2.04491
2.04441
2.04264
2.0386
2.03177
2.02578
2.0166
2.01059
2.0031
1.99744
2.55217
2.54605
2.53914
2.53359
2.52936
2.52297
2.51237
2.49921
2.48545
2.47188
2.45754
2.44118
2.42232
2.40149
2.37964
2.35764
2.3361
2.31516
2.29499
2.2758
2.25776
2.2409
2.2251
2.21038
2.19657
2.18358
2.17146
2.1604
2.15023
2.14097
2.13233
2.124
2.11572
2.10743
2.09976
2.09322
2.08759
2.08306
2.07909
2.07519
2.07168
2.06826
2.06399
2.0585
2.05152
2.04272
2.03208
2.02079
2.01089
2.00291
1.99611
1.99052
1.98667
1.98459
1.98387
1.98381
1.98422
1.98569
1.9894
1.99442
2.00053
2.0079
2.01664
2.02655
2.03715
2.04756
2.05702
2.06522
2.07142
2.07499
2.07598
2.07566
2.07382
2.06884
2.06233
2.05503
2.04828
2.04203
2.03687
2.03298
2.03003
2.02844
2.02834
2.02941
2.03305
2.03902
2.04435
2.04799
2.04971
2.05004
2.04981
2.0486
2.04512
2.03915
2.03116
2.02326
2.01407
2.00774
2.00001
1.99751
2.56392
2.55725
2.55125
2.54412
2.53404
2.52177
2.50927
2.49794
2.48696
2.47463
2.4595
2.4411
2.42011
2.39773
2.37501
2.3527
2.33118
2.31059
2.29109
2.27286
2.256
2.24058
2.22654
2.21383
2.20236
2.19212
2.18287
2.17483
2.16722
2.15927
2.15015
2.13963
2.12854
2.11755
2.10736
2.09884
2.09103
2.08466
2.07946
2.0743
2.06902
2.06265
2.05458
2.04521
2.03469
2.0236
2.01344
2.0046
1.99689
1.99117
1.98838
1.98788
1.98805
1.98869
1.99062
1.99301
1.99645
2.00034
2.00501
2.01061
2.01731
2.02517
2.03386
2.04276
2.05124
2.05904
2.06587
2.07098
2.07378
2.07441
2.07393
2.07167
2.06682
2.06008
2.05426
2.04799
2.04242
2.03796
2.03479
2.03258
2.03161
2.03192
2.03393
2.03917
2.04546
2.05059
2.05366
2.0548
2.05488
2.05442
2.05264
2.04817
2.04114
2.03321
2.02439
2.01643
2.00884
2.00378
1.99964
2.00027
2.56962
2.5657
2.55944
2.54775
2.53274
2.51877
2.50806
2.49899
2.4881
2.47282
2.45314
2.4307
2.40791
2.38616
2.36571
2.3458
2.32643
2.30766
2.28998
2.27425
2.26075
2.24939
2.23946
2.23053
2.2223
2.21446
2.20621
2.19705
2.18619
2.17367
2.16011
2.14623
2.1326
2.12022
2.10927
2.1002
2.09249
2.08549
2.07881
2.071
2.06194
2.05186
2.04024
2.02785
2.0162
2.00553
1.99608
1.98988
1.98782
1.98809
1.98922
1.99262
1.99673
2.00219
2.00674
2.01216
2.01708
2.02193
2.02692
2.03223
2.03784
2.04364
2.04944
2.05503
2.06016
2.06434
2.06701
2.06789
2.06774
2.06679
2.06433
2.06078
2.05684
2.05313
2.04882
2.04538
2.04337
2.04248
2.04237
2.04326
2.04623
2.05116
2.05628
2.06036
2.0625
2.06298
2.06286
2.06219
2.0602
2.05557
2.04884
2.04104
2.03272
2.0245
2.01691
2.01069
2.00558
2.00318
2.0021
2.00408
2.57619
2.57083
2.55993
2.5451
2.53169
2.52156
2.5125
2.50104
2.4853
2.46482
2.44222
2.41981
2.39876
2.379
2.3604
2.34252
2.32606
2.31143
2.29902
2.28851
2.27904
2.27004
2.26109
2.25201
2.24261
2.23259
2.2213
2.20865
2.19419
2.17853
2.16263
2.14749
2.134
2.1222
2.11224
2.10327
2.09457
2.08587
2.0761
2.06458
2.05205
2.03893
2.02526
2.01253
2.0019
1.99283
1.98609
1.98321
1.98329
1.98432
1.98696
1.99231
1.9971
2.00366
2.00926
2.0163
2.02314
2.03003
2.03667
2.04286
2.04854
2.05364
2.05789
2.06092
2.06251
2.06278
2.06252
2.06154
2.05941
2.057
2.05437
2.05219
2.04991
2.04882
2.04821
2.04869
2.05071
2.05374
2.05761
2.06248
2.0675
2.07133
2.07321
2.0735
2.0733
2.07247
2.0702
2.06527
2.05858
2.05083
2.0426
2.03429
2.02644
2.01933
2.01355
2.00947
2.00718
2.00694
2.00705
2.01016
2.58753
2.57661
2.56178
2.54746
2.53433
2.52067
2.50493
2.48624
2.46602
2.44512
2.42522
2.40659
2.38862
2.37127
2.35453
2.33893
2.32531
2.31386
2.30448
2.29624
2.28843
2.28024
2.27143
2.26197
2.25159
2.23998
2.2267
2.2121
2.19658
2.18103
2.16641
2.15319
2.14141
2.13075
2.12038
2.10955
2.09698
2.08384
2.06905
2.05455
2.04016
2.02626
2.01357
2.00224
1.9934
1.9864
1.98192
1.98087
1.98144
1.98299
1.98719
1.99023
1.99612
2.00012
2.00707
2.01458
2.02295
2.03146
2.03944
2.04656
2.0527
2.05747
2.06034
2.06112
2.06088
2.05977
2.05708
2.05399
2.05069
2.04789
2.0454
2.0439
2.04349
2.04377
2.04555
2.04913
2.05356
2.059
2.06526
2.0713
2.07568
2.07777
2.07816
2.07798
2.07707
2.07441
2.06876
2.06166
2.05394
2.04599
2.0381
2.0306
2.0241
2.01893
2.01554
2.01394
2.01374
2.01419
2.015
2.01844
2.57136
2.56413
2.55138
2.54065
2.53137
2.51985
2.5041
2.48549
2.46574
2.44666
2.42859
2.41222
2.39702
2.3836
2.37137
2.36051
2.34995
2.33897
2.32724
2.3143
2.30122
2.28781
2.27471
2.26148
2.24748
2.23272
2.2171
2.2009
2.18515
2.17012
2.15644
2.14402
2.13242
2.12168
2.11042
2.09968
2.08761
2.07612
2.06357
2.05184
2.04078
2.03172
2.02463
2.01969
2.0172
2.01577
2.01467
2.01383
2.01226
2.01045
2.00862
2.00682
2.00413
2.00333
2.00373
2.00497
2.00759
2.01143
2.01616
2.02181
2.02742
2.03289
2.03767
2.04195
2.04569
2.04959
2.05253
2.05558
2.05764
2.05933
2.06135
2.0622
2.06417
2.06478
2.06603
2.06711
2.06795
2.0689
2.06911
2.06896
2.06853
2.0675
2.06622
2.06425
2.06212
2.05948
2.05662
2.05333
2.05026
2.04633
2.0435
2.03984
2.03787
2.03502
2.03347
2.03084
2.0291
2.02686
2.02528
2.02493
2.54102
2.5351
2.53047
2.5273
2.5247
2.5222
2.51731
2.50823
2.49547
2.48057
2.46347
2.44682
2.43181
2.41924
2.40759
2.39532
2.38124
2.36443
2.34508
2.32417
2.30241
2.28094
2.26024
2.24027
2.22161
2.20348
2.18645
2.17027
2.15508
2.14165
2.1296
2.11911
2.11016
2.10187
2.09434
2.08703
2.07985
2.07284
2.06629
2.05975
2.05415
2.04975
2.04571
2.04202
2.04029
2.03627
2.03394
2.02876
2.02561
2.01911
2.01382
2.00875
2.00343
1.99769
1.99495
1.99486
1.9954
1.9969
2.00014
2.00457
2.00996
2.01677
2.02463
2.03298
2.04203
2.05166
2.06093
2.06956
2.0776
2.08432
2.08827
2.08953
2.08919
2.08813
2.0854
2.08133
2.07638
2.07072
2.06499
2.05962
2.05495
2.05127
2.04856
2.04685
2.04632
2.04655
2.04782
2.05004
2.05128
2.05148
2.05136
2.05085
2.04948
2.04741
2.04293
2.03943
2.03347
2.02898
2.02446
2.02044
2.57109
2.56773
2.56137
2.54813
2.53261
2.51783
2.50484
2.49151
2.47799
2.46303
2.44793
2.43224
2.41638
2.39956
2.38225
2.36492
2.34889
2.33454
2.32202
2.31086
2.2995
2.28747
2.27441
2.25966
2.24432
2.22821
2.21205
2.19659
2.18166
2.16796
2.15506
2.14287
2.13168
2.12036
2.10964
2.09882
2.0876
2.07656
2.06529
2.05424
2.04309
2.03303
2.02274
2.01387
2.00588
1.99865
1.9938
1.98906
1.98702
1.98738
1.98855
1.99142
1.994
1.99927
2.00527
2.01234
2.01952
2.02661
2.03318
2.03907
2.04407
2.04832
2.05149
2.0538
2.05529
2.05635
2.05676
2.05717
2.05714
2.05718
2.05771
2.058
2.05895
2.05996
2.06165
2.06339
2.06562
2.06797
2.06927
2.06944
2.06928
2.06864
2.06732
2.06451
2.06193
2.05793
2.05448
2.05031
2.04724
2.04385
2.04109
2.03876
2.03614
2.0344
2.03196
2.03016
2.02783
2.02548
2.02339
2.02124
2.54718
2.5433
2.54249
2.54169
2.53993
2.53363
2.5205
2.50749
2.49402
2.4797
2.46273
2.4459
2.42945
2.41488
2.40136
2.38876
2.37567
2.36163
2.34531
2.32714
2.30702
2.2862
2.26562
2.24559
2.22686
2.20881
2.19198
2.1762
2.16191
2.1492
2.13862
2.12956
2.12172
2.11522
2.10817
2.10128
2.09381
2.08534
2.07712
2.06828
2.06033
2.0532
2.04656
2.04114
2.03715
2.03164
2.02887
2.02351
2.02021
2.01455
2.01125
2.00727
2.00193
1.99886
1.99886
1.99971
2.0019
2.00589
2.0116
2.01817
2.02568
2.03375
2.0417
2.04995
2.05773
2.06476
2.07149
2.07713
2.08158
2.0856
2.08839
2.08935
2.08899
2.08814
2.08636
2.08368
2.08028
2.07634
2.07217
2.06815
2.06457
2.06163
2.05924
2.05749
2.05671
2.05667
2.05703
2.05766
2.05771
2.05756
2.05712
2.05619
2.05393
2.05155
2.04637
2.04257
2.0354
2.03011
2.02443
2.01867
)
;

boundaryField
{
    inlet
    {
        type            fixedValue;
        value           uniform 1;
    }
    outlet
    {
        type            zeroGradient;
    }
    bottom
    {
        type            symmetryPlane;
    }
    top
    {
        type            symmetryPlane;
    }
    obstacle
    {
        type            zeroGradient;
    }
    defaultFaces
    {
        type            empty;
    }
}


// ************************************************************************* //
