/*--------------------------------*- C++ -*----------------------------------*\
| =========                 |                                                 |
| \\      /  F ield         | OpenFOAM: The Open Source CFD Toolbox           |
|  \\    /   O peration     | Version:  2112                                  |
|   \\  /    A nd           | Website:  www.openfoam.com                      |
|    \\/     M anipulation  |                                                 |
\*---------------------------------------------------------------------------*/
FoamFile
{
    version     2.0;
    format      ascii;
    arch        "LSB;label=32;scalar=64";
    class       volScalarField;
    location    "0.5";
    object      Ma;
}
// * * * * * * * * * * * * * * * * * * * * * * * * * * * * * * * * * * * * * //

dimensions      [0 0 0 0 0 0 0];

internalField   nonuniform List<scalar> 
7000
(
3.00001
3.00001
3
3
3
3
3
3
3
3
3
3
3.00001
3.00001
3.00001
3
2.99997
2.9998
2.99953
2.99845
2.99705
2.99142
2.98513
2.95222
2.90192
2.72771
2.36739
1.54816
0.61762
0.194613
0.29198
0.325398
0.316881
0.295221
0.269107
0.248277
0.232091
0.215235
0.198438
0.181882
0.166102
0.151108
0.13645
0.120256
0.100002
0.0802897
0.0604708
0.0450352
0.0271669
0.0119766
3.00001
3.00001
3
3
3
3
3
3
3
3
3
3.00001
3.00001
3.00001
3.00001
3
2.99997
2.99981
2.99955
2.99852
2.99717
2.99179
2.98573
2.95407
2.90575
2.73777
2.38679
1.5837
0.639852
0.199272
0.285494
0.318568
0.312735
0.292356
0.26604
0.244531
0.22756
0.210484
0.193515
0.176959
0.161163
0.146067
0.131365
0.115296
0.0958658
0.0777646
0.05978
0.0462118
0.0304249
0.0223103
3.00001
3.00001
3
3
3
3
3
3
3
3
3
3.00001
3.00001
3.00001
3.00001
3
2.99997
2.99981
2.99957
2.99857
2.99728
2.9921
2.98618
2.9555
2.90825
2.74415
2.39738
1.60347
0.655808
0.205736
0.27996
0.312821
0.310473
0.291758
0.265948
0.244529
0.227563
0.210345
0.193523
0.177109
0.161493
0.146747
0.13239
0.116741
0.0981191
0.0811751
0.0647493
0.0531436
0.0404624
0.0356571
3.00001
3
3
3
3
3
3
3
3
3
3
3.00001
3.00001
3.00001
3.00001
3
2.99998
2.99982
2.99959
2.99865
2.99741
2.99251
2.9868
2.95749
2.9117
2.75374
2.41341
1.63543
0.682221
0.222404
0.279065
0.310727
0.312127
0.29436
0.26833
0.246751
0.229795
0.212428
0.195794
0.179568
0.164174
0.14996
0.136198
0.12123
0.103635
0.0878851
0.0729404
0.0630305
0.0527425
0.0492319
3.00001
3.00001
3
3
3
3
3
3
3
3
3
3.00001
3.00001
3.00001
3.00001
3
2.99998
2.99983
2.99962
2.99873
2.99757
2.99296
2.98753
2.95987
2.91553
2.76572
2.43089
1.67505
0.714055
0.243624
0.276334
0.307533
0.315121
0.29873
0.272713
0.251096
0.23426
0.216767
0.200277
0.184311
0.169169
0.155547
0.142437
0.128255
0.111676
0.0970402
0.083418
0.0747981
0.0661651
0.0632866
3.00001
3.00001
3
3
3
3
3
3
3
3
3
3
3.00001
3.00001
3.00001
3
2.99998
2.99985
2.99965
2.99883
2.99775
2.9935
2.9884
2.96267
2.92009
2.78039
2.45163
1.7295
0.752962
0.270101
0.271193
0.305456
0.320707
0.304991
0.278845
0.257245
0.24065
0.223147
0.20684
0.191258
0.17646
0.163396
0.151026
0.137694
0.122052
0.108396
0.0958175
0.0880782
0.0805585
0.0780443
3.00001
3.00001
3
3
3
3
3
3
3
3
3
3
3.00001
3.00001
3.00001
3
2.99998
2.99986
2.99968
2.99894
2.99794
2.99415
2.98937
2.96587
2.92553
2.79598
2.47777
1.79664
0.803679
0.301264
0.2637
0.306775
0.328076
0.312666
0.286551
0.265169
0.248818
0.231431
0.21537
0.200201
0.185895
0.173414
0.16181
0.149359
0.134513
0.121684
0.109931
0.102698
0.0958669
0.0935529
3.00001
3.00001
3
3
3
3
3
3
3
3
3
3
3.00001
3.00001
3.00001
3
2.99998
2.99987
2.99971
2.99905
2.99815
2.99492
2.99031
2.96958
2.93148
2.8118
2.51016
1.87436
0.869789
0.338683
0.255095
0.310851
0.337387
0.322047
0.296078
0.274911
0.258761
0.241498
0.225744
0.211052
0.197311
0.185445
0.17462
0.163074
0.148989
0.136814
0.125566
0.118573
0.112145
0.109934
3.00001
3.00001
3
3
3
3
3
3
3
3
3
3
3.00001
3
3.00001
3
2.99998
2.99988
2.99973
2.99914
2.99833
2.99559
2.99116
2.97387
2.93702
2.8299
2.54931
1.96207
0.955535
0.384866
0.24735
0.317596
0.349036
0.333269
0.307569
0.286489
0.270436
0.253306
0.237867
0.223757
0.210628
0.199383
0.189372
0.17877
0.165351
0.153762
0.142858
0.135868
0.129592
0.127348
3.00001
3.00001
3.00001
3
3
3
3
3
3
3
3
3
3
3
3.00001
3
2.99998
2.99989
2.99975
2.99921
2.99847
2.99601
2.99201
2.97732
2.94352
2.85092
2.59164
2.06668
1.06693
0.443027
0.243804
0.32744
0.362668
0.345981
0.320863
0.299801
0.283702
0.266725
0.251749
0.238228
0.225804
0.215245
0.205986
0.196388
0.183696
0.172469
0.161763
0.154706
0.14834
0.14605
3.00001
3.00001
3.00001
3
3
3
3
3
3
3
3
3
3
3
3
3
2.99998
2.99989
2.99976
2.99926
2.99858
2.99623
2.99283
2.97957
2.95042
2.87075
2.64252
2.18742
1.21636
0.514714
0.247199
0.33987
0.37665
0.359159
0.335386
0.314566
0.298383
0.281669
0.267266
0.254484
0.242783
0.232954
0.224493
0.216002
0.204096
0.193201
0.182663
0.175412
0.168942
0.166413
3.00001
3.00001
3.00001
3.00001
3
3
3
3
3
3
3
3
3
3
3
3
2.99998
2.9999
2.99978
2.99931
2.99868
2.99642
2.99353
2.98043
2.95763
2.88653
2.69892
2.30483
1.41859
0.595539
0.254295
0.351471
0.387293
0.371525
0.350336
0.330496
0.31437
0.29813
0.284371
0.272518
0.261654
0.252582
0.244963
0.237615
0.226575
0.21589
0.205623
0.198328
0.191326
0.188723
3.00001
3.00001
3.00001
3.00001
3.00001
3
3
3
3
3
3
3
3
3
3
3
2.99999
2.99991
2.9998
2.99938
2.9988
2.99674
2.99414
2.98196
2.96267
2.89757
2.74333
2.39079
1.61207
0.675468
0.274086
0.363067
0.393043
0.3823
0.365192
0.347382
0.331469
0.316106
0.303103
0.292351
0.282493
0.274337
0.267637
0.261482
0.251652
0.241165
0.231093
0.223872
0.216876
0.213763
3.00001
3.00001
3.00001
3.00001
3.00001
3.00001
3.00001
3
3
3
3
3
3.00001
3
3
3
2.99999
2.99992
2.99983
2.99946
2.99896
2.99715
2.99485
2.9837
2.96763
2.90699
2.77686
2.45352
1.72691
0.784295
0.323607
0.369204
0.391748
0.392822
0.381081
0.365215
0.349798
0.335567
0.323549
0.314048
0.305452
0.298335
0.29266
0.287821
0.279265
0.269612
0.26005
0.252859
0.245134
0.242229
3.00001
3.00001
3.00001
3.00001
3.00001
3.00001
3.00001
3.00001
3.00001
3.00001
3.00001
3.00001
3.00001
3.00001
3
3
2.99999
2.99993
2.99986
2.99956
2.99914
2.99768
2.99571
2.98679
2.97203
2.92064
2.8008
2.51736
1.83065
0.915196
0.387729
0.366435
0.392435
0.406159
0.398511
0.384214
0.369757
0.356814
0.346047
0.337849
0.330741
0.324835
0.320395
0.316986
0.310662
0.301361
0.29249
0.286298
0.279101
0.275436
3.00001
3.00001
3.00001
3.00001
3.00001
3.00001
3.00001
3.00001
3.00001
3.00001
3.00001
3.00001
3.00001
3.00001
3
3
2.99999
2.99994
2.99988
2.99964
2.9993
2.99824
2.99636
2.98983
2.97554
2.93473
2.82777
2.59049
1.9424
1.05932
0.463485
0.367872
0.402829
0.424217
0.418409
0.405579
0.392109
0.380459
0.371019
0.363995
0.358699
0.354248
0.351322
0.349652
0.345632
0.338737
0.330709
0.325053
0.317966
0.315248
3.00001
3.00001
3.00001
3.00001
3.00001
3.00001
3.00001
3.00001
3.00001
3.00001
3.00001
3.00001
3.00001
3.00001
3
3
2.99999
2.99995
2.9999
2.99968
2.9994
2.99837
2.99691
2.99109
2.97977
2.94697
2.85848
2.66109
2.08286
1.25969
0.562775
0.384274
0.423879
0.448064
0.442635
0.430465
0.417301
0.406718
0.39871
0.393151
0.389677
0.387331
0.385965
0.386202
0.385703
0.380957
0.375308
0.372937
0.367513
0.364581
3.00001
3.00001
3.00001
3.00001
3.00001
3.00001
3.00001
3.00001
3.00001
3.00001
3.00001
3.00001
3.00001
3.00001
3.00001
3
2.99999
2.99996
2.99992
2.99975
2.99954
2.99865
2.99749
2.99194
2.9844
2.95351
2.89476
2.72742
2.30065
1.51776
0.6785
0.410888
0.451804
0.47182
0.468028
0.456736
0.445211
0.435735
0.42957
0.425959
0.424545
0.424508
0.425019
0.427964
0.43177
0.432574
0.429927
0.430588
0.428815
0.430844
3.00001
3.00001
3.00001
3.00001
3.00001
3.00001
3.00001
3.00001
3.00001
3.00001
3.00001
3.00001
3.00001
3.00001
3.00001
3
3
2.99998
2.99995
2.99984
2.99968
2.99904
2.99816
2.99437
2.98824
2.96607
2.91781
2.78541
2.4481
1.76838
0.826184
0.468206
0.478835
0.491304
0.494424
0.486878
0.478027
0.470055
0.465082
0.462925
0.462958
0.465305
0.469433
0.476047
0.484546
0.492638
0.495567
0.506163
0.514124
0.526584
3.00001
3.00001
3.00001
3.00001
3.00001
3.00001
3.00001
3.00001
3.00001
3.00001
3.00001
3.00001
3.00001
3.00001
3.00001
3
3
2.99998
2.99996
2.99989
2.99978
2.99932
2.99866
2.99613
2.9913
2.97635
2.93949
2.84177
2.57795
2.03573
1.0735
0.600654
0.505865
0.513311
0.522644
0.52028
0.513723
0.50709
0.502366
0.501269
0.50371
0.509724
0.518036
0.528772
0.5432
0.561786
0.577356
0.602567
0.637613
0.720798
3.00001
3.00001
3.00001
3.00001
3.00001
3.00001
3.00001
3.00001
3.00001
3.00001
3.00001
3.00001
3.00001
3.00001
3.00001
3.00001
3
3
2.99998
2.99993
2.99986
2.99953
2.99911
2.99706
2.99439
2.98209
2.96398
2.89534
2.75467
2.38149
1.65256
0.821295
0.530969
0.542666
0.557788
0.564225
0.560756
0.555418
0.552654
0.554866
0.56251
0.573972
0.587541
0.60481
0.628441
0.661082
0.702264
0.75788
0.839619
0.964669
3.00001
3.00001
3.00001
3.00001
3.00001
3.00001
3.00001
3.00001
3.00001
3.00001
3.00001
3.00001
3.00001
3.00001
3.00001
3.00001
3
3
2.99999
2.99996
2.99992
2.99977
2.99949
2.9987
2.9966
2.99113
2.97604
2.9363
2.82668
2.58142
1.93371
1.07518
0.6099
0.566558
0.584199
0.598919
0.602252
0.602624
0.605654
0.612542
0.623871
0.639542
0.658196
0.681042
0.711202
0.752585
0.807935
0.884494
0.994694
1.12128
3.00001
3.00001
3.00001
3.00001
3.00001
3.00001
3.00001
3.00001
3.00001
3.00001
3.00001
3.00001
3.00001
3.00001
3.00001
3.00001
3.00001
3
3
2.99998
2.99995
2.99983
2.99967
2.99894
2.99792
2.99364
2.98637
2.96076
2.90053
2.75064
2.33737
1.61027
0.803207
0.602533
0.617477
0.635381
0.64769
0.653135
0.659335
0.66955
0.683541
0.70205
0.725217
0.753228
0.788099
0.833274
0.890932
0.966056
1.0698
1.17671
3.00001
3.00001
3.00001
3.00001
3.00001
3.00001
3.00001
3.00001
3.00001
3.00001
3.00001
3.00001
3.00001
3.00001
3.00001
3.00001
3.00001
3
3
2.99999
2.99997
2.9999
2.9998
2.9994
2.99877
2.99679
2.99169
2.97826
2.94191
2.84449
2.59097
2.0552
1.1695
0.728408
0.668123
0.675875
0.691672
0.705753
0.714857
0.725551
0.740492
0.760974
0.786306
0.8157
0.851217
0.89535
0.948663
1.01521
1.10096
1.19167
3.00001
3.00001
3.00001
3.00001
3.00001
3.00001
3.00001
3.00001
3.00001
3.00001
3.00001
3.00001
3.00001
3.00001
3.00001
3.00001
3.00001
3.00001
3
3
2.99999
2.99997
2.9999
2.99976
2.99921
2.9984
2.9947
2.98899
2.96616
2.92263
2.78892
2.48635
1.81924
1.02765
0.760637
0.72866
0.736927
0.750976
0.765127
0.77792
0.793182
0.812813
0.837775
0.868553
0.902952
0.944817
0.992828
1.05125
1.12292
1.19818
3.00001
3.00001
3.00001
3.00001
3.00001
3.00001
3.00001
3.00001
3.00001
3.00001
3.00001
3.00001
3.00001
3.00001
3.00001
3.00001
3.00001
3.00001
3.00001
3.00001
3
2.99999
2.99996
2.99989
2.9996
2.99923
2.99721
2.99477
2.98271
2.96504
2.89783
2.75847
2.39133
1.68085
0.979228
0.798295
0.789385
0.799519
0.813982
0.828332
0.844166
0.863734
0.886286
0.914633
0.946631
0.984484
1.02625
1.07591
1.13621
1.19877
3.00001
3.00001
3.00001
3.00001
3.00001
3.00001
3.00001
3.00001
3.00001
3.00001
3.00001
3.00001
3.00001
3.00001
3.00001
3.00001
3.00001
3.00001
3.00001
3.00001
3
3
2.99999
2.99993
2.99986
2.99948
2.99902
2.99678
2.99361
2.9812
2.95559
2.88209
2.69021
2.26856
1.48617
0.962
0.849822
0.846986
0.859895
0.876276
0.892371
0.909935
0.93041
0.955398
0.983691
1.01765
1.05567
1.09911
1.15169
1.2039
3.00001
3.00001
3.00001
3.00001
3.00001
3.00001
3.00001
3.00001
3.00001
3.00001
3.00001
3.00001
3.00001
3.00001
3.00001
3.00001
3.00001
3.00001
3.00001
3.00001
3.00001
3
3
2.99997
2.99994
2.99981
2.9996
2.99903
2.99746
2.99392
2.9821
2.95347
2.86712
2.68164
2.14765
1.44208
0.98175
0.904159
0.905105
0.920115
0.93845
0.957537
0.977446
0.999735
1.02414
1.05295
1.08577
1.12351
1.17001
1.21639
3.00001
3.00001
3.00001
3.00001
3.00001
3.00001
3.00001
3.00001
3.00001
3.00001
3.00001
3.00001
3.00001
3.00001
3.00001
3.00001
3.00001
3.00001
3.00001
3.00001
3.00001
3.00001
3
2.99999
2.99998
2.99991
2.99983
2.99942
2.99889
2.99646
2.99269
2.97742
2.9495
2.85434
2.64945
2.14069
1.45258
1.05632
0.98207
0.977115
0.986912
1.0031
1.02191
1.04304
1.06482
1.08996
1.11752
1.14924
1.1884
1.22866
3.00001
3.00001
3.00001
3.00001
3.00001
3.00001
3.00001
3.00001
3.00001
3.00001
3.00001
3.00001
3.00001
3.00001
3.00001
3.00001
3.00001
3.00001
3.00001
3.00001
3.00001
3.00001
3.00001
3
3
2.99997
2.99994
2.99983
2.99964
2.99917
2.99771
2.99473
2.98326
2.95626
2.87349
2.69556
2.19231
1.55043
1.12828
1.05139
1.04087
1.04727
1.06178
1.08108
1.10083
1.12374
1.15064
1.17924
1.21509
1.24996
3.00001
3.00001
3.00001
3.00001
3.00001
3.00001
3.00001
3.00001
3.00001
3.00001
3.00001
3.00001
3.00001
3.00001
3.00001
3.00001
3.00001
3.00001
3.00001
3.00001
3.00001
3.00001
3.00001
3.00001
3
3
2.99997
2.99995
2.99982
2.99966
2.99906
2.99787
2.99498
2.98534
2.9631
2.89285
2.73956
2.30595
1.71559
1.23008
1.11482
1.10033
1.10983
1.1247
1.14435
1.16418
1.18736
1.21351
1.24296
1.27502
3.00001
3.00001
3.00001
3.00001
3.00001
3.00001
3.00001
3.00001
3.00001
3.00001
3.00001
3.00001
3.00001
3.00001
3.00001
3.00001
3.00001
3.00001
3.00001
3.00001
3.00001
3.00001
3.00001
3.00001
3.00001
3.00001
3
3
2.99998
2.99995
2.9999
2.99955
2.9991
2.99632
2.98715
2.97252
2.91223
2.79959
2.48419
1.95498
1.37909
1.18393
1.1666
1.17609
1.187
1.20344
1.22298
1.24592
1.27111
1.29927
3.00001
3.00001
3.00001
3.00001
3.00001
3.00001
3.00001
3.00001
3.00001
3.00001
3.00001
3.00001
3.00001
3.00001
3.00001
3.00001
3.00001
3.00001
3.00001
3.00001
3.00001
3.00001
3.00001
3.00001
3.00001
3.00001
3.00001
3
3
2.99998
2.99995
2.9999
2.99968
2.99945
2.99778
2.99594
2.98154
2.94671
2.85261
2.62696
2.13434
1.55394
1.27904
1.24054
1.23324
1.24202
1.25729
1.27927
1.30521
1.33007
3.00001
3.00001
3.00001
3.00001
3.00001
3.00001
3.00001
3.00001
3.00001
3.00001
3.00001
3.00001
3.00001
3.00001
3.00001
3.00001
3.00001
3.00001
3.00001
3.00001
3.00001
3.00001
3.00001
3.00001
3.00001
3.00001
3.00001
3.00001
3
3
2.99998
2.99996
2.99987
2.99976
2.99937
2.99839
2.99645
2.98769
2.96811
2.907
2.76314
2.39853
1.90448
1.4551
1.31091
1.30179
1.31019
1.32324
1.34342
1.36601
3.00001
3.00001
3.00001
3.00001
3.00001
3.00001
3.00001
3.00001
3.00001
3.00001
3.00001
3.00001
3.00001
3.00001
3.00001
3.00001
3.00001
3.00001
3.00001
3.00001
3.00001
3.00001
3.00001
3.00001
3.00001
3.00001
3.00001
3.00001
3.00001
3.00001
3
3
2.99999
2.99996
2.99991
2.9997
2.99956
2.99782
2.99449
2.98315
2.94439
2.8727
2.66188
2.26473
1.74143
1.44872
1.37984
1.37455
1.39122
1.40955
3.00001
3.00001
3.00001
3.00001
3.00001
3.00001
3.00001
3.00001
3.00001
3.00001
3.00001
3.00001
3.00001
3.00001
3.00001
3.00001
3.00001
3.00001
3.00001
3.00001
3.00001
3.00001
3.00001
3.00001
3.00001
3.00001
3.00001
3.00001
3.00001
3.00001
3.00001
3.00001
3
3
2.99998
2.99991
2.99983
2.99946
2.99871
2.99701
2.99048
2.97799
2.93446
2.83148
2.58026
2.17822
1.77288
1.53219
1.47651
1.47508
3.00001
3.00001
3.00001
3.00001
3.00001
3.00001
3.00001
3.00001
3.00001
3.00001
3.00001
3.00001
3.00001
3.00001
3.00001
3.00001
3.00001
3.00001
3.00001
3.00001
3.00001
3.00001
3.00001
3.00001
3.00001
3.00001
3.00001
3.00001
3.00001
3.00001
3.00001
3.00001
3.00001
3.00001
3
3
2.99998
2.99993
2.99986
2.99951
2.99909
2.99653
2.99241
2.97543
2.92643
2.83985
2.59631
2.28001
1.8914
1.66245
3.00001
3.00001
3.00001
3.00001
3.00001
3.00001
3.00001
3.00001
3.00001
3.00001
3.00001
3.00001
3.00001
3.00001
3.00001
3.00001
3.00001
3.00001
3.00001
3.00001
3.00001
3.00001
3.00001
3.00001
3.00001
3.00001
3.00001
3.00001
3.00001
3.00001
3.00001
3.00001
3.00001
3.00001
3.00001
3.00001
3
3
2.99998
2.99996
2.9998
2.9996
2.99857
2.99762
2.99093
2.97909
2.94005
2.84685
2.6194
2.30336
3.00001
3.00001
3.00001
3.00001
3.00001
3.00001
3.00001
3.00001
3.00001
3.00001
3.00001
3.00001
3.00001
3.00001
3.00001
3.00001
3.00001
3.00001
3.00001
3.00001
3.00001
3.00001
3.00001
3.00001
3.00001
3.00001
3.00001
3.00001
3.00001
3.00001
3.00001
3.00001
3.00001
3.00001
3.00001
3.00001
3.00001
3.00001
3
3
2.99997
2.99994
2.99974
2.99952
2.99771
2.99736
2.98636
2.96788
2.90392
2.80186
3.00001
3.00001
3.00001
3.00001
3.00001
3.00001
3.00001
3.00001
3.00001
3.00001
3.00001
3.00001
3.00001
3.00001
3.00001
3.00001
3.00001
3.00001
3.00001
3.00001
3.00001
3.00001
3.00001
3.00001
3.00001
3.00001
3.00001
3.00001
3.00001
3.00001
3.00001
3.00001
3.00001
3.00001
3.00001
3.00001
3.00001
3.00001
3.00001
3
3
2.99998
2.99995
2.99971
2.99969
2.99847
2.99603
2.9876
2.96391
2.91505
3.00001
3.00001
3.00001
3.00001
3.00001
3.00001
3.00001
3.00001
3.00001
3.00001
3.00001
3.00001
3.00001
3.00001
3.00001
3.00001
3.00001
3.00001
3.00001
3.00001
3.00001
3.00001
3.00001
3.00001
3.00001
3.00001
3.00001
3.00001
3.00001
3.00001
3.00001
3.00001
3.00001
3.00001
3.00001
3.00001
3.00001
3.00001
3.00001
3.00001
3
3
2.99996
2.99991
2.99958
2.99953
2.99846
2.99664
2.98652
2.97247
3.00001
3.00001
3.00001
3.00001
3.00001
3.00001
3.00001
3.00001
3.00001
3.00001
3.00001
3.00001
3.00001
3.00001
3.00001
3.00001
3.00001
3.00001
3.00001
3.00001
3.00001
3.00001
3.00001
3.00001
3.00001
3.00001
3.00001
3.00001
3.00001
3.00001
3.00001
3.00001
3.00001
3.00001
3.00001
3.00001
3.00001
3.00001
3.00001
3.00001
3.00001
3
3
2.99995
2.99996
2.99968
2.99975
2.99823
2.99497
2.98644
3.00001
3.00001
3.00001
3.00001
3.00001
3.00001
3.00001
3.00001
3.00001
3.00001
3.00001
3.00001
3.00001
3.00001
3.00001
3.00001
3.00001
3.00001
3.00001
3.00001
3.00001
3.00001
3.00001
3.00001
3.00001
3.00001
3.00001
3.00001
3.00001
3.00001
3.00001
3.00001
3.00001
3.00001
3.00001
3.00001
3.00001
3.00001
3.00001
3.00001
3.00001
3.00001
3
2.99999
2.99999
2.99989
2.99989
2.99934
2.99817
2.99499
3.00001
3.00001
3.00001
3.00001
3.00001
3.00001
3.00001
3.00001
3.00001
3.00001
3.00001
3.00001
3.00001
3.00001
3.00001
3.00001
3.00001
3.00001
3.00001
3.00001
3.00001
3.00001
3.00001
3.00001
3.00001
3.00001
3.00001
3.00001
3.00001
3.00001
3.00001
3.00001
3.00001
3.00001
3.00001
3.00001
3.00001
3.00001
3.00001
3.00001
3.00001
3.00001
3
3
2.99999
2.99999
2.99994
2.99985
2.99936
2.99862
3.00001
3.00001
3.00001
3.00001
3.00001
3.00001
3.00001
3.00001
3.00001
3.00001
3.00001
3.00001
3.00001
3.00001
3.00001
3.00001
3.00001
3.00001
3.00001
3.00001
3.00001
3.00001
3.00001
3.00001
3.00001
3.00001
3.00001
3.00001
3.00001
3.00001
3.00001
3.00001
3.00001
3.00001
3.00001
3.00001
3.00001
3.00001
3.00001
3.00001
3.00001
3.00001
3.00001
3.00001
3
3
2.99998
2.99995
2.99979
2.99954
3.00001
3.00001
3.00001
3.00001
3.00001
3.00001
3.00001
3.00001
3.00001
3.00001
3.00001
3.00001
3.00001
3.00001
3.00001
3.00001
3.00001
3.00001
3.00001
3.00001
3.00001
3.00001
3.00001
3.00001
3.00001
3.00001
3.00001
3.00001
3.00001
3.00001
3.00001
3.00001
3.00001
3.00001
3.00001
3.00001
3.00001
3.00001
3.00001
3.00001
3.00001
3.00001
3.00001
3.00001
3.00001
3
3
2.99998
2.99994
2.99982
3.00001
3.00001
3.00001
3.00001
3.00001
3.00001
3.00001
3.00001
3.00001
3.00001
3.00001
3.00001
3.00001
3.00001
3.00001
3.00001
3.00001
3.00001
3.00001
3.00001
3.00001
3.00001
3.00001
3.00001
3.00001
3.00001
3.00001
3.00001
3.00001
3.00001
3.00001
3.00001
3.00001
3.00001
3.00001
3.00001
3.00001
3.00001
3.00001
3.00001
3.00001
3.00001
3.00001
3.00001
3.00001
3.00001
3.00001
3
2.99999
2.99995
3.00001
3.00001
3.00001
3.00001
3.00001
3.00001
3.00001
3.00001
3.00001
3.00001
3.00001
3.00001
3.00001
3.00001
3.00001
3.00001
3.00001
3.00001
3.00001
3.00001
3.00001
3.00001
3.00001
3.00001
3.00001
3.00001
3.00001
3.00001
3.00001
3.00001
3.00001
3.00001
3.00001
3.00001
3.00001
3.00001
3.00001
3.00001
3.00001
3.00001
3.00001
3.00001
3.00001
3.00001
3.00001
3.00001
3.00001
3.00001
3
2.99999
3.00001
3.00001
3.00001
3.00001
3.00001
3.00001
3.00001
3.00001
3.00001
3.00001
3.00001
3.00001
3.00001
3.00001
3.00001
3.00001
3.00001
3.00001
3.00001
3.00001
3.00001
3.00001
3.00001
3.00001
3.00001
3.00001
3.00001
3.00001
3.00001
3.00001
3.00001
3.00001
3.00001
3.00001
3.00001
3.00001
3.00001
3.00001
3.00001
3.00001
3.00001
3.00001
3.00001
3.00001
3.00001
3.00001
3.00001
3.00001
3.00001
3
3.00001
3.00001
3.00001
3.00001
3.00001
3.00001
3.00001
3.00001
3.00001
3.00001
3.00001
3.00001
3.00001
3.00001
3.00001
3.00001
3.00001
3.00001
3.00001
3.00001
3.00001
3.00001
3.00001
3.00001
3.00001
3.00001
3.00001
3.00001
3.00001
3.00001
3.00001
3.00001
3.00001
3.00001
3.00001
3.00001
3.00001
3.00001
3.00001
3.00001
3.00001
3.00001
3.00001
3.00001
3.00001
3.00001
3.00001
3.00001
3.00001
3.00001
3.00001
3.00001
3.00001
3.00001
3.00001
3.00001
3.00001
3.00001
3.00001
3.00001
3.00001
3.00001
3.00001
3.00001
3.00001
3.00001
3.00001
3.00001
3.00001
3.00001
3.00001
3.00001
3.00001
3.00001
3.00001
3.00001
3.00001
3.00001
3.00001
3.00001
3.00001
3.00001
3.00001
3.00001
3.00001
3.00001
3.00001
3.00001
3.00001
3.00001
3.00001
3.00001
3.00001
3.00001
3.00001
3.00001
3.00001
3.00001
3.00001
3.00001
3.00001
3.00001
3.00001
3.00001
3.00001
3.00001
3.00001
3.00001
3.00001
3.00001
3.00001
3.00001
3.00001
3.00001
3.00001
3.00001
3.00001
3.00001
3.00001
3.00001
3.00001
3.00001
3.00001
3.00001
3.00001
3.00001
3.00001
3.00001
3.00001
3.00001
3.00001
3.00001
3.00001
3.00001
3.00001
3.00001
3.00001
3.00001
3.00001
3.00001
3.00001
3.00001
3.00001
3.00001
3.00001
3.00001
3.00001
3.00001
3.00001
3.00001
3.00001
3.00001
3.00001
3.00001
3.00001
3.00001
3.00001
3.00001
3.00001
3.00001
3.00001
3.00001
3.00001
3.00001
3.00001
3.00001
3.00001
3.00001
3.00001
3.00001
3.00001
3.00001
3.00001
3.00001
3.00001
3.00001
3.00001
3.00001
3.00001
3.00001
3.00001
3.00001
3.00001
3.00001
3.00001
3.00001
3.00001
3.00001
3.00001
3.00001
3.00001
3.00001
3.00001
3.00001
3.00001
3.00001
3.00001
3.00001
3.00001
3.00001
3.00001
3.00001
3.00001
3.00001
3.00001
3.00001
3.00001
3.00001
3.00001
3.00001
3.00001
3.00001
3.00001
3.00001
3.00001
3.00001
3.00001
3.00001
3.00001
3.00001
3.00001
3.00001
3.00001
3.00001
3.00001
3.00001
3.00001
3.00001
3.00001
3.00001
3.00001
3.00001
3.00001
3.00001
3.00001
3.00001
3.00001
3.00001
3.00001
3.00001
3.00001
3.00001
3.00001
3.00001
3.00001
3.00001
3.00001
3.00001
3.00001
3.00001
3.00001
3.00001
3.00001
3.00001
3.00001
3.00001
3.00001
3.00001
3.00001
3.00001
3.00001
3.00001
3.00001
3.00001
3.00001
3.00001
3.00001
3.00001
3.00001
3.00001
3.00001
3.00001
3.00001
3.00001
3.00001
3.00001
3.00001
3.00001
3.00001
3.00001
3.00001
3.00001
3.00001
3.00001
3.00001
3.00001
3.00001
3.00001
3.00001
3.00001
3.00001
3.00001
3.00001
3.00001
3.00001
3.00001
3.00001
3.00001
3.00001
3.00001
3.00001
3.00001
3.00001
3.00001
3.00001
3.00001
3.00001
3.00001
3.00001
3.00001
3.00001
3.00001
3.00001
3.00001
3.00001
3.00001
3.00001
3.00001
3.00001
3.00001
3.00001
3.00001
3.00001
3.00001
3.00001
3.00001
3.00001
3.00001
3.00001
3.00001
3.00001
3.00001
3.00001
3.00001
3.00001
3.00001
3.00001
3.00001
3.00001
3.00001
3.00001
3.00001
3.00001
3.00001
3.00001
3.00001
3.00001
3.00001
3.00001
3.00001
3.00001
3.00001
3.00001
3.00001
3.00001
3.00001
3.00001
3.00001
3.00001
3.00001
3.00001
3.00001
3.00001
3.00001
3.00001
3.00001
3.00001
3.00001
3.00001
3.00001
3.00001
3.00001
3.00001
3.00001
3.00001
3.00001
3.00001
3.00001
3.00001
3.00001
3.00001
3.00001
3.00001
3.00001
3.00001
3.00001
3.00001
3.00001
3.00001
3.00001
3.00001
3.00001
3.00001
3.00001
3.00001
3.00001
3.00001
3.00001
3.00001
3.00001
3.00001
3.00001
3.00001
3.00001
3.00001
3.00001
3.00001
3.00001
3.00001
3.00001
3.00001
3.00001
3.00001
3.00001
3.00001
3.00001
3.00001
3.00001
3.00001
3.00001
3.00001
3.00001
3.00001
3.00001
3.00001
3.00001
3.00001
3.00001
3.00001
3.00001
3.00001
3.00001
3.00001
3.00001
3.00001
3.00001
3.00001
3.00001
3.00001
3.00001
3.00001
3.00001
3.00001
3.00001
3.00001
3.00001
3.00001
3.00001
3.00001
3.00001
3.00001
3.00001
3.00001
3.00001
3.00001
3.00001
3.00001
3.00001
3.00001
3.00001
3.00001
3.00001
3.00001
3.00001
3.00001
3.00001
3.00001
3.00001
3.00001
3.00001
3.00001
3.00001
3.00001
3.00001
3.00001
3.00001
3.00001
3.00001
3.00001
3.00001
3.00001
3.00001
3.00001
3.00001
3.00001
3.00001
3.00001
3.00001
3.00001
3.00001
3.00001
3.00001
3.00001
3.00001
3.00001
3.00001
3.00001
3.00001
3.00001
3.00001
3.00001
3.00001
3.00001
3.00001
3.00001
3.00001
3.00001
3.00001
3.00001
3.00001
3.00001
3.00001
3.00001
3.00001
3.00001
3.00001
3.00001
3.00001
3.00001
3.00001
3.00001
3.00001
3.00001
3.00001
3.00001
3.00001
3.00001
3.00001
3.00001
3.00001
3.00001
3.00001
3.00001
3.00001
3.00001
3.00001
3.00001
3.00001
3.00001
3.00001
3.00001
3.00001
3.00001
3.00001
3.00001
3.00001
3.00001
3.00001
3.00001
3.00001
1.43137
1.59209
1.63631
1.6052
1.52595
1.45001
1.36984
1.29046
1.26428
1.26908
1.28019
1.29404
1.31135
1.32541
1.33352
1.34066
1.34883
1.35802
1.36907
1.38236
1.39739
1.4132
1.42903
1.44449
1.45948
1.47399
1.48806
1.50184
1.5154
1.52861
1.54142
1.55393
1.56633
1.57913
1.59244
1.60536
1.61732
1.62883
1.63997
1.64981
1.65766
1.66358
1.66831
1.67265
1.67703
1.68226
1.69104
1.71264
1.75989
1.82342
1.89728
1.97808
2.06258
2.14805
2.23221
2.31301
2.3888
2.45827
2.5206
2.57539
2.62271
2.66324
2.69805
2.72824
2.7547
2.77814
2.79919
2.81842
2.83632
2.85324
2.86939
2.88492
2.89991
2.91445
2.92846
2.94171
2.9537
2.96399
2.97247
2.97942
2.98521
2.99027
2.9948
2.99893
3.00186
3.00482
3.00609
3.00611
3.00543
3.00449
3.00357
3.00264
3.00175
3.00111
3.00068
3.00039
3.00022
3.0001
3.00005
3.00001
1.39119
1.48843
1.53431
1.55987
1.58953
1.63116
1.67832
1.69405
1.69751
1.69151
1.6751
1.65622
1.64753
1.65203
1.65901
1.66996
1.68342
1.69529
1.70509
1.71344
1.7217
1.73078
1.74066
1.75173
1.76349
1.77523
1.78682
1.79779
1.80788
1.81757
1.82701
1.83589
1.84444
1.85341
1.86355
1.87443
1.88526
1.89623
1.90716
1.91653
1.92338
1.92778
1.93047
1.93269
1.93469
1.93613
1.93803
1.94118
1.94916
1.96918
2.00716
2.0553
2.11177
2.17492
2.24277
2.31307
2.38351
2.45219
2.51764
2.57876
2.63466
2.68466
2.72838
2.76596
2.79806
2.82557
2.84926
2.86963
2.88703
2.90185
2.91469
2.92633
2.93737
2.94804
2.95822
2.96753
2.97559
2.98223
2.98755
2.99185
2.99538
2.99842
3.0011
3.00348
3.00627
3.0082
3.00852
3.00785
3.00671
3.00549
3.00432
3.00306
3.00204
3.00132
3.00083
3.0005
3.00029
3.00015
3.00009
3.00003
1.3671
1.44565
1.5147
1.59077
1.6746
1.75976
1.82849
1.86371
1.86665
1.86671
1.85937
1.84338
1.83002
1.82336
1.82669
1.83115
1.83677
1.84538
1.85602
1.8655
1.87378
1.88204
1.89066
1.89976
1.90889
1.91786
1.92704
1.93637
1.94572
1.95532
1.96494
1.9739
1.98212
1.9904
1.99943
2.00879
2.01768
2.02649
2.03546
2.04319
2.04883
2.05263
2.05503
2.05691
2.05866
2.06018
2.06274
2.07039
2.0909
2.12512
2.16563
2.21072
2.25944
2.31146
2.36652
2.42393
2.48258
2.54121
2.59844
2.65307
2.70388
2.74981
2.79017
2.82479
2.85386
2.87797
2.89783
2.91411
2.92727
2.93773
2.94612
2.95338
2.96028
2.96723
2.97417
2.9806
2.9861
2.9905
2.99394
2.99672
2.99908
3.0012
3.0031
3.00512
3.00785
3.00915
3.00907
3.00816
3.0069
3.00562
3.00434
3.00302
3.00202
3.00131
3.00082
3.00049
3.00029
3.00015
3.00008
3.00003
1.36203
1.44549
1.52239
1.59605
1.66702
1.73314
1.79433
1.84643
1.89293
1.92549
1.94453
1.94862
1.94964
1.94824
1.94146
1.93709
1.93504
1.93869
1.94263
1.94863
1.95776
1.96864
1.97952
1.99035
2.00062
2.01015
2.01972
2.03005
2.04102
2.05213
2.06293
2.07297
2.08184
2.09005
2.09848
2.10676
2.11406
2.12117
2.12875
2.13555
2.14067
2.14439
2.14742
2.15055
2.15495
2.16398
2.18095
2.204
2.23291
2.2673
2.30609
2.34786
2.39144
2.43616
2.48172
2.52803
2.575
2.6222
2.6687
2.71338
2.75532
2.79391
2.82875
2.85953
2.88603
2.90823
2.92634
2.94078
2.9521
2.96093
2.96786
2.97361
2.97885
2.98385
2.98883
2.99365
2.99756
3.00026
3.00209
3.00344
3.00458
3.0056
3.00663
3.00855
3.01061
3.01115
3.01052
3.00923
3.00771
3.00624
3.00465
3.0032
3.00215
3.0014
3.00089
3.00055
3.00033
3.00018
3.00011
3.00004
1.35275
1.4397
1.51677
1.58775
1.65662
1.72111
1.78263
1.84224
1.89712
1.94668
1.98509
2.00823
2.01843
2.02136
2.02229
2.02145
2.01801
2.01316
2.01488
2.01776
2.02167
2.0278
2.03712
2.04877
2.06117
2.07396
2.08687
2.09969
2.11221
2.12397
2.1344
2.14344
2.15153
2.1596
2.16846
2.17723
2.18451
2.19067
2.19614
2.20044
2.20412
2.20814
2.21329
2.22268
2.24006
2.26244
2.28962
2.32067
2.35439
2.38989
2.42649
2.46356
2.50073
2.53786
2.575
2.61233
2.65018
2.68866
2.72732
2.76532
2.80168
2.83554
2.86632
2.89366
2.91732
2.93718
2.9533
2.96581
2.97493
2.98127
2.98593
2.98996
2.99331
2.99641
2.9994
3.00217
3.00483
3.00648
3.0073
3.00762
3.00754
3.00747
3.00824
3.00987
3.01156
3.01172
3.01081
3.00934
3.00775
3.00619
3.0045
3.00309
3.00206
3.00134
3.00085
3.00052
3.00031
3.00017
3.0001
3.00004
1.33607
1.42446
1.50369
1.57602
1.64485
1.70946
1.7712
1.82803
1.88055
1.92828
1.97109
2.01066
2.04441
2.06785
2.08281
2.08918
2.09108
2.09183
2.0915
2.09043
2.09239
2.09655
2.10251
2.10996
2.12123
2.13565
2.1505
2.16379
2.17551
2.18614
2.19587
2.20479
2.21347
2.22273
2.23254
2.24152
2.24862
2.25432
2.25928
2.26386
2.26911
2.27668
2.29023
2.31061
2.33494
2.36234
2.3926
2.42473
2.45766
2.49069
2.52378
2.55719
2.59102
2.62485
2.65802
2.69015
2.72141
2.75231
2.7832
2.81385
2.84358
2.87151
2.89706
2.92001
2.94022
2.95761
2.97205
2.98321
2.99088
2.9957
2.99912
3.00203
3.00418
3.00633
3.00846
3.0103
3.01182
3.01245
3.01238
3.01178
3.0113
3.01089
3.01116
3.01274
3.0135
3.01301
3.01169
3.00997
3.00822
3.00643
3.00456
3.00314
3.00211
3.00138
3.00088
3.00054
3.00032
3.00018
3.00011
3.00005
1.32391
1.40876
1.48741
1.56061
1.62925
1.69318
1.75344
1.80979
1.86296
1.91345
1.96139
2.00581
2.04601
2.08175
2.1106
2.1303
2.14205
2.1487
2.15189
2.15465
2.15759
2.1617
2.1665
2.17188
2.17776
2.18563
2.19587
2.20721
2.21838
2.22939
2.24037
2.2515
2.26265
2.27409
2.28531
2.29477
2.30155
2.30672
2.31194
2.31852
2.32907
2.34657
2.36899
2.39538
2.42434
2.45483
2.48587
2.51679
2.5473
2.5773
2.60695
2.63657
2.66636
2.69614
2.72528
2.75316
2.77959
2.80506
2.83028
2.85541
2.87998
2.90333
2.92479
2.94408
2.96112
2.97577
2.98794
2.99744
3.00388
3.00763
3.01011
3.0121
3.01329
3.01456
3.01581
3.0167
3.01699
3.01634
3.01531
3.01432
3.01341
3.0127
3.0126
3.01388
3.01432
3.01348
3.01189
3.01002
3.00818
3.00622
3.00437
3.00299
3.002
3.0013
3.00082
3.0005
3.0003
3.00016
3.0001
3.00004
1.31968
1.39605
1.46999
1.54054
1.60745
1.67113
1.73156
1.78873
1.84312
1.89527
1.94446
1.99053
2.03239
2.06999
2.10408
2.1343
2.15987
2.17928
2.19363
2.20345
2.20974
2.2148
2.21966
2.2245
2.22871
2.2336
2.23951
2.24673
2.25542
2.2664
2.27926
2.29302
2.3063
2.31824
2.32926
2.33944
2.34779
2.35544
2.36513
2.37915
2.39888
2.42295
2.44925
2.47742
2.50617
2.53511
2.56363
2.59129
2.61861
2.64609
2.67398
2.70227
2.73048
2.75801
2.7844
2.80913
2.83187
2.85283
2.87284
2.89255
2.91191
2.93058
2.94805
2.96376
2.97759
2.98953
2.99961
3.00766
3.01321
3.01629
3.01813
3.01951
3.02003
3.02072
3.02146
3.02182
3.02126
3.02001
3.01853
3.01704
3.0158
3.01487
3.01478
3.01587
3.01561
3.01425
3.01235
3.01031
3.00831
3.00613
3.00429
3.00293
3.00196
3.00128
3.00081
3.0005
3.0003
3.00017
3.0001
3.00005
1.31837
1.38706
1.45576
1.52279
1.58737
1.64961
1.70959
1.76765
1.82336
1.87603
1.92552
1.97162
2.01418
2.05386
2.09056
2.12484
2.15565
2.18306
2.20752
2.22739
2.24238
2.25347
2.26206
2.26934
2.27492
2.27963
2.2851
2.29189
2.29937
2.30824
2.31955
2.33193
2.34401
2.35523
2.36647
2.37876
2.39181
2.40563
2.42248
2.44363
2.46841
2.49559
2.5232
2.55095
2.57908
2.60661
2.63308
2.65851
2.68372
2.70971
2.7366
2.76363
2.78991
2.81464
2.8373
2.85788
2.87658
2.8936
2.90935
2.9246
2.94001
2.95507
2.96956
2.98169
2.99258
3.00203
3.00999
3.01613
3.02057
3.02318
3.02455
3.02557
3.026
3.02637
3.02645
3.02563
3.02444
3.02269
3.0206
3.0187
3.01722
3.01619
3.01655
3.017
3.01614
3.01444
3.01235
3.01023
3.00808
3.00582
3.00405
3.00276
3.00183
3.00119
3.00075
3.00046
3.00028
3.00015
3.00009
3.00004
1.32645
1.38461
1.44542
1.50735
1.5689
1.62985
1.68988
1.74773
1.80298
1.85507
1.90417
1.95006
1.99288
2.0333
2.07127
2.10725
2.14075
2.17197
2.20015
2.22652
2.25106
2.27179
2.28793
2.30108
2.31166
2.31934
2.32655
2.33512
2.34395
2.35195
2.36034
2.3699
2.37999
2.39081
2.40388
2.42016
2.43905
2.45937
2.48149
2.50637
2.53279
2.55978
2.58688
2.61385
2.64111
2.66793
2.69315
2.7177
2.74233
2.76768
2.79379
2.81961
2.84371
2.86517
2.88376
2.89982
2.91465
2.92863
2.94135
2.95316
2.96454
2.97591
2.98711
2.9974
3.00624
3.01355
3.01901
3.02301
3.02673
3.02927
3.0303
3.03098
3.03135
3.03127
3.03018
3.02906
3.02772
3.02554
3.02306
3.02084
3.0191
3.01811
3.01851
3.01829
3.01691
3.01486
3.01254
3.01028
3.00788
3.0056
3.00389
3.00264
3.00175
3.00113
3.00071
3.00044
3.00027
3.00015
3.00009
3.00005
1.34359
1.39257
1.4434
1.49876
1.55633
1.6152
1.67345
1.73
1.78425
1.83526
1.88334
1.92831
1.97107
2.01171
2.05075
2.08814
2.12365
2.15726
2.18892
2.21865
2.24656
2.27262
2.29611
2.31625
2.33389
2.34935
2.36182
2.37385
2.38559
2.39544
2.40328
2.41175
2.42191
2.4339
2.44927
2.46909
2.49166
2.51496
2.53899
2.56443
2.59038
2.61622
2.64208
2.66846
2.69534
2.7221
2.74736
2.77153
2.79583
2.82053
2.84531
2.86895
2.8902
2.90786
2.922
2.93493
2.94689
2.95784
2.96789
2.97725
2.98601
2.99442
3.00284
3.01107
3.01821
3.02379
3.02796
3.03071
3.03225
3.03367
3.03508
3.03569
3.03586
3.0353
3.03417
3.0328
3.0305
3.02767
3.02487
3.02243
3.02053
3.01946
3.01972
3.01903
3.01723
3.01487
3.01241
3.01001
3.00743
3.00525
3.00363
3.00245
3.00161
3.00104
3.00065
3.0004
3.00024
3.00013
3.00009
3.00004
1.36199
1.4052
1.45112
1.49952
1.55235
1.60732
1.66264
1.71626
1.76742
1.81597
1.86206
1.90601
1.94839
1.98931
2.02917
2.06716
2.10414
2.13912
2.17247
2.20499
2.23552
2.26469
2.29204
2.31725
2.34037
2.36313
2.38495
2.4023
2.41731
2.43102
2.44137
2.45191
2.46594
2.48297
2.50181
2.52361
2.54801
2.57202
2.59487
2.6185
2.64342
2.66828
2.69278
2.71818
2.74472
2.77148
2.79716
2.82123
2.84434
2.86737
2.89014
2.91091
2.9277
2.94077
2.95249
2.96253
2.9713
2.97948
2.98734
2.99482
3.00176
3.00814
3.01427
3.02042
3.02629
3.03106
3.03423
3.036
3.03686
3.03744
3.03828
3.03911
3.03944
3.03917
3.03806
3.036
3.03272
3.02932
3.0263
3.02378
3.02176
3.02084
3.02101
3.0197
3.01743
3.01479
3.01221
3.00961
3.00696
3.0049
3.00337
3.00227
3.00149
3.00096
3.0006
3.00036
3.00022
3.00012
3.00008
3.00004
1.38686
1.42641
1.46567
1.51047
1.55679
1.60652
1.65717
1.70722
1.75511
1.8009
1.8451
1.88821
1.93039
1.97163
2.01166
2.0503
2.08754
2.12339
2.1582
2.19169
2.22481
2.25627
2.28579
2.31458
2.34228
2.36847
2.39411
2.41825
2.43831
2.45608
2.47407
2.4911
2.50994
2.53324
2.5568
2.57996
2.60466
2.62935
2.65194
2.67391
2.69765
2.72187
2.74557
2.76967
2.79481
2.82099
2.84627
2.86866
2.8893
2.91015
2.93043
2.94718
2.95941
2.97002
2.97872
2.98562
2.99148
2.99696
3.00245
3.00794
3.01319
3.01792
3.02222
3.0265
3.03094
3.03491
3.03763
3.03889
3.03916
3.03913
3.0396
3.04089
3.04212
3.04224
3.04074
3.03818
3.03409
3.03008
3.02684
3.02431
3.0224
3.02224
3.02173
3.01979
3.01715
3.01436
3.0117
3.00896
3.00641
3.00449
3.00307
3.00205
3.00134
3.00086
3.00053
3.00032
3.0002
3.00011
3.00007
3.00004
1.41419
1.45102
1.48711
1.52554
1.56982
1.61395
1.65885
1.70313
1.74733
1.7909
1.8337
1.87609
1.91799
1.95917
1.9992
2.03784
2.07507
2.1112
2.14647
2.18112
2.21475
2.24744
2.27883
2.30902
2.33909
2.36858
2.39604
2.4224
2.44822
2.47243
2.49781
2.52461
2.55135
2.57825
2.60657
2.63274
2.65592
2.68044
2.70413
2.726
2.74989
2.77553
2.80009
2.82363
2.84776
2.8734
2.89808
2.91806
2.93567
2.95412
2.97059
2.98198
2.99135
2.99854
3.00341
3.00702
3.01013
3.01323
3.01653
3.01998
3.02348
3.0268
3.0297
3.03233
3.03499
3.03761
3.03955
3.04033
3.04026
3.03997
3.04017
3.04147
3.04368
3.04422
3.04256
3.03955
3.0349
3.03046
3.02706
3.02457
3.02372
3.02361
3.02206
3.0196
3.01672
3.01384
3.01109
3.00823
3.00585
3.00407
3.00277
3.00185
3.0012
3.00077
3.00048
3.00029
3.00018
3.0001
3.00007
3.00004
1.45179
1.47681
1.50782
1.54257
1.581
1.62312
1.66348
1.70429
1.74535
1.78662
1.82813
1.86975
1.91108
1.9517
1.99118
2.02938
2.06634
2.10236
2.13781
2.17264
2.20672
2.23984
2.27217
2.30401
2.3351
2.3663
2.39672
2.42662
2.45652
2.48713
2.51774
2.54952
2.58294
2.61433
2.64429
2.67377
2.70002
2.72462
2.75019
2.77388
2.79664
2.8229
2.84979
2.87336
2.89739
2.92316
2.94764
2.96662
2.98151
2.99786
3.01122
3.01943
3.02646
3.03087
3.0328
3.03338
3.03367
3.03413
3.03488
3.03582
3.0368
3.03774
3.03861
3.03938
3.04026
3.04138
3.0424
3.0427
3.04221
3.0416
3.04142
3.04229
3.0449
3.04569
3.04394
3.04054
3.03542
3.03086
3.02765
3.02551
3.02495
3.02402
3.02199
3.0192
3.01614
3.0132
3.01029
3.00744
3.00526
3.00364
3.00247
3.00163
3.00106
3.00067
3.00042
3.00025
3.00015
3.00009
3.00006
3.00003
1.49207
1.50802
1.52934
1.56032
1.59602
1.63466
1.67528
1.7144
1.75256
1.79186
1.83235
1.87314
1.91326
1.95241
1.99015
2.02682
2.06255
2.09775
2.13268
2.16724
2.20129
2.23457
2.26751
2.30017
2.33292
2.36588
2.39944
2.4333
2.46672
2.50082
2.53452
2.56857
2.60249
2.63667
2.66966
2.70059
2.73067
2.7585
2.78537
2.81301
2.83842
2.86379
2.89173
2.91791
2.94058
2.96491
2.98892
3.00611
3.01885
3.0329
3.04557
3.05281
3.05865
3.06186
3.0625
3.06152
3.06009
3.05879
3.05761
3.05629
3.05479
3.05324
3.05172
3.05024
3.0489
3.04792
3.04727
3.04665
3.04577
3.04483
3.0442
3.04454
3.04689
3.04762
3.04559
3.04188
3.03649
3.03177
3.02863
3.02628
3.02558
3.02427
3.0218
3.01868
3.01545
3.01241
3.00932
3.00666
3.00467
3.00321
3.00217
3.00143
3.00092
3.00058
3.00036
3.00022
3.00013
3.00008
3.00006
3.00003
1.55463
1.54385
1.55688
1.58018
1.61564
1.651
1.68771
1.72596
1.76489
1.80418
1.84374
1.88363
1.92303
1.96115
1.99764
2.03274
2.06688
2.10071
2.1343
2.16768
2.2009
2.23404
2.26732
2.30104
2.33565
2.37091
2.40669
2.44237
2.47793
2.51303
2.54793
2.58286
2.61729
2.65183
2.68505
2.71797
2.74975
2.78047
2.8107
2.8395
2.86785
2.89558
2.92337
2.95128
2.97408
2.99571
3.01908
3.03749
3.04851
3.05961
3.07178
3.07799
3.08263
3.08511
3.08526
3.0839
3.08211
3.08036
3.0784
3.07588
3.07282
3.06949
3.06608
3.06267
3.05936
3.05647
3.05412
3.05236
3.05082
3.04942
3.0483
3.04813
3.04985
3.04998
3.04751
3.04346
3.03775
3.03259
3.02918
3.02673
3.026
3.02425
3.02132
3.01788
3.01454
3.01134
3.00823
3.00584
3.00407
3.00278
3.00186
3.00122
3.00079
3.0005
3.00031
3.00019
3.00012
3.00007
3.00005
3.00003
1.6683
1.58963
1.59523
1.61222
1.63911
1.67332
1.70696
1.7428
1.77984
1.81754
1.85604
1.89499
1.93391
1.972
2.00843
2.04317
2.07676
2.11001
2.14292
2.17575
2.20843
2.24158
2.27532
2.30982
2.34486
2.38048
2.41646
2.45248
2.48816
2.52338
2.5584
2.59329
2.62816
2.66258
2.69657
2.72952
2.76142
2.79288
2.82363
2.85508
2.88513
2.91433
2.94378
2.9709
2.99486
3.01609
3.03515
3.05304
3.06548
3.07463
3.08666
3.0955
3.09919
3.1023
3.10277
3.10121
3.09902
3.09692
3.09443
3.09107
3.08702
3.08271
3.07836
3.07396
3.0692
3.06477
3.06124
3.05848
3.05623
3.05425
3.05266
3.05234
3.05319
3.05206
3.04884
3.04442
3.03858
3.033
3.0293
3.02687
3.02609
3.0238
3.02036
3.01665
3.01324
3.00992
3.00709
3.00499
3.00345
3.00234
3.00156
3.00102
3.00066
3.00041
3.00026
3.00016
3.0001
3.00006
3.00004
3.00002
2.09535
1.70785
1.66016
1.66055
1.67661
1.70201
1.73217
1.76422
1.80014
1.83705
1.87358
1.91004
1.9467
1.98352
2.01987
2.05519
2.08924
2.12221
2.15482
2.18768
2.22086
2.25439
2.2881
2.3221
2.35649
2.39149
2.42689
2.46245
2.49765
2.53256
2.56723
2.60203
2.63698
2.67177
2.70585
2.73871
2.7707
2.8017
2.83207
2.8627
2.89321
2.92309
2.95206
2.9792
3.00318
3.02316
3.04172
3.0575
3.07011
3.07994
3.08882
3.09876
3.10539
3.10919
3.11094
3.11007
3.10824
3.10657
3.10443
3.10102
3.09674
3.09226
3.08747
3.08197
3.07613
3.07092
3.06661
3.06315
3.06033
3.05788
3.05622
3.05614
3.05554
3.05298
3.04881
3.04387
3.03802
3.03253
3.02853
3.02653
3.02559
3.02258
3.01865
3.01485
3.01143
3.00829
3.00589
3.00411
3.00283
3.00191
3.00127
3.00083
3.00053
3.00033
3.00021
3.00013
3.00008
3.00005
3.00003
3.00002
2.57008
2.08529
1.77886
1.73552
1.72859
1.74348
1.7648
1.79172
1.8229
1.85897
1.89503
1.92976
1.96406
1.99863
2.03346
2.06777
2.10123
2.13433
2.16749
2.20096
2.23463
2.2683
2.3018
2.33526
2.3689
2.40297
2.43739
2.47197
2.50641
2.54086
2.57542
2.6104
2.64536
2.67996
2.7135
2.74573
2.77693
2.80751
2.83766
2.86801
2.89793
2.92623
2.95297
2.97774
2.99972
3.01902
3.0358
3.05148
3.06472
3.07452
3.08396
3.09195
3.09883
3.10536
3.10886
3.10891
3.10746
3.10646
3.1052
3.10242
3.09854
3.09436
3.08963
3.08399
3.07824
3.073
3.06857
3.06492
3.06185
3.05937
3.05838
3.05772
3.05568
3.0519
3.04693
3.04152
3.03575
3.03075
3.02695
3.02617
3.02421
3.02027
3.01608
3.01247
3.00929
3.00666
3.0047
3.00327
3.00223
3.0015
3.00099
3.00065
3.00041
3.00026
3.00016
3.0001
3.00006
3.00004
3.00003
3.00002
2.85582
2.56735
2.13534
1.85649
1.80986
1.79753
1.81029
1.82762
1.85221
1.88269
1.91752
1.95125
1.98378
2.0163
2.04922
2.08251
2.1156
2.14843
2.18129
2.21448
2.24795
2.28138
2.31452
2.34745
2.38046
2.41382
2.44756
2.48163
2.5158
2.5501
2.58449
2.61902
2.65333
2.68696
2.71936
2.75056
2.78089
2.81105
2.84109
2.8708
2.89954
2.92651
2.95068
2.9725
2.99182
3.00871
3.02374
3.03813
3.05118
3.06157
3.07092
3.0799
3.08586
3.09182
3.09652
3.09867
3.09856
3.09822
3.09784
3.09603
3.09284
3.08926
3.08511
3.08016
3.07518
3.07063
3.06675
3.0634
3.06056
3.05907
3.05802
3.05622
3.05311
3.04859
3.04317
3.03759
3.03224
3.02779
3.02641
3.02529
3.02131
3.01687
3.01299
3.00987
3.00725
3.00517
3.00363
3.00251
3.00171
3.00114
3.00075
3.00049
3.00031
3.0002
3.00013
3.00008
3.00005
3.00003
3.00002
3.00002
2.94135
2.8448
2.59505
2.20939
1.93683
1.88328
1.86613
1.87771
1.89224
1.9132
1.94223
1.9756
2.0065
2.03683
2.06815
2.10038
2.13294
2.16521
2.19746
2.2301
2.26305
2.29591
2.32845
2.36073
2.39308
2.42581
2.45903
2.49262
2.52633
2.56
2.59354
2.62695
2.66
2.69223
2.72334
2.75349
2.78328
2.81301
2.84258
2.87129
2.89818
2.92239
2.94378
2.96282
2.98014
2.99626
3.01032
3.02369
3.03634
3.0462
3.0547
3.06331
3.06915
3.0741
3.07865
3.08175
3.08291
3.08323
3.08356
3.08308
3.08115
3.07835
3.07519
3.07157
3.06803
3.06471
3.06155
3.05887
3.05744
3.05625
3.05455
3.05182
3.04787
3.04288
3.03744
3.03242
3.02844
3.02835
3.02604
3.02166
3.01721
3.01328
3.01005
3.00753
3.00549
3.00389
3.00271
3.00186
3.00126
3.00084
3.00055
3.00036
3.00023
3.00015
3.00009
3.00006
3.00004
3.00003
3.00002
3.00001
2.97891
2.94378
2.8589
2.64659
2.30046
2.02338
1.9532
1.93271
1.94279
1.95634
1.975
2.0026
2.03196
2.05999
2.08932
2.12064
2.15287
2.18498
2.21654
2.24799
2.27972
2.3116
2.34338
2.37496
2.40658
2.43863
2.47121
2.50404
2.53675
2.56917
2.60134
2.63332
2.6649
2.69573
2.72575
2.75525
2.78457
2.81368
2.84206
2.86856
2.89236
2.91341
2.93254
2.94999
2.96612
2.98139
2.99562
3.00803
3.01979
3.03047
3.03799
3.04587
3.05288
3.05665
3.06088
3.06391
3.06585
3.06666
3.06718
3.0676
3.06684
3.06514
3.06286
3.06049
3.05814
3.056
3.05412
3.05269
3.05162
3.05023
3.048
3.0447
3.04055
3.03591
3.03149
3.03108
3.02995
3.02593
3.02141
3.01715
3.01337
3.01016
3.00755
3.00556
3.00402
3.00283
3.00196
3.00134
3.0009
3.0006
3.00039
3.00026
3.00016
3.00011
3.00007
3.00004
3.00003
3.00002
3.00001
3.00001
2.99332
2.98044
2.951
2.88115
2.70946
2.40447
2.11926
2.01614
1.99446
2.00385
2.0164
2.03421
2.05901
2.08495
2.11239
2.14216
2.17348
2.20491
2.23575
2.26623
2.29707
2.32821
2.35909
2.38961
2.42015
2.45116
2.48267
2.51424
2.54548
2.57636
2.60714
2.63778
2.66811
2.69797
2.72726
2.75602
2.78434
2.81189
2.83768
2.86098
2.88197
2.901
2.91853
2.93508
2.95076
2.96539
2.97928
2.99163
3.00239
3.01263
3.02116
3.02739
3.03436
3.03936
3.04259
3.04581
3.04784
3.04913
3.04997
3.05069
3.05094
3.0501
3.04892
3.04766
3.04649
3.04555
3.04465
3.04358
3.04232
3.04053
3.03799
3.03528
3.03591
3.03561
3.0331
3.02963
3.02535
3.02094
3.01678
3.01309
3.00998
3.00745
3.00546
3.00393
3.00281
3.00197
3.00136
3.00092
3.00062
3.00041
3.00027
3.00018
3.00011
3.00007
3.00005
3.00003
3.00002
3.00002
3.00001
3.00001
2.9978
2.99347
2.98366
2.96051
2.9057
2.77186
2.51332
2.21631
2.07102
2.05545
2.06178
2.07371
2.08963
2.1117
2.13629
2.16304
2.19208
2.22273
2.25348
2.28341
2.31304
2.34291
2.37272
2.40222
2.43177
2.4617
2.49191
2.52199
2.55168
2.58121
2.61091
2.64071
2.67027
2.69915
2.72721
2.75448
2.78075
2.80555
2.82853
2.84957
2.86873
2.88637
2.90305
2.91906
2.93434
2.94868
2.96197
2.97408
2.98453
2.99384
3.00255
3.00912
3.01452
3.02049
3.02416
3.02711
3.02953
3.03094
3.03208
3.03309
3.03386
3.034
3.03382
3.03356
3.03319
3.03282
3.03228
3.03168
3.03219
3.0341
3.03472
3.03466
3.03382
3.03163
3.0282
3.0241
3.01984
3.01584
3.01231
3.00937
3.00699
3.00514
3.00372
3.00265
3.00186
3.0013
3.0009
3.00061
3.00041
3.00027
3.00018
3.00012
3.00008
3.00005
3.00003
3.00002
3.00002
3.00001
3.00001
3.00001
2.99924
2.99796
2.99492
2.98778
2.97091
2.93077
2.83281
2.62241
2.32256
2.13636
2.11827
2.11296
2.12589
2.14138
2.16293
2.18369
2.21009
2.23933
2.26827
2.29653
2.32462
2.35334
2.38268
2.41163
2.44012
2.46884
2.4979
2.52691
2.55567
2.58443
2.61341
2.64238
2.67075
2.698
2.72389
2.74867
2.77254
2.79527
2.81645
2.83587
2.85369
2.87046
2.88657
2.9022
2.91717
2.93117
2.94397
2.95551
2.9657
2.97461
2.98267
2.98969
2.99489
2.99999
3.00507
3.00793
3.01042
3.0123
3.01386
3.01527
3.01649
3.01744
3.01817
3.01878
3.01949
3.02053
3.02206
3.02406
3.02626
3.0282
3.02941
3.02947
3.0281
3.0253
3.02163
3.01773
3.01408
3.0109
3.00827
3.00617
3.00454
3.00329
3.00236
3.00167
3.00117
3.00081
3.00055
3.00038
3.00025
3.00017
3.00011
3.00007
3.00005
3.00003
3.00002
3.00002
3.00001
3.00001
3.00001
3.00001
2.99979
2.99941
2.99852
2.99642
2.99148
2.9799
2.95261
2.88796
2.73498
2.49965
2.26189
2.16825
2.16253
2.17527
2.19085
2.21043
2.23237
2.25478
2.27998
2.30642
2.3333
2.36105
2.38934
2.41748
2.44522
2.47312
2.50152
2.52985
2.5578
2.58558
2.61343
2.64108
2.66761
2.69245
2.71604
2.73898
2.76132
2.78255
2.80223
2.82038
2.83731
2.85347
2.86925
2.88463
2.89927
2.9128
2.92506
2.93605
2.94584
2.95451
2.96221
2.96899
2.97465
2.97953
2.98451
2.9885
2.99084
2.99311
2.99535
2.9976
2.99972
3.00164
3.00343
3.00527
3.00744
3.01012
3.01331
3.0166
3.01945
3.02158
3.02296
3.02293
3.02098
3.01793
3.01461
3.01153
3.00888
3.00672
3.00501
3.00369
3.00269
3.00194
3.00138
3.00098
3.00069
3.00048
3.00033
3.00022
3.00015
3.0001
3.00007
3.00005
3.00003
3.00002
3.00002
3.00001
3.00001
3.00001
3.00001
3.00001
2.99995
2.99985
2.9996
2.99903
2.99769
2.99454
2.98714
2.96978
2.92877
2.83134
2.64756
2.39387
2.22791
2.21628
2.22263
2.23931
2.2553
2.27345
2.29522
2.31825
2.3426
2.36796
2.39429
2.42076
2.44736
2.47403
2.5014
2.52906
2.55597
2.58245
2.6088
2.63467
2.65939
2.68263
2.70473
2.72633
2.74753
2.76764
2.78618
2.80336
2.81965
2.83548
2.85105
2.86621
2.88045
2.8934
2.90506
2.91556
2.925
2.93344
2.94099
2.94769
2.95361
2.95895
2.96391
2.96824
2.97129
2.9741
2.97734
2.98075
2.98398
2.98715
2.99037
2.99381
2.99754
3.00149
3.00541
3.0091
3.01265
3.01577
3.0169
3.01565
3.01328
3.01073
3.0084
3.00645
3.00488
3.00365
3.0027
3.00198
3.00144
3.00104
3.00075
3.00053
3.00037
3.00026
3.00018
3.00012
3.00009
3.00006
3.00004
3.00003
3.00002
3.00002
3.00001
3.00001
3.00001
3.00001
3.00001
3.00001
2.99999
2.99997
2.99991
2.99976
2.99943
2.99864
2.99679
2.99246
2.98233
2.95854
2.90237
2.77457
2.57916
2.36252
2.27135
2.27203
2.27917
2.29585
2.31505
2.33593
2.35724
2.37769
2.39984
2.42367
2.44807
2.47319
2.49899
2.52537
2.55111
2.57575
2.60039
2.62476
2.64795
2.66975
2.69071
2.71139
2.73171
2.75093
2.76864
2.78503
2.80084
2.81649
2.83191
2.84673
2.86047
2.87283
2.88398
2.89414
2.90339
2.91175
2.91934
2.92628
2.93264
2.93849
2.94381
2.94839
2.95225
2.95655
2.96141
2.96623
2.97094
2.97556
2.98004
2.98442
2.98878
2.99323
2.99827
3.00422
3.00909
3.01063
3.00979
3.00819
3.00655
3.00511
3.00393
3.00299
3.00226
3.0017
3.00127
3.00094
3.00069
3.00051
3.00037
3.00026
3.00019
3.00013
3.00009
3.00007
3.00005
3.00003
3.00002
3.00002
3.00001
3.00001
3.00001
3.00001
3.00001
3.00001
3.00001
3.00001
3
3
2.99998
2.99995
2.99987
2.99969
2.99927
2.99828
2.99597
2.99059
2.97814
2.94912
2.88266
2.74697
2.55755
2.3826
2.31728
2.32714
2.33579
2.35304
2.37318
2.39428
2.41276
2.43153
2.45255
2.47549
2.49921
2.52307
2.54656
2.56902
2.59127
2.61384
2.63547
2.65582
2.67573
2.69565
2.71515
2.73345
2.75019
2.76588
2.78141
2.79702
2.81231
2.8267
2.83985
2.85174
2.86262
2.8727
2.88198
2.89051
2.89849
2.90598
2.91302
2.91956
2.9255
2.93089
2.93682
2.94318
2.94945
2.95547
2.96105
2.96608
2.97074
2.97541
2.98114
2.98925
2.998
3.00307
3.00426
3.00395
3.0033
3.00266
3.00212
3.00168
3.00133
3.00105
3.00082
3.00064
3.0005
3.00038
3.00029
3.00022
3.00016
3.00012
3.00009
3.00007
3.00005
3.00004
3.00003
3.00002
3.00002
3.00001
3.00001
3.00001
3.00001
3.00001
3.00001
3.00001
3.00001
3.00001
3.00001
3.00001
3
3
2.99998
2.99994
2.99985
2.99964
2.99916
2.99804
2.99546
2.98953
2.97602
2.94502
2.87647
2.74973
2.57158
2.43045
2.36732
2.38079
2.39128
2.40861
2.42582
2.44478
2.46572
2.48519
2.50473
2.52525
2.54601
2.56602
2.58551
2.60551
2.62543
2.64421
2.66262
2.68148
2.69996
2.71707
2.73277
2.74796
2.76335
2.77892
2.79399
2.80791
2.82049
2.83211
2.84305
2.8533
2.86286
2.87197
2.88078
2.88925
2.89718
2.90443
2.91153
2.9192
2.92666
2.9338
2.94044
2.94642
2.95169
2.95661
2.96273
2.97249
2.98482
2.99364
2.99715
2.99834
2.99891
2.99931
2.99962
2.99984
2.99999
3.00009
3.00015
3.00017
3.00017
3.00016
3.00015
3.00012
3.0001
3.00008
3.00007
3.00005
3.00004
3.00003
3.00002
3.00002
3.00002
3.00001
3.00001
3.00001
3.00001
3.00001
3.00001
3.00001
3.00001
3.00001
3.00001
3.00001
3.00001
3.00001
3.00001
3.00001
3
2.99999
2.99998
2.99994
2.99984
2.99963
2.99914
2.99802
2.99546
2.98967
2.97661
2.94694
2.88474
2.78209
2.62566
2.49727
2.42662
2.43257
2.44277
2.45758
2.47455
2.49406
2.51304
2.53231
2.55044
2.56767
2.58508
2.60306
2.62126
2.63879
2.65566
2.67302
2.69058
2.70644
2.72089
2.7354
2.75049
2.76574
2.7803
2.79364
2.80582
2.81739
2.82864
2.83931
2.84942
2.85934
2.8691
2.87811
2.88615
2.89442
2.90273
2.91061
2.91812
2.92508
2.93124
2.93695
2.94423
2.9562
2.97174
2.98364
2.98923
2.99199
2.99395
2.99554
2.9968
2.99777
2.99848
2.999
2.99937
2.99962
2.99978
2.99989
2.99996
2.99999
3.00001
3.00002
3.00003
3.00003
3.00002
3.00002
3.00002
3.00002
3.00001
3.00001
3.00001
3.00001
3.00001
3.00001
3.00001
3.00001
3.00001
3.00001
3.00001
3.00001
3.00001
3.00001
3.00001
3.00001
3.00001
3.00001
3.00001
3.00001
3
2.99999
2.99998
2.99994
2.99985
2.99966
2.99922
2.99822
2.99601
2.9911
2.98034
2.9568
2.90902
2.82995
2.72696
2.59445
2.51294
2.4805
2.49314
2.50661
2.52112
2.53632
2.55354
2.57178
2.58959
2.60694
2.62403
2.64081
2.65657
2.67222
2.68863
2.70343
2.71649
2.73023
2.74488
2.75951
2.77326
2.78586
2.79765
2.80909
2.82029
2.83094
2.8411
2.85115
2.8607
2.86904
2.87755
2.88614
2.89433
2.90204
2.90924
2.91693
2.92779
2.94401
2.96195
2.97502
2.9817
2.98595
2.98934
2.99209
2.99426
2.9959
2.99712
2.99801
2.99864
2.99909
2.99941
2.99962
2.99976
2.99986
2.99992
2.99996
2.99998
3
3
3.00001
3.00001
3.00001
3.00001
3.00001
3.00001
3.00001
3.00001
3.00001
3.00001
3.00001
3.00001
3.00001
3.00001
3.00001
3.00001
3.00001
3.00001
3.00001
3.00001
3.00001
3.00001
3.00001
3.00001
3.00001
3.00001
3.00001
3
3
2.99998
2.99995
2.99988
2.99972
2.99937
2.9986
2.99692
2.99331
2.98559
2.96948
2.9389
2.88679
2.82402
2.73221
2.63522
2.571
2.54478
2.54939
2.56288
2.57888
2.5936
2.60892
2.6245
2.64076
2.65647
2.67161
2.6871
2.70163
2.71389
2.72689
2.7415
2.75534
2.76778
2.7794
2.7907
2.80189
2.81279
2.82316
2.83325
2.84326
2.85222
2.86097
2.86976
2.8786
2.88886
2.90276
2.92119
2.94134
2.95857
2.96962
2.97647
2.98191
2.98636
2.98992
2.99266
2.99472
2.99625
2.99736
2.99816
2.99873
2.99914
2.99942
2.99962
2.99975
2.99984
2.9999
2.99994
2.99997
2.99998
2.99999
3
3
3.00001
3.00001
3.00001
3.00001
3.00001
3.00001
3.00001
3.00001
3.00001
3.00001
3.00001
3.00001
3.00001
3.00001
3.00001
3.00001
3.00001
3.00001
3.00001
3.00001
3.00001
3.00001
3.00001
3.00001
3.00001
3.00001
3.00001
3.00001
3
3
2.99999
2.99996
2.99991
2.99979
2.99954
2.99902
2.99791
2.99561
2.99089
2.98161
2.96482
2.93856
2.89986
2.85635
2.80135
2.72958
2.67131
2.63646
2.62098
2.62042
2.62966
2.64328
2.65718
2.67092
2.68542
2.69897
2.71117
2.7234
2.73707
2.75069
2.76199
2.77285
2.7842
2.7955
2.8062
2.81663
2.82711
2.8387
2.85251
2.86963
2.89003
2.91177
2.93261
2.94943
2.96078
2.96901
2.97589
2.98157
2.98616
2.98976
2.9925
2.99457
2.9961
2.99722
2.99803
2.99862
2.99904
2.99934
2.99955
2.99969
2.99979
2.99987
2.99991
2.99995
2.99997
2.99998
2.99999
3
3
3
3.00001
3.00001
3.00001
3.00001
3.00001
3.00001
3.00001
3.00001
3.00001
3.00001
3.00001
3.00001
3.00001
3.00001
3.00001
3.00001
3.00001
3.00001
3.00001
3.00001
3.00001
3.00001
3.00001
3.00001
3.00001
3.00001
3.00001
3.00001
3.00001
3.00001
3
3
2.99999
2.99998
2.99994
2.99986
2.99971
2.99938
2.99872
2.99741
2.99488
2.99044
2.98297
2.97143
2.95528
2.93369
2.90931
2.88318
2.85598
2.82161
2.78872
2.76305
2.74725
2.73843
2.73649
2.73868
2.74502
2.75128
2.75918
2.77124
2.78312
2.79716
2.81365
2.83187
2.8495
2.8691
2.88929
2.90885
2.92651
2.94073
2.95147
2.96045
2.96828
2.97495
2.98052
2.98507
2.98871
2.99155
2.99374
2.9954
2.99664
2.99757
2.99825
2.99875
2.99911
2.99937
2.99956
2.9997
2.99979
2.99986
2.99991
2.99994
2.99996
2.99998
2.99999
2.99999
3
3
3
3.00001
3.00001
3.00001
3.00001
3.00001
3.00001
3.00001
3.00001
3.00001
3.00001
3.00001
3.00001
3.00001
3.00001
3.00001
3.00001
3.00001
3.00001
3.00001
3.00001
3.00001
3.00001
3.00001
3.00001
3.00001
3.00001
3.00001
3.00001
3.00001
3.00001
3.00001
3.00001
3.00001
3.00001
3
3
2.99999
2.99996
2.99992
2.99983
2.99964
2.99928
2.99863
2.9975
2.99567
2.99285
2.98876
2.98312
2.97588
2.96717
2.95747
2.94738
2.93731
2.92814
2.92069
2.91495
2.91137
2.90976
2.91038
2.91216
2.91462
2.91845
2.92383
2.93073
2.93792
2.94517
2.9519
2.95869
2.965
2.97078
2.97595
2.9805
2.98441
2.9877
2.9904
2.99258
2.99433
2.9957
2.99677
2.99759
2.99821
2.99869
2.99904
2.9993
2.9995
2.99964
2.99974
2.99982
2.99988
2.99991
2.99994
2.99996
2.99998
2.99999
2.99999
3
3
3
3.00001
3.00001
3.00001
3.00001
3.00001
3.00001
3.00001
3.00001
3.00001
3.00001
3.00001
3.00001
3.00001
3.00001
3.00001
3.00001
3.00001
3.00001
3.00001
3.00001
3.00001
3.00001
3.00001
3.00001
3.00001
3.00001
3.00001
3.00001
3.00001
3.00001
3.00001
3.00001
3.00001
3.00001
3.00001
3.00001
3.00001
3.00001
3
3
3
2.99998
2.99996
2.99991
2.99981
2.99965
2.99937
2.99893
2.99828
2.99735
2.99608
2.99444
2.99245
2.99016
2.98761
2.98505
2.98242
2.98033
2.97843
2.97704
2.97626
2.97609
2.97646
2.97697
2.97781
2.97923
2.9812
2.98327
2.98533
2.98737
2.98922
2.99096
2.99251
2.99388
2.99506
2.99606
2.99689
2.99757
2.99811
2.99855
2.9989
2.99917
2.99937
2.99953
2.99966
2.99975
2.99982
2.99987
2.99991
2.99993
2.99996
2.99997
2.99998
2.99999
2.99999
3
3
3
3
3.00001
3.00001
3.00001
3.00001
3.00001
3.00001
3.00001
3.00001
3.00001
3.00001
3.00001
3.00001
3.00001
3.00001
3.00001
3.00001
3.00001
3.00001
3.00001
3.00001
3.00001
3.00001
3.00001
3.00001
3.00001
3.00001
3.00001
3.00001
3.00001
3.00001
3.00001
3.00001
3.00001
3.00001
3.00001
3.00001
3.00001
3.00001
3.00001
3.00001
3.00001
3.00001
3
3
2.99999
2.99998
2.99996
2.99992
2.99985
2.99975
2.9996
2.99939
2.99911
2.99877
2.99834
2.99786
2.99733
2.99679
2.99623
2.99577
2.99537
2.99506
2.99488
2.9948
2.99487
2.99496
2.99512
2.9954
2.99582
2.99625
2.9967
2.99713
2.99756
2.99793
2.99827
2.99858
2.99884
2.99907
2.99926
2.99942
2.99954
2.99965
2.99973
2.99979
2.99985
2.99988
2.99992
2.99994
2.99996
2.99997
2.99998
2.99999
2.99999
3
3
3
3
3.00001
3.00001
3.00001
3.00001
3.00001
3.00001
3.00001
3.00001
3.00001
3.00001
3.00001
3.00001
3.00001
3.00001
3.00001
3.00001
3.00001
3.00001
3.00001
3.00001
3.00001
3.00001
3.00001
3.00001
3.00001
3.00001
3.00001
3.00001
3.00001
3.00001
3.00001
3.00001
3.00001
3.00001
3.00001
3.00001
3.00001
3.00001
3.00001
3.00001
3.00001
3.00001
3.00001
3.00001
3.00001
3.00001
3.00001
3.00001
3
3
2.99999
2.99998
2.99996
2.99994
2.9999
2.99985
2.99978
2.99969
2.99959
2.99948
2.99935
2.99922
2.99909
2.99898
2.99889
2.99881
2.99876
2.99873
2.99875
2.99877
2.9988
2.99885
2.99894
2.99905
2.99915
2.99926
2.99936
2.99945
2.99954
2.99962
2.99968
2.99974
2.99979
2.99984
2.99987
2.9999
2.99992
2.99994
2.99996
2.99997
2.99998
2.99999
2.99999
3
3
3
3
3
3.00001
3.00001
3.00001
3.00001
3.00001
3.00001
3.00001
3.00001
3.00001
3.00001
3.00001
3.00001
3.00001
3.00001
3.00001
3.00001
3.00001
3.00001
3.00001
3.00001
3.00001
3.00001
3.00001
3.00001
3.00001
3.00001
3.00001
)
;

boundaryField
{
    inlet
    {
        type            calculated;
        value           uniform 3.00001;
    }
    outlet
    {
        type            calculated;
        value           nonuniform List<scalar> 
40
(
3.00001
3.00003
3.00003
3.00004
3.00004
3.00005
3.00004
3.00005
3.00004
3.00005
3.00004
3.00004
3.00004
3.00004
3.00003
3.00003
3.00003
3.00002
3.00002
3.00002
3.00002
3.00001
3.00001
3.00001
3.00001
3.00001
3.00001
3.00001
3.00001
3.00001
3.00001
3.00001
3.00001
3.00001
3.00001
3.00001
3.00001
3.00001
3.00001
3.00001
)
;
    }
    bottom
    {
        type            symmetryPlane;
    }
    top
    {
        type            symmetryPlane;
    }
    obstacle
    {
        type            calculated;
        value           uniform 0;
    }
    defaultFaces
    {
        type            empty;
    }
}


// ************************************************************************* //
