/*--------------------------------*- C++ -*----------------------------------*\
| =========                 |                                                 |
| \\      /  F ield         | OpenFOAM: The Open Source CFD Toolbox           |
|  \\    /   O peration     | Version:  2112                                  |
|   \\  /    A nd           | Website:  www.openfoam.com                      |
|    \\/     M anipulation  |                                                 |
\*---------------------------------------------------------------------------*/
FoamFile
{
    version     2.0;
    format      ascii;
    arch        "LSB;label=32;scalar=64";
    class       volScalarField;
    location    "3.5";
    object      p;
}
// * * * * * * * * * * * * * * * * * * * * * * * * * * * * * * * * * * * * * //

dimensions      [0 2 -2 0 0 0 0];

internalField   nonuniform List<scalar> 
8800
(
0.73829
0.691285
0.654075
0.626514
0.607054
0.593423
0.58379
0.577071
0.57271
0.570809
0.571616
0.575057
0.580745
0.588926
0.600457
0.616765
0.640024
0.672473
0.713472
0.772027
0.568582
0.577093
0.586626
0.591099
0.59095
0.587396
0.582386
0.577271
0.572957
0.570131
0.5696
0.571718
0.575584
0.580558
0.585828
0.590408
0.592517
0.590472
0.583437
0.572702
0.554602
0.56066
0.565475
0.568598
0.570162
0.570337
0.56925
0.567451
0.565664
0.564699
0.565268
0.567024
0.569145
0.570854
0.571467
0.570689
0.568385
0.564403
0.559088
0.555783
0.558347
0.559719
0.561741
0.563559
0.564941
0.56562
0.565394
0.564566
0.563598
0.56307
0.563535
0.564673
0.565869
0.566602
0.566529
0.565522
0.563979
0.562012
0.560242
0.559674
0.55494
0.555135
0.555526
0.556001
0.556476
0.556867
0.557102
0.557094
0.556901
0.556816
0.557182
0.55778
0.558193
0.558271
0.558068
0.557713
0.557281
0.55686
0.55658
0.556495
0.550635
0.550797
0.551065
0.551401
0.551751
0.552061
0.552282
0.552395
0.552448
0.552587
0.552934
0.553343
0.553626
0.553706
0.553599
0.553366
0.553076
0.552798
0.552599
0.552522
0.545598
0.545665
0.54578
0.54594
0.546141
0.546373
0.546613
0.546845
0.547079
0.547377
0.547764
0.548113
0.548322
0.54839
0.548355
0.548266
0.548164
0.548069
0.548002
0.547971
0.540367
0.540411
0.54049
0.540602
0.540752
0.540943
0.541177
0.541456
0.541792
0.542216
0.542681
0.54306
0.543306
0.543432
0.543474
0.543466
0.543433
0.543393
0.543359
0.543339
0.534989
0.535014
0.535071
0.53516
0.535291
0.535477
0.53573
0.536064
0.536498
0.537048
0.537629
0.538091
0.538402
0.538592
0.538695
0.538741
0.538755
0.53875
0.538739
0.538727
0.52946
0.52948
0.529527
0.52961
0.529742
0.52994
0.530228
0.530631
0.531174
0.531875
0.53261
0.533195
0.533602
0.533869
0.534032
0.534124
0.534171
0.53419
0.534193
0.534185
0.523757
0.523773
0.523825
0.523915
0.524063
0.524294
0.524638
0.525133
0.525813
0.526702
0.527633
0.528376
0.528912
0.529268
0.529496
0.529634
0.529712
0.529751
0.529764
0.529759
0.517867
0.517882
0.517938
0.518043
0.518219
0.518499
0.518923
0.519541
0.520399
0.521526
0.522713
0.523671
0.524352
0.524816
0.525118
0.525305
0.525414
0.525472
0.525495
0.525491
0.511733
0.511749
0.511816
0.511944
0.512162
0.512511
0.513043
0.513822
0.51491
0.516343
0.517854
0.519072
0.519946
0.520544
0.520936
0.521181
0.521326
0.521404
0.521437
0.521433
0.505295
0.505313
0.505397
0.505558
0.505832
0.506274
0.506949
0.507938
0.509322
0.511147
0.51307
0.51462
0.515735
0.516497
0.516998
0.517314
0.517501
0.517604
0.517648
0.517643
0.498468
0.49849
0.498597
0.498802
0.499152
0.499715
0.500578
0.501842
0.503609
0.505934
0.508381
0.510352
0.511767
0.512736
0.513374
0.513775
0.514014
0.514145
0.514203
0.514197
0.491142
0.491171
0.491308
0.491572
0.492023
0.492747
0.493855
0.495476
0.497736
0.500702
0.503814
0.506313
0.508106
0.509334
0.510141
0.51065
0.510953
0.511119
0.511191
0.511184
0.483168
0.483206
0.483385
0.483727
0.484312
0.485249
0.486679
0.488765
0.491662
0.495447
0.4994
0.502566
0.504832
0.506382
0.5074
0.508041
0.508424
0.508634
0.508725
0.508716
0.474351
0.474402
0.474636
0.475085
0.475848
0.477068
0.478922
0.481616
0.485337
0.490169
0.495186
0.499186
0.502043
0.503995
0.505277
0.506084
0.506565
0.506829
0.506944
0.506932
0.464422
0.464492
0.464804
0.465397
0.466403
0.468004
0.470424
0.473917
0.478707
0.484874
0.491228
0.49627
0.499864
0.502316
0.503926
0.50494
0.505544
0.505875
0.506018
0.506003
0.453012
0.453111
0.453533
0.454329
0.455671
0.457792
0.460977
0.465531
0.471709
0.479574
0.487599
0.493931
0.498436
0.501511
0.503531
0.504804
0.505562
0.505978
0.506158
0.506138
0.439599
0.439742
0.440325
0.441415
0.443236
0.446088
0.450323
0.4563
0.464286
0.474298
0.484388
0.492305
0.497933
0.50178
0.504314
0.505914
0.50687
0.507395
0.507621
0.507595
0.423416
0.423635
0.424464
0.425998
0.42853
0.43244
0.438151
0.446056
0.456397
0.469096
0.481703
0.491536
0.498537
0.503348
0.506534
0.508557
0.509771
0.510439
0.510726
0.510695
0.403302
0.40365
0.404879
0.407126
0.410774
0.416285
0.424124
0.434665
0.44805
0.464055
0.479661
0.491769
0.500431
0.506444
0.510476
0.513066
0.514635
0.515503
0.515877
0.51584
0.37738
0.377955
0.379904
0.38342
0.388962
0.397006
0.407974
0.422109
0.439361
0.459323
0.478389
0.493117
0.503749
0.511264
0.516422
0.519818
0.52192
0.523093
0.523598
0.523557
0.342184
0.343223
0.34682
0.352966
0.361965
0.37413
0.389683
0.408609
0.430606
0.45511
0.477998
0.495623
0.508517
0.517875
0.524546
0.52915
0.532147
0.53389
0.534651
0.534608
0.290222
0.293403
0.30175
0.31371
0.329001
0.347658
0.369632
0.394619
0.422135
0.451581
0.478462
0.499119
0.514481
0.526
0.534634
0.541036
0.545642
0.548722
0.550307
0.550322
0.207934
0.224598
0.244556
0.267035
0.291807
0.31915
0.348909
0.380705
0.414096
0.448632
0.47959
0.50345
0.521594
0.53574
0.546997
0.556104
0.563579
0.569661
0.57465
0.576604
0.121188
0.15596
0.188156
0.2215
0.256164
0.292176
0.329448
0.367753
0.406773
0.446283
0.481425
0.508727
0.529921
0.546976
0.561086
0.573054
0.583382
0.592365
0.602122
0.605225
0.0643046
0.100942
0.14091
0.182444
0.224992
0.268409
0.312366
0.356466
0.400327
0.443789
0.48188
0.511345
0.534279
0.552778
0.568023
0.580768
0.591539
0.600711
0.609331
0.612019
0.0237843
0.0627518
0.106434
0.152463
0.20019
0.248964
0.298047
0.346716
0.394326
0.440591
0.480422
0.510886
0.534426
0.553269
0.568654
0.581372
0.591995
0.600981
0.609201
0.6119
-0.00516998
0.0346218
0.080761
0.12996
0.181311
0.233984
0.286961
0.339105
0.389385
0.437259
0.477608
0.508031
0.531377
0.549986
0.565129
0.577614
0.587914
0.596653
0.604427
0.607045
-0.0278636
0.0129233
0.0608937
0.112524
0.166781
0.222597
0.278627
0.333364
0.38537
0.433759
0.473533
0.503075
0.525657
0.54367
0.558346
0.570447
0.580528
0.588976
0.596361
0.598936
-0.0460922
-0.00435504
0.0452794
0.0989776
0.155637
0.214045
0.27257
0.329298
0.382289
0.430233
0.468418
0.496328
0.517679
0.534847
0.548946
0.560628
0.570404
0.578608
0.585666
0.588221
-0.0612805
-0.0185539
0.0326411
0.0882412
0.147091
0.207796
0.268472
0.326771
0.380166
0.426814
0.462428
0.487961
0.507688
0.523834
0.537298
0.548577
0.558058
0.566067
0.572871
0.575432
-0.0742764
-0.030586
0.0221437
0.0795679
0.140471
0.203341
0.266008
0.325649
0.379061
0.423648
0.455674
0.478049
0.495766
0.510795
0.523661
0.534603
0.543871
0.551726
0.558317
0.560873
-0.0860518
-0.0410021
0.0130853
0.0723361
0.135272
0.20028
0.264907
0.325828
0.379022
0.4209
0.448234
0.466553
0.481864
0.495772
0.508204
0.518997
0.528191
0.535992
0.542463
0.545065
-0.0967032
-0.0508126
0.00499507
0.0660623
0.131054
0.198251
0.264916
0.327202
0.380131
0.418762
0.440187
0.453313
0.465768
0.478679
0.49105
0.50206
0.511485
0.519416
0.525867
0.528556
-0.107088
-0.0599546
-0.00256646
0.060349
0.127475
0.196932
0.26579
0.329643
0.382447
0.417462
0.43162
0.438074
0.447045
0.459243
0.472238
0.484164
0.49431
0.502683
0.509329
0.512208
-0.117296
-0.0688985
-0.00991589
0.0548887
0.1242
0.196054
0.267292
0.333027
0.386031
0.417278
0.422682
0.420453
0.424978
0.436928
0.451718
0.46573
0.477471
0.486829
0.493924
0.49708
-0.127675
-0.0778508
-0.0172754
0.0494498
0.120991
0.195341
0.269176
0.33716
0.390879
0.418516
0.413641
0.399984
0.398447
0.410773
0.429274
0.447251
0.462029
0.473249
0.48129
0.484842
-0.138401
-0.0870447
-0.0248333
0.043851
0.117644
0.19458
0.271209
0.34185
0.396952
0.421484
0.404924
0.37619
0.365735
0.379329
0.404356
0.42935
0.449482
0.463945
0.473588
0.477675
-0.149631
-0.0966076
-0.0327216
0.0379349
0.114021
0.193574
0.273169
0.34686
0.404122
0.426467
0.397157
0.348593
0.324466
0.340138
0.375937
0.41232
0.441545
0.461339
0.473609
0.478404
-0.161123
-0.106553
-0.0409648
0.0316311
0.109991
0.192188
0.274855
0.351947
0.412188
0.433676
0.391166
0.316954
0.272988
0.290392
0.341989
0.396967
0.440316
0.468585
0.485473
0.491715
-0.172915
-0.116861
-0.0495765
0.0249356
0.105488
0.190297
0.276105
0.35688
0.420892
0.443181
0.387923
0.281737
0.206211
0.221858
0.298888
0.384911
0.4499
0.490468
0.512282
0.519267
-0.185269
-0.127501
-0.0585436
0.0178476
0.100527
0.187833
0.276748
0.361408
0.429921
0.4549
0.388508
0.242121
0.118716
0.125343
0.241514
0.377742
0.474056
0.531865
0.559131
0.564255
-0.197811
-0.138419
-0.0677519
0.0104189
0.0950824
0.184811
0.276738
0.365326
0.438936
0.468572
0.394018
0.200724
0.00225911
-0.0184043
0.163531
0.375117
0.521662
0.602858
0.632716
0.623565
-0.210781
-0.149531
-0.0771161
0.00269806
0.0891727
0.181189
0.276032
0.368551
0.447689
0.484009
0.40557
0.159293
-0.160352
-0.250893
0.0344186
0.369182
0.575654
0.691788
0.734485
0.716538
-0.22403
-0.160683
-0.0865724
-0.00540864
0.082684
0.176859
0.274477
0.370978
0.456116
0.501431
0.425185
0.117829
-0.417629
-0.718703
-0.229701
0.334047
0.624676
0.740597
0.741657
0.670909
-0.237128
-0.171425
-0.0958369
-0.0137598
0.0757908
0.171986
0.272056
0.372455
0.463738
0.519759
0.453603
0.0949811
-0.803695
-1.58488
-0.773148
0.162402
0.535869
0.601069
0.500705
0.421265
-0.249256
-0.180924
-0.104229
-0.0217112
0.0691554
0.167029
0.269014
0.373041
0.470364
0.538148
0.489984
0.109473
-1.16359
-2.62123
-1.51092
-0.296381
0.107364
0.203875
0.154611
0.119618
-0.339408
-0.186919
-0.113049
-0.0302558
0.0615038
0.160784
0.265355
0.372536
0.475483
0.556145
0.536212
0.182241
-1.20657
-2.92064
-1.92119
-0.834764
-0.445816
-0.237519
-0.230303
-0.215118
-0.213284
-0.194675
-0.126936
-0.0435082
0.0496244
0.15107
0.257851
0.369189
0.479609
0.575683
0.592304
0.315839
-0.869488
-2.05243
-1.59563
-1.11107
-0.851637
-0.720741
-0.690978
-0.541973
-0.263371
-0.21069
-0.139433
-0.0552658
0.0390396
0.141732
0.250777
0.364754
0.47961
0.584831
0.627499
0.438358
-0.365089
-1.16006
-1.15343
-1.05125
-0.998088
-0.98179
-1.0001
-0.849461
-0.292444
-0.23194
-0.155853
-0.0697375
0.0261683
0.130337
0.241515
0.35776
0.475627
0.587576
0.648647
0.536726
0.0419715
-0.51445
-0.781193
-0.942309
-1.08816
-1.20339
-1.31738
-1.20674
-0.32203
-0.254248
-0.173973
-0.0851555
0.0126343
0.118476
0.231451
0.349241
0.469326
0.586526
0.661465
0.603949
0.293135
-0.138835
-0.510089
-0.861152
-1.1836
-1.4618
-1.74097
-1.70719
-0.349736
-0.277446
-0.193569
-0.101933
-0.00208355
0.10559
0.219842
0.338961
0.461611
0.581388
0.661639
0.635317
0.422002
0.0518956
-0.366709
-0.822771
-1.28657
-1.69219
-2.14217
-2.56083
-0.376387
-0.301605
-0.214809
-0.120521
-0.0183998
0.0909715
0.206637
0.327491
0.450429
0.570364
0.654773
0.645498
0.484578
0.15188
-0.269884
-0.781662
-1.36226
-1.89825
-2.12597
-2.37397
-0.40352
-0.327031
-0.237899
-0.141118
-0.0369169
0.0742523
0.191487
0.313004
0.437024
0.557763
0.640952
0.638529
0.5063
0.213216
-0.190823
-0.720893
-1.35405
-1.94252
-2.05738
-2.08564
-0.431329
-0.353811
-0.262804
-0.163841
-0.0576409
0.0553067
0.173933
0.296611
0.42057
0.539404
0.621165
0.624217
0.513098
0.264198
-0.108771
-0.626288
-1.30014
-1.97832
-2.14835
-2.06137
-0.460827
-0.38223
-0.289542
-0.188589
-0.0804335
0.0341353
0.153865
0.277053
0.401177
0.519537
0.600434
0.608628
0.520384
0.326025
0.0186164
-0.443326
-1.05038
-1.66198
-1.84555
-1.72236
-0.492214
-0.412457
-0.318141
-0.215478
-0.105637
0.0105771
0.13182
0.256078
0.380181
0.497274
0.578652
0.595318
0.536647
0.397627
0.18601
-0.118801
-0.48902
-0.76228
-0.829126
-0.779978
-0.525444
-0.44458
-0.348773
-0.244336
-0.132522
-0.0145839
0.107846
0.232718
0.356852
0.474197
0.558852
0.588401
0.562429
0.487802
0.381539
0.25995
0.149515
0.097598
0.103642
0.123142
-0.5602
-0.4785
-0.381111
-0.274966
-0.161468
-0.0419004
0.0820414
0.207972
0.332783
0.451707
0.541554
0.58612
0.592498
0.574027
0.54812
0.529092
0.531866
0.565011
0.606429
0.620751
-0.597056
-0.514302
-0.415346
-0.30732
-0.19182
-0.070376
0.0550688
0.182252
0.30857
0.430546
0.527427
0.587504
0.621155
0.642346
0.663549
0.693404
0.735439
0.784476
0.823246
0.83382
-0.636096
-0.551907
-0.450815
-0.340687
-0.22316
-0.0998806
0.0273667
0.156464
0.285328
0.411378
0.516659
0.590978
0.645224
0.690518
0.73453
0.779911
0.826355
0.869941
0.902076
0.91142
-0.676803
-0.590684
-0.487277
-0.374824
-0.255015
-0.129548
-4.90453e-05
0.131471
0.263477
0.394228
0.507941
0.594885
0.663262
0.721917
0.77484
0.823245
0.866659
0.903823
0.932193
0.940886
-0.717876
-0.62953
-0.523521
-0.408516
-0.28624
-0.158322
-0.0263481
0.107867
0.243153
0.378975
0.50095
0.597263
0.675137
0.740921
0.797421
0.845994
0.887189
0.921313
0.946355
0.955298
-0.757261
-0.666591
-0.55809
-0.440359
-0.315512
-0.185096
-0.0506952
0.0861898
0.224779
0.365782
0.494179
0.597709
0.681386
0.750737
0.80872
0.857038
0.897102
0.930065
0.953955
0.962757
-0.791919
-0.699495
-0.588698
-0.468462
-0.341302
-0.20874
-0.0722672
0.0668974
0.208387
0.353484
0.486848
0.595143
0.682022
0.753139
0.811565
0.859573
0.898857
0.930989
0.954087
0.962804
-0.818421
-0.725338
-0.612806
-0.490682
-0.361919
-0.22799
-0.0901912
0.0504161
0.193793
0.341571
0.477938
0.588838
0.677168
0.74882
0.807169
0.854694
0.893405
0.924876
0.947224
0.955811
-0.832601
-0.740903
-0.627628
-0.504783
-0.375511
-0.241313
-0.103522
0.0371251
0.180792
0.329308
0.466672
0.578172
0.666463
0.737835
0.795675
0.842642
0.880805
0.911743
0.93357
0.942289
-0.831408
-0.742133
-0.629501
-0.507635
-0.37968
-0.247184
-0.1113
0.0273502
0.169219
0.316118
0.452041
0.562122
0.649199
0.719503
0.77649
0.822795
0.860474
0.891016
0.912447
0.921344
-0.809771
-0.723958
-0.614317
-0.495673
-0.371568
-0.243516
-0.112355
0.0216149
0.158928
0.301277
0.433043
0.539584
0.624023
0.692361
0.747983
0.793387
0.830498
0.860657
0.88194
0.891153
-0.758933
-0.679572
-0.576715
-0.464709
-0.348246
-0.228311
-0.105402
0.0204406
0.149843
0.284305
0.408758
0.509209
0.589125
0.654018
0.707272
0.75113
0.787281
0.817004
0.838394
0.84802
-0.671254
-0.601186
-0.509929
-0.410478
-0.306922
-0.199942
-0.0895626
0.0243012
0.142144
0.265035
0.37866
0.469998
0.542451
0.601354
0.650046
0.690491
0.72394
0.75153
0.774033
0.783452
-0.538021
-0.48574
-0.41122
-0.330903
-0.24666
-0.157882
-0.0645203
0.0334928
0.13626
0.244079
0.343388
0.422171
0.483533
0.532481
0.572372
0.605411
0.632287
0.653079
0.668483
0.674907
-0.335693
-0.312974
-0.273246
-0.224884
-0.168329
-0.104036
-0.0321501
0.0470755
0.133294
0.226021
0.312333
0.380425
0.432426
0.472447
0.503152
0.526596
0.545175
0.56067
0.572685
0.576812
-0.15518
-0.149891
-0.136408
-0.115381
-0.0852992
-0.0452733
0.00489712
0.0649977
0.134349
0.211834
0.285243
0.343015
0.386259
0.418419
0.442184
0.459439
0.471137
0.478143
0.481815
0.483005
-0.0489691
-0.0484525
-0.0438966
-0.0341475
-0.0179434
0.00635785
0.0401268
0.0840543
0.138019
0.201004
0.262086
0.310163
0.34549
0.370839
0.388324
0.39976
0.406871
0.411016
0.412931
0.413232
0.00899972
0.00908626
0.0110906
0.016588
0.0269044
0.043342
0.0672078
0.0996482
0.141233
0.191475
0.241161
0.280343
0.308767
0.328725
0.342284
0.351134
0.356516
0.359395
0.360601
0.360859
0.045482
0.0458658
0.0474756
0.0512051
0.0581109
0.0694897
0.0867091
0.110975
0.14305
0.18282
0.22281
0.254457
0.277285
0.293149
0.303732
0.310454
0.314471
0.316665
0.317667
0.317912
0.0698807
0.0702524
0.0715224
0.0743027
0.0793603
0.0876673
0.10037
0.118639
0.14336
0.174653
0.206544
0.23188
0.250087
0.262636
0.270944
0.276211
0.27936
0.281082
0.281869
0.282062
0.0859603
0.0862917
0.0873048
0.089418
0.0932008
0.0994138
0.108983
0.122904
0.142012
0.166561
0.191857
0.212034
0.226517
0.23647
0.243038
0.247186
0.249663
0.25102
0.251646
0.251798
0.096175
0.0964479
0.0972448
0.0988706
0.101753
0.106473
0.113762
0.124443
0.139249
0.158482
0.178469
0.19447
0.205958
0.21384
0.219031
0.222305
0.224258
0.22533
0.225824
0.225943
0.101996
0.102213
0.102835
0.10409
0.106303
0.109924
0.115524
0.123764
0.135267
0.150324
0.166075
0.178728
0.187818
0.194052
0.198155
0.200742
0.202286
0.203131
0.203519
0.203612
0.104488
0.10466
0.105144
0.106115
0.107824
0.110617
0.114943
0.121327
0.130278
0.142064
0.154457
0.164439
0.171619
0.176545
0.179785
0.181826
0.183042
0.183708
0.184013
0.184086
0.104432
0.104567
0.104944
0.105699
0.107023
0.109187
0.112541
0.117501
0.124478
0.133702
0.143439
0.151303
0.156964
0.160848
0.163404
0.165013
0.165971
0.166494
0.166733
0.166788
0.102416
0.102521
0.102814
0.1034
0.10443
0.106111
0.108718
0.112579
0.118023
0.125243
0.132889
0.139075
0.143532
0.146591
0.148603
0.149869
0.150623
0.151036
0.151223
0.151267
0.0988814
0.0989636
0.0991928
0.0996494
0.10045
0.101758
0.103788
0.106798
0.111049
0.116699
0.122695
0.127555
0.13106
0.133467
0.135051
0.136048
0.136641
0.136963
0.137109
0.137142
0.094171
0.094235
0.0944134
0.0947687
0.0953926
0.0964122
0.0979946
0.100343
0.103663
0.108083
0.112783
0.116598
0.119351
0.121242
0.122485
0.123268
0.123733
0.123986
0.124101
0.124127
0.0885454
0.0885954
0.0887345
0.0890114
0.0894976
0.0902921
0.0915257
0.0933574
0.0959504
0.0994075
0.103088
0.106078
0.108238
0.109722
0.110697
0.111309
0.111673
0.111872
0.111961
0.111981
0.0822081
0.0822468
0.082355
0.0825706
0.0829491
0.0835683
0.0845301
0.085959
0.087983
0.0906833
0.0935622
0.0959019
0.0975913
0.098752
0.0995166
0.0999982
0.100283
0.100438
0.100507
0.100523
0.0753159
0.0753461
0.0754302
0.075598
0.0758929
0.0763747
0.0771236
0.0782368
0.0798142
0.0819205
0.0841683
0.0859966
0.0873173
0.0882252
0.0888217
0.0891963
0.0894189
0.0895394
0.0895935
0.0896055
0.0679931
0.0680164
0.0680816
0.0682118
0.0684406
0.0688149
0.0693962
0.0702602
0.0714861
0.0731249
0.0748739
0.0762979
0.0773286
0.0780365
0.0785011
0.0787924
0.0789643
0.0790575
0.0790987
0.079108
0.0603359
0.0603537
0.0604038
0.060504
0.0606803
0.0609696
0.0614199
0.0620894
0.0630388
0.0643083
0.0656639
0.0667671
0.0675636
0.0681099
0.0684692
0.0686956
0.0688301
0.0689027
0.0689351
0.0689424
0.052418
0.0524316
0.0524703
0.0525476
0.052683
0.0529044
0.0532495
0.0537633
0.0544925
0.0554676
0.0565089
0.0573566
0.0579693
0.0583907
0.0586685
0.0588426
0.0589451
0.0590007
0.0590254
0.0590305
0.0443018
0.0443122
0.0443412
0.0443995
0.0445021
0.0446699
0.0449309
0.0453199
0.0458722
0.0466114
0.0474024
0.0480472
0.0485142
0.0488351
0.0490444
0.0491751
0.0492526
0.0492941
0.0493121
0.049316
0.0360364
0.0360441
0.0360653
0.0361078
0.0361827
0.0363071
0.0365014
0.0367905
0.0372006
0.0377493
0.0383354
0.0388119
0.0391555
0.0393908
0.0395462
0.0396447
0.0397029
0.0397344
0.0397488
0.039752
0.0276588
0.0276638
0.0276779
0.0277082
0.0277627
0.0278519
0.0279901
0.0281955
0.0284877
0.0288786
0.0292959
0.0296352
0.0298801
0.030049
0.0301589
0.0302266
0.0302666
0.0302882
0.0302971
0.0302987
0.0191993
0.0192031
0.0192132
0.0192331
0.0192692
0.0193281
0.0194188
0.0195535
0.0197451
0.0200012
0.0202745
0.0204971
0.020657
0.0207652
0.0208365
0.0208816
0.0209073
0.0209201
0.0209252
0.0209264
0.0106854
0.0106879
0.0106946
0.0107062
0.010725
0.0107552
0.0108031
0.010875
0.0109771
0.0111144
0.0112594
0.011376
0.01146
0.0115177
0.0115551
0.0115776
0.0115909
0.0115986
0.0116028
0.0116044
0.00213748
0.0021361
0.0021348
0.00213594
0.00213989
0.00214658
0.00215606
0.00216906
0.00218707
0.00221065
0.00223869
0.0022665
0.0022875
0.00230181
0.00231071
0.00231636
0.00232019
0.00232245
0.00232279
0.00232143
-1.3617
-1.05731
-0.733145
-0.44291
-0.174639
0.0818354
0.312342
0.511503
0.641163
0.603348
-0.740598
-0.532872
-0.311893
-0.104391
0.0876599
0.260591
0.406132
0.512317
0.566469
0.562764
-0.304988
-0.163971
-0.0158493
0.123738
0.250556
0.358964
0.446673
0.50622
0.537591
0.546079
-0.010517
0.0837321
0.182448
0.273505
0.355117
0.423106
0.476081
0.514295
0.538137
0.549555
0.191414
0.253055
0.31817
0.377752
0.430514
0.47394
0.508365
0.534374
0.553506
0.56425
0.333403
0.374537
0.416369
0.455199
0.489887
0.519717
0.543782
0.562373
0.574693
0.581057
0.438819
0.464594
0.491907
0.520462
0.546811
0.569607
0.587166
0.598182
0.602737
0.603433
0.516498
0.536465
0.562256
0.587027
0.608726
0.626233
0.639395
0.645981
0.648504
0.651341
0.573287
0.596563
0.623094
0.647424
0.670973
0.692311
0.709341
0.72059
0.723788
0.732535
0.634716
0.673361
0.713851
0.750979
0.781722
0.80459
0.819819
0.829029
0.831835
0.845263
0.757676
0.805679
0.847626
0.878682
0.902437
0.921946
0.938841
0.95156
0.961399
0.977155
0.938005
0.968805
0.995991
1.01918
1.03974
1.05853
1.07524
1.09016
1.10371
1.12102
1.12257
1.14223
1.15771
1.17398
1.18954
1.20375
1.21675
1.23067
1.24821
1.2679
1.30726
1.31622
1.32835
1.33949
1.34892
1.35832
1.36867
1.37966
1.39077
1.40616
1.51367
1.51741
1.50253
1.48795
1.48175
1.48741
1.50604
1.53623
1.56808
1.59457
1.82037
1.68566
1.60893
1.56614
1.54865
1.55276
1.57983
1.63619
1.73901
1.96342
0.628115
0.626781
0.623868
0.616973
0.606417
0.595774
0.586691
0.579601
0.574408
0.571173
0.570626
0.572914
0.577389
0.583671
0.591876
0.601916
0.612858
0.62219
0.626344
0.628349
0.555243
0.560993
0.56849
0.573645
0.576586
0.576979
0.575253
0.572312
0.569395
0.567389
0.567039
0.568599
0.571408
0.574651
0.577259
0.578074
0.576471
0.572363
0.566254
0.558524
0.557097
0.558656
0.562236
0.565395
0.567541
0.568452
0.568034
0.566947
0.565511
0.564306
0.564126
0.565259
0.566921
0.568434
0.569353
0.569308
0.567746
0.565158
0.561636
0.558763
0.557062
0.557228
0.557835
0.558759
0.559698
0.560496
0.561104
0.561113
0.560685
0.560252
0.56031
0.560985
0.561768
0.562229
0.562059
0.561394
0.560607
0.559697
0.55891
0.558548
0.552867
0.55296
0.553239
0.553617
0.554003
0.554335
0.554552
0.554628
0.554573
0.554504
0.554676
0.555159
0.555622
0.555882
0.555915
0.555751
0.555455
0.555104
0.554774
0.554594
0.548167
0.548212
0.548337
0.548538
0.548796
0.549082
0.549358
0.549587
0.549763
0.549946
0.55025
0.550628
0.550923
0.551052
0.55102
0.550881
0.550697
0.550518
0.550376
0.550303
0.542999
0.543024
0.543097
0.543209
0.543357
0.543541
0.543758
0.544
0.544266
0.544584
0.544983
0.545391
0.545684
0.545843
0.545894
0.545875
0.545822
0.545759
0.5457
0.545664
0.537696
0.53771
0.537759
0.53784
0.537957
0.538119
0.538332
0.538605
0.538948
0.539381
0.539898
0.54038
0.540724
0.540934
0.541044
0.541086
0.541091
0.541075
0.541053
0.541035
0.532245
0.532251
0.532287
0.532354
0.532459
0.532616
0.532842
0.533157
0.53358
0.534133
0.53479
0.535394
0.535829
0.536116
0.536292
0.536389
0.536438
0.536456
0.536457
0.536451
0.52663
0.526634
0.52667
0.526735
0.526844
0.527016
0.527275
0.527651
0.528174
0.528872
0.529707
0.530474
0.531027
0.531413
0.531661
0.531812
0.531898
0.531942
0.531959
0.53196
0.520839
0.52084
0.520876
0.520948
0.521074
0.521277
0.521589
0.52205
0.522703
0.523585
0.524645
0.525619
0.526345
0.526839
0.527168
0.527376
0.5275
0.527568
0.5276
0.527607
0.514834
0.514834
0.514874
0.51496
0.515111
0.515359
0.515746
0.516322
0.517145
0.518263
0.519612
0.520856
0.521776
0.522418
0.522847
0.52312
0.523286
0.52338
0.523426
0.523438
0.508557
0.508555
0.508604
0.508709
0.508898
0.509209
0.509696
0.510425
0.51147
0.51289
0.514607
0.516191
0.517364
0.518185
0.518735
0.519088
0.519305
0.519428
0.519491
0.519508
0.501936
0.501933
0.501994
0.502128
0.502367
0.502763
0.503382
0.504311
0.505642
0.507453
0.509638
0.511653
0.513145
0.51419
0.514891
0.515342
0.515619
0.515778
0.515859
0.515881
0.494875
0.494872
0.49495
0.495121
0.495427
0.495934
0.496728
0.497918
0.49962
0.501932
0.504715
0.507276
0.509168
0.510493
0.511383
0.511956
0.512307
0.51251
0.512613
0.512642
0.487247
0.487242
0.487343
0.487565
0.487961
0.488615
0.489638
0.491168
0.493351
0.496307
0.499851
0.503101
0.505497
0.507174
0.508298
0.509022
0.509466
0.509722
0.509852
0.509889
0.47888
0.478875
0.479006
0.479295
0.479811
0.480661
0.481987
0.483963
0.486771
0.490554
0.495065
0.499183
0.502211
0.504326
0.505743
0.506655
0.507215
0.507538
0.507702
0.507747
0.469546
0.46954
0.469714
0.470096
0.470773
0.471886
0.473615
0.476178
0.479801
0.484647
0.490386
0.495594
0.499411
0.502073
0.503854
0.505001
0.505705
0.50611
0.506315
0.506371
0.458931
0.458925
0.45916
0.45967
0.46057
0.462041
0.464313
0.467659
0.47235
0.478563
0.485851
0.492419
0.497215
0.500557
0.502793
0.504232
0.505116
0.505625
0.505882
0.505953
0.446599
0.446596
0.446919
0.447612
0.448826
0.450796
0.453815
0.458216
0.464312
0.472282
0.481514
0.489762
0.495768
0.49995
0.502752
0.504559
0.50567
0.506309
0.506633
0.506721
0.431922
0.431926
0.432385
0.433353
0.435026
0.437713
0.441781
0.447626
0.455586
0.465804
0.477447
0.487748
0.49523
0.500451
0.503962
0.506233
0.507634
0.508443
0.508853
0.508964
0.413949
0.413973
0.41466
0.416064
0.418445
0.422205
0.427796
0.435653
0.446092
0.459162
0.473747
0.486509
0.495771
0.502269
0.506675
0.509548
0.511333
0.512369
0.512899
0.513044
0.391138
0.391219
0.39234
0.394501
0.398048
0.403506
0.411385
0.42209
0.435814
0.452443
0.470532
0.486168
0.497532
0.505592
0.511142
0.514822
0.517145
0.518518
0.519237
0.519443
0.360799
0.361078
0.363141
0.366762
0.372402
0.380708
0.392123
0.406854
0.424859
0.445802
0.467918
0.486796
0.500575
0.510516
0.517543
0.522356
0.525505
0.527445
0.528519
0.528861
0.318006
0.318939
0.32342
0.330193
0.339916
0.353161
0.369984
0.390226
0.413567
0.439496
0.466024
0.488384
0.504816
0.516943
0.525841
0.532261
0.536758
0.539785
0.541665
0.542323
0.254213
0.256977
0.268104
0.282248
0.300088
0.321466
0.345941
0.373147
0.402657
0.433951
0.46498
0.490828
0.509977
0.524468
0.535561
0.544082
0.550617
0.555631
0.559325
0.560205
0.17346
0.181047
0.203105
0.229736
0.258508
0.289277
0.321943
0.35632
0.392062
0.428798
0.464519
0.494265
0.516732
0.534334
0.548474
0.560034
0.569616
0.577738
0.583644
0.585853
0.0949504
0.11171
0.145047
0.181855
0.22015
0.259632
0.300081
0.341228
0.382752
0.42438
0.464191
0.497171
0.522227
0.542131
0.558412
0.571958
0.583275
0.592741
0.600071
0.603984
0.0463771
0.0640124
0.101509
0.144184
0.188937
0.234907
0.281506
0.328197
0.374457
0.419892
0.462522
0.497408
0.523786
0.544654
0.561594
0.575512
0.586978
0.596431
0.603637
0.607509
0.0119578
0.0299105
0.0702555
0.116402
0.165096
0.215461
0.266604
0.317587
0.367493
0.415657
0.459925
0.495547
0.522207
0.543155
0.560063
0.573888
0.585218
0.594493
0.60168
0.605668
-0.0137147
0.004409
0.0464555
0.0951451
0.146926
0.20069
0.255322
0.309557
0.362091
0.411877
0.456577
0.491854
0.518002
0.538485
0.554997
0.568492
0.579559
0.58861
0.595735
0.599764
-0.0344698
-0.0158263
0.0279105
0.0786332
0.132848
0.189368
0.246833
0.303636
0.358025
0.40852
0.452591
0.486583
0.511581
0.531204
0.547099
0.560145
0.570897
0.579727
0.586738
0.590792
-0.0514264
-0.0322927
0.0129852
0.0655864
0.121949
0.180834
0.240705
0.299593
0.355268
0.405697
0.44815
0.479946
0.503226
0.521681
0.536814
0.549368
0.55979
0.568405
0.575294
0.57937
-0.0657856
-0.046073
0.000676279
0.0550021
0.11336
0.174444
0.236493
0.297193
0.353765
0.403508
0.443386
0.472074
0.49307
0.510111
0.524425
0.536496
0.546631
0.55507
0.561876
0.56601
-0.0783347
-0.0580881
-0.00984461
0.0461827
0.106483
0.169671
0.233819
0.296227
0.353493
0.402063
0.438452
0.463012
0.481116
0.496551
0.510081
0.521787
0.531739
0.540073
0.546829
0.550996
-0.0898192
-0.0687967
-0.0192198
0.038548
0.100781
0.1661
0.232364
0.296509
0.354431
0.401516
0.433487
0.452741
0.46724
0.480915
0.493849
0.505458
0.51547
0.523872
0.530683
0.534978
-0.100481
-0.0788487
-0.0278414
0.0316483
0.0958531
0.16335
0.231834
0.297844
0.356564
0.402023
0.428689
0.441186
0.451136
0.462938
0.475678
0.487735
0.498256
0.507028
0.514041
0.518471
-0.110997
-0.0886104
-0.0360965
0.0251434
0.0913628
0.161112
0.231939
0.300053
0.359827
0.403768
0.4243
0.428243
0.432317
0.442104
0.455374
0.468822
0.480642
0.490326
0.497863
0.502627
-0.121459
-0.0983437
-0.0442781
0.0187341
0.0870313
0.159112
0.232442
0.302918
0.364164
0.406879
0.420657
0.413828
0.410064
0.41751
0.432491
0.44891
0.463352
0.474841
0.483458
0.488728
-0.132138
-0.108177
-0.0525868
0.0122314
0.0826217
0.157113
0.233086
0.306213
0.369435
0.411534
0.418167
0.397926
0.3834
0.387731
0.406223
0.428074
0.447285
0.462064
0.472529
0.478799
-0.143136
-0.118349
-0.0611869
0.00545218
0.0779637
0.154912
0.233663
0.309731
0.375476
0.417777
0.417336
0.380689
0.351143
0.350798
0.375175
0.406169
0.433504
0.454183
0.467694
0.47517
-0.154641
-0.128912
-0.0701339
-0.00165305
0.0729626
0.152353
0.233952
0.313212
0.38207
0.425613
0.418715
0.362555
0.311476
0.303889
0.337222
0.382914
0.423193
0.453225
0.471764
0.481152
-0.166296
-0.139792
-0.0794543
-0.00914535
0.0675579
0.149368
0.233801
0.31643
0.388942
0.434923
0.422875
0.344332
0.261906
0.242366
0.287838
0.357148
0.419263
0.462051
0.487992
0.50018
-0.178449
-0.151064
-0.089115
-0.0170265
0.0616967
0.14587
0.233129
0.319188
0.395796
0.44549
0.430268
0.327154
0.202116
0.158115
0.220614
0.32744
0.425411
0.487779
0.52281
0.537964
-0.19095
-0.162647
-0.0990719
-0.0252246
0.05543
0.14183
0.231847
0.321379
0.402357
0.456918
0.441235
0.312609
0.131402
0.0398689
0.124488
0.289507
0.442629
0.534035
0.581972
0.595497
-0.203801
-0.174537
-0.109224
-0.0336596
0.0487761
0.137272
0.229913
0.322843
0.40838
0.468801
0.455777
0.303109
0.0461423
-0.133066
-0.0234146
0.249288
0.471784
0.605475
0.670901
0.670819
-0.216958
-0.186697
-0.11946
-0.042316
0.0416734
0.132125
0.227289
0.323529
0.413868
0.481267
0.474647
0.301127
-0.060921
-0.422679
-0.291371
0.174571
0.501909
0.6802
0.761779
0.773149
-0.230265
-0.198954
-0.129536
-0.0511221
0.0341247
0.126363
0.223914
0.323279
0.418479
0.493737
0.497626
0.311505
-0.196076
-0.956688
-0.876793
-0.0226486
0.481028
0.686294
0.682696
0.575559
-0.242995
-0.21054
-0.139099
-0.0601541
0.0260852
0.119855
0.219658
0.322022
0.421894
0.505407
0.52376
0.338255
-0.356703
-1.7494
-1.80737
-0.486968
0.233319
0.418239
0.391135
0.288505
-0.256812
-0.220153
-0.147492
-0.0693745
0.0177947
0.112984
0.214254
0.319743
0.42402
0.515578
0.551276
0.381121
-0.470754
-2.29001
-2.56085
-1.08258
-0.330054
-0.0889613
-0.0224371
-0.0607219
-0.208356
-0.187937
-0.120855
-0.0379381
0.0542994
0.154457
0.261888
0.370443
0.475896
0.561089
0.549301
0.202993
-1.2174
-2.80992
-1.98182
-1.07426
-0.643874
-0.428215
-0.388252
-0.378525
-0.231541
-0.21273
-0.161876
-0.0851023
0.00296666
0.0999249
0.204243
0.313473
0.423671
0.526615
0.588659
0.474516
-0.367154
-2.02449
-2.2649
-1.44375
-0.897129
-0.663514
-0.54229
-0.562914
-0.248466
-0.224286
-0.170219
-0.0926922
-0.00404645
0.0938133
0.198808
0.309697
0.422732
0.53165
0.608695
0.544451
-0.0250935
-1.2546
-1.52192
-1.21949
-1.00211
-0.892179
-0.834746
-0.862846
-0.271881
-0.247858
-0.185746
-0.105944
-0.0157677
0.0836953
0.190607
0.30359
0.419548
0.534156
0.624665
0.603273
0.232277
-0.544283
-0.923436
-0.981062
-1.01733
-1.07453
-1.10381
-1.19986
-0.300923
-0.274215
-0.205031
-0.122049
-0.0298559
0.0713142
0.180026
0.294773
0.413408
0.532269
0.63173
0.642874
0.417077
-0.0718039
-0.469947
-0.766169
-1.0171
-1.2368
-1.41526
-1.64043
-0.329085
-0.29999
-0.225655
-0.139404
-0.0447662
0.0581759
0.168352
0.284755
0.405345
0.526556
0.63185
0.662368
0.523819
0.174588
-0.231167
-0.635875
-1.04258
-1.41521
-1.73446
-2.31947
-0.356122
-0.325796
-0.247678
-0.158376
-0.0612535
0.0435013
0.155359
0.273264
0.394961
0.517442
0.624798
0.666462
0.574903
0.294504
-0.0966664
-0.553658
-1.06775
-1.5957
-2.01523
-2.65335
-0.382744
-0.35206
-0.271122
-0.179141
-0.0797128
0.0270896
0.14067
0.25962
0.382376
0.505922
0.6139
0.660449
0.590974
0.35817
-0.0092519
-0.47981
-1.05043
-1.68048
-2.03837
-2.09
-0.410081
-0.379439
-0.296214
-0.201963
-0.100343
0.00843736
0.123459
0.243935
0.367742
0.49065
0.596711
0.643385
0.586175
0.390503
0.0549885
-0.400828
-0.99102
-1.68921
-2.09654
-2.04927
-0.438898
-0.407861
-0.322977
-0.226748
-0.123096
-0.0124142
0.104363
0.225662
0.349296
0.471887
0.576965
0.624294
0.580161
0.421113
0.136214
-0.282194
-0.869344
-1.56869
-2.07917
-2.01512
-0.469509
-0.437977
-0.351561
-0.25347
-0.147903
-0.0355409
0.0824582
0.204839
0.329447
0.451621
0.555175
0.604289
0.575323
0.452828
0.240123
-0.0815296
-0.546886
-1.05246
-1.36086
-1.33421
-0.501875
-0.469856
-0.382034
-0.282305
-0.174956
-0.0607687
0.0589874
0.182497
0.307149
0.428877
0.532646
0.587372
0.57755
0.501797
0.367452
0.184628
-0.0415829
-0.226941
-0.310598
-0.297952
-0.536097
-0.503513
-0.414339
-0.312848
-0.203624
-0.0878188
0.0332921
0.157877
0.283252
0.405584
0.511169
0.574213
0.586891
0.558016
0.502863
0.440484
0.387616
0.367515
0.38977
0.416085
-0.572136
-0.538821
-0.448498
-0.345385
-0.234414
-0.116731
0.00620146
0.132122
0.258515
0.382259
0.49152
0.564964
0.599813
0.610193
0.610721
0.615594
0.635146
0.674399
0.722949
0.749975
-0.610147
-0.576342
-0.484311
-0.379247
-0.266279
-0.146645
-0.0220274
0.105434
0.233671
0.359847
0.474573
0.55913
0.613471
0.652017
0.686254
0.723812
0.767271
0.815353
0.858945
0.881908
-0.650133
-0.616148
-0.521507
-0.414221
-0.299106
-0.177353
-0.0507434
0.0788564
0.209536
0.339156
0.459859
0.555644
0.625739
0.682276
0.733221
0.781761
0.828303
0.871497
0.90771
0.928779
-0.691369
-0.656559
-0.559265
-0.44954
-0.331956
-0.207831
-0.0789235
0.0531596
0.186572
0.320019
0.447711
0.553358
0.635004
0.702565
0.761238
0.813067
0.858513
0.897692
0.930043
0.949313
-0.732134
-0.696358
-0.596194
-0.483839
-0.363615
-0.236966
-0.105585
0.0290298
0.165388
0.303099
0.43673
0.55067
0.640445
0.714463
0.776823
0.82964
0.874123
0.911333
0.941809
0.961701
-0.769702
-0.73342
-0.630374
-0.51536
-0.392552
-0.263474
-0.129796
0.0071636
0.146302
0.287726
0.426699
0.546842
0.641818
0.71936
0.783411
0.836478
0.880334
0.916567
0.946169
0.965834
-0.801567
-0.764959
-0.659192
-0.541773
-0.416976
-0.286021
-0.15054
-0.0117862
0.129485
0.273806
0.416635
0.540863
0.638714
0.717912
0.782578
0.835475
0.878827
0.914394
0.943454
0.963041
-0.823688
-0.787532
-0.679881
-0.561029
-0.4348
-0.302985
-0.166666
-0.0271603
0.115055
0.260786
0.405652
0.531825
0.630759
0.710314
0.774844
0.827345
0.870154
0.905135
0.933967
0.95329
-0.83244
-0.797214
-0.68885
-0.569814
-0.443844
-0.312396
-0.176826
-0.0382775
0.102991
0.248289
0.392923
0.518807
0.616948
0.696078
0.75997
0.81187
0.854193
0.888766
0.917581
0.936787
-0.823056
-0.789433
-0.682169
-0.564757
-0.440951
-0.312236
-0.179825
-0.0444859
0.0936939
0.235876
0.377591
0.500688
0.597025
0.674258
0.736875
0.787948
0.829759
0.864014
0.893032
0.912171
-0.789826
-0.758492
-0.654821
-0.541572
-0.422796
-0.299943
-0.173795
-0.0448235
0.0871502
0.223181
0.358927
0.476646
0.568869
0.64303
0.703484
0.753231
0.7944
0.828437
0.857718
0.876725
-0.724764
-0.696966
-0.599411
-0.494559
-0.385732
-0.273212
-0.157484
-0.0386637
0.0835318
0.209985
0.336321
0.445657
0.531203
0.600059
0.65655
0.703622
0.743443
0.777187
0.806731
0.825673
-0.614319
-0.588561
-0.508349
-0.419538
-0.32693
-0.230338
-0.129863
-0.0254928
0.0830331
0.19624
0.309566
0.40713
0.482794
0.543182
0.592377
0.633281
0.668375
0.699727
0.727698
0.747473
-0.446505
-0.429453
-0.377931
-0.314716
-0.246069
-0.171523
-0.0912824
-0.00525825
0.0864544
0.183718
0.281773
0.365692
0.429609
0.479316
0.518543
0.549492
0.573682
0.592969
0.609902
0.623464
-0.236035
-0.232345
-0.213974
-0.18563
-0.148144
-0.101377
-0.045233
0.0199641
0.0937271
0.175345
0.259643
0.332153
0.386778
0.428084
0.459178
0.48261
0.500459
0.51381
0.522461
0.526824
-0.0940298
-0.0934545
-0.0884963
-0.0780159
-0.0606062
-0.0345525
0.00135489
0.0476511
0.104156
0.170075
0.240412
0.301579
0.347175
0.380785
0.405135
0.422158
0.433231
0.439862
0.443551
0.445213
-0.0157879
-0.01613
-0.015148
-0.0102838
-0.000392013
0.0157833
0.03964
0.0724893
0.115046
0.167102
0.224418
0.274788
0.312019
0.338771
0.357336
0.369742
0.377705
0.382454
0.384799
0.38552
0.0290597
0.0290812
0.0299337
0.0328718
0.0390656
0.0498722
0.0666617
0.0906999
0.122963
0.163736
0.209756
0.250629
0.280737
0.302142
0.31685
0.326547
0.332568
0.336005
0.337725
0.338352
0.0589297
0.059053
0.0598673
0.0620934
0.0665172
0.0741382
0.0861758
0.103921
0.128454
0.160276
0.196909
0.229742
0.253903
0.270943
0.282486
0.289979
0.294609
0.297278
0.29864
0.299149
0.0787537
0.0788791
0.0795625
0.081265
0.0845577
0.0902064
0.0991621
0.112504
0.13126
0.156042
0.185019
0.211201
0.230477
0.244018
0.253152
0.259065
0.262708
0.264802
0.265874
0.266277
0.0916799
0.0917922
0.0923539
0.0936788
0.0961816
0.100439
0.107202
0.117355
0.131781
0.151086
0.173928
0.194707
0.210024
0.220769
0.227996
0.23266
0.23553
0.237182
0.238031
0.238351
0.0995457
0.0996382
0.100083
0.101109
0.103029
0.106285
0.111454
0.119241
0.130385
0.145433
0.163395
0.179826
0.191961
0.20047
0.206188
0.209874
0.21214
0.213444
0.214113
0.214364
0.103592
0.103666
0.104015
0.104812
0.106293
0.108798
0.112777
0.118786
0.127425
0.139164
0.15327
0.166232
0.175822
0.182548
0.187066
0.189977
0.191768
0.192796
0.193323
0.19352
0.104728
0.104787
0.10506
0.105678
0.106825
0.108763
0.11184
0.116497
0.123213
0.132376
0.143443
0.15365
0.161215
0.166525
0.170092
0.172389
0.173799
0.174608
0.175023
0.175177
0.103631
0.103677
0.10389
0.104372
0.105262
0.106765
0.109154
0.112772
0.118
0.12516
0.133838
0.141865
0.147824
0.152008
0.154818
0.156628
0.157739
0.158377
0.158701
0.158821
0.100809
0.100845
0.101011
0.101385
0.102078
0.103247
0.105104
0.107921
0.111999
0.117594
0.124396
0.130702
0.135388
0.13868
0.140893
0.142319
0.143192
0.143692
0.143948
0.144043
0.0966505
0.0966791
0.0968088
0.0971008
0.09764
0.0985496
0.0999966
0.102192
0.105374
0.109747
0.115075
0.120023
0.123706
0.126295
0.128034
0.129154
0.129841
0.130235
0.130434
0.130507
0.0914545
0.0914768
0.0915778
0.0918049
0.092225
0.0929343
0.0940623
0.0957748
0.0982586
0.101677
0.105848
0.109728
0.112617
0.114649
0.116015
0.116894
0.117431
0.117739
0.117895
0.117952
0.0854523
0.0854696
0.0855481
0.0857251
0.0860525
0.0866054
0.0874845
0.0888191
0.0907573
0.0934282
0.0966906
0.0997283
0.101992
0.103584
0.104654
0.105343
0.105766
0.106008
0.10613
0.106174
0.0788202
0.0788337
0.078895
0.0790329
0.0792877
0.0797175
0.0804025
0.0814439
0.082956
0.0850398
0.0875881
0.0899631
0.0917324
0.0929774
0.0938149
0.0943544
0.0946843
0.0948723
0.0949674
0.0950019
0.0717001
0.0717105
0.0717578
0.0718646
0.0720627
0.0723978
0.0729304
0.0737393
0.0749153
0.0765382
0.0785243
0.0803766
0.0817585
0.082732
0.0833858
0.0838051
0.0840612
0.0842073
0.0842807
0.0843072
0.0641995
0.0642075
0.0642444
0.0643272
0.0644804
0.0647392
0.065152
0.0657799
0.0666922
0.0679521
0.0694947
0.0709338
0.0720082
0.0727638
0.0732708
0.0735976
0.0737974
0.0739109
0.0739682
0.073989
0.0564043
0.0564107
0.0564387
0.0565021
0.0566196
0.056819
0.0571374
0.057622
0.0583265
0.059299
0.0604898
0.0616004
0.0624281
0.0630101
0.0634014
0.0636533
0.0638077
0.0638959
0.0639399
0.0639557
0.048382
0.0483867
0.0484077
0.0484558
0.0485462
0.0486988
0.0489412
0.0493102
0.0498474
0.0505896
0.0514993
0.052349
0.0529837
0.0534308
0.0537318
0.0539246
0.0540411
0.0541071
0.0541403
0.054152
0.0401852
0.0401886
0.0402047
0.0402411
0.0403084
0.0404228
0.0406052
0.0408828
0.0412866
0.0418444
0.0425283
0.043167
0.0436436
0.0439783
0.0442018
0.0443456
0.0444344
0.0444844
0.0445096
0.044519
0.0318583
0.0318605
0.0318717
0.031898
0.0319473
0.0320308
0.0321637
0.0323658
0.0326603
0.0330676
0.0335658
0.0340303
0.0343761
0.0346194
0.0347831
0.034888
0.0349513
0.0349874
0.035005
0.035011
0.0234349
0.0234365
0.0234448
0.0234637
0.0234975
0.0235543
0.0236449
0.0237836
0.0239858
0.024265
0.0246078
0.0249281
0.0251677
0.0253374
0.0254508
0.0255228
0.0255658
0.0255892
0.0256002
0.0256035
0.0149476
0.0149491
0.0149547
0.0149664
0.0149869
0.0150215
0.0150774
0.015162
0.0152848
0.0154543
0.0156628
0.0158565
0.0159995
0.0160984
0.0161652
0.0162089
0.016236
0.0162509
0.0162582
0.0162606
0.00213697
0.00213524
0.00213506
0.00213754
0.00214289
0.00215095
0.002162
0.00217734
0.00219827
0.00222438
0.00225333
0.00227783
0.00229548
0.00230683
0.00231383
0.00231847
0.0023215
0.00232288
0.00232224
0.00695732
-2.83852
-1.76595
-1.18753
-0.815819
-0.506014
-0.207025
0.0838206
0.351588
0.591191
0.788855
-1.29011
-0.933565
-0.636688
-0.380956
-0.142683
0.0802088
0.279445
0.448416
0.568572
0.598471
-0.651904
-0.430413
-0.238485
-0.0624367
0.101615
0.250441
0.375826
0.471761
0.532049
0.55336
-0.235048
-0.0936696
0.0321377
0.150415
0.258271
0.353097
0.430803
0.487371
0.523161
0.541925
0.0419369
0.133414
0.215835
0.29321
0.363186
0.423507
0.472977
0.509424
0.533716
0.549633
0.230264
0.290067
0.344184
0.395612
0.441205
0.479996
0.512283
0.537455
0.55552
0.567513
0.363503
0.401403
0.438045
0.471913
0.502742
0.530597
0.55438
0.572625
0.583542
0.586363
0.463421
0.487132
0.515042
0.541441
0.567083
0.589255
0.606173
0.617167
0.620396
0.615554
0.534728
0.55445
0.58034
0.604475
0.626444
0.645737
0.662489
0.674824
0.682102
0.677557
0.588822
0.614469
0.645483
0.677101
0.70699
0.733673
0.754236
0.767703
0.773815
0.771495
0.665641
0.707611
0.756367
0.797619
0.82966
0.853342
0.870619
0.883857
0.892133
0.897309
0.822465
0.866983
0.903873
0.933522
0.957321
0.978432
0.997641
1.01337
1.02561
1.0358
1.01156
1.04302
1.06528
1.08618
1.10471
1.12141
1.13672
1.15195
1.16832
1.18508
1.21109
1.22314
1.2345
1.24833
1.26284
1.27601
1.28748
1.29806
1.31044
1.32638
1.39686
1.40691
1.41593
1.41892
1.41987
1.42393
1.43438
1.45025
1.46764
1.47217
1.69793
1.64242
1.59171
1.55176
1.52974
1.52558
1.53918
1.5729
1.62906
1.70446
0.77101
0.712455
0.671471
0.639047
0.615828
0.599582
0.588145
0.580091
0.574578
0.571387
0.570875
0.573073
0.577645
0.584511
0.594257
0.607963
0.627473
0.655066
0.692296
0.739306
0.57164
0.582386
0.589441
0.591521
0.589468
0.584969
0.579797
0.574977
0.571336
0.569509
0.570372
0.57346
0.577963
0.5832
0.5883
0.591921
0.592114
0.587668
0.57815
0.569648
0.555769
0.557907
0.563241
0.56725
0.569583
0.570426
0.569928
0.568394
0.566498
0.565025
0.564785
0.566054
0.568095
0.570093
0.571328
0.571244
0.56972
0.566623
0.561833
0.556953
0.558449
0.558916
0.560702
0.562707
0.564312
0.565408
0.565606
0.565032
0.564062
0.563234
0.563171
0.564068
0.565298
0.566319
0.56668
0.566115
0.564803
0.563035
0.561039
0.559777
0.554964
0.555021
0.555311
0.555759
0.556244
0.556686
0.557013
0.557132
0.557005
0.556812
0.556941
0.557487
0.558028
0.558272
0.558195
0.557905
0.557499
0.557064
0.556691
0.556523
0.55066
0.55071
0.550919
0.551228
0.551578
0.551915
0.552185
0.552351
0.552422
0.552494
0.552734
0.553147
0.553507
0.553692
0.553672
0.553493
0.553223
0.552932
0.552683
0.552549
0.545608
0.545629
0.545717
0.545854
0.546036
0.546255
0.546494
0.546731
0.54696
0.547216
0.547563
0.547952
0.548235
0.548371
0.548382
0.548314
0.548215
0.548114
0.54803
0.547984
0.540373
0.540386
0.540446
0.540542
0.540672
0.540842
0.541055
0.54131
0.541616
0.541992
0.542448
0.542886
0.543199
0.543381
0.543461
0.543474
0.543451
0.543413
0.543374
0.543348
0.534989
0.534997
0.535039
0.535111
0.53522
0.535377
0.535594
0.535886
0.536268
0.536758
0.537341
0.537879
0.538265
0.53851
0.538652
0.538723
0.538751
0.538754
0.538745
0.538734
0.529459
0.529467
0.529499
0.529563
0.529669
0.529831
0.530072
0.530414
0.530883
0.531505
0.532246
0.532928
0.533414
0.53375
0.533961
0.534085
0.534152
0.534183
0.534193
0.534191
0.523754
0.523759
0.523795
0.523864
0.52398
0.524166
0.524449
0.524864
0.525448
0.526232
0.527173
0.528035
0.528672
0.529108
0.529395
0.529574
0.529679
0.529735
0.52976
0.529764
0.517863
0.517867
0.517905
0.517983
0.51812
0.518344
0.51869
0.519205
0.519937
0.520929
0.522125
0.523227
0.524043
0.524608
0.524984
0.525223
0.525367
0.525448
0.525487
0.525497
0.511727
0.511732
0.511776
0.511871
0.512039
0.512317
0.51275
0.513398
0.514324
0.515584
0.517105
0.518509
0.519548
0.520275
0.520761
0.521073
0.521263
0.521371
0.521425
0.521439
0.505287
0.505293
0.505347
0.505465
0.505678
0.506028
0.506577
0.507399
0.508577
0.510181
0.512117
0.513904
0.515227
0.516154
0.516775
0.517175
0.51742
0.517561
0.517632
0.517651
0.498457
0.498465
0.498533
0.498684
0.498955
0.499402
0.500103
0.501153
0.502658
0.504704
0.50717
0.509442
0.511122
0.5123
0.51309
0.513598
0.513911
0.51409
0.514182
0.514207
0.491128
0.491138
0.491226
0.49142
0.491769
0.492344
0.493245
0.494593
0.49652
0.499134
0.502275
0.50516
0.50729
0.508781
0.509782
0.510426
0.510822
0.511049
0.511165
0.511197
0.483151
0.483163
0.483278
0.483531
0.483983
0.484728
0.485892
0.487629
0.490105
0.493448
0.497447
0.501106
0.503801
0.505684
0.506946
0.507759
0.508258
0.508546
0.508692
0.508732
0.474328
0.474345
0.474496
0.474828
0.475418
0.47639
0.477903
0.480152
0.48334
0.487621
0.49271
0.497343
0.500743
0.503116
0.504706
0.505729
0.506357
0.506718
0.506902
0.506953
0.464393
0.464416
0.464618
0.465058
0.465838
0.467116
0.469095
0.472022
0.476142
0.481629
0.488098
0.493948
0.498229
0.501213
0.503209
0.504494
0.505283
0.505736
0.505966
0.506029
0.452975
0.453007
0.453282
0.453875
0.454918
0.456617
0.459232
0.463065
0.46841
0.475447
0.483653
0.491018
0.496388
0.500127
0.502631
0.504244
0.505234
0.505804
0.506093
0.506172
0.439549
0.439597
0.439979
0.440795
0.442216
0.444512
0.44801
0.453075
0.460037
0.469064
0.479439
0.488665
0.495373
0.500047
0.503185
0.50521
0.506457
0.507175
0.507539
0.507638
0.423352
0.423425
0.423973
0.425127
0.427115
0.430286
0.435045
0.441812
0.450925
0.462489
0.475536
0.487017
0.49535
0.501178
0.505112
0.507665
0.509246
0.510159
0.510623
0.510748
0.40322
0.403337
0.404154
0.405854
0.408745
0.413267
0.419888
0.429047
0.441018
0.455778
0.47205
0.486203
0.496479
0.503723
0.50867
0.511921
0.513955
0.515139
0.515742
0.515907
0.377276
0.377465
0.378754
0.381435
0.385906
0.392643
0.402109
0.414653
0.430381
0.449074
0.469119
0.48634
0.49888
0.507845
0.514096
0.518307
0.521004
0.522601
0.523416
0.523641
0.342016
0.342351
0.344701
0.34955
0.357091
0.36764
0.38149
0.398758
0.419283
0.44263
0.466906
0.4875
0.502581
0.513581
0.521504
0.527074
0.530824
0.533153
0.534376
0.534722
0.289944
0.291069
0.296994
0.307321
0.320952
0.337925
0.358272
0.381813
0.408142
0.436711
0.465477
0.489578
0.507362
0.520657
0.530635
0.538085
0.543542
0.547371
0.549684
0.55052
0.210499
0.216616
0.234094
0.25558
0.279142
0.305207
0.333803
0.36464
0.397297
0.43132
0.464661
0.492387
0.513118
0.529097
0.541685
0.551791
0.560029
0.566783
0.572316
0.57645
0.125822
0.139473
0.171994
0.204732
0.238733
0.274073
0.310744
0.348572
0.387281
0.426564
0.464478
0.496016
0.519953
0.538893
0.554356
0.567313
0.57842
0.588026
0.597093
0.604946
0.068166
0.0819444
0.120712
0.16163
0.203684
0.246703
0.29044
0.334525
0.378549
0.422203
0.463557
0.497627
0.523482
0.54401
0.560768
0.574685
0.586387
0.596311
0.605126
0.611652
0.0275841
0.0423432
0.0842612
0.129296
0.176246
0.224596
0.273623
0.322593
0.3708
0.417733
0.461334
0.496733
0.523365
0.544357
0.56135
0.575319
0.586931
0.596669
0.605227
0.611506
-0.00135934
0.0137475
0.0572225
0.105144
0.155515
0.207653
0.260625
0.313334
0.364657
0.413749
0.458363
0.493931
0.52042
0.541191
0.557947
0.571674
0.583067
0.592479
0.600693
0.606616
-0.0239632
-0.00846767
0.036378
0.0864196
0.13949
0.194693
0.250805
0.306388
0.359925
0.410162
0.454668
0.489414
0.515058
0.535154
0.551384
0.564694
0.575718
0.584956
0.592818
0.598479
-0.042134
-0.026254
0.019893
0.071795
0.127114
0.184839
0.243545
0.301429
0.356516
0.407061
0.450435
0.483435
0.507641
0.526716
0.542245
0.555066
0.565737
0.574705
0.582294
0.587733
-0.0572818
-0.040944
0.00643754
0.0600704
0.117447
0.177448
0.238416
0.298233
0.354388
0.404533
0.445811
0.476168
0.498376
0.516151
0.530879
0.543198
0.553524
0.562247
0.569638
0.574905
-0.070226
-0.0534897
-0.00479619
0.0504513
0.109783
0.171911
0.235012
0.296566
0.353497
0.4027
0.440943
0.467696
0.487325
0.503585
0.517497
0.529371
0.539436
0.547975
0.555202
0.560306
-0.0818668
-0.0646614
-0.0147007
0.0422873
0.103546
0.167789
0.232982
0.296245
0.353831
0.401684
0.435969
0.458033
0.474432
0.489007
0.502205
0.513819
0.523786
0.532266
0.539417
0.544446
-0.0925319
-0.0746489
-0.023627
0.0350675
0.0982786
0.164668
0.232023
0.297072
0.355366
0.401637
0.431063
0.447131
0.45949
0.472241
0.485014
0.496762
0.506982
0.515636
0.522848
0.527862
-0.102854
-0.0843196
-0.032008
0.0283984
0.0936057
0.162216
0.231845
0.298871
0.358068
0.402742
0.426425
0.434889
0.442098
0.452916
0.465809
0.478416
0.489479
0.498714
0.50624
0.511393
-0.112918
-0.093948
-0.0401923
0.0219537
0.0892122
0.160125
0.232185
0.301437
0.361886
0.405148
0.422366
0.421215
0.421662
0.430338
0.444286
0.458984
0.47192
0.482437
0.49068
0.496134
-0.122971
-0.10364
-0.048401
0.015518
0.0848556
0.158137
0.23278
0.304549
0.366706
0.409016
0.419234
0.406048
0.397331
0.403349
0.419837
0.438594
0.455106
0.468059
0.477664
0.483739
-0.133382
-0.113549
-0.0568329
0.00890358
0.0803446
0.156052
0.233401
0.307979
0.372393
0.414464
0.417508
0.389444
0.368014
0.37027
0.391381
0.417326
0.440126
0.457386
0.46931
0.476406
-0.144233
-0.123879
-0.0656075
0.00196473
0.0755334
0.153699
0.233851
0.311498
0.37874
0.421527
0.41772
0.371674
0.332449
0.328718
0.357236
0.39479
0.427989
0.452516
0.468279
0.476973
-0.155419
-0.134532
-0.0747408
-0.00534121
0.0703285
0.150939
0.233954
0.314859
0.38549
0.430118
0.420436
0.35337
0.287792
0.275419
0.314353
0.370419
0.420504
0.456036
0.478018
0.490258
-0.166998
-0.14558
-0.0842342
-0.0130292
0.0646922
0.147689
0.233563
0.317889
0.392385
0.44008
0.426176
0.335532
0.233111
0.203523
0.256771
0.342956
0.421086
0.472902
0.503261
0.51768
-0.178997
-0.156983
-0.0940667
-0.021079
0.058628
0.14393
0.232572
0.320389
0.399142
0.451114
0.435326
0.319432
0.168412
0.104032
0.176753
0.309747
0.430953
0.50723
0.548599
0.564058
-0.191285
-0.168686
-0.104144
-0.0294103
0.0521549
0.139632
0.230967
0.32221
0.405476
0.462844
0.448081
0.307129
0.0905163
-0.0382059
0.0592841
0.273074
0.457141
0.569209
0.623657
0.630842
-0.203945
-0.180693
-0.114351
-0.0379383
0.0453026
0.134802
0.228719
0.323314
0.411233
0.475021
0.464635
0.300965
-0.00419654
-0.255763
-0.132081
0.217596
0.486046
0.642171
0.724454
0.719049
-0.217018
-0.192934
-0.124559
-0.046697
0.0379619
0.129337
0.22571
0.323561
0.416329
0.487622
0.485769
0.304405
-0.123271
-0.65138
-0.534205
0.096674
0.502022
0.703266
0.759
0.688098
-0.231084
-0.204987
-0.134426
-0.0555778
0.0302074
0.123238
0.221935
0.32282
0.420414
0.499789
0.510616
0.322842
-0.274847
-1.34153
-1.31729
-0.220805
0.397189
0.594971
0.560794
0.441498
-0.247565
-0.215642
-0.143629
-0.0648604
0.0218469
0.116332
0.217108
0.321024
0.423189
0.510898
0.53762
0.359098
-0.393822
-2.0998
-2.30985
-0.798803
-0.0281761
0.178447
0.191186
0.118689
-0.262277
-0.230931
-0.149733
-0.0722516
0.0153623
0.111218
0.211636
0.318673
0.42498
0.520561
0.56656
0.417011
-0.368997
-2.41265
-2.58147
-1.25664
-0.603704
-0.30921
-0.220259
-0.245178
-0.182838
-0.192003
-0.125119
-0.0419688
0.0506794
0.151531
0.257898
0.367982
0.476155
0.567182
0.570369
0.250207
-1.15497
-2.53546
-1.83623
-1.13414
-0.766556
-0.585655
-0.538612
-0.66627
-0.246385
-0.201501
-0.132346
-0.0486925
0.0449931
0.147048
0.254923
0.367587
0.480383
0.581385
0.611951
0.379491
-0.611449
-1.57096
-1.36962
-1.08752
-0.935789
-0.858131
-0.841559
-0.999754
-0.278124
-0.221148
-0.147374
-0.0623682
0.0326892
0.13608
0.246225
0.361427
0.477915
0.586824
0.639405
0.4909
-0.142895
-0.811306
-0.960509
-0.998219
-1.04716
-1.09147
-1.1413
-1.40426
-0.307816
-0.243056
-0.164755
-0.0773319
0.0194969
0.124476
0.236615
0.35372
0.472757
0.587283
0.656155
0.575027
0.186216
-0.294167
-0.622808
-0.895313
-1.1322
-1.33156
-1.51732
-1.9984
-0.336588
-0.265794
-0.183577
-0.0933242
0.00545512
0.112212
0.2259
0.344257
0.465622
0.584924
0.663206
0.623314
0.369003
-0.0277131
-0.430321
-0.838905
-1.23665
-1.57779
-1.9601
-3.03337
-0.363499
-0.289485
-0.203994
-0.111005
-0.0100248
0.0985178
0.213361
0.333472
0.456593
0.576035
0.658541
0.642486
0.459266
0.10837
-0.314802
-0.803509
-1.33339
-1.82369
-2.21789
-3.54774
-0.390487
-0.314256
-0.226135
-0.130559
-0.027369
0.0828761
0.199409
0.320557
0.443751
0.564627
0.64917
0.643985
0.499561
0.187004
-0.228068
-0.754689
-1.36228
-1.91907
-2.08304
-2.13226
-0.417906
-0.340409
-0.250152
-0.152218
-0.0470141
0.0650473
0.182935
0.305141
0.429478
0.549093
0.631172
0.631462
0.509843
0.236868
-0.154076
-0.680267
-1.33859
-1.97213
-2.06932
-2.05474
-0.446635
-0.367994
-0.275963
-0.175991
-0.0687781
0.045041
0.164286
0.28711
0.410907
0.529583
0.61106
0.616624
0.516371
0.294725
-0.0507713
-0.551819
-1.21185
-1.8957
-2.10301
-1.98465
-0.477115
-0.397389
-0.303627
-0.201736
-0.0927487
0.0225551
0.142962
0.266774
0.391079
0.508716
0.589405
0.601144
0.526958
0.359341
0.0977098
-0.2971
-0.805038
-1.25835
-1.37294
-1.29212
-0.509587
-0.428606
-0.333279
-0.229751
-0.118907
-0.00174481
0.120158
0.244664
0.368627
0.485667
0.56843
0.591182
0.548692
0.441505
0.28292
0.0768822
-0.146709
-0.282767
-0.311735
-0.284756
-0.543759
-0.461666
-0.364742
-0.259385
-0.146724
-0.028055
0.0950628
0.220462
0.344895
0.462839
0.549851
0.586737
0.577326
0.532892
0.472019
0.411696
0.37152
0.374287
0.406307
0.421079
-0.579983
-0.496539
-0.398139
-0.291046
-0.176559
-0.056015
0.0686955
0.195186
0.320601
0.440894
0.53407
0.586418
0.607307
0.610768
0.611839
0.62267
0.652163
0.699049
0.741104
0.752587
-0.618318
-0.533318
-0.433013
-0.323886
-0.20738
-0.0850573
0.0412186
0.169281
0.296757
0.42067
0.521581
0.589103
0.6339
0.668939
0.704142
0.744483
0.790996
0.838655
0.874131
0.883804
-0.659008
-0.571637
-0.469103
-0.357773
-0.239123
-0.114785
0.0135493
0.143811
0.274225
0.402571
0.512241
0.593009
0.655062
0.70804
0.757582
0.805233
0.850444
0.89083
0.92096
0.930342
-0.700687
-0.610589
-0.505654
-0.391844
-0.270816
-0.144145
-0.0134208
0.119433
0.253059
0.386173
0.504297
0.596304
0.669947
0.732777
0.787885
0.836525
0.87885
0.914791
0.942173
0.950809
-0.741624
-0.649152
-0.541265
-0.424836
-0.301255
-0.172071
-0.038853
0.0967296
0.233693
0.372235
0.49761
0.597794
0.678971
0.746851
0.80429
0.852812
0.89354
0.927414
0.954247
0.962962
-0.778988
-0.684475
-0.574187
-0.455042
-0.328994
-0.197431
-0.0619274
0.0761704
0.216307
0.359516
0.490631
0.596851
0.682401
0.752831
0.811143
0.859412
0.899279
0.932117
0.958421
0.967088
-0.810338
-0.714639
-0.601793
-0.480586
-0.352431
-0.219048
-0.0818119
0.058225
0.200832
0.347495
0.482617
0.592491
0.680292
0.751808
0.810304
0.85819
0.897456
0.929612
0.955606
0.964309
-0.83168
-0.736379
-0.621722
-0.498962
-0.369701
-0.235571
-0.0975617
0.0432815
0.187036
0.335465
0.472616
0.584064
0.672585
0.744207
0.802402
0.849788
0.888506
0.920169
0.945926
0.954604
-0.840026
-0.7458
-0.630517
-0.507854
-0.378979
-0.245324
-0.108196
0.0317058
0.174738
0.322792
0.459777
0.571033
0.658626
0.729651
0.787213
0.834062
0.872334
0.903715
0.929472
0.938201
-0.830256
-0.738498
-0.6246
-0.503798
-0.377379
-0.246712
-0.11279
0.0239175
0.163873
0.308855
0.44305
0.551613
0.63764
0.707132
0.763654
0.809849
0.847731
0.878971
0.90491
0.913744
-0.796436
-0.709431
-0.59917
-0.482998
-0.362078
-0.237504
-0.109927
0.0204635
0.154265
0.293086
0.421568
0.525347
0.607833
0.674707
0.7295
0.774744
0.812215
0.843478
0.869517
0.87852
-0.730629
-0.650825
-0.547527
-0.440922
-0.330111
-0.215974
-0.0987091
0.0217167
0.145877
0.275062
0.394544
0.490819
0.567352
0.629592
0.681063
0.724298
0.760977
0.792399
0.818441
0.827781
-0.621658
-0.550238
-0.464685
-0.37391
-0.279324
-0.180782
-0.0783913
0.0280065
0.138772
0.254638
0.361625
0.447161
0.514556
0.568942
0.613666
0.651358
0.684392
0.714198
0.739426
0.750549
-0.442936
-0.406009
-0.347217
-0.281301
-0.209608
-0.132262
-0.0491314
0.0397355
0.134224
0.234245
0.326671
0.399692
0.455933
0.500042
0.534928
0.562325
0.583778
0.60156
0.617633
0.62611
-0.23581
-0.224573
-0.200898
-0.168077
-0.125989
-0.0745197
-0.0138318
0.0557089
0.133486
0.218628
0.298472
0.361338
0.408861
0.444724
0.471699
0.492124
0.50768
0.518725
0.525188
0.52714
-0.0943613
-0.09151
-0.0840011
-0.0702586
-0.0487566
-0.0178944
0.0231665
0.074603
0.13593
0.205994
0.273179
0.32606
0.365275
0.393975
0.414473
0.428361
0.437002
0.442006
0.444604
0.44536
-0.0159662
-0.0160242
-0.0132594
-0.00602721
0.00683394
0.0266583
0.054864
0.0925099
0.139883
0.196218
0.251404
0.294863
0.32655
0.348949
0.364195
0.374193
0.38043
0.383887
0.385303
0.385551
0.0290264
0.0293196
0.0310817
0.0354891
0.0438138
0.0574385
0.0776972
0.105744
0.14227
0.187007
0.23164
0.266898
0.292396
0.310221
0.322238
0.32995
0.334555
0.337037
0.338145
0.33841
0.0589409
0.0593286
0.0607627
0.0639799
0.0698618
0.0795268
0.0942576
0.115279
0.143434
0.178731
0.214474
0.242814
0.26321
0.277309
0.286661
0.292593
0.296147
0.298092
0.29898
0.299197
0.0787701
0.079124
0.0802579
0.0826736
0.0870364
0.0942082
0.105217
0.121147
0.142872
0.170595
0.199013
0.221636
0.237881
0.249059
0.256449
0.261124
0.263914
0.265441
0.266143
0.266314
0.0916968
0.0920002
0.0929007
0.0947541
0.0980511
0.103457
0.111798
0.123982
0.140798
0.162529
0.185024
0.203
0.215902
0.22476
0.230598
0.234282
0.236482
0.237688
0.238244
0.23838
0.0995605
0.0998042
0.100508
0.101935
0.10446
0.10859
0.114974
0.12435
0.137396
0.154415
0.172162
0.186395
0.196617
0.203629
0.208245
0.211155
0.212891
0.213843
0.214281
0.214386
0.103604
0.103797
0.104346
0.10545
0.107394
0.110572
0.115491
0.122741
0.132885
0.146207
0.160181
0.171423
0.179503
0.185044
0.18869
0.190989
0.19236
0.193111
0.193455
0.193537
0.104738
0.10489
0.105317
0.106172
0.107677
0.110135
0.113942
0.119568
0.127469
0.137895
0.148882
0.157743
0.164121
0.168496
0.171374
0.173186
0.174265
0.174855
0.175126
0.17519
0.103639
0.103758
0.104091
0.104756
0.105923
0.10783
0.110786
0.115161
0.121323
0.129484
0.138113
0.145089
0.150113
0.153561
0.155828
0.157256
0.158107
0.158571
0.158782
0.158831
0.100815
0.100908
0.101167
0.101684
0.102592
0.104074
0.106374
0.109784
0.114594
0.120981
0.127753
0.133236
0.137189
0.139903
0.141689
0.142813
0.14348
0.143845
0.144011
0.14405
0.0966555
0.0967281
0.0969305
0.0973333
0.0980398
0.0991943
0.100987
0.103645
0.107401
0.112398
0.117708
0.122015
0.125122
0.127256
0.128659
0.129543
0.130068
0.130354
0.130483
0.130513
0.0914584
0.0915149
0.0916725
0.0919861
0.0925367
0.0934369
0.0948342
0.0969084
0.0998428
0.103752
0.107912
0.11129
0.113728
0.115404
0.116506
0.117198
0.117608
0.117832
0.117933
0.117956
0.0854553
0.0854992
0.0856218
0.0858662
0.0862955
0.086997
0.088086
0.0897035
0.0919946
0.0950505
0.0983063
0.100952
0.102863
0.104175
0.105038
0.105582
0.105905
0.106081
0.10616
0.106177
0.0788225
0.0788568
0.0789525
0.0791428
0.0794766
0.0800226
0.0808717
0.0821338
0.0839212
0.0863064
0.088851
0.0909196
0.0924134
0.0934403
0.0941163
0.0945411
0.0947927
0.0949293
0.0949906
0.0950044
0.0717019
0.0717283
0.0718022
0.0719499
0.07221
0.0726351
0.0732949
0.0742757
0.0756668
0.0775256
0.0795093
0.0811235
0.0822909
0.0830934
0.08362
0.08395
0.0841456
0.0842514
0.0842986
0.0843091
0.0642008
0.0642215
0.0642789
0.0643933
0.064594
0.064923
0.065435
0.066196
0.0672755
0.0687189
0.0702597
0.0715144
0.0724218
0.073044
0.0734533
0.0737108
0.073863
0.0739452
0.0739822
0.0739905
0.0564054
0.0564213
0.0564651
0.0565527
0.0567072
0.0569607
0.0573557
0.0579433
0.0587766
0.0598907
0.0610803
0.0620479
0.0627465
0.0632263
0.0635421
0.0637405
0.0638586
0.0639225
0.0639505
0.0639567
0.0483829
0.0483946
0.0484276
0.0484947
0.0486133
0.0488067
0.0491074
0.0495553
0.050191
0.0510417
0.051951
0.0526921
0.0532282
0.0535969
0.0538396
0.0539908
0.0540792
0.0541271
0.0541482
0.0541527
0.0401858
0.0401947
0.0402199
0.0402701
0.0403587
0.040504
0.0407302
0.0410668
0.0415447
0.0421842
0.0428678
0.0434245
0.0438269
0.0441023
0.0442821
0.0443958
0.0444633
0.0444995
0.0445159
0.0445196
0.0318587
0.0318646
0.0318827
0.0319192
0.031984
0.03209
0.0322547
0.0325001
0.0328489
0.0333152
0.0338129
0.0342174
0.0345092
0.0347097
0.0348417
0.0349239
0.0349722
0.0349982
0.035009
0.0350117
0.0234352
0.0234396
0.0234527
0.0234783
0.0235225
0.0235946
0.0237073
0.0238757
0.0241151
0.0244353
0.024778
0.0250574
0.0252605
0.0254003
0.0254913
0.0255473
0.0255795
0.025596
0.0256027
0.025604
0.0149478
0.0149514
0.0149596
0.0149754
0.015002
0.0150464
0.0151156
0.0152181
0.0153631
0.0155579
0.0157659
0.0159343
0.0160538
0.0161351
0.0161894
0.0162243
0.0162447
0.0162553
0.0162598
0.016261
0.00641591
0.00641634
0.00641741
0.00642134
0.00643085
0.00644735
0.00647191
0.00650809
0.0065601
0.00663216
0.00671799
0.0067968
0.00685576
0.00689625
0.00692172
0.00693691
0.00694644
0.00695271
0.00695608
0.00695767
-2.1679
-1.42586
-0.990195
-0.657113
-0.361821
-0.0612846
0.221278
0.473411
0.706838
0.758227
-1.03371
-0.773058
-0.506037
-0.259796
-0.0289948
0.183279
0.368488
0.517163
0.596769
0.582461
-0.502874
-0.331624
-0.148752
0.0211622
0.178373
0.316591
0.427593
0.507231
0.547331
0.552184
-0.141806
-0.0296336
0.0922819
0.205963
0.307375
0.394647
0.461713
0.507846
0.535036
0.545892
0.101112
0.175558
0.25525
0.329375
0.394571
0.449757
0.492779
0.523559
0.544501
0.556495
0.268396
0.31845
0.370809
0.419125
0.461443
0.496969
0.525779
0.547559
0.563238
0.572311
0.389943
0.422585
0.455324
0.487682
0.517113
0.543137
0.564092
0.579515
0.587651
0.590427
0.481095
0.502151
0.52805
0.554644
0.578723
0.598367
0.612622
0.61927
0.621925
0.622751
0.546458
0.567277
0.592797
0.615765
0.636389
0.654468
0.669419
0.678954
0.682642
0.688157
0.600813
0.629741
0.661513
0.692201
0.720953
0.744896
0.761718
0.771881
0.773551
0.785172
0.684424
0.732659
0.778005
0.814825
0.842449
0.862596
0.877782
0.888452
0.895189
0.909726
0.846973
0.885869
0.919847
0.945872
0.968104
0.988315
1.00609
1.01976
1.03086
1.04759
1.02848
1.05449
1.076
1.09568
1.11327
1.12924
1.1442
1.15995
1.17702
1.19553
1.21726
1.22854
1.2411
1.25574
1.26961
1.28198
1.29281
1.30371
1.31837
1.33743
1.3985
1.41247
1.41799
1.4193
1.42125
1.42827
1.44177
1.45924
1.4728
1.48413
1.66755
1.61685
1.56966
1.53846
1.5255
1.53005
1.55333
1.59819
1.66462
1.7586
0.627311
0.625323
0.621192
0.611892
0.600998
0.591024
0.582927
0.576794
0.572527
0.570563
0.571412
0.574906
0.580278
0.587493
0.596661
0.607361
0.617956
0.624878
0.62781
0.629155
0.557399
0.565139
0.571268
0.575405
0.577069
0.576335
0.573848
0.570799
0.568238
0.566957
0.567609
0.569886
0.573026
0.576127
0.577945
0.577627
0.574727
0.569596
0.562114
0.556368
0.557525
0.560405
0.563949
0.566579
0.568195
0.568337
0.567563
0.566244
0.564842
0.564037
0.564569
0.566066
0.567729
0.568982
0.569531
0.568679
0.566584
0.56346
0.559893
0.558333
0.557103
0.557471
0.558282
0.559237
0.560102
0.560858
0.561178
0.560929
0.560443
0.560194
0.560599
0.56139
0.562065
0.562237
0.561743
0.561035
0.560155
0.559264
0.558672
0.558501
0.552896
0.553077
0.553423
0.553813
0.554179
0.55446
0.554607
0.554614
0.554529
0.554545
0.554897
0.555406
0.555781
0.555926
0.555856
0.555615
0.555282
0.55493
0.554659
0.554563
0.548183
0.548263
0.54843
0.548661
0.548937
0.549224
0.54948
0.549679
0.549846
0.550082
0.550441
0.550795
0.55101
0.551055
0.550961
0.550792
0.550605
0.550441
0.550331
0.550286
0.543007
0.543054
0.543149
0.543278
0.543444
0.543646
0.543876
0.544129
0.544415
0.544776
0.545197
0.545555
0.54578
0.54588
0.545891
0.545851
0.545791
0.545728
0.545679
0.545654
0.537699
0.53773
0.537795
0.537894
0.538032
0.538218
0.53846
0.538766
0.539152
0.539637
0.540155
0.54057
0.540844
0.541
0.541071
0.541092
0.541084
0.541064
0.541043
0.541027
0.532246
0.532264
0.532316
0.532401
0.53253
0.53272
0.532988
0.533354
0.533839
0.534461
0.535114
0.535634
0.535989
0.536216
0.536348
0.536418
0.536449
0.536458
0.536454
0.536445
0.526628
0.526649
0.526698
0.526783
0.526921
0.527133
0.527446
0.527892
0.528499
0.529289
0.530115
0.530771
0.531241
0.531551
0.531746
0.531861
0.531924
0.531953
0.531962
0.531955
0.520835
0.520854
0.520907
0.521003
0.521165
0.521417
0.521799
0.52235
0.523114
0.524114
0.525166
0.526013
0.526615
0.527022
0.527284
0.527446
0.52754
0.527588
0.527607
0.527602
0.514829
0.514849
0.51491
0.515026
0.515221
0.515532
0.516007
0.516699
0.517665
0.518935
0.520275
0.521355
0.522128
0.522655
0.523
0.523214
0.523341
0.523408
0.523436
0.523432
0.50855
0.508573
0.508648
0.508791
0.509036
0.509427
0.510026
0.510903
0.51213
0.513746
0.515451
0.516826
0.517813
0.518489
0.518932
0.519211
0.519376
0.519466
0.519505
0.5195
0.501927
0.501956
0.50205
0.502232
0.502542
0.50304
0.503802
0.50492
0.506483
0.508543
0.510712
0.512461
0.513717
0.514577
0.515143
0.515499
0.515711
0.515827
0.515877
0.515872
0.494863
0.494901
0.495022
0.495254
0.495651
0.496289
0.497266
0.498697
0.500695
0.503321
0.506081
0.5083
0.509894
0.510985
0.511702
0.512154
0.512424
0.512572
0.512636
0.51263
0.487231
0.48728
0.487436
0.487737
0.48825
0.489073
0.490331
0.492169
0.494727
0.498078
0.501585
0.504399
0.506415
0.507795
0.508702
0.509273
0.509614
0.509801
0.509882
0.509874
0.47886
0.478924
0.479128
0.47952
0.480187
0.481255
0.482882
0.485252
0.488534
0.492811
0.497265
0.500824
0.50337
0.505109
0.506252
0.506972
0.507401
0.507637
0.507739
0.507729
0.46952
0.469605
0.469875
0.47039
0.471265
0.472661
0.474778
0.477843
0.482064
0.487523
0.493171
0.497663
0.500869
0.503057
0.504494
0.505399
0.505938
0.506233
0.506361
0.506348
0.458898
0.459014
0.459376
0.460062
0.461222
0.463061
0.465834
0.46982
0.475258
0.482224
0.489367
0.49502
0.499046
0.501793
0.503597
0.504732
0.505409
0.50578
0.50594
0.505923
0.446556
0.446718
0.447212
0.448142
0.449701
0.452155
0.455821
0.461034
0.468056
0.476932
0.485936
0.493021
0.498058
0.501498
0.50376
0.505186
0.506038
0.506504
0.506705
0.506683
0.431866
0.432101
0.432796
0.434085
0.436222
0.43955
0.444457
0.451322
0.460407
0.471688
0.482977
0.491807
0.498087
0.502389
0.505228
0.507024
0.508099
0.50869
0.508945
0.508917
0.413876
0.414238
0.415261
0.41711
0.420126
0.424743
0.431415
0.440532
0.452297
0.466564
0.480607
0.49153
0.499321
0.504697
0.508274
0.510554
0.511928
0.512688
0.513019
0.512984
0.391039
0.39166
0.393278
0.396071
0.400506
0.407113
0.416361
0.428562
0.443769
0.461668
0.478945
0.492318
0.501921
0.508638
0.513182
0.516127
0.51793
0.518948
0.519404
0.519366
0.36068
0.361925
0.364743
0.369287
0.376189
0.386003
0.399058
0.415441
0.434967
0.457141
0.478083
0.494232
0.505959
0.514346
0.52019
0.52411
0.526603
0.528078
0.528786
0.528762
0.317932
0.320891
0.326488
0.334636
0.34608
0.361117
0.37967
0.401505
0.426206
0.453172
0.478069
0.497218
0.511336
0.521741
0.529322
0.53472
0.538433
0.540858
0.542175
0.542186
0.25405
0.262155
0.274757
0.290684
0.310336
0.333305
0.359183
0.387594
0.41806
0.450035
0.478906
0.501078
0.517705
0.530373
0.540098
0.547566
0.553278
0.557695
0.560166
0.559983
0.175537
0.190803
0.216128
0.243809
0.273595
0.305317
0.338868
0.37397
0.410244
0.447358
0.480513
0.506217
0.526025
0.541763
0.554524
0.565033
0.573819
0.581179
0.584976
0.586332
0.0993313
0.127277
0.16317
0.200762
0.239674
0.279666
0.320497
0.361867
0.403465
0.44512
0.481916
0.510465
0.532694
0.550643
0.565476
0.57786
0.588207
0.596827
0.602389
0.604529
0.0508796
0.0814792
0.122446
0.166271
0.211712
0.258059
0.304767
0.351302
0.397179
0.44219
0.481307
0.511412
0.534773
0.553533
0.568879
0.581514
0.591919
0.600435
0.605957
0.608056
0.0162308
0.0487583
0.0928664
0.14039
0.190022
0.24088
0.292055
0.342604
0.391693
0.438922
0.479167
0.509729
0.533253
0.552031
0.567306
0.579828
0.590074
0.598446
0.604062
0.606183
-0.00953525
0.0239537
0.0702572
0.120622
0.173515
0.227854
0.282443
0.33598
0.387235
0.4355
0.475698
0.505781
0.528808
0.547153
0.562068
0.574291
0.5843
0.592495
0.598152
0.600271
-0.0303378
0.00453141
0.0526736
0.105277
0.160782
0.217948
0.27529
0.331095
0.383681
0.43197
0.471079
0.499901
0.521923
0.539538
0.553926
0.565774
0.575523
0.583522
0.589182
0.591292
-0.0472869
-0.0112186
0.0386517
0.0932647
0.151042
0.210627
0.270264
0.327818
0.381081
0.428485
0.465514
0.492332
0.51292
0.529594
0.543371
0.554811
0.564299
0.572109
0.577759
0.57986
-0.0615328
-0.0242918
0.0271661
0.0836449
0.143535
0.20534
0.267025
0.326015
0.379465
0.425175
0.459131
0.483193
0.501964
0.517557
0.530707
0.541781
0.551042
0.558706
0.564385
0.566511
-0.0740913
-0.0355224
0.0174478
0.075765
0.137692
0.201631
0.265276
0.325562
0.378885
0.422198
0.452029
0.472504
0.489071
0.50353
0.516146
0.526964
0.536092
0.543668
0.549364
0.551523
-0.0855204
-0.0456023
0.00893339
0.069067
0.133034
0.199135
0.264767
0.326356
0.379411
0.419732
0.444278
0.460165
0.474112
0.487497
0.499829
0.510659
0.51986
0.527483
0.533295
0.535533
-0.0960012
-0.0550975
0.00114511
0.0631194
0.129174
0.197497
0.265239
0.328283
0.381124
0.417979
0.43596
0.44597
0.456777
0.469284
0.481852
0.493198
0.502853
0.510762
0.516726
0.51908
-0.106311
-0.0641805
-0.00626253
0.0575782
0.125786
0.19643
0.266456
0.331209
0.384068
0.417208
0.427188
0.429596
0.436501
0.448502
0.462205
0.474978
0.485747
0.494369
0.500736
0.503339
-0.116592
-0.0731813
-0.0135913
0.0521688
0.122583
0.195667
0.268173
0.334993
0.388289
0.417697
0.418157
0.410615
0.412378
0.424429
0.440778
0.456466
0.469463
0.479501
0.486646
0.489523
-0.127092
-0.0822894
-0.0210311
0.0466733
0.119341
0.194966
0.270167
0.339426
0.393755
0.419766
0.409214
0.388555
0.383046
0.395876
0.41719
0.438175
0.455242
0.467813
0.476202
0.479699
-0.137856
-0.091703
-0.0287525
0.0409103
0.115868
0.194116
0.272206
0.344311
0.400381
0.423695
0.400887
0.362919
0.346367
0.360985
0.390654
0.420602
0.444794
0.461687
0.472288
0.476257
-0.149032
-0.1015
-0.0368033
0.0348152
0.112037
0.192925
0.27406
0.349406
0.40803
0.429756
0.393885
0.333285
0.300253
0.316937
0.35986
0.404318
0.440341
0.463701
0.477619
0.482395
-0.160529
-0.111636
-0.0452323
0.0283219
0.107785
0.191287
0.275533
0.354456
0.416477
0.438106
0.389123
0.299769
0.241958
0.258918
0.321838
0.390503
0.443113
0.476866
0.495908
0.501333
-0.172443
-0.12212
-0.0540297
0.0214193
0.103061
0.189132
0.27648
0.359196
0.4254
0.448757
0.387625
0.262527
0.165569
0.178111
0.272594
0.381418
0.460593
0.508186
0.532719
0.538763
-0.184619
-0.132903
-0.0631266
0.0141611
0.0978449
0.186386
0.276816
0.36342
0.434438
0.461526
0.390534
0.221432
0.0649473
0.0613512
0.204487
0.377182
0.494641
0.562931
0.592392
0.592849
-0.197189
-0.143929
-0.0724195
0.00659539
0.0921897
0.183067
0.276461
0.367002
0.443275
0.475995
0.398871
0.180159
-0.0705535
-0.118051
0.109507
0.372852
0.548104
0.646095
0.679467
0.63713
-0.210067
-0.155098
-0.0818498
-0.00132685
0.0859776
0.179097
0.275338
0.369858
0.451942
0.492484
0.414312
0.13816
-0.273913
-0.441623
-0.0686178
0.363786
0.604956
0.731923
0.775594
0.757841
-0.223503
-0.16612
-0.0912613
-0.00958778
0.0792435
0.174445
0.273348
0.37179
0.460005
0.510405
0.438225
0.103254
-0.597362
-1.09885
-0.464469
0.276694
0.614101
0.708173
0.632876
0.551304
-0.238568
-0.176383
-0.100194
-0.0178671
0.0723851
0.169464
0.27055
0.372798
0.467084
0.528935
0.470609
0.0959383
-1.00438
-2.11165
-1.14292
-0.0347667
0.36951
0.423638
0.339397
0.276347
-0.25547
-0.184618
-0.108123
-0.0255306
0.0658254
0.164377
0.267286
0.372913
0.472951
0.546744
0.509649
0.120385
-1.30247
-2.8634
-1.7853
-0.5822
-0.183554
-0.0277642
-0.0404572
-0.0427347
0.210011
0.318283
0.426521
0.525705
0.578735
0.440532
-0.328901
-0.463769
-0.240727
-0.216371
-0.165497
-0.0885294
-0.000330416
0.0969508
0.201449
0.311431
0.423066
0.529007
0.598529
0.509102
-0.172251
-1.66408
-1.89529
-1.33538
-0.960176
-0.779228
-0.69276
-0.258387
-0.235131
-0.177144
-0.0986762
-0.00933089
0.0893072
0.195193
0.307118
0.42164
0.533472
0.617732
0.576476
0.111105
-0.873986
-1.2041
-1.10446
-1.01809
-0.988602
-0.97908
-0.286021
-0.260964
-0.195172
-0.113835
-0.022702
0.0775935
0.185469
0.299394
0.416718
0.533766
0.629174
0.625291
0.33451
-0.273506
-0.669949
-0.864932
-1.01576
-1.15103
-1.25138
-0.314819
-0.287042
-0.215161
-0.130553
-0.0371669
0.0648856
0.174338
0.289916
0.409651
0.5298
0.632738
0.65531
0.479474
0.0729773
-0.330967
-0.690502
-1.02756
-1.32663
-1.59508
-0.34226
-0.312728
-0.236469
-0.148666
-0.0527793
0.0510685
0.162035
0.27923
0.400473
0.522456
0.628961
0.665542
0.554407
0.244869
-0.154477
-0.5924
-1.05871
-1.49814
-1.88895
-0.368795
-0.338644
-0.259168
-0.168495
-0.0701992
0.0355551
0.148316
0.266784
0.388905
0.511936
0.619988
0.665114
0.586778
0.331393
-0.0500127
-0.517004
-1.0665
-1.66306
-2.0438
-2.18583
-0.395627
-0.365408
-0.283417
-0.190298
-0.0897674
0.0180778
0.132339
0.251955
0.375459
0.498953
0.605975
0.652614
0.589501
0.375839
0.0239208
-0.442102
-1.02153
-1.68761
-2.05412
-2.07755
-0.423471
-0.393175
-0.309319
-0.214102
-0.111455
-0.00175936
0.114202
0.235281
0.358891
0.481417
0.586983
0.633979
0.583095
0.405931
0.0921144
-0.349841
-0.948148
-1.66159
-2.14276
-2.07801
-0.453047
-0.422357
-0.336974
-0.239863
-0.135207
-0.0236307
0.0937286
0.215364
0.33953
0.46211
0.566385
0.614204
0.577294
0.435618
0.18552
-0.192303
-0.737181
-1.37136
-1.82107
-1.758
-0.48431
-0.453283
-0.366446
-0.267602
-0.161205
-0.047977
0.0709176
0.194009
0.318649
0.440429
0.543837
0.595318
0.575343
0.475291
0.300632
0.045724
-0.305375
-0.644596
-0.822252
-0.806952
-0.51739
-0.485972
-0.397895
-0.29736
-0.189021
-0.0739771
0.0464269
0.170373
0.295312
0.417272
0.521744
0.580362
0.581553
0.529818
0.436894
0.320883
0.199198
0.115946
0.094665
0.114781
-0.552011
-0.520347
-0.43106
-0.32883
-0.218799
-0.102131
0.019884
0.145169
0.270984
0.393877
0.501038
0.569109
0.593095
0.585082
0.56072
0.537078
0.527235
0.54536
0.587554
0.616599
-0.588349
-0.556569
-0.466096
-0.36215
-0.250203
-0.131531
-0.00776804
0.118842
0.246062
0.370903
0.482766
0.561633
0.606713
0.632507
0.652405
0.677321
0.713233
0.759926
0.806573
0.831529
-0.626972
-0.595073
-0.502599
-0.396555
-0.282583
-0.161937
-0.0363682
0.0921007
0.221501
0.349306
0.46694
0.557217
0.619826
0.668482
0.712607
0.757169
0.803224
0.848947
0.888169
0.909753
-0.667378
-0.634909
-0.540212
-0.431867
-0.315567
-0.192658
-0.0649381
0.0658766
0.197891
0.329355
0.453524
0.554442
0.630866
0.693526
0.749054
0.799705
0.845679
0.886138
0.919595
0.939842
-0.708181
-0.674577
-0.577769
-0.466833
-0.347984
-0.222606
-0.092469
0.0408847
0.175757
0.311358
0.442093
0.552124
0.638166
0.709442
0.770273
0.822717
0.867522
0.905149
0.935484
0.953321
-0.747111
-0.71246
-0.613661
-0.500018
-0.378477
-0.250587
-0.118015
0.0178112
0.155605
0.295236
0.431656
0.548963
0.641685
0.717721
0.781086
0.834036
0.878068
0.914428
0.943533
0.960856
-0.781904
-0.745869
-0.645594
-0.529265
-0.405407
-0.275287
-0.140615
-0.00266218
0.137645
0.280656
0.42176
0.544191
0.640833
0.719388
0.783846
0.836797
0.880241
0.915752
0.94403
0.960842
-0.808315
-0.771609
-0.670679
-0.552411
-0.42678
-0.295251
-0.159196
-0.019893
0.12203
0.267262
0.411343
0.5368
0.635398
0.714896
0.779532
0.832182
0.875082
0.910023
0.937447
0.953814
-0.822583
-0.786846
-0.685955
-0.566857
-0.440606
-0.30866
-0.172507
-0.0332286
0.108818
0.254568
0.399621
0.525916
0.624719
0.704081
0.768308
0.820415
0.862739
0.89718
0.923918
0.940276
-0.821259
-0.787839
-0.687623
-0.569191
-0.444057
-0.313654
-0.179308
-0.0420109
0.0980737
0.24219
0.385726
0.510499
0.60806
0.68626
0.749522
0.800876
0.842629
0.876686
0.902841
0.919348
-0.800178
-0.768466
-0.671254
-0.555559
-0.433938
-0.307707
-0.178011
-0.0454464
0.0900674
0.229607
0.368788
0.489582
0.584055
0.660031
0.721631
0.771872
0.812898
0.846568
0.872221
0.889259
-0.750245
-0.721216
-0.630199
-0.521152
-0.406733
-0.288423
-0.166956
-0.0426025
0.084904
0.216578
0.348091
0.462071
0.551379
0.623258
0.681988
0.730304
0.770094
0.803144
0.828431
0.846197
-0.66427
-0.640084
-0.556911
-0.460737
-0.358901
-0.253643
-0.144946
-0.032854
0.0829204
0.203112
0.323316
0.42718
0.508242
0.573401
0.626872
0.671249
0.708054
0.738375
0.763677
0.78097
-0.534433
-0.516587
-0.449601
-0.371255
-0.289195
-0.202666
-0.111597
-0.0159028
0.0844787
0.18973
0.295131
0.385394
0.454704
0.509354
0.553427
0.589701
0.619647
0.643395
0.661431
0.673391
-0.336356
-0.327611
-0.294414
-0.249963
-0.19751
-0.137061
-0.0689165
0.00668678
0.0894811
0.179034
0.270383
0.348763
0.408166
0.453765
0.488854
0.515651
0.53635
0.553313
0.567243
0.576003
-0.155364
-0.153441
-0.14388
-0.126999
-0.10153
-0.0665265
-0.0214107
0.0338117
0.0986622
0.172287
0.249497
0.316234
0.366235
0.403558
0.431214
0.451552
0.465933
0.475153
0.480285
0.482767
-0.0486879
-0.0489862
-0.0468016
-0.039751
-0.0269706
-0.00690068
0.0220072
0.0608393
0.10988
0.168575
0.232255
0.287933
0.32924
0.35927
0.380444
0.394683
0.403751
0.409253
0.412213
0.413228
0.00909374
0.00894913
0.0097228
0.0133091
0.0210503
0.0342721
0.0542716
0.0823184
0.119333
0.165419
0.216832
0.262256
0.295755
0.319667
0.336185
0.347207
0.354188
0.358209
0.360158
0.360808
0.0454832
0.0455844
0.0464588
0.0490093
0.0541765
0.063149
0.0772866
0.0979067
0.126038
0.162077
0.20318
0.239857
0.266858
0.285974
0.299002
0.307493
0.312734
0.315748
0.317284
0.317858
0.0698658
0.0699919
0.0707365
0.0726763
0.0764858
0.0830349
0.0933915
0.108745
0.130173
0.158256
0.190855
0.220194
0.241785
0.256974
0.267236
0.273891
0.277998
0.280362
0.281568
0.28202
0.0859432
0.0860638
0.0866873
0.0881895
0.0910538
0.0959458
0.103714
0.11534
0.131782
0.153653
0.179389
0.202727
0.219918
0.231983
0.240109
0.24536
0.248592
0.250451
0.251405
0.251766
0.096159
0.0962615
0.0967622
0.0979285
0.10012
0.103838
0.109744
0.118628
0.1313
0.148342
0.168603
0.187086
0.200725
0.210289
0.216717
0.220864
0.223414
0.224881
0.225634
0.225918
0.101982
0.102065
0.10246
0.103364
0.105049
0.107903
0.112435
0.119272
0.129081
0.14237
0.158289
0.172886
0.183677
0.191244
0.196327
0.199604
0.201618
0.202777
0.20337
0.203593
0.104477
0.104544
0.104852
0.105553
0.106857
0.109058
0.112556
0.117844
0.125458
0.135828
0.148325
0.159829
0.168349
0.174327
0.178341
0.180928
0.182516
0.183429
0.183896
0.184071
0.104423
0.104476
0.104717
0.105263
0.106273
0.107979
0.11069
0.114793
0.120718
0.128817
0.138617
0.14767
0.154384
0.159098
0.162265
0.164305
0.165557
0.166275
0.166641
0.166778
0.102409
0.10245
0.102638
0.103062
0.103847
0.105172
0.107278
0.11047
0.115087
0.121416
0.1291
0.136216
0.141501
0.145213
0.147707
0.149312
0.150298
0.150863
0.151152
0.151259
0.0988758
0.0989081
0.099055
0.0993858
0.0999969
0.101028
0.102667
0.105153
0.108755
0.113702
0.119722
0.125308
0.129463
0.132383
0.134346
0.13561
0.136385
0.136828
0.137053
0.137136
0.0941666
0.0941918
0.0943062
0.0945635
0.0950394
0.0958429
0.0971206
0.0990595
0.10187
0.105737
0.110451
0.114833
0.118096
0.12039
0.121931
0.122923
0.123532
0.12388
0.124057
0.124122
0.088542
0.0885616
0.0886509
0.0888516
0.0892225
0.0898484
0.0908442
0.0923562
0.0945505
0.0975726
0.101262
0.104696
0.107254
0.109053
0.110262
0.11104
0.111516
0.111789
0.111927
0.111978
0.0822054
0.0822207
0.0822899
0.0824461
0.0827348
0.0832226
0.0839987
0.0851776
0.0868899
0.0892494
0.0921331
0.0948195
0.0968208
0.0982289
0.0991761
0.0997866
0.10016
0.100373
0.100481
0.10052
0.0753139
0.0753257
0.0753796
0.0755011
0.075726
0.0761056
0.0767098
0.0776282
0.0789623
0.0808018
0.0830524
0.0851511
0.0867154
0.0878163
0.088556
0.0890316
0.0893228
0.0894891
0.089573
0.0896035
0.0679914
0.0680006
0.0680423
0.0681366
0.0683111
0.0686059
0.069075
0.0697877
0.0708237
0.0722546
0.0740057
0.0756389
0.0768583
0.0777176
0.0782943
0.0786644
0.0788902
0.0790187
0.0790832
0.0791063
0.0603347
0.0603416
0.0603736
0.0604461
0.0605804
0.060808
0.061171
0.0617233
0.0625258
0.0636338
0.0649907
0.0662568
0.0672009
0.0678639
0.0683092
0.0685962
0.0687721
0.0688724
0.0689229
0.0689411
0.0524171
0.0524223
0.052447
0.052503
0.0526064
0.0527807
0.0530587
0.0534823
0.0540987
0.0549496
0.0559918
0.0569642
0.0576897
0.0582007
0.0585446
0.058766
0.0589009
0.0589775
0.0590161
0.0590298
0.0443014
0.0443052
0.0443237
0.0443657
0.044444
0.0445762
0.0447866
0.0451071
0.0455737
0.0462185
0.0470096
0.0477489
0.0483014
0.0486907
0.0489514
0.0491177
0.0492192
0.0492769
0.0493053
0.0493154
0.036036
0.0360389
0.0360526
0.0360833
0.0361402
0.0362374
0.0363939
0.0366324
0.0369791
0.0374577
0.0380442
0.0385915
0.0389988
0.0392849
0.039477
0.0396014
0.0396779
0.0397212
0.0397433
0.0397515
0.0276583
0.0276605
0.0276693
0.0276905
0.0277318
0.0278021
0.0279139
0.0280831
0.0283297
0.028671
0.0290888
0.0294784
0.0297685
0.0299728
0.0301101
0.0301969
0.0302493
0.0302793
0.0302939
0.0302985
0.0191988
0.0192006
0.0192072
0.0192214
0.0192488
0.0192952
0.0193687
0.0194799
0.0196416
0.019865
0.0201387
0.020394
0.0205843
0.0207166
0.0208047
0.0208619
0.0208965
0.0209149
0.0209233
0.0209261
0.0106852
0.0106861
0.0106907
0.0106998
0.0107144
0.0107383
0.0107765
0.0108356
0.0109218
0.0110417
0.0111877
0.0113222
0.0114217
0.0114918
0.0115386
0.0115678
0.0115851
0.0115953
0.0116011
0.0116039
0.00641598
0.00641665
0.00641893
0.00642524
0.00643826
0.00645843
0.00648832
0.00653182
0.00659357
0.00667512
0.00675987
0.00682858
0.00687814
0.00691065
0.00693035
0.00694216
0.00694995
0.00695473
0.00695687
0.00232164
-1.7995
-1.2654
-0.894248
-0.58534
-0.308608
-0.0442973
0.200548
0.416278
0.591806
0.640746
-0.942046
-0.656692
-0.420397
-0.206014
-0.00645617
0.176747
0.337775
0.464434
0.547037
0.570339
-0.42526
-0.24471
-0.0887267
0.0551982
0.18922
0.307106
0.405851
0.480424
0.524723
0.544007
-0.0846794
0.0302694
0.133921
0.228975
0.315724
0.391134
0.451357
0.497126
0.527198
0.544223
0.144602
0.218027
0.285906
0.348665
0.405303
0.453291
0.492287
0.522362
0.543815
0.558425
0.301923
0.350039
0.394369
0.436458
0.473047
0.505457
0.532529
0.553644
0.568742
0.577128
0.416905
0.446526
0.477874
0.506372
0.533921
0.558814
0.579009
0.593896
0.599112
0.597833
0.502618
0.523237
0.549552
0.57478
0.59837
0.618058
0.633418
0.643653
0.647667
0.642473
0.561827
0.583553
0.610023
0.635373
0.659424
0.681981
0.701557
0.715667
0.723694
0.719864
0.620364
0.652992
0.693697
0.733171
0.767229
0.794177
0.813017
0.825345
0.83098
0.831952
0.734276
0.781475
0.828212
0.864249
0.89123
0.912607
0.930724
0.945761
0.956802
0.965202
0.916812
0.954541
0.982674
1.00804
1.02974
1.04932
1.06721
1.08287
1.09708
1.10999
1.11061
1.13357
1.14984
1.16589
1.18187
1.19685
1.21021
1.22347
1.23893
1.25711
1.30471
1.31155
1.32213
1.33414
1.34437
1.35351
1.36343
1.37407
1.38533
1.39422
1.51694
1.51866
1.51089
1.49454
1.48351
1.48296
1.4952
1.51984
1.55372
1.57793
1.93689
1.7432
1.64215
1.58402
1.55451
1.54809
1.56312
1.60373
1.67966
1.82273
-0.209895
-0.212652
-0.155202
-0.078328
0.00969689
0.106318
-2.30864
-2.46388
-1.43805
-0.805821
-0.533685
-0.421677
-0.688996
-1.01513
-1.38446
-1.88327
-2.53286
)
;

boundaryField
{
    wall-4
    {
        type            zeroGradient;
    }
    pressure-outlet-7
    {
        type            fixedValue;
        value           uniform 0;
    }
    velocity-inlet-6
    {
        type            zeroGradient;
    }
    velocity-inlet-5
    {
        type            zeroGradient;
    }
    frontAndBackPlanes
    {
        type            empty;
    }
}


// ************************************************************************* //
