0.01	2.1603795e-11
0.02	8.7214336e-11
0.03	1.3238472e-10
0.04	1.5139223e-10
0.05	1.1896444e-10
0.06	8.9316792e-11
0.07	7.1479378e-11
0.08	1.6655486e-10
0.09	1.3861539e-10
0.1	1.3102008e-10
0.11	1.1993442e-10
0.12	1.0476689e-10
0.13	1.0354995e-10
0.14	2.1542056e-10
0.15	1.0226194e-10
0.16	1.2218812e-10
0.17	1.1201951e-10
0.18	9.9085889e-11
0.19	2.0350275e-10
0.2	1.3731277e-10
0.21	1.683387e-10
0.22	1.5599492e-10
0.23	1.0693132e-10
0.24	2.5920059e-10
0.25	1.0680993e-10
0.26	1.0662608e-10
0.27	2.6327458e-10
0.28	2.1074111e-10
0.29	2.4250689e-10
0.3	2.4451849e-10
0.31	2.2252242e-10
0.32	2.1040022e-10
0.33	1.9910309e-10
0.34	1.883199e-10
0.35	1.7806131e-10
0.36	1.678563e-10
0.37	1.713886e-10
0.38	1.6034841e-10
0.39	1.5128967e-10
0.4	1.4049476e-10
0.41	1.3794308e-10
0.42	1.601498e-10
0.43	1.3647086e-10
0.44	1.4066911e-10
0.45	1.6543175e-10
0.46	1.3929453e-10
0.47	1.5463583e-10
0.48	1.3239416e-10
0.49	1.3469634e-10
0.5	1.4325388e-10
0.51	1.8618058e-10
0.52	1.3505244e-10
0.53	2.695574e-10
0.54	1.8282407e-10
0.55	1.8682845e-10
0.56	1.3722912e-10
0.57	1.3855721e-10
0.58	1.3835375e-10
0.59	1.3844825e-10
0.6	1.3909988e-10
0.61	1.3932999e-10
0.62	1.6600899e-10
0.63	1.3593118e-10
0.64	1.3531422e-10
0.65	1.3334214e-10
0.66	1.3471344e-10
0.67	1.3705679e-10
0.68	3.24583e-10
0.69	1.6500587e-10
0.7	2.4234485e-10
0.71	2.5594241e-10
0.72	3.2537696e-10
0.73	3.2043885e-10
0.74	3.2212274e-10
0.75	3.227951e-10
0.76	3.1139237e-10
0.77	2.9248026e-10
0.78	3.1148847e-10
0.79	2.8543282e-10
0.8	2.8393448e-10
0.81	2.7647461e-10
0.82	2.7098245e-10
0.83	2.6550293e-10
0.84	2.6029934e-10
0.85	2.5534102e-10
0.86	2.5047848e-10
0.87	2.4566175e-10
0.88	2.4082462e-10
0.89	2.3598461e-10
0.9	2.3117026e-10
0.91	2.2670688e-10
0.92	2.2273948e-10
0.93	2.2151083e-10
0.94	2.1700964e-10
0.95	2.155803e-10
0.96	2.216367e-10
0.97	2.2798824e-10
0.98	2.6382584e-10
0.99	2.9105936e-10
1	3.0731198e-10
1.01	2.9441211e-10
1.02	2.771272e-10
1.03	2.4548529e-10
1.04	2.4459465e-10
1.05	2.0964848e-10
1.06	3.3095712e-10
1.07	1.9790506e-10
1.08	2.3171832e-10
1.09	2.2537794e-10
1.1	2.1138269e-10
1.11	2.7397139e-10
1.12	2.713405e-10
1.13	1.9433856e-10
1.14	2.0494166e-10
1.15	1.9654355e-10
1.16	1.9536038e-10
1.17	1.9366908e-10
1.18	1.9138296e-10
1.19	1.8881509e-10
1.2	1.8654811e-10
1.21	1.8606427e-10
1.22	1.7324706e-10
1.23	1.7345964e-10
1.24	1.746792e-10
1.25	1.9767991e-10
1.26	3.2376501e-10
1.27	1.6586655e-10
1.28	1.8395863e-10
1.29	1.5824134e-10
1.3	1.5004212e-10
1.31	1.4761524e-10
1.32	1.484462e-10
1.33	1.4963268e-10
1.34	1.564685e-10
1.35	1.4690608e-10
1.36	1.4714533e-10
1.37	1.6241278e-10
1.38	1.3473424e-10
1.39	1.3368923e-10
1.4	1.2855065e-10
1.41	3.4873249e-10
1.42	3.4257666e-10
1.43	3.3691235e-10
1.44	3.3194473e-10
1.45	3.2722596e-10
1.46	3.2290133e-10
1.47	3.1914013e-10
1.48	3.1479407e-10
1.49	3.0892377e-10
1.5	3.0484088e-10
1.51	3.0067507e-10
1.52	2.9664571e-10
1.53	3.4397538e-10
1.54	3.4089927e-10
1.55	2.8438221e-10
1.56	2.8006781e-10
1.57	2.7605135e-10
1.58	2.7222576e-10
1.59	2.68407e-10
1.6	2.6464181e-10
1.61	2.608859e-10
1.62	2.5734853e-10
1.63	2.5408392e-10
1.64	2.5036442e-10
1.65	2.4696875e-10
1.66	2.4364379e-10
1.67	2.4036037e-10
1.68	2.3713485e-10
1.69	2.3398797e-10
1.7	2.3091035e-10
1.71	2.2788025e-10
1.72	2.2490583e-10
1.73	2.2199862e-10
1.74	2.1913642e-10
1.75	2.1636091e-10
1.76	2.1366809e-10
1.77	2.1089905e-10
1.78	2.0849611e-10
1.79	2.0607627e-10
1.8	2.0360049e-10
1.81	2.0149177e-10
1.82	2.0021232e-10
1.83	1.9651043e-10
1.84	1.9396404e-10
1.85	1.9194652e-10
1.86	1.8991503e-10
1.87	1.8801015e-10
1.88	1.858206e-10
1.89	1.8381486e-10
1.9	1.8191544e-10
1.91	1.8007049e-10
1.92	1.7829884e-10
1.93	1.7655384e-10
1.94	1.7482913e-10
1.95	1.7323281e-10
1.96	1.7139292e-10
1.97	1.6951128e-10
1.98	1.6799627e-10
1.99	1.6631414e-10
2	1.6465186e-10
2.01	1.6303144e-10
2.02	1.6144599e-10
2.03	1.5989227e-10
2.04	1.5836432e-10
2.05	1.5696491e-10
2.06	1.5595112e-10
2.07	1.5747751e-10
2.08	1.8300702e-10
2.09	2.3575767e-10
2.1	1.5176348e-10
2.11	1.4788016e-10
2.12	1.5226726e-10
2.13	1.5795485e-10
2.14	1.7670292e-10
2.15	3.4846798e-10
2.16	3.3574358e-10
2.17	1.8346293e-10
2.18	3.5205897e-10
2.19	3.4122212e-10
2.2	3.0059363e-10
2.21	3.265166e-10
2.22	2.8060936e-10
2.23	3.1699598e-10
2.24	2.8514352e-10
2.25	3.1499918e-10
2.26	3.1604113e-10
2.27	3.2744038e-10
2.28	2.914429e-10
2.29	3.0908611e-10
2.3	3.3378231e-10
2.31	3.1413634e-10
2.32	2.3415702e-10
2.33	3.4482788e-10
2.34	3.1677602e-10
2.35	3.601934e-10
2.36	2.7401533e-10
2.37	3.5602567e-10
2.38	3.4083643e-10
2.39	2.6184787e-10
2.4	3.0708328e-10
2.41	3.3575131e-10
2.42	3.2192668e-10
2.43	2.5614872e-10
2.44	2.8951035e-10
2.45	3.2210867e-10
2.46	3.0408457e-10
2.47	3.0318021e-10
2.48	2.6637354e-10
2.49	2.9926566e-10
2.5	3.0263538e-10
2.51	3.0217094e-10
2.52	2.9451524e-10
2.53	2.2573521e-10
2.54	1.2803941e-10
2.55	1.6164811e-10
2.56	3.5691113e-10
2.57	1.5609188e-10
2.58	1.7127262e-10
2.59	2.2598199e-10
2.6	1.8939809e-10
2.61	3.0357224e-10
2.62	2.6933378e-10
2.63	3.1367249e-10
2.64	2.0008543e-10
2.65	2.7826621e-10
2.66	2.0614743e-10
2.67	2.8268016e-10
2.68	3.0101274e-10
2.69	2.4255895e-10
2.7	2.2858731e-10
2.71	2.7971937e-10
2.72	2.4715471e-10
2.73	2.881513e-10
2.74	2.2591742e-10
2.75	2.9982993e-10
2.76	2.4015678e-10
2.77	3.0553638e-10
2.78	2.3984706e-10
2.79	2.5411125e-10
2.8	3.4557351e-10
2.81	3.141008e-10
2.82	1.7746761e-10
2.83	1.4519062e-10
2.84	3.2747491e-10
2.85	1.9465842e-10
2.86	3.5983729e-10
2.87	2.8039037e-10
2.88	3.1437718e-10
2.89	2.7738674e-10
2.9	1.7597569e-10
2.91	1.8303372e-10
2.92	1.7989208e-10
2.93	1.8183782e-10
2.94	1.8207748e-10
2.95	1.8207693e-10
2.96	1.8193168e-10
2.97	1.8164805e-10
2.98	1.8139253e-10
2.99	1.8109234e-10
3	1.8088156e-10
3.01	1.8075547e-10
3.02	1.8074188e-10
3.03	1.8075581e-10
3.04	1.8101259e-10
3.05	1.8184277e-10
3.06	1.8389989e-10
3.07	1.8701487e-10
3.08	1.9186712e-10
3.09	2.0187057e-10
3.1	3.3532199e-10
3.11	1.8162055e-10
3.12	2.3427823e-10
3.13	1.7209429e-10
3.14	1.7204706e-10
3.15	3.3226553e-10
3.16	2.4806159e-10
3.17	3.4097187e-10
3.18	1.8306627e-10
3.19	1.5850077e-10
3.2	1.6132652e-10
3.21	1.6409375e-10
3.22	1.6478923e-10
3.23	1.6730929e-10
3.24	1.7069327e-10
3.25	1.7659708e-10
3.26	2.1942289e-10
3.27	3.1386997e-10
3.28	3.5552215e-10
3.29	1.8513324e-10
3.3	1.5418585e-10
3.31	1.5572163e-10
3.32	1.5444304e-10
3.33	1.5269512e-10
3.34	1.5129891e-10
3.35	1.5032742e-10
3.36	1.4949732e-10
3.37	1.4879406e-10
3.38	1.4840926e-10
3.39	1.4836981e-10
3.4	1.4978541e-10
3.41	1.5439661e-10
3.42	1.5897422e-10
3.43	1.6105071e-10
3.44	2.8347054e-10
3.45	1.3951701e-10
3.46	1.3946773e-10
3.47	1.393827e-10
3.48	1.3836931e-10
3.49	1.3765736e-10
3.5	1.3694366e-10
3.51	1.3627472e-10
3.52	1.3556738e-10
3.53	1.3480191e-10
3.54	1.3406447e-10
3.55	1.3329776e-10
3.56	1.3244856e-10
3.57	1.3156804e-10
3.58	1.307457e-10
3.59	1.2998027e-10
3.6	1.2951269e-10
3.61	1.2949898e-10
3.62	1.3015684e-10
3.63	1.3120747e-10
3.64	1.3250943e-10
3.65	1.3353523e-10
3.66	1.3577842e-10
3.67	3.6696281e-10
3.68	3.3999205e-10
3.69	3.4522084e-10
3.7	3.4996879e-10
3.71	3.3938617e-10
3.72	3.3793316e-10
3.73	3.3527893e-10
3.74	3.3364623e-10
3.75	3.3214523e-10
3.76	3.3667357e-10
3.77	3.3002717e-10
3.78	3.2711963e-10
3.79	3.2552656e-10
3.8	3.5222804e-10
3.81	3.3793995e-10
3.82	3.2791512e-10
3.83	3.2038863e-10
3.84	3.252968e-10
3.85	3.1223015e-10
3.86	3.090858e-10
3.87	3.0737399e-10
3.88	3.0940079e-10
3.89	3.2611667e-10
3.9	3.0255671e-10
3.91	3.1870561e-10
3.92	2.9958564e-10
3.93	2.9747498e-10
3.94	2.9752323e-10
3.95	2.9754938e-10
3.96	2.9728073e-10
3.97	2.9835465e-10
3.98	2.9086602e-10
3.99	2.9215055e-10
4	1.6976721e-10
4.01	1.6824368e-10
4.02	2.8334752e-10
4.03	2.8647926e-10
4.04	2.8362052e-10
4.05	2.8680169e-10
4.06	2.9044381e-10
4.07	2.93918e-10
4.08	2.9948662e-10
4.09	3.0834054e-10
4.1	2.7946471e-10
4.11	3.0281008e-10
4.12	2.2951681e-10
4.13	2.7175072e-10
4.14	2.6939154e-10
4.15	2.6747688e-10
4.16	2.6227672e-10
4.17	2.579161e-10
4.18	2.5612272e-10
4.19	2.5597749e-10
4.2	2.5149232e-10
4.21	2.4974535e-10
4.22	2.4842118e-10
4.23	2.4693141e-10
4.24	2.4540073e-10
4.25	2.4384083e-10
4.26	2.4228444e-10
4.27	2.4074173e-10
4.28	2.3922911e-10
4.29	2.3774152e-10
4.3	2.3625957e-10
4.31	2.3479005e-10
4.32	2.3333204e-10
4.33	2.3187985e-10
4.34	2.3043374e-10
4.35	2.2899602e-10
4.36	2.2756562e-10
4.37	2.2614179e-10
4.38	2.2472776e-10
4.39	2.2332862e-10
4.4	2.2193595e-10
4.41	2.2054984e-10
4.42	2.1917035e-10
4.43	2.1779756e-10
4.44	2.1643152e-10
4.45	2.1507276e-10
4.46	2.1372141e-10
4.47	2.1238046e-10
4.48	2.1105107e-10
4.49	2.0971372e-10
4.5	2.1938725e-10
4.51	3.7139597e-10
4.52	3.6965862e-10
4.53	3.6670617e-10
4.54	3.6443518e-10
4.55	3.6212632e-10
4.56	3.5979474e-10
4.57	3.5764179e-10
4.58	3.5537265e-10
4.59	3.5317117e-10
4.6	3.509607e-10
4.61	3.4877057e-10
4.62	3.4659141e-10
4.63	3.4442515e-10
4.64	3.4227272e-10
4.65	3.4013664e-10
4.66	3.380205e-10
4.67	3.359156e-10
4.68	3.3382916e-10
4.69	3.3175571e-10
4.7	3.2970542e-10
4.71	3.2766762e-10
4.72	3.2564211e-10
4.73	3.2362845e-10
4.74	3.2162684e-10
4.75	3.196376e-10
4.76	3.1766144e-10
4.77	3.1570505e-10
4.78	3.1376452e-10
4.79	3.1183565e-10
4.8	3.0991844e-10
4.81	3.0801289e-10
4.82	3.0611898e-10
4.83	3.042367e-10
4.84	3.0238382e-10
4.85	3.0054376e-10
4.86	2.9871495e-10
4.87	2.9689734e-10
4.88	2.9509093e-10
4.89	2.9329568e-10
4.9	2.9151158e-10
4.91	2.8973858e-10
4.92	2.8797667e-10
4.93	2.8622581e-10
4.94	2.8448597e-10
4.95	2.8275711e-10
4.96	2.8103919e-10
4.97	2.7933218e-10
4.98	2.7763603e-10
4.99	2.7595197e-10
5	2.7428072e-10
5.01	2.7262019e-10
5.02	2.7097032e-10
5.03	2.6933109e-10
5.04	2.6770243e-10
5.05	2.6608431e-10
5.06	2.6447667e-10
5.07	2.6287947e-10
5.08	2.6791613e-10
5.09	2.8305525e-10
5.1	2.6143121e-10
5.11	2.5771554e-10
5.12	2.5569882e-10
5.13	2.5402148e-10
5.14	2.5241892e-10
5.15	2.5089658e-10
5.16	2.4939524e-10
5.17	2.4791396e-10
5.18	2.4644258e-10
5.19	2.449873e-10
5.2	2.4353859e-10
5.21	2.4210318e-10
5.22	2.4067682e-10
5.23	2.3926012e-10
5.24	2.3785261e-10
5.25	2.3646213e-10
5.26	2.350801e-10
5.27	2.3370672e-10
5.28	2.3234183e-10
5.29	2.3098548e-10
5.3	2.2963761e-10
5.31	2.2829822e-10
5.32	2.2696795e-10
5.33	2.2565148e-10
5.34	2.243457e-10
5.35	2.2304828e-10
5.36	2.2175919e-10
5.37	2.2048078e-10
5.38	2.1921161e-10
5.39	2.1795123e-10
5.4	2.1670146e-10
5.41	2.1545984e-10
5.42	2.1422634e-10
5.43	2.1300093e-10
5.44	2.1178355e-10
5.45	2.1057418e-10
5.46	2.0937279e-10
5.47	2.0817932e-10
5.48	2.0699375e-10
5.49	3.6978995e-10
5.5	2.9428411e-10
5.51	3.4719763e-10
5.52	3.5076371e-10
5.53	3.1972609e-10
5.54	3.505543e-10
5.55	3.2769711e-10
5.56	3.3341228e-10
5.57	3.351733e-10
5.58	3.2608369e-10
5.59	3.3162225e-10
5.6	3.2604556e-10
5.61	3.2544567e-10
5.62	3.2511605e-10
5.63	3.2182467e-10
5.64	3.2183512e-10
5.65	3.1964917e-10
5.66	3.1825298e-10
5.67	3.1717224e-10
5.68	3.1532701e-10
5.69	3.1421709e-10
5.7	3.1272989e-10
5.71	3.1136924e-10
5.72	3.1016073e-10
5.73	3.0878702e-10
5.74	3.0757358e-10
5.75	3.0631669e-10
5.76	3.050846e-10
5.77	3.039551e-10
5.78	3.0282316e-10
5.79	3.0173877e-10
5.8	3.0070943e-10
5.81	2.9971587e-10
5.82	2.9878861e-10
5.83	2.9796128e-10
5.84	2.9721711e-10
5.85	2.9659827e-10
5.86	2.9601631e-10
5.87	2.9550795e-10
5.88	2.9532892e-10
5.89	2.9526113e-10
5.9	2.9586538e-10
5.91	2.9789966e-10
5.92	3.0261023e-10
5.93	3.1340703e-10
5.94	3.4752944e-10
5.95	3.4586885e-10
5.96	2.4611186e-10
5.97	2.9917727e-10
5.98	3.0202795e-10
5.99	2.9000009e-10
6	3.0485836e-10
6.01	2.8007503e-10
6.02	2.7621865e-10
6.03	2.839797e-10
6.04	2.7337192e-10
6.05	2.7901134e-10
6.06	2.7676495e-10
6.07	2.7478679e-10
6.08	2.7689667e-10
6.09	2.7442898e-10
6.1	2.7503163e-10
6.11	2.7473639e-10
6.12	2.7398134e-10
6.13	2.7442992e-10
6.14	2.7394476e-10
6.15	2.7388476e-10
6.16	2.7339301e-10
6.17	2.7246715e-10
6.18	2.6512448e-10
6.19	2.560025e-10
6.2	4.1742705e-10
6.21	2.7336917e-10
6.22	3.2439494e-10
6.23	3.3787755e-10
6.24	1.9939887e-10
6.25	2.9539823e-10
6.26	1.6648986e-10
6.27	4.786225e-10
6.28	2.7146528e-10
6.29	3.0841927e-10
6.3	4.7398428e-10
6.31	2.1237388e-10
6.32	2.5744904e-10
6.33	2.8887386e-10
6.34	1.6654308e-10
6.35	5.0211987e-10
6.36	3.1342097e-10
6.37	2.2185241e-10
6.38	2.7185623e-10
6.39	1.7864966e-10
6.4	4.8726135e-10
6.41	3.0870062e-10
6.42	2.1933936e-10
6.43	2.6209182e-10
6.44	1.7668442e-10
6.45	4.7551288e-10
6.46	3.0301548e-10
6.47	2.1352223e-10
6.48	2.5705592e-10
6.49	1.7409477e-10
6.5	4.695158e-10
6.51	2.989737e-10
6.52	2.1047261e-10
6.53	2.5438187e-10
6.54	2.0482691e-10
6.55	4.9606675e-10
6.56	2.7859242e-10
6.57	2.1270005e-10
6.58	4.8614195e-10
6.59	2.2439381e-10
6.6	2.4140357e-10
6.61	4.9740127e-10
6.62	1.602417e-10
6.63	2.6270171e-10
6.64	3.8333926e-10
6.65	2.1984789e-10
6.66	1.9292893e-10
6.67	2.4446268e-10
6.68	4.2929795e-10
6.69	2.2645625e-10
6.7	2.1400171e-10
6.71	4.3896544e-10
6.72	2.0943827e-10
6.73	2.0165298e-10
6.74	4.3832716e-10
6.75	2.0199774e-10
6.76	2.0195575e-10
6.77	4.2493769e-10
6.78	1.9978377e-10
6.79	1.9529555e-10
6.8	4.2866613e-10
6.81	1.9568143e-10
6.82	1.9877399e-10
6.83	4.0570702e-10
6.84	1.9509552e-10
6.85	1.8576385e-10
6.86	4.2708417e-10
6.87	1.8892019e-10
6.88	2.0020888e-10
6.89	3.7680512e-10
6.9	1.9195604e-10
6.91	3.6987328e-10
6.92	4.517169e-10
6.93	3.6557859e-10
6.94	2.218403e-10
6.95	3.2162467e-10
6.96	1.8909418e-10
6.97	3.6205252e-10
6.98	5.2439342e-10
6.99	3.4225126e-10
7	2.8089617e-10
7.01	2.3272011e-10
7.02	3.6757504e-10
7.03	2.600011e-10
7.04	2.1274664e-10
7.05	3.8867423e-10
7.06	2.1643598e-10
7.07	2.649876e-10
7.08	1.9793294e-10
7.09	3.7115896e-10
7.1	2.1199112e-10
7.11	2.9240815e-10
7.12	3.7304023e-10
7.13	3.4452529e-10
7.14	4.590671e-10
7.15	3.2195011e-10
7.16	4.1574431e-10
7.17	2.3787593e-10
7.18	3.3843171e-10
7.19	3.9178388e-10
7.2	3.6812512e-10
7.21	3.7650003e-10
7.22	3.5832145e-10
7.23	3.8780261e-10
7.24	3.5679454e-10
7.25	3.7395442e-10
7.26	3.5428076e-10
7.27	3.8529022e-10
7.28	3.5340017e-10
7.29	3.6839559e-10
7.3	3.503146e-10
7.31	3.8800998e-10
7.32	3.5034271e-10
7.33	3.6312031e-10
7.34	3.4678766e-10
7.35	3.9696776e-10
7.36	3.4825118e-10
7.37	3.6083472e-10
7.38	5.381128e-10
7.39	2.7703514e-10
7.4	3.2851477e-10
7.41	2.2364972e-10
7.42	4.4318633e-10
7.43	2.935944e-10
7.44	3.9099467e-10
7.45	2.4804844e-10
7.46	3.3602205e-10
7.47	2.9989135e-10
7.48	4.1095146e-10
7.49	4.0532321e-10
7.5	2.7147166e-10
7.51	2.8952172e-10
7.52	5.2082868e-10
7.53	2.2895515e-10
7.54	4.5027822e-10
7.55	3.7941067e-10
7.56	3.9643919e-10
7.57	2.732217e-10
7.58	3.3324358e-10
7.59	3.9686083e-10
7.6	2.9593705e-10
7.61	2.503638e-10
7.62	3.7646081e-10
7.63	2.6248067e-10
7.64	3.3056865e-10
7.65	3.5836206e-10
7.66	2.7408169e-10
7.67	3.076861e-10
7.68	2.8130412e-10
7.69	3.7733369e-10
7.7	4.8569901e-10
7.71	2.18863e-10
7.72	4.0355833e-10
7.73	3.6671354e-10
7.74	4.4644998e-10
7.75	2.5887509e-10
7.76	3.6469433e-10
7.77	3.252865e-10
7.78	4.9648941e-10
7.79	1.9338861e-10
7.8	4.3577452e-10
7.81	3.7301761e-10
7.82	3.805619e-10
7.83	2.5176632e-10
7.84	3.2370462e-10
7.85	3.4174074e-10
7.86	2.3549674e-10
7.87	3.6558987e-10
7.88	4.5367288e-10
7.89	1.9604424e-10
7.9	3.7491749e-10
7.91	3.4218492e-10
7.92	3.8311392e-10
7.93	2.3457165e-10
7.94	3.1730984e-10
7.95	3.0423111e-10
7.96	5.0197069e-10
7.97	1.7370003e-10
7.98	4.3025847e-10
7.99	3.9184007e-10
8	3.4565084e-10
8.01	1.9443393e-10
8.02	2.9809064e-10
8.03	3.6441147e-10
8.04	2.0512173e-10
8.05	3.1871915e-10
8.06	3.7294231e-10
8.07	1.9982747e-10
8.08	3.2959106e-10
8.09	3.370907e-10
8.1	1.9623493e-10
8.11	3.0686937e-10
8.12	3.8802509e-10
8.13	1.9037227e-10
8.14	3.3696616e-10
8.15	2.9287519e-10
8.16	4.9528867e-10
8.17	2.5056986e-10
8.18	4.5959608e-10
8.19	4.6230965e-10
8.2	3.8953256e-10
8.21	4.9817086e-10
8.22	3.145032e-10
8.23	3.8768552e-10
8.24	4.4107695e-10
8.25	2.497281e-10
8.26	5.0491163e-10
8.27	2.3413557e-10
8.28	4.4128032e-10
8.29	1.7183806e-10
8.3	1.9655314e-10
8.31	3.2306507e-10
8.32	3.960744e-10
8.33	3.5805617e-10
8.34	3.3567121e-10
8.35	2.4367052e-10
8.36	4.1016616e-10
8.37	2.4922028e-10
8.38	3.7009927e-10
8.39	3.7815035e-10
8.4	2.9913317e-10
8.41	5.2272231e-10
8.42	2.1889667e-10
8.43	4.6308708e-10
8.44	3.5559411e-10
8.45	1.7783595e-10
8.46	2.894828e-10
8.47	3.2379106e-10
8.48	5.0932156e-10
8.49	3.4779378e-10
8.5	4.6133762e-10
8.51	3.1755235e-10
8.52	1.8769944e-10
8.53	2.915896e-10
8.54	3.2834787e-10
8.55	5.0571381e-10
8.56	3.3005547e-10
8.57	4.5996415e-10
8.58	3.0502192e-10
8.59	1.7768805e-10
8.6	2.8438167e-10
8.61	3.0491399e-10
8.62	4.7206147e-10
8.63	3.4293799e-10
8.64	4.3133908e-10
8.65	2.8963901e-10
8.66	3.6977713e-10
8.67	2.7152587e-10
8.68	3.1331004e-10
8.69	4.7213013e-10
8.7	3.3391927e-10
8.71	4.3487787e-10
8.72	2.7777503e-10
8.73	3.5989376e-10
8.74	2.6506435e-10
8.75	2.8834556e-10
8.76	4.4421205e-10
8.77	3.2273034e-10
8.78	4.0980675e-10
8.79	2.629074e-10
8.8	3.4590511e-10
8.81	2.5784279e-10
8.82	2.89843e-10
8.83	4.3631857e-10
8.84	3.0880753e-10
8.85	4.0330527e-10
8.86	2.5673785e-10
8.87	3.3157452e-10
8.88	2.4466862e-10
8.89	2.6890686e-10
8.9	4.1129439e-10
8.91	2.9785895e-10
8.92	3.7897979e-10
8.93	5.0795535e-10
8.94	3.6108441e-10
8.95	1.8573627e-10
8.96	4.2156705e-10
8.97	3.5249073e-10
8.98	4.391119e-10
8.99	4.1968991e-10
9	2.4466183e-10
9.01	3.4425016e-10
9.02	4.9881642e-10
9.03	3.5862187e-10
9.04	4.1787531e-10
9.05	4.4074439e-10
9.06	4.0559143e-10
9.07	2.0064948e-10
9.08	3.6756129e-10
9.09	2.765223e-10
9.1	3.936645e-10
9.11	4.8133002e-10
9.12	2.5195548e-10
9.13	2.1375293e-10
9.14	5.0556379e-10
9.15	2.5854949e-10
9.16	4.0927262e-10
9.17	2.6295146e-10
9.18	2.5127014e-10
9.19	2.6651142e-10
9.2	2.2034121e-10
9.21	3.2513385e-10
9.22	2.0943314e-10
9.23	2.9899373e-10
9.24	4.0265051e-10
9.25	2.921076e-10
9.26	3.8490309e-10
9.27	4.6583143e-10
9.28	3.4782506e-10
9.29	4.0532126e-10
9.3	3.9229899e-10
9.31	4.7599097e-10
9.32	3.5357784e-10
9.33	2.7328604e-10
9.34	2.2244426e-10
9.35	2.5110159e-10
9.36	3.2928749e-10
9.37	3.8866873e-10
9.38	2.2321347e-10
9.39	4.8841269e-10
9.4	3.6838202e-10
9.41	4.4489351e-10
9.42	2.5788139e-10
9.43	2.431224e-10
9.44	3.2761414e-10
9.45	1.8953079e-10
9.46	2.875876e-10
9.47	1.737668e-10
9.48	3.213074e-10
9.49	3.0137049e-10
9.5	2.6147583e-10
9.51	3.5947365e-10
9.52	4.4440036e-10
9.53	3.5772119e-10
9.54	4.1253613e-10
9.55	2.3838712e-10
9.56	5.1951768e-10
9.57	1.7062543e-10
9.58	2.23651e-10
9.59	2.8215581e-10
9.6	2.0898624e-10
9.61	3.8310478e-10
9.62	4.3665522e-10
9.63	3.7813757e-10
9.64	1.5637934e-10
9.65	4.2304615e-10
9.66	2.1824695e-10
9.67	4.0602542e-10
9.68	4.5608028e-10
9.69	3.0765699e-10
9.7	3.8892156e-10
9.71	4.0062756e-10
9.72	4.8736226e-10
9.73	1.8744502e-10
9.74	4.0850196e-10
9.75	3.6079047e-10
9.76	2.1209687e-10
9.77	3.366071e-10
9.78	2.9254653e-10
9.79	3.7778728e-10
9.8	3.0976206e-10
9.81	4.8389041e-10
9.82	3.3317221e-10
9.83	4.8512941e-10
9.84	3.1381254e-10
9.85	2.4027477e-10
9.86	3.7529597e-10
9.87	2.9145315e-10
9.88	3.42734e-10
9.89	3.9032512e-10
9.9	1.6360575e-10
9.91	3.9143209e-10
9.92	4.2360036e-10
9.93	4.6512459e-10
9.94	3.8977954e-10
9.95	3.3925198e-10
9.96	4.4243588e-10
9.97	1.7434715e-10
9.98	3.746004e-10
9.99	4.8633706e-10
10	1.6491696e-10
10.01	2.7769841e-10
10.02	3.1221223e-10
10.03	3.3852799e-10
10.04	3.2678548e-10
10.05	3.7479826e-10
10.06	4.6136531e-10
10.07	3.137307e-10
10.08	4.3260649e-10
10.09	3.2811122e-10
10.1	1.9964168e-10
10.11	2.5058904e-10
10.12	2.7897393e-10
10.13	3.7344973e-10
10.14	4.4493022e-10
10.15	4.5128649e-10
10.16	3.0255836e-10
10.17	4.5896142e-10
10.18	2.9797845e-10
10.19	2.0247652e-10
10.2	3.3518214e-10
10.21	3.5892271e-10
10.22	2.676076e-10
10.23	3.243143e-10
10.24	4.6963325e-10
10.25	3.5688293e-10
10.26	4.4551143e-10
10.27	2.6655341e-10
10.28	2.1136683e-10
10.29	2.4811735e-10
10.3	2.369981e-10
10.31	3.0852724e-10
10.32	4.2278097e-10
10.33	3.6682644e-10
10.34	4.8823504e-10
10.35	2.7584513e-10
10.36	3.4049803e-10
10.37	3.5661807e-10
10.38	4.3623868e-10
10.39	2.4131369e-10
10.4	4.778704e-10
10.41	3.0689366e-10
10.42	2.243545e-10
10.43	2.5270014e-10
10.44	2.7325923e-10
10.45	1.9185436e-10
10.46	3.0307753e-10
10.47	4.3506024e-10
10.48	3.0405932e-10
10.49	4.0378661e-10
10.5	4.3591575e-10
10.51	4.4888929e-10
10.52	4.074055e-10
10.53	3.3121298e-10
10.54	2.5513148e-10
10.55	3.8582243e-10
10.56	5.076151e-10
10.57	3.3946803e-10
10.58	4.0329398e-10
10.59	3.0730736e-10
10.6	2.0818863e-10
10.61	2.4738327e-10
10.62	3.8772496e-10
10.63	2.92525e-10
10.64	3.4037757e-10
10.65	3.7133611e-10
10.66	4.4921312e-10
10.67	2.4691225e-10
10.68	4.9610526e-10
10.69	2.7690659e-10
10.7	2.1406681e-10
10.71	2.244196e-10
10.72	2.4651825e-10
10.73	3.1622923e-10
10.74	2.6560358e-10
10.75	2.8042143e-10
10.76	3.5058097e-10
10.77	4.4816805e-10
10.78	2.2620786e-10
10.79	4.637586e-10
10.8	3.4517134e-10
10.81	2.4518866e-10
10.82	2.1548925e-10
10.83	3.8764139e-10
10.84	3.8532601e-10
10.85	2.910665e-10
10.86	3.1301045e-10
10.87	2.9338271e-10
10.88	4.0722903e-10
10.89	5.0752426e-10
10.9	3.6216078e-10
10.91	3.390263e-10
10.92	3.7920937e-10
10.93	4.739856e-10
10.94	2.6227479e-10
10.95	4.4942348e-10
10.96	2.8343359e-10
10.97	3.1979872e-10
10.98	3.2372146e-10
10.99	3.7287523e-10
11	2.3022233e-10
11.01	3.858726e-10
11.02	3.5023013e-10
11.03	3.2773524e-10
11.04	4.6220591e-10
11.05	5.2140233e-10
11.06	2.1963944e-10
11.07	2.9100554e-10
11.08	3.1573342e-10
11.09	4.7135137e-10
11.1	3.3984473e-10
11.11	4.7555955e-10
11.12	3.5062975e-10
11.13	5.1384902e-10
11.14	2.2797959e-10
11.15	3.3301241e-10
11.16	3.070278e-10
11.17	4.6688205e-10
11.18	2.209466e-10
11.19	4.4672063e-10
11.2	2.3488889e-10
11.21	2.7597687e-10
11.22	3.012411e-10
11.23	3.4403269e-10
11.24	3.5918055e-10
11.25	2.8432396e-10
11.26	3.541997e-10
11.27	4.0152074e-10
11.28	4.7020495e-10
11.29	4.9606979e-10
11.3	2.6908583e-10
11.31	3.1831893e-10
11.32	3.5459451e-10
11.33	4.1920971e-10
11.34	4.8599698e-10
11.35	2.1687068e-10
11.36	2.705333e-10
11.37	3.6284658e-10
11.38	3.9134469e-10
11.39	3.386998e-10
11.4	4.3815867e-10
11.41	4.7137626e-10
11.42	4.633996e-10
11.43	3.3653785e-10
11.44	3.6570577e-10
11.45	2.5722692e-10
11.46	3.4704777e-10
11.47	4.4020442e-10
11.48	4.341784e-10
11.49	5.2574642e-10
11.5	5.0183617e-10
11.51	2.0724193e-10
11.52	2.8077832e-10
11.53	3.8853646e-10
11.54	4.7326796e-10
11.55	2.8443739e-10
11.56	3.7339667e-10
11.57	3.3665552e-10
11.58	3.837029e-10
11.59	4.7092872e-10
11.6	3.1609936e-10
11.61	2.6348428e-10
11.62	3.4749866e-10
11.63	4.0534657e-10
11.64	2.5261558e-10
11.65	4.5279284e-10
11.66	2.9377651e-10
11.67	5.1976998e-10
11.68	2.4189296e-10
11.69	3.5921853e-10
11.7	3.323777e-10
11.71	3.7021481e-10
11.72	4.9020223e-10
11.73	2.1600385e-10
11.74	3.6105997e-10
11.75	4.0587487e-10
11.76	4.2573539e-10
11.77	2.4248131e-10
11.78	4.7166672e-10
11.79	2.3374308e-10
11.8	3.893675e-10
11.81	2.8693597e-10
11.82	3.7090421e-10
11.83	3.9228904e-10
11.84	3.7122163e-10
11.85	4.6778576e-10
11.86	3.5722664e-10
11.87	4.6945046e-10
11.88	3.5890357e-10
11.89	2.8294036e-10
11.9	3.5296072e-10
11.91	3.5345172e-10
11.92	2.7744578e-10
11.93	3.2520501e-10
11.94	3.7236199e-10
11.95	3.5916809e-10
11.96	3.8021433e-10
11.97	3.786842e-10
11.98	4.3852883e-10
11.99	4.5799243e-10
12	4.1028023e-10
12.01	5.2046332e-10
12.02	4.7447733e-10
12.03	1.8096992e-10
12.04	3.2391814e-10
12.05	3.8010945e-10
12.06	4.4240486e-10
12.07	2.3045525e-10
12.08	3.1104992e-10
12.09	3.838513e-10
12.1	3.418022e-10
12.11	4.171941e-10
12.12	2.7437348e-10
12.13	4.8730321e-10
12.14	2.9328254e-10
12.15	4.1937846e-10
12.16	2.4141634e-10
12.17	2.991616e-10
12.18	3.4729713e-10
12.19	4.6632396e-10
12.2	2.7337969e-10
12.21	4.6698157e-10
12.22	2.6932658e-10
12.23	4.3238523e-10
12.24	3.6551567e-10
12.25	3.4999466e-10
12.26	3.684154e-10
12.27	4.2030085e-10
12.28	4.4688674e-10
12.29	4.8909717e-10
12.3	4.8555624e-10
12.31	3.0395306e-10
12.32	2.6123296e-10
12.33	3.7258435e-10
12.34	4.0949994e-10
12.35	4.6903084e-10
12.36	4.9067779e-10
12.37	1.8203994e-10
12.38	3.6764341e-10
12.39	3.6856067e-10
12.4	4.4281859e-10
12.41	3.1346008e-10
12.42	3.3539244e-10
12.43	3.881723e-10
12.44	4.0532748e-10
12.45	4.2269618e-10
12.46	2.0748201e-10
12.47	4.5393021e-10
12.48	3.4251908e-10
12.49	2.8502342e-10
12.5	3.1819166e-10
12.51	3.0891467e-10
12.52	3.3850118e-10
12.53	3.2328211e-10
12.54	3.9363291e-10
12.55	3.5494281e-10
12.56	1.6601949e-10
12.57	2.3965094e-10
12.58	3.9375221e-10
12.59	4.1150611e-10
12.6	3.6262753e-10
12.61	3.8151436e-10
12.62	4.3909987e-10
12.63	4.1774916e-10
12.64	4.1840103e-10
12.65	4.4093097e-10
12.66	5.0140284e-10
12.67	3.5247954e-10
12.68	3.288252e-10
12.69	3.7875588e-10
12.7	3.6277032e-10
12.71	4.033613e-10
12.72	4.7016233e-10
12.73	5.3407389e-10
12.74	5.0710454e-10
12.75	3.3839308e-10
12.76	3.584058e-10
12.77	3.9579829e-10
12.78	3.9200789e-10
12.79	4.9357426e-10
12.8	2.0653666e-10
12.81	3.419353e-10
12.82	3.8339058e-10
12.83	3.5830165e-10
12.84	4.5342952e-10
12.85	2.5315528e-10
12.86	4.7977762e-10
12.87	3.7453186e-10
12.88	3.2286004e-10
12.89	3.8935897e-10
12.9	3.5721671e-10
12.91	3.8713418e-10
12.92	3.4738297e-10
12.93	4.2722202e-10
12.94	3.3256085e-10
12.95	3.3111485e-10
12.96	3.0298155e-10
12.97	3.2767619e-10
12.98	2.8907048e-10
12.99	3.321594e-10
13	3.6600753e-10
13.01	4.132192e-10
13.02	2.8151595e-10
13.03	4.2694314e-10
13.04	4.2588558e-10
13.05	4.3451859e-10
13.06	5.0474292e-10
13.07	3.9336874e-10
13.08	5.000171e-10
13.09	4.3408484e-10
13.1	5.1032983e-10
13.11	5.0077334e-10
13.12	5.3996204e-10
13.13	4.5121234e-10
13.14	1.959556e-10
13.15	2.8867898e-10
13.16	3.2761609e-10
13.17	4.2822811e-10
13.18	1.6283967e-10
13.19	4.4219487e-10
13.2	5.5079367e-10
13.21	1.7180834e-10
13.22	2.337836e-10
13.23	3.7946943e-10
13.24	4.2371572e-10
13.25	4.1339481e-10
13.26	3.7131002e-10
13.27	3.181405e-10
13.28	4.3417584e-10
13.29	3.7295229e-10
13.3	3.5033664e-10
13.31	3.786912e-10
13.32	3.4982996e-10
13.33	2.8678826e-10
13.34	2.53465e-10
13.35	2.5031428e-10
13.36	3.6444421e-10
13.37	3.7705456e-10
13.38	4.0871185e-10
13.39	3.2527904e-10
13.4	4.1070567e-10
13.41	3.8414835e-10
13.42	4.3110699e-10
13.43	2.8987206e-10
13.44	4.0852864e-10
13.45	5.0237269e-10
13.46	5.0352698e-10
13.47	3.9948063e-10
13.48	5.1257887e-10
13.49	4.9397045e-10
13.5	5.4295405e-10
13.51	4.8055205e-10
13.52	5.4176618e-10
13.53	2.0680315e-10
13.54	2.3136183e-10
13.55	3.3039514e-10
13.56	4.3629162e-10
13.57	4.9222053e-10
13.58	3.5948651e-10
13.59	5.0653393e-10
13.6	2.8422874e-10
13.61	2.3901274e-10
13.62	3.2664939e-10
13.63	3.0047787e-10
13.64	2.6026824e-10
13.65	3.6251062e-10
13.66	4.3676392e-10
13.67	3.2700371e-10
13.68	2.2444495e-10
13.69	3.5434626e-10
13.7	4.0160589e-10
13.71	2.6275595e-10
13.72	1.0554304e-10
13.73	2.5818648e-10
13.74	3.7841089e-10
13.75	3.5232776e-10
13.76	2.2788386e-10
13.77	3.9191337e-10
13.78	3.2801026e-10
13.79	4.2821482e-10
13.8	3.9079807e-10
13.81	3.8562173e-10
13.82	4.4240325e-10
13.83	4.2901032e-10
13.84	4.5507044e-10
13.85	4.4546431e-10
13.86	4.6875013e-10
13.87	4.2800475e-10
13.88	3.5099641e-10
13.89	4.9645531e-10
13.9	5.2045881e-10
13.91	5.061462e-10
13.92	4.4912667e-10
13.93	5.140234e-10
13.94	5.3040076e-10
13.95	4.838527e-10
13.96	4.8216591e-10
13.97	4.1253712e-10
13.98	2.9648058e-10
13.99	2.3854653e-10
14	4.0548619e-10
14.01	3.3476653e-10
14.02	4.0222784e-10
14.03	4.414038e-10
14.04	3.9158032e-10
14.05	5.1158363e-10
14.06	3.4842735e-10
14.07	2.2054873e-10
14.08	3.0236268e-10
14.09	4.1843276e-10
14.1	3.5591696e-10
14.11	4.2621934e-10
14.12	4.3153018e-10
14.13	4.8229448e-10
14.14	4.2898423e-10
14.15	4.7542126e-10
14.16	3.898158e-10
14.17	3.4371651e-10
14.18	4.7708126e-10
14.19	4.0585735e-10
14.2	4.7601714e-10
14.21	3.7021449e-10
14.22	4.6499999e-10
14.23	4.9823001e-10
14.24	4.9176718e-10
14.25	4.1395295e-10
14.26	4.7430885e-10
14.27	4.6723987e-10
14.28	3.9177896e-10
14.29	4.9683199e-10
14.3	4.3792574e-10
14.31	4.8594698e-10
14.32	5.2542806e-10
14.33	5.0129153e-10
14.34	4.2732965e-10
14.35	3.0896184e-10
14.36	2.882623e-10
14.37	3.938602e-10
14.38	4.2813217e-10
14.39	4.7732201e-10
14.4	1.4186419e-10
14.41	4.7544468e-10
14.42	2.2246738e-10
14.43	5.2658181e-10
14.44	2.9396602e-10
14.45	2.1865681e-10
14.46	3.6597574e-10
14.47	4.6291434e-10
14.48	2.8770297e-10
14.49	4.6168218e-10
14.5	2.0910146e-10
14.51	4.8700346e-10
14.52	3.0850616e-10
14.53	2.7655511e-10
14.54	3.6827008e-10
14.55	4.4575881e-10
14.56	4.4404249e-10
14.57	4.4962297e-10
14.58	3.582498e-10
14.59	4.7813369e-10
14.6	3.5515668e-10
14.61	4.982902e-10
14.62	2.6904122e-10
14.63	2.6362539e-10
14.64	3.3246226e-10
14.65	3.2698298e-10
14.66	4.1076888e-10
14.67	4.3194058e-10
14.68	4.2422681e-10
14.69	4.4245962e-10
14.7	4.2028702e-10
14.71	4.0121127e-10
14.72	4.8520359e-10
14.73	3.5133777e-10
14.74	4.4390018e-10
14.75	4.8371189e-10
14.76	4.7242082e-10
14.77	3.9910764e-10
14.78	4.859129e-10
14.79	5.1438902e-10
14.8	4.4428568e-10
14.81	4.3138855e-10
14.82	4.9045237e-10
14.83	4.6914666e-10
14.84	4.933049e-10
14.85	3.9625878e-10
14.86	4.4333678e-10
14.87	4.2963522e-10
14.88	4.9401401e-10
14.89	5.1738299e-10
14.9	4.5819259e-10
14.91	4.3746175e-10
14.92	4.6165819e-10
14.93	5.0971243e-10
14.94	5.1716556e-10
14.95	4.0681314e-10
14.96	4.8908049e-10
14.97	4.7749179e-10
14.98	4.2406286e-10
14.99	4.7464329e-10
15	4.9630745e-10
15.01	4.725506e-10
15.02	4.6638229e-10
15.03	5.0277247e-10
15.04	4.8360618e-10
15.05	3.6275949e-10
15.06	4.3406873e-10
15.07	5.1184123e-10
15.08	4.5628674e-10
15.09	5.2145449e-10
15.1	4.9011646e-10
15.11	5.1567248e-10
15.12	4.621662e-10
15.13	4.430415e-10
15.14	4.6199113e-10
15.15	5.3146366e-10
15.16	4.8225486e-10
15.17	5.1758244e-10
15.18	5.2276522e-10
15.19	5.369597e-10
15.2	5.0434387e-10
15.21	4.7747065e-10
15.22	4.3294636e-10
15.23	4.551979e-10
15.24	4.6679602e-10
15.25	4.2237895e-10
15.26	4.3781926e-10
15.27	5.271148e-10
15.28	4.5319887e-10
15.29	3.8789208e-10
15.3	4.1523884e-10
15.31	4.6781012e-10
15.32	3.5911555e-10
15.33	4.3361328e-10
15.34	4.8736243e-10
15.35	4.6333554e-10
15.36	4.1618011e-10
15.37	3.7587117e-10
15.38	4.3896231e-10
15.39	4.050246e-10
15.4	4.2394962e-10
15.41	5.1440733e-10
15.42	4.5928095e-10
15.43	3.6348467e-10
15.44	4.8642593e-10
15.45	4.7680514e-10
15.46	5.0021545e-10
15.47	4.3170556e-10
15.48	4.44492e-10
15.49	4.5128194e-10
15.5	5.1565525e-10
15.51	4.1894199e-10
15.52	4.7375434e-10
15.53	4.5587956e-10
15.54	4.7381072e-10
15.55	4.5221822e-10
15.56	4.5465361e-10
15.57	4.8435187e-10
15.58	3.9561398e-10
15.59	4.2770545e-10
15.6	4.9312441e-10
15.61	4.0221858e-10
15.62	3.430681e-10
15.63	3.5716869e-10
15.64	5.0099038e-10
15.65	3.9281477e-10
15.66	4.6564951e-10
15.67	4.3334756e-10
15.68	4.7503757e-10
15.69	4.7644861e-10
15.7	5.0436915e-10
15.71	3.7398952e-10
15.72	4.2755766e-10
15.73	4.6971751e-10
15.74	4.2152107e-10
15.75	3.8557902e-10
15.76	3.9587893e-10
15.77	3.907534e-10
15.78	4.9058509e-10
15.79	4.5454e-10
15.8	4.4731717e-10
15.81	3.4691334e-10
15.82	4.8874133e-10
15.83	4.4994235e-10
15.84	4.3458554e-10
15.85	3.7203236e-10
15.86	3.4723553e-10
15.87	3.9566037e-10
15.88	4.6130681e-10
15.89	4.9893689e-10
15.9	4.3276372e-10
15.91	4.2479822e-10
15.92	3.9773387e-10
15.93	3.4909727e-10
15.94	4.9786228e-10
15.95	4.2879433e-10
15.96	4.4324144e-10
15.97	5.0402279e-10
15.98	3.9929372e-10
15.99	4.355182e-10
16	3.506159e-10
16.01	4.3046568e-10
16.02	4.9057775e-10
16.03	3.8893958e-10
16.04	3.9954131e-10
16.05	4.1565792e-10
16.06	4.7788921e-10
16.07	4.0261869e-10
16.08	4.1295981e-10
16.09	4.055776e-10
16.1	4.6513543e-10
16.11	3.9608714e-10
16.12	4.4509931e-10
16.13	4.5348307e-10
16.14	4.9389602e-10
16.15	4.396477e-10
16.16	4.5356308e-10
16.17	4.433175e-10
16.18	4.602342e-10
16.19	3.5903857e-10
16.2	4.4922913e-10
16.21	3.6243681e-10
16.22	3.8713029e-10
16.23	4.9631177e-10
16.24	3.7578748e-10
16.25	3.6157858e-10
16.26	3.7352154e-10
16.27	3.8779526e-10
16.28	4.4965757e-10
16.29	5.0564503e-10
16.3	3.3658539e-10
16.31	4.4949302e-10
16.32	3.924504e-10
16.33	4.9804689e-10
16.34	5.046989e-10
16.35	3.9047243e-10
16.36	4.1499144e-10
16.37	3.7538859e-10
16.38	3.6154714e-10
16.39	4.6706127e-10
16.4	4.1502655e-10
16.41	4.3410207e-10
16.42	4.4951418e-10
16.43	4.3157427e-10
16.44	4.6687207e-10
16.45	4.0069095e-10
16.46	3.9278196e-10
16.47	4.7730335e-10
16.48	4.8914631e-10
16.49	3.7005896e-10
16.5	4.2079502e-10
16.51	3.4665495e-10
16.52	4.1158713e-10
16.53	4.8864361e-10
16.54	4.38788e-10
16.55	3.4593981e-10
16.56	4.6977819e-10
16.57	3.4667664e-10
16.58	3.6281481e-10
16.59	4.7904436e-10
16.6	3.5758357e-10
16.61	4.5027082e-10
16.62	3.5384935e-10
16.63	3.8081619e-10
16.64	4.5817508e-10
16.65	4.6514819e-10
16.66	4.8896393e-10
16.67	3.0439907e-10
16.68	4.3829771e-10
16.69	4.6803743e-10
16.7	4.1493411e-10
16.71	3.486288e-10
16.72	2.7750219e-10
16.73	3.7051302e-10
16.74	4.5713106e-10
16.75	4.783422e-10
16.76	4.857524e-10
16.77	4.7168039e-10
16.78	4.3420264e-10
16.79	4.036928e-10
16.8	3.783511e-10
16.81	3.6927872e-10
16.82	3.6814422e-10
16.83	3.8351972e-10
16.84	3.9913629e-10
16.85	4.1538858e-10
16.86	4.2062121e-10
16.87	4.1905573e-10
16.88	4.0903513e-10
16.89	3.9719869e-10
16.9	3.8584923e-10
16.91	3.8245122e-10
16.92	3.7964226e-10
16.93	3.8145802e-10
16.94	3.8233108e-10
16.95	3.8722437e-10
16.96	3.8966708e-10
16.97	3.9412988e-10
16.98	3.9490938e-10
16.99	3.9800364e-10
17	3.9796003e-10
17.01	3.9937094e-10
17.02	3.9775783e-10
17.03	3.9942297e-10
17.04	3.9857187e-10
17.05	4.0198581e-10
17.06	4.0252928e-10
17.07	4.0663785e-10
17.08	4.0675773e-10
17.09	4.0904103e-10
17.1	4.0738972e-10
17.11	4.0758029e-10
17.12	4.0441642e-10
17.13	4.0332533e-10
17.14	3.9991177e-10
17.15	3.9893791e-10
17.16	3.9618712e-10
17.17	3.963791e-10
17.18	3.9487434e-10
17.19	3.9642466e-10
17.2	3.9644495e-10
17.21	3.9935618e-10
17.22	4.0014669e-10
17.23	4.0355015e-10
17.24	4.0383351e-10
17.25	4.0652181e-10
17.26	4.0566657e-10
17.27	4.0735645e-10
17.28	4.0561859e-10
17.29	4.0664021e-10
17.3	4.0468961e-10
17.31	4.0568713e-10
17.32	4.0430005e-10
17.33	4.0543055e-10
17.34	4.0437299e-10
17.35	4.0562631e-10
17.36	4.0458298e-10
17.37	4.0581391e-10
17.38	4.0467551e-10
17.39	4.0582789e-10
17.4	4.0454209e-10
17.41	4.0566512e-10
17.42	4.042486e-10
17.43	4.0538547e-10
17.44	4.0393498e-10
17.45	4.0514e-10
17.46	4.0367298e-10
17.47	4.0497539e-10
17.48	4.0355235e-10
17.49	4.0495952e-10
17.5	4.0361004e-10
17.51	4.0513216e-10
17.52	4.0388492e-10
17.53	4.0547059e-10
17.54	4.0425788e-10
17.55	4.0579539e-10
17.56	4.0447451e-10
17.57	4.0585249e-10
17.58	4.0442311e-10
17.59	4.056094e-10
17.6	4.0404032e-10
17.61	4.0502359e-10
17.62	4.0334471e-10
17.63	4.0422278e-10
17.64	4.0244924e-10
17.65	4.0335171e-10
17.66	4.0154361e-10
17.67	4.0257999e-10
17.68	4.007649e-10
17.69	4.0196162e-10
17.7	4.0015731e-10
17.71	4.0147576e-10
17.72	3.9970909e-10
17.73	4.0107962e-10
17.74	3.993669e-10
17.75	4.0073357e-10
17.76	3.9909368e-10
17.77	4.0037651e-10
17.78	3.9880647e-10
17.79	3.9995863e-10
17.8	3.9837398e-10
17.81	3.9938783e-10
17.82	3.9773818e-10
17.83	3.986091e-10
17.84	3.9687162e-10
17.85	3.9765376e-10
17.86	3.9581701e-10
17.87	3.9657554e-10
17.88	3.9465759e-10
17.89	3.9544854e-10
17.9	3.9348538e-10
17.91	3.9434811e-10
17.92	3.9237924e-10
17.93	3.93335e-10
17.94	3.9139488e-10
17.95	3.924113e-10
17.96	3.9051781e-10
17.97	3.9156833e-10
17.98	3.8970062e-10
17.99	3.9074222e-10
18	3.8889109e-10
18.01	3.8986998e-10
18.02	3.8800469e-10
18.03	3.8889526e-10
18.04	3.8698634e-10
18.05	3.8778515e-10
18.06	3.8581362e-10
18.07	5.4639848e-10
18.08	3.928986e-10
18.09	3.9644931e-10
18.1	4.1878434e-10
18.11	3.9963938e-10
18.12	3.8452253e-10
18.13	3.7811626e-10
18.14	5.2270766e-10
18.15	3.7305619e-10
18.16	3.7515309e-10
18.17	5.3840395e-10
18.18	4.1322167e-10
18.19	4.1184057e-10
18.2	4.2741256e-10
18.21	4.0395946e-10
18.22	3.8497066e-10
18.23	5.4613743e-10
18.24	3.6815747e-10
18.25	3.6933553e-10
18.26	5.1688756e-10
18.27	3.9990462e-10
18.28	4.0165417e-10
18.29	4.1410159e-10
18.3	4.0148205e-10
18.31	3.8480079e-10
18.32	5.464822e-10
18.33	3.7208434e-10
18.34	3.7234369e-10
18.35	5.2120949e-10
18.36	4.0294945e-10
18.37	3.9870535e-10
18.38	4.0909009e-10
18.39	3.9182146e-10
18.4	3.8035209e-10
18.41	5.3801454e-10
18.42	3.6556792e-10
18.43	3.6859585e-10
18.44	5.1308194e-10
18.45	3.9688011e-10
18.46	3.9655471e-10
18.47	4.0546154e-10
18.48	3.9222193e-10
18.49	3.781113e-10
18.5	5.3311173e-10
18.51	3.6549387e-10
18.52	3.654019e-10
18.53	5.0446712e-10
18.54	3.9297365e-10
18.55	3.9084036e-10
18.56	4.0297748e-10
18.57	3.8722017e-10
18.58	3.7675119e-10
18.59	5.3116768e-10
18.6	3.6201545e-10
18.61	3.6438484e-10
18.62	5.0188294e-10
18.63	3.8693257e-10
18.64	3.8659611e-10
18.65	3.9667485e-10
18.66	5.4406726e-10
18.67	3.7647908e-10
18.68	3.70617e-10
18.69	5.2329134e-10
18.7	3.7949821e-10
18.71	3.7584354e-10
18.72	5.2989885e-10
18.73	3.8289203e-10
18.74	3.7483407e-10
18.75	5.3039202e-10
18.76	3.7593857e-10
18.77	3.7081773e-10
18.78	5.2420987e-10
18.79	3.7654368e-10
18.8	3.7193395e-10
18.81	5.2488825e-10
18.82	3.7795804e-10
18.83	3.7214557e-10
18.84	5.2512795e-10
18.85	3.7538979e-10
18.86	3.7003273e-10
18.87	5.1969505e-10
18.88	3.7448167e-10
18.89	3.7004984e-10
18.9	5.1844533e-10
18.91	3.7530271e-10
18.92	3.7035377e-10
18.93	5.1867273e-10
18.94	3.7395821e-10
18.95	3.6855031e-10
18.96	5.1537584e-10
18.97	3.7154496e-10
18.98	3.6654276e-10
18.99	5.1218125e-10
19	3.7013593e-10
19.01	3.6538937e-10
19.02	5.1091697e-10
19.03	3.6885129e-10
19.04	3.6411409e-10
19.05	5.0932265e-10
19.06	3.6721855e-10
19.07	3.6274548e-10
19.08	5.0705629e-10
19.09	3.6611568e-10
19.1	3.6189768e-10
19.11	5.0523982e-10
19.12	3.6548554e-10
19.13	3.6129253e-10
19.14	5.0348217e-10
19.15	3.6469093e-10
19.16	3.6047385e-10
19.17	5.0114623e-10
19.18	3.6360955e-10
19.19	3.5938561e-10
19.2	4.985086e-10
19.21	3.6230071e-10
19.22	3.5804883e-10
19.23	4.95822e-10
19.24	3.6068375e-10
19.25	3.5645708e-10
19.26	4.9304593e-10
19.27	3.5885738e-10
19.28	3.5474179e-10
19.29	4.9035566e-10
19.3	3.5705798e-10
19.31	3.5309935e-10
19.32	4.8793577e-10
19.33	3.554045e-10
19.34	3.5158833e-10
19.35	4.856558e-10
19.36	3.5389962e-10
19.37	3.5021142e-10
19.38	4.8335017e-10
19.39	3.5253276e-10
19.4	3.4893112e-10
19.41	4.8098232e-10
19.42	3.5122441e-10
19.43	3.4765214e-10
19.44	4.7853512e-10
19.45	3.4984544e-10
19.46	3.462694e-10
19.47	4.7596616e-10
19.48	3.4832743e-10
19.49	3.4474288e-10
19.5	4.7326538e-10
19.51	3.466651e-10
19.52	3.4308157e-10
19.53	4.7049384e-10
19.54	3.4487588e-10
19.55	3.4131305e-10
19.56	4.6769599e-10
19.57	3.4300324e-10
19.58	3.395001e-10
19.59	4.6492337e-10
19.6	3.4111686e-10
19.61	3.3772472e-10
19.62	4.6223226e-10
19.63	3.3929026e-10
19.64	3.3601554e-10
19.65	4.5962111e-10
19.66	3.3754123e-10
19.67	3.343618e-10
19.68	4.5704148e-10
19.69	3.3585143e-10
19.7	3.3273503e-10
19.71	4.544586e-10
19.72	3.3418074e-10
19.73	3.3109819e-10
19.74	4.5182546e-10
19.75	3.3247649e-10
19.76	3.2941193e-10
19.77	4.4911682e-10
19.78	3.3069625e-10
19.79	3.276491e-10
19.8	4.4632686e-10
19.81	3.2883152e-10
19.82	3.2580502e-10
19.83	4.4347205e-10
19.84	3.2689047e-10
19.85	3.2390041e-10
19.86	4.4059561e-10
19.87	3.2490642e-10
19.88	3.2198279e-10
19.89	4.377409e-10
19.9	3.2292709e-10
19.91	3.2009456e-10
19.92	4.349362e-10
19.93	3.2099921e-10
19.94	3.1823306e-10
19.95	4.3217882e-10
19.96	3.1911454e-10
19.97	3.1640201e-10
19.98	4.2944848e-10
19.99	3.1725871e-10
20	3.145849e-10
20.01	4.2671263e-10
20.02	3.1540518e-10
20.03	3.1275401e-10
20.04	4.2394345e-10
20.05	3.1352207e-10
20.06	3.1088852e-10
20.07	4.2113273e-10
20.08	3.1158997e-10
20.09	3.0898068e-10
20.1	4.1827037e-10
20.11	3.09612e-10
20.12	3.0704075e-10
20.13	4.1536984e-10
20.14	3.0760157e-10
20.15	3.0507986e-10
20.16	4.1246167e-10
20.17	3.0558124e-10
20.18	3.0311318e-10
20.19	4.0957631e-10
20.2	3.0357077e-10
20.21	3.0115401e-10
20.22	4.0672283e-10
20.23	3.015779e-10
20.24	2.9920766e-10
20.25	4.0390317e-10
20.26	2.9960563e-10
20.27	2.972712e-10
20.28	4.0110221e-10
20.29	2.9764698e-10
20.3	2.9533571e-10
20.31	3.983048e-10
20.32	2.9568743e-10
20.33	2.9339006e-10
20.34	3.9549823e-10
20.35	2.9371118e-10
20.36	2.9142512e-10
20.37	3.9266628e-10
20.38	2.9171019e-10
20.39	2.8943709e-10
20.4	3.8980976e-10
20.41	2.8968427e-10
20.42	2.8742875e-10
20.43	3.8693145e-10
20.44	2.8764061e-10
20.45	2.8540825e-10
20.46	3.8405268e-10
20.47	2.8559138e-10
20.48	2.8338585e-10
20.49	3.8119359e-10
20.5	5.0778229e-10
20.51	2.8198391e-10
20.52	2.7970585e-10
20.53	3.9487599e-10
20.54	2.821735e-10
20.55	2.8008701e-10
20.56	3.7769571e-10
20.57	5.0581855e-10
20.58	2.7649066e-10
20.59	2.7420029e-10
20.6	3.8531659e-10
20.61	2.7693183e-10
20.62	2.7635098e-10
20.63	3.70303e-10
20.64	4.9540851e-10
20.65	2.7462382e-10
20.66	2.718514e-10
20.67	3.8361706e-10
20.68	2.7481367e-10
20.69	2.737082e-10
20.7	3.6829247e-10
20.71	4.9406435e-10
20.72	2.7184958e-10
20.73	2.6841693e-10
20.74	3.7902894e-10
20.75	2.7115877e-10
20.76	2.6988733e-10
20.77	3.6195532e-10
20.78	4.8689708e-10
20.79	2.6905763e-10
20.8	2.6468781e-10
20.81	3.7571358e-10
20.82	2.6872171e-10
20.83	4.995883e-10
20.84	2.6189329e-10
20.85	2.6187329e-10
20.86	3.6275093e-10
20.87	2.639803e-10
20.88	4.7876817e-10
20.89	2.5995877e-10
20.9	2.588338e-10
20.91	3.5299025e-10
20.92	4.8795905e-10
20.93	2.5941506e-10
20.94	2.5816152e-10
20.95	3.6192767e-10
20.96	2.6055365e-10
20.97	4.8080605e-10
20.98	2.5465731e-10
20.99	2.5507155e-10
21	3.5062036e-10
21.01	4.8391298e-10
21.02	2.5462103e-10
21.03	2.5393882e-10
21.04	3.5558669e-10
21.05	2.5561785e-10
21.06	4.6848346e-10
21.07	2.5210376e-10
21.08	2.5078573e-10
21.09	3.4282336e-10
21.1	4.7193235e-10
21.11	2.5075505e-10
21.12	2.4977957e-10
21.13	3.4875396e-10
21.14	4.8799929e-10
21.15	2.5023669e-10
21.16	2.4815179e-10
21.17	3.5005721e-10
21.18	2.4942904e-10
21.19	4.6200256e-10
21.2	2.4438861e-10
21.21	2.4526338e-10
21.22	3.3524575e-10
21.23	4.6052893e-10
21.24	2.4434325e-10
21.25	2.4392079e-10
21.26	3.3972571e-10
21.27	4.7173591e-10
21.28	2.4337684e-10
21.29	2.427072e-10
21.3	3.4344885e-10
21.31	4.8197344e-10
21.32	2.4201527e-10
21.33	2.4112546e-10
21.34	3.4259058e-10
21.35	4.8273839e-10
21.36	2.3937407e-10
21.37	2.3923743e-10
21.38	3.3872623e-10
21.39	4.7827816e-10
21.4	2.3777022e-10
21.41	2.375346e-10
21.42	3.3585296e-10
21.43	4.7322567e-10
21.44	2.3597547e-10
21.45	2.3606431e-10
21.46	3.352358e-10
21.47	4.7411358e-10
21.48	2.3643097e-10
21.49	2.3492406e-10
21.5	3.3508854e-10
21.51	4.7577375e-10
21.52	2.3368992e-10
21.53	2.3299079e-10
21.54	3.3320252e-10
21.55	4.7635469e-10
21.56	2.3425678e-10
21.57	2.3136882e-10
21.58	3.3300647e-10
21.59	4.8394498e-10
21.6	2.3504437e-10
21.61	2.2957747e-10
21.62	3.3822463e-10
21.63	2.3658754e-10
21.64	4.5522349e-10
21.65	2.2779964e-10
21.66	2.2589208e-10
21.67	3.142093e-10
21.68	4.4382792e-10
21.69	2.2699927e-10
21.7	2.2499599e-10
21.71	3.1777543e-10
21.72	4.5224697e-10
21.73	2.2815191e-10
21.74	2.2322434e-10
21.75	3.1963053e-10
21.76	4.6251583e-10
21.77	2.2897e-10
21.78	2.2114013e-10
21.79	3.2468516e-10
21.8	4.7925703e-10
21.81	2.3428367e-10
21.82	2.1946258e-10
21.83	3.3028921e-10
21.84	2.3095404e-10
21.85	4.4334392e-10
21.86	2.1703717e-10
21.87	2.1740221e-10
21.88	3.0434439e-10
21.89	4.3170307e-10
21.9	2.1908056e-10
21.91	2.1633121e-10
21.92	3.1012377e-10
21.93	4.5081654e-10
21.94	2.2290743e-10
21.95	2.1452832e-10
21.96	3.1769684e-10
21.97	4.73223e-10
21.98	2.3241266e-10
21.99	2.1313693e-10
22	3.3030427e-10
22.01	2.2614618e-10
22.02	4.4784615e-10
22.03	2.1195403e-10
22.04	2.0849403e-10
22.05	2.9929026e-10
22.06	4.3476028e-10
22.07	2.1737347e-10
22.08	2.0706005e-10
22.09	3.0410585e-10
22.1	4.556347e-10
22.11	2.2709254e-10
22.12	2.0624653e-10
22.13	3.2258413e-10
22.14	2.2262702e-10
22.15	4.3272909e-10
22.16	2.0421147e-10
22.17	2.0380125e-10
22.18	2.8983989e-10
22.19	4.2291128e-10
22.2	2.1154146e-10
22.21	2.0209025e-10
22.22	2.9573297e-10
22.23	4.3713826e-10
22.24	2.2036669e-10
22.25	2.0085774e-10
22.26	3.1013286e-10
22.27	2.1584424e-10
22.28	4.2217996e-10
22.29	2.0065842e-10
22.3	1.9650205e-10
22.31	2.827034e-10
22.32	4.0925793e-10
22.33	2.0668928e-10
22.34	1.9496318e-10
22.35	2.8830238e-10
22.36	4.3425216e-10
22.37	2.1673968e-10
22.38	1.9404581e-10
22.39	3.0251779e-10
22.4	2.0844972e-10
22.41	4.1330534e-10
22.42	1.925217e-10
22.43	1.9184385e-10
22.44	2.7511441e-10
22.45	4.0534354e-10
22.46	2.0556092e-10
22.47	1.903844e-10
22.48	2.8282768e-10
22.49	4.2441074e-10
22.5	2.1516969e-10
22.51	1.8940203e-10
22.52	2.9828377e-10
22.53	2.0709742e-10
22.54	4.1216416e-10
22.55	1.8928077e-10
22.56	1.8423895e-10
22.57	2.6991708e-10
22.58	3.9784177e-10
22.59	2.0670173e-10
22.6	1.8441016e-10
22.61	2.822021e-10
22.62	4.2774476e-10
22.63	2.1447218e-10
22.64	1.8185669e-10
22.65	2.9009667e-10
22.66	2.0067055e-10
22.67	4.0725288e-10
22.68	1.8235645e-10
22.69	1.7915438e-10
22.7	2.6228647e-10
22.71	3.9242971e-10
22.72	2.0030486e-10
22.73	1.7760032e-10
22.74	2.6495596e-10
22.75	4.061495e-10
22.76	2.0678721e-10
22.77	1.7765935e-10
22.78	2.7271539e-10
22.79	4.298969e-10
22.8	2.1136028e-10
22.81	1.7727579e-10
22.82	2.8170657e-10
22.83	4.465532e-10
22.84	2.2079621e-10
22.85	1.7782577e-10
22.86	2.9634368e-10
22.87	1.9604927e-10
22.88	4.0309635e-10
22.89	1.7611849e-10
22.9	1.6740032e-10
22.91	2.4502113e-10
22.92	3.6602829e-10
22.93	1.8878703e-10
22.94	1.674513e-10
22.95	2.4704556e-10
22.96	3.7913098e-10
22.97	1.9818628e-10
22.98	1.684239e-10
22.99	2.5604877e-10
23	3.9783307e-10
23.01	1.980157e-10
23.02	1.6666709e-10
23.03	2.6513368e-10
23.04	4.1930014e-10
23.05	2.0315277e-10
23.06	1.6690482e-10
23.07	2.7161632e-10
23.08	4.2825777e-10
23.09	2.0612075e-10
23.1	1.6268377e-10
23.11	2.7151836e-10
23.12	4.3916646e-10
23.13	2.1444644e-10
23.14	1.6098177e-10
23.15	2.7411935e-10
23.16	1.8444573e-10
23.17	3.7987394e-10
23.18	1.602422e-10
23.19	1.5806144e-10
23.2	2.3110979e-10
23.21	3.488558e-10
23.22	1.781506e-10
23.23	4.2682127e-10
23.24	1.5749384e-10
23.25	1.5511392e-10
23.26	2.3273256e-10
23.27	3.4879311e-10
23.28	1.5863585e-10
23.29	4.3900674e-10
23.3	1.5637388e-10
23.31	1.547169e-10
23.32	2.3339446e-10
23.33	3.4738757e-10
23.34	1.5309736e-10
23.35	4.3483871e-10
23.36	1.5283837e-10
23.37	1.5096695e-10
23.38	2.2531515e-10
23.39	3.362524e-10
23.4	1.5019995e-10
23.41	4.2342212e-10
23.42	1.5035375e-10
23.43	1.4887937e-10
23.44	2.2195242e-10
23.45	3.3000054e-10
23.46	4.3673324e-10
23.47	1.4671358e-10
23.48	1.4753338e-10
23.49	2.2825174e-10
23.5	3.4681375e-10
23.51	1.4684274e-10
23.52	4.3571053e-10
23.53	1.4867948e-10
23.54	1.4623881e-10
23.55	2.2321677e-10
23.56	3.3809904e-10
23.57	1.4543179e-10
23.58	4.258999e-10
23.59	1.4477299e-10
23.6	1.4394517e-10
23.61	2.1855947e-10
23.62	3.2854624e-10
23.63	4.3698552e-10
23.64	1.4250685e-10
23.65	1.4225052e-10
23.66	2.2287156e-10
23.67	3.3974331e-10
23.68	1.4069566e-10
23.69	4.2736072e-10
23.7	1.4238567e-10
23.71	1.4018981e-10
23.72	2.1468517e-10
23.73	3.2697375e-10
23.74	4.3697202e-10
23.75	1.3957692e-10
23.76	1.3858008e-10
23.77	2.2074216e-10
23.78	3.3966912e-10
23.79	1.3836697e-10
23.8	4.2980148e-10
23.81	1.3896841e-10
23.82	1.3721359e-10
23.83	2.1426216e-10
23.84	3.2909604e-10
23.85	1.3600476e-10
23.86	4.1099592e-10
23.87	1.368356e-10
23.88	1.3525285e-10
23.89	2.0789471e-10
23.9	3.1553024e-10
23.91	4.2129342e-10
23.92	1.3398391e-10
23.93	1.3310312e-10
23.94	2.1296685e-10
23.95	3.2851108e-10
23.96	1.3316889e-10
23.97	4.1433606e-10
23.98	1.3421841e-10
23.99	1.3186647e-10
24	2.0597681e-10
24.01	3.1586119e-10
24.02	4.2318642e-10
24.03	1.308235e-10
24.04	1.3033469e-10
24.05	2.1295167e-10
24.06	3.3253663e-10
24.07	1.3073396e-10
24.08	4.128561e-10
24.09	1.3222731e-10
24.1	1.2918364e-10
24.11	2.0523125e-10
24.12	3.1837049e-10
24.13	4.2928597e-10
24.14	1.3158056e-10
24.15	1.2682292e-10
24.16	2.1473241e-10
24.17	3.3865721e-10
24.18	1.3071663e-10
24.19	4.2351413e-10
24.2	1.3168962e-10
24.21	1.259067e-10
24.22	2.059444e-10
24.23	3.2402438e-10
24.24	1.2831816e-10
24.25	4.0472157e-10
24.26	1.277499e-10
24.27	1.2353484e-10
24.28	1.9776287e-10
24.29	3.1037029e-10
24.3	4.2087428e-10
24.31	1.2714574e-10
24.32	1.2291945e-10
24.33	2.1028348e-10
24.34	3.3359383e-10
24.35	1.2893502e-10
24.36	4.152464e-10
24.37	1.2857787e-10
24.38	1.2086333e-10
24.39	2.0245655e-10
24.4	3.2438476e-10
24.41	1.2450233e-10
24.42	4.0001663e-10
24.43	1.2454438e-10
24.44	1.1928595e-10
24.45	1.9501835e-10
24.46	3.0906597e-10
24.47	4.2046668e-10
24.48	1.2618189e-10
24.49	1.1748035e-10
24.5	2.113233e-10
24.51	3.3716686e-10
24.52	1.2547313e-10
24.53	4.1543957e-10
24.54	1.2719326e-10
24.55	1.162924e-10
24.56	2.0119025e-10
24.57	3.2534e-10
24.58	1.2357098e-10
24.59	4.0230967e-10
24.6	1.2275596e-10
24.61	1.1408745e-10
24.62	1.9376741e-10
24.63	3.1414126e-10
24.64	1.1948084e-10
24.65	3.9008433e-10
24.66	1.1940683e-10
24.67	1.1275212e-10
24.68	1.9012131e-10
24.69	3.025059e-10
24.7	4.0969169e-10
24.71	1.2088148e-10
24.72	1.1164629e-10
24.73	2.0504378e-10
24.74	3.3056371e-10
24.75	1.2040311e-10
24.76	4.0367057e-10
24.77	1.2337851e-10
24.78	1.1069391e-10
24.79	1.9380411e-10
24.8	3.1839544e-10
24.81	1.1940932e-10
24.82	3.9521306e-10
24.83	1.1938392e-10
24.84	1.0797237e-10
24.85	1.8986998e-10
24.86	3.1072523e-10
24.87	1.1415215e-10
24.88	3.8112589e-10
24.89	1.161778e-10
24.9	1.068814e-10
24.91	1.8299709e-10
24.92	2.9715151e-10
24.93	4.0670321e-10
24.94	1.1778484e-10
24.95	1.0621529e-10
24.96	2.0354869e-10
24.97	3.2982752e-10
24.98	1.1674611e-10
24.99	4.0332955e-10
25	1.1929659e-10
25.01	1.0410301e-10
25.02	1.937992e-10
25.03	3.2076996e-10
25.04	1.1479992e-10
25.05	3.9303497e-10
25.06	1.1563239e-10
25.07	1.0187454e-10
25.08	1.8745604e-10
25.09	3.1220096e-10
25.1	1.1147147e-10
25.11	3.830889e-10
25.12	1.125402e-10
25.13	1.0086712e-10
25.14	1.8388193e-10
25.15	3.0126022e-10
25.16	4.1376824e-10
25.17	1.1481801e-10
25.18	1.0139431e-10
25.19	2.0436139e-10
25.2	3.3574917e-10
25.21	1.128004e-10
25.22	4.0754292e-10
25.23	1.1812146e-10
25.24	9.9269864e-11
25.25	1.9172667e-10
25.26	3.260967e-10
25.27	1.1293812e-10
25.28	3.9959429e-10
25.29	1.152679e-10
25.3	9.6578223e-11
25.31	1.8831049e-10
25.32	3.1953564e-10
25.33	1.0808648e-10
25.34	3.9021615e-10
25.35	1.1134831e-10
25.36	9.5810626e-11
25.37	1.8255479e-10
25.38	3.0849255e-10
25.39	1.0612061e-10
25.4	3.7811501e-10
25.41	1.094543e-10
25.42	9.3663299e-11
25.43	1.7869411e-10
25.44	2.9994288e-10
25.45	4.1666311e-10
25.46	1.0966154e-10
25.47	9.6078282e-11
25.48	2.0139535e-10
25.49	3.3306668e-10
25.5	1.0783337e-10
25.51	4.0395829e-10
25.52	1.1396042e-10
25.53	9.1117842e-11
25.54	1.9174194e-10
25.55	3.2949456e-10
25.56	1.0678235e-10
25.57	3.9785681e-10
25.58	1.1015392e-10
25.59	9.0187099e-11
25.6	1.8618101e-10
25.61	3.1844204e-10
25.62	1.0425164e-10
25.63	3.8706283e-10
25.64	1.0750547e-10
25.65	8.8126257e-11
25.66	1.8225687e-10
25.67	3.110068e-10
25.68	1.0074216e-10
25.69	3.7472502e-10
25.7	1.044629e-10
25.71	8.7260813e-11
25.72	1.7625424e-10
25.73	2.9923408e-10
25.74	9.8937695e-11
25.75	3.637554e-10
25.76	1.0184872e-10
25.77	8.5291963e-11
25.78	1.7263017e-10
25.79	2.9269897e-10
25.8	4.0631714e-10
25.81	1.0336522e-10
25.82	8.8863635e-11
25.83	1.9240011e-10
25.84	3.210049e-10
25.85	1.0031167e-10
25.86	3.8889117e-10
25.87	1.0767565e-10
25.88	8.3645795e-11
25.89	1.8101885e-10
25.9	3.1545203e-10
25.91	9.9473896e-11
25.92	3.8318876e-10
25.93	1.0372841e-10
25.94	8.276814e-11
25.95	1.7695155e-10
25.96	3.074657e-10
25.97	9.6923324e-11
25.98	3.7164128e-10
25.99	1.022525e-10
26	8.087688e-11
26.01	1.7156526e-10
26.02	2.9789449e-10
26.03	9.3877277e-11
26.04	3.6163604e-10
26.05	9.833223e-11
26.06	7.997975e-11
26.07	1.6783056e-10
26.08	2.8943791e-10
26.09	4.0463725e-10
26.1	9.9631287e-11
26.11	8.4507638e-11
26.12	1.9461866e-10
26.13	3.2697543e-10
26.14	9.6568045e-11
26.15	3.8845101e-10
26.16	1.0289325e-10
26.17	7.8047742e-11
26.18	1.7856873e-10
26.19	3.1571394e-10
26.2	9.7371124e-11
26.21	3.7998406e-10
26.22	1.0029437e-10
26.23	7.6142353e-11
26.24	1.7712583e-10
26.25	3.1132456e-10
26.26	9.3778538e-11
26.27	3.7038456e-10
26.28	9.7433308e-11
26.29	7.5416949e-11
26.3	1.6929907e-10
26.31	2.9758383e-10
26.32	9.1888063e-11
26.33	3.5816508e-10
26.34	9.4911604e-11
26.35	7.3584757e-11
26.36	1.6691349e-10
26.37	2.9148135e-10
26.38	8.8586924e-11
26.39	3.4696274e-10
26.4	9.2137173e-11
26.41	7.2750512e-11
26.42	1.5959353e-10
26.43	2.7769105e-10
26.44	3.8989122e-10
26.45	9.4902015e-11
26.46	7.745075e-11
26.47	1.8396511e-10
26.48	3.1424867e-10
26.49	8.9492989e-11
26.5	3.7498843e-10
26.51	9.7749726e-11
26.52	7.1603058e-11
26.53	1.7136572e-10
26.54	3.0500463e-10
26.55	9.0133955e-11
26.56	3.6486964e-10
26.57	9.5687852e-11
26.58	6.9697638e-11
26.59	1.6721479e-10
26.6	2.9898408e-10
26.61	8.6991468e-11
26.62	3.5716025e-10
26.63	9.2028619e-11
26.64	6.8938116e-11
26.65	1.6151248e-10
26.66	2.8628182e-10
26.67	4.0443764e-10
26.68	9.41032e-11
26.69	7.5922904e-11
26.7	1.9192824e-10
26.71	3.2879401e-10
26.72	9.0878976e-11
26.73	3.8921468e-10
26.74	9.7315367e-11
26.75	6.7399357e-11
26.76	1.763556e-10
26.77	3.1941661e-10
26.78	9.2347107e-11
26.79	3.7933823e-10
26.8	9.5631867e-11
26.81	6.5881874e-11
26.82	1.7331965e-10
26.83	3.1386841e-10
26.84	8.8543829e-11
26.85	3.7299109e-10
26.86	9.131474e-11
26.87	6.5076678e-11
26.88	1.6593125e-10
26.89	2.9979682e-10
26.9	8.599611e-11
26.91	3.5598873e-10
26.92	8.9248124e-11
26.93	6.3577061e-11
26.94	1.6176009e-10
26.95	2.9110473e-10
26.96	8.2812358e-11
26.97	3.469085e-10
26.98	8.5435601e-11
26.99	6.2661693e-11
27	1.5433744e-10
27.01	2.7626632e-10
27.02	3.9226713e-10
27.03	8.9002222e-11
27.04	6.9308349e-11
27.05	1.8243769e-10
27.06	3.1662909e-10
27.07	8.5008958e-11
27.08	3.7467789e-10
27.09	9.2570094e-11
27.1	6.1953341e-11
27.11	1.6777418e-10
27.12	3.073254e-10
27.13	8.603021e-11
27.14	3.6494019e-10
27.15	9.0322383e-11
27.16	6.0158851e-11
27.17	1.6445631e-10
27.18	3.0193396e-10
27.19	8.2746922e-11
27.2	3.5748864e-10
27.21	8.6268567e-11
27.22	5.9447544e-11
27.23	1.5691168e-10
27.24	2.8661411e-10
27.25	7.9775473e-11
27.26	3.4153965e-10
27.27	8.3921351e-11
27.28	5.8000528e-11
27.29	1.5259337e-10
27.3	2.7855398e-10
27.31	3.9715804e-10
27.32	8.6011575e-11
27.33	6.5625598e-11
27.34	1.8146774e-10
27.35	3.1763771e-10
27.36	8.5237485e-11
27.37	3.7256326e-10
27.38	9.3184792e-11
27.39	5.7226628e-11
27.4	1.6993167e-10
27.41	3.1446486e-10
27.42	8.6036326e-11
27.43	3.7575025e-10
27.44	8.8616089e-11
27.45	5.5777372e-11
27.46	1.6493729e-10
27.47	3.0658705e-10
27.48	8.2611936e-11
27.49	3.6173568e-10
27.5	8.6361599e-11
27.51	5.5173878e-11
27.52	1.6011951e-10
27.53	2.9640763e-10
27.54	7.9849906e-11
27.55	3.5491519e-10
27.56	8.1777212e-11
27.57	5.3869663e-11
27.58	1.5357033e-10
27.59	2.8400927e-10
27.6	7.5751156e-11
27.61	3.3586016e-10
27.62	7.9349642e-11
27.63	5.3130596e-11
27.64	1.4757699e-10
27.65	2.7138155e-10
27.66	3.8863952e-10
27.67	8.2990091e-11
27.68	6.088393e-11
27.69	1.7631542e-10
27.7	3.1195201e-10
27.71	8.2055789e-11
27.72	3.7123099e-10
27.73	8.9979123e-11
27.74	5.2363826e-11
27.75	1.6661797e-10
27.76	3.1130816e-10
27.77	8.3457887e-11
27.78	3.7144787e-10
27.79	8.6320919e-11
27.8	5.1446772e-11
27.81	1.6085002e-10
27.82	3.0386864e-10
27.83	7.9501474e-11
27.84	3.6421361e-10
27.85	8.378124e-11
27.86	5.045428e-11
27.87	1.5835055e-10
27.88	2.9572416e-10
27.89	7.6908405e-11
27.9	3.5289317e-10
27.91	7.9601232e-11
27.92	4.9601878e-11
27.93	1.5005451e-10
27.94	2.8306619e-10
27.95	7.3107611e-11
27.96	3.3963628e-10
27.97	7.713318e-11
27.98	4.8569725e-11
27.99	1.4639104e-10
28	2.716606e-10
28.01	3.901882e-10
28.02	8.076494e-11
28.03	5.7904687e-11
28.04	1.7788652e-10
28.05	3.1689839e-10
28.06	8.03874e-11
28.07	3.7521122e-10
28.08	8.8205821e-11
28.09	4.8527144e-11
28.1	1.65964e-10
28.11	3.1491306e-10
28.12	8.2951025e-11
28.13	3.7880907e-10
28.14	8.5264729e-11
28.15	4.6847745e-11
28.16	1.6414608e-10
28.17	3.1289671e-10
28.18	7.8601139e-11
28.19	3.7193913e-10
28.2	8.2730764e-11
28.21	4.6740656e-11
28.22	1.5884382e-10
28.23	3.0163568e-10
28.24	7.6677779e-11
28.25	3.6359264e-10
28.26	7.9136018e-11
28.27	4.5272228e-11
28.28	1.5458714e-10
28.29	2.9368669e-10
28.3	7.2292245e-11
28.31	3.4892972e-10
28.32	7.6444243e-11
28.33	4.4971162e-11
28.34	1.4795619e-10
28.35	2.7951119e-10
28.36	7.0742725e-11
28.37	3.3702516e-10
28.38	7.3073799e-11
28.39	4.3581147e-11
28.4	1.4309334e-10
28.41	2.6955956e-10
28.42	3.8936957e-10
28.43	7.7154678e-11
28.44	5.4700577e-11
28.45	1.750379e-10
28.46	3.1311986e-10
28.47	7.6861212e-11
28.48	3.7086689e-10
28.49	8.5022226e-11
28.5	4.3603275e-11
28.51	1.623884e-10
28.52	3.1091397e-10
28.53	7.6956271e-11
28.54	3.7527828e-10
28.55	8.2434877e-11
28.56	4.3211432e-11
28.57	1.6083536e-10
28.58	3.0803224e-10
28.59	7.5206473e-11
28.6	3.6526409e-10
28.61	7.9551665e-11
28.62	4.1765252e-11
28.63	1.5489719e-10
28.64	2.9714465e-10
28.65	7.1678597e-11
28.66	3.59178e-10
28.67	7.6994869e-11
28.68	4.1769221e-11
28.69	1.5170242e-10
28.7	2.8902752e-10
28.71	6.9481364e-11
28.72	3.4400167e-10
28.73	7.3970143e-11
28.74	4.0085102e-11
28.75	1.4502048e-10
28.76	2.7725189e-10
28.77	6.6276498e-11
28.78	3.3400833e-10
28.79	7.1869475e-11
28.8	4.0162668e-11
28.81	1.4165337e-10
28.82	2.674667e-10
28.83	3.865349e-10
28.84	7.5238679e-11
28.85	5.172762e-11
28.86	1.7422385e-10
28.87	3.1195771e-10
28.88	7.2553362e-11
28.89	3.7000901e-10
28.9	8.2373718e-11
28.91	4.0454608e-11
28.92	1.6066953e-10
28.93	3.1008118e-10
28.94	7.6341766e-11
28.95	3.7198467e-10
28.96	8.1161994e-11
28.97	3.8909102e-11
28.98	1.6002481e-10
28.99	3.077754e-10
29	7.2024534e-11
29.01	3.6747575e-10
29.02	7.8137152e-11
29.03	3.8710388e-11
29.04	1.5489736e-10
29.05	2.9974791e-10
29.06	7.1152226e-11
29.07	3.6038268e-10
29.08	7.6373028e-11
29.09	3.75709e-11
29.1	1.5237225e-10
29.11	2.9294966e-10
29.12	6.7122853e-11
29.13	3.4916294e-10
29.14	7.3276445e-11
29.15	3.7207317e-11
29.16	1.4647883e-10
29.17	2.8243647e-10
29.18	6.609513e-11
29.19	3.3949479e-10
29.2	7.1753764e-11
29.21	3.6158684e-11
29.22	1.4310531e-10
29.23	2.7398056e-10
29.24	6.2547251e-11
29.25	3.260449e-10
29.26	6.8757248e-11
29.27	3.5746166e-11
29.28	1.3729801e-10
29.29	2.6344001e-10
29.3	3.8202478e-10
29.31	7.2629141e-11
29.32	4.9116489e-11
29.33	1.7073934e-10
29.34	3.0604817e-10
29.35	6.7858051e-11
29.36	3.644144e-10
29.37	7.8463723e-11
29.38	3.6527598e-11
29.39	1.5700838e-10
29.4	3.0343965e-10
29.41	7.131215e-11
29.42	3.6146925e-10
29.43	7.7369661e-11
29.44	3.472132e-11
29.45	1.5390305e-10
29.46	2.9768113e-10
29.47	6.7025596e-11
29.48	3.5544521e-10
29.49	7.4207344e-11
29.5	3.5158585e-11
29.51	1.5020111e-10
29.52	2.9084718e-10
29.53	6.6081548e-11
29.54	3.4753898e-10
29.55	7.2435096e-11
29.56	3.3298887e-11
29.57	1.4622262e-10
29.58	2.8217955e-10
29.59	6.2496426e-11
29.6	3.3708928e-10
29.61	6.9401545e-11
29.62	3.3737493e-11
29.63	1.4122133e-10
29.64	2.7271304e-10
29.65	6.1605873e-11
29.66	3.2696857e-10
29.67	6.7446069e-11
29.68	3.1935002e-11
29.69	1.3728942e-10
29.7	2.6428966e-10
29.71	3.8304447e-10
29.72	6.9032905e-11
29.73	4.6637656e-11
29.74	1.6601412e-10
29.75	3.0173096e-10
29.76	6.6158736e-11
29.77	3.6310076e-10
29.78	7.6954376e-11
29.79	3.2907943e-11
29.8	1.5501355e-10
29.81	3.0196792e-10
29.82	6.6668125e-11
29.83	3.6027372e-10
29.84	7.2906958e-11
29.85	3.2461011e-11
29.86	1.4940891e-10
29.87	2.919478e-10
29.88	6.4800247e-11
29.89	3.5269109e-10
29.9	7.1788056e-11
29.91	3.1409293e-11
29.92	1.4655035e-10
29.93	2.8680054e-10
29.94	6.1760538e-11
29.95	3.4278906e-10
29.96	6.8018262e-11
29.97	3.1135934e-11
29.98	1.4101267e-10
29.99	2.748516e-10
30	5.99112e-11
30.01	3.3134706e-10
30.02	6.6875421e-11
30.03	3.006697e-11
30.04	1.3681902e-10
30.05	2.6720675e-10
30.06	5.7024657e-11
30.07	3.195413e-10
30.08	6.3139472e-11
30.09	2.9811732e-11
30.1	1.3124891e-10
30.11	2.5532251e-10
30.12	3.7153605e-10
30.13	6.5862011e-11
30.14	4.4147603e-11
30.15	1.6397793e-10
30.16	2.9866271e-10
30.17	6.0990559e-11
30.18	3.5315461e-10
30.19	7.1147508e-11
30.2	3.0272798e-11
30.21	1.469288e-10
30.22	2.8865636e-10
30.23	6.404132e-11
30.24	3.4620682e-10
30.25	6.9416714e-11
30.26	2.8811032e-11
30.27	1.4622273e-10
30.28	2.8639901e-10
30.29	6.0105413e-11
30.3	3.4005342e-10
30.31	6.5812072e-11
30.32	2.8821515e-11
30.33	1.3863609e-10
30.34	2.7272748e-10
30.35	5.8797096e-11
30.36	3.2758904e-10
30.37	6.4044997e-11
30.38	2.7442368e-11
30.39	1.3703827e-10
30.4	2.6798233e-10
30.41	5.5698447e-11
30.42	3.1894555e-10
30.43	6.1033495e-11
30.44	2.7601775e-11
30.45	1.2917541e-10
30.46	2.5391201e-10
30.47	3.7059234e-10
30.48	6.4967675e-11
30.49	4.1485123e-11
30.5	1.6189959e-10
30.51	2.9724948e-10
30.52	6.0032344e-11
30.53	3.5375103e-10
30.54	6.9393104e-11
30.55	2.8584619e-11
30.56	1.4614085e-10
30.57	2.8929937e-10
30.58	6.2009192e-11
30.59	3.4565218e-10
30.6	6.8141092e-11
30.61	2.6894276e-11
30.62	1.4488277e-10
30.63	2.8599039e-10
30.64	5.941799e-11
30.65	3.4228958e-10
30.66	6.4329412e-11
30.67	2.6826505e-11
30.68	1.3813532e-10
30.69	2.7338388e-10
30.7	5.6718857e-11
30.71	3.2834433e-10
30.72	6.280913e-11
30.73	2.5640556e-11
30.74	1.3565668e-10
30.75	2.67598e-10
30.76	5.4737902e-11
30.77	3.2095227e-10
30.78	5.9175257e-11
30.79	2.5536767e-11
30.8	1.2871433e-10
30.81	2.5452105e-10
30.82	3.7258365e-10
30.83	6.3405851e-11
30.84	4.0276709e-11
30.85	1.6383761e-10
30.86	3.0025832e-10
30.87	6.063247e-11
30.88	3.5856025e-10
30.89	6.9313733e-11
30.9	2.6179193e-11
30.91	1.4753602e-10
30.92	2.9411693e-10
30.93	6.240535e-11
30.94	3.515798e-10
30.95	6.7829503e-11
30.96	2.5316993e-11
30.97	1.4693553e-10
30.98	2.9156923e-10
30.99	5.955802e-11
31	3.5073575e-10
31.01	6.4621219e-11
31.02	2.4920842e-11
31.03	1.4064589e-10
31.04	2.8135282e-10
31.05	5.7293029e-11
31.06	3.3669843e-10
31.07	6.3212273e-11
31.08	2.4224226e-11
31.09	1.3860853e-10
31.1	2.7482595e-10
31.11	5.5371673e-11
31.12	3.3105204e-10
31.13	6.0140035e-11
31.14	2.3812602e-11
31.15	1.3177146e-10
31.16	2.6337997e-10
31.17	5.2724613e-11
31.18	3.1480918e-10
31.19	5.8592826e-11
31.2	2.3144687e-11
31.21	1.2885398e-10
31.22	2.5499287e-10
31.23	3.7350634e-10
31.24	6.216031e-11
31.25	3.8285642e-11
31.26	1.5998143e-10
31.27	2.9712632e-10
31.28	6.0214654e-11
31.29	3.5560262e-10
31.3	7.0590575e-11
31.31	2.4098256e-11
31.32	1.5012358e-10
31.33	2.9948666e-10
31.34	6.3467782e-11
31.35	3.6236886e-10
31.36	6.8363931e-11
31.37	2.3598654e-11
31.38	1.4788487e-10
31.39	2.9683909e-10
31.4	6.029167e-11
31.41	3.5651789e-10
31.42	6.7013565e-11
31.43	2.309128e-11
31.44	1.4597282e-10
31.45	2.9250334e-10
31.46	5.9872743e-11
31.47	3.5390709e-10
31.48	6.4620614e-11
31.49	2.2728819e-11
31.5	1.4199799e-10
31.51	2.8527663e-10
31.52	5.6445229e-11
31.53	3.422274e-10
31.54	6.3134651e-11
31.55	2.2362851e-11
31.56	1.3835444e-10
31.57	2.7715966e-10
31.58	5.5753986e-11
31.59	3.3483502e-10
31.6	6.0391351e-11
31.61	2.1782759e-11
31.62	1.335377e-10
31.63	2.6807561e-10
31.64	5.2342547e-11
31.65	3.2183904e-10
31.66	5.8979802e-11
31.67	2.1578617e-11
31.68	1.297247e-10
31.69	2.5949762e-10
31.7	5.1763784e-11
31.71	3.1287366e-10
31.72	5.6405506e-11
31.73	2.0827125e-11
31.74	1.249915e-10
31.75	2.5025251e-10
31.76	3.6783534e-10
31.77	5.9685982e-11
31.78	3.7112094e-11
31.79	1.5743007e-10
31.8	2.9297605e-10
31.81	5.867262e-11
31.82	3.5430121e-10
31.83	6.7943426e-11
31.84	2.2342986e-11
31.85	1.4733546e-10
31.86	2.9702654e-10
31.87	5.9799645e-11
31.88	3.5542767e-10
31.89	6.6252072e-11
31.9	2.2088048e-11
31.91	1.4404211e-10
31.92	2.9081546e-10
31.93	5.8736482e-11
31.94	3.5387072e-10
31.95	6.4351443e-11
31.96	2.1193043e-11
31.97	1.4280524e-10
31.98	2.8966913e-10
31.99	5.5977108e-11
32	3.4678101e-10
32.01	6.266887e-11
32.02	2.1123119e-11
32.03	1.3826253e-10
32.04	2.7941403e-10
32.05	5.4904546e-11
32.06	3.395435e-10
32.07	6.0629242e-11
32.08	2.0348435e-11
32.09	1.3589494e-10
32.1	2.7517259e-10
32.11	5.1859653e-11
32.12	3.300334e-10
32.13	5.8859598e-11
32.14	2.0215915e-11
32.15	1.3085917e-10
32.16	2.6394396e-10
32.17	5.1106542e-11
32.18	3.2119861e-10
32.19	5.6787566e-11
32.2	1.9521015e-11
32.21	1.2856358e-10
32.22	2.5953072e-10
32.23	4.8005997e-11
32.24	3.1112599e-10
32.25	5.5174772e-11
32.26	1.9436261e-11
32.27	1.2347361e-10
32.28	2.4800839e-10
32.29	3.6479315e-10
32.3	5.8597731e-11
32.31	3.5266341e-11
32.32	1.576303e-10
32.33	2.9559661e-10
32.34	5.541378e-11
32.35	3.5591005e-10
32.36	6.6208009e-11
32.37	2.1161384e-11
32.38	1.4668819e-10
32.39	2.9507961e-10
32.4	5.9585872e-11
32.41	3.5732867e-10
32.42	6.5422358e-11
32.43	1.9718533e-11
32.44	1.457611e-10
32.45	2.9632643e-10
32.46	5.6010373e-11
32.47	3.5855979e-10
32.48	6.3547036e-11
32.49	2.0460279e-11
32.5	1.4337746e-10
32.51	2.8955165e-10
32.52	5.5786883e-11
32.53	3.5240811e-10
32.54	6.1975818e-11
32.55	1.9096782e-11
32.56	1.4104706e-10
32.57	2.8640787e-10
32.58	5.2533944e-11
32.59	3.4665214e-10
32.6	5.9923894e-11
32.61	1.9839824e-11
32.62	1.3733607e-10
32.63	2.7716943e-10
32.64	5.1969921e-11
32.65	3.3732579e-10
32.66	5.8199582e-11
32.67	1.8375152e-11
32.68	1.3403052e-10
32.69	2.7199163e-10
32.7	4.876784e-11
32.71	3.2864117e-10
32.72	5.6354626e-11
32.73	1.9095334e-11
32.74	1.3028708e-10
32.75	2.620665e-10
32.76	4.8426117e-11
32.77	3.1880494e-10
32.78	5.4939701e-11
32.79	1.7686121e-11
32.8	1.264431e-10
32.81	2.5602238e-10
32.82	3.7711645e-10
32.83	5.6446844e-11
32.84	3.4820967e-11
32.85	1.5659907e-10
32.86	2.9569408e-10
32.87	5.5196961e-11
32.88	3.5929592e-10
32.89	6.5341812e-11
32.9	1.9283352e-11
32.91	1.4645217e-10
32.92	2.966575e-10
32.93	5.5262377e-11
32.94	3.5937723e-10
32.95	6.1648558e-11
32.96	1.8994581e-11
32.97	1.4230797e-10
32.98	2.9038176e-10
32.99	5.4845236e-11
33	3.5332572e-10
33.01	6.1303429e-11
33.02	1.8283479e-11
33.03	1.4003649e-10
33.04	2.8466275e-10
33.05	5.1236642e-11
33.06	3.446993e-10
33.07	5.7920887e-11
33.08	1.832348e-11
33.09	1.3522069e-10
33.1	2.7552446e-10
33.11	5.0591401e-11
33.12	3.3536777e-10
33.13	5.7141108e-11
33.14	1.7454886e-11
33.15	1.3157384e-10
33.16	2.6718279e-10
33.17	4.7135171e-11
33.18	3.2412149e-10
33.19	5.3864176e-11
33.2	1.7400505e-11
33.21	1.2646368e-10
33.22	2.5713034e-10
33.23	4.642404e-11
33.24	3.1385166e-10
33.25	5.3122965e-11
33.26	1.6660799e-11
33.27	1.2276906e-10
33.28	2.4900954e-10
33.29	3.6695003e-10
33.3	5.4186756e-11
33.31	3.2678636e-11
33.32	1.5130309e-10
33.33	2.870443e-10
33.34	5.1463668e-11
33.35	3.4931912e-10
33.36	6.1539798e-11
33.37	1.7918582e-11
33.38	1.4044732e-10
33.39	2.8507469e-10
33.4	5.2125944e-11
33.41	3.4764906e-10
33.42	5.8500154e-11
33.43	1.7667084e-11
33.44	1.3577502e-10
33.45	2.7759455e-10
33.46	5.0805586e-11
33.47	3.3992268e-10
33.48	5.7222402e-11
33.49	1.6511708e-11
33.5	1.3321996e-10
33.51	2.7122927e-10
33.52	4.7556066e-11
33.53	3.3011057e-10
33.54	5.3990134e-11
33.55	1.6869147e-11
33.56	1.2705651e-10
33.57	2.5980151e-10
33.58	4.6066069e-11
33.59	3.1868696e-10
33.6	5.2529696e-11
33.61	1.5635009e-11
33.62	1.2430432e-10
33.63	2.5270297e-10
33.64	3.7241087e-10
33.65	5.4004784e-11
33.66	3.1943526e-11
33.67	1.5248576e-10
33.68	2.9070319e-10
33.69	5.1666214e-11
33.7	3.5571751e-10
33.71	6.153968e-11
33.72	1.7361624e-11
33.73	1.4259722e-10
33.74	2.9085378e-10
33.75	5.2830433e-11
33.76	3.5564773e-10
33.77	5.7675333e-11
33.78	1.7070033e-11
33.79	1.3701003e-10
33.8	2.820256e-10
33.81	5.0803363e-11
33.82	3.4649491e-10
33.83	5.6893148e-11
33.84	1.6219665e-11
33.85	1.3498541e-10
33.86	2.7651088e-10
33.87	4.806491e-11
33.88	3.3771935e-10
33.89	5.309087e-11
33.9	1.6314687e-11
33.91	1.2814101e-10
33.92	2.6358186e-10
33.93	4.5888695e-11
33.94	3.2414492e-10
33.95	5.202597e-11
33.96	1.5306914e-11
33.97	1.2520302e-10
33.98	2.561462e-10
33.99	4.3304724e-11
34	3.1313145e-10
34.01	4.8321195e-11
34.02	1.5283225e-11
34.03	1.1822339e-10
34.04	2.4263234e-10
34.05	3.5890779e-10
34.06	5.1671472e-11
34.07	3.0430304e-11
34.08	1.4984783e-10
34.09	2.8443712e-10
34.1	4.833521e-11
34.11	3.4643878e-10
34.12	5.6545528e-11
34.13	1.6530288e-11
34.14	1.346212e-10
34.15	2.7622443e-10
34.16	5.0338745e-11
34.17	3.3856377e-10
34.18	5.5383966e-11
34.19	1.5326284e-11
34.2	1.3343575e-10
34.21	2.7289968e-10
34.22	4.7568085e-11
34.23	3.3427938e-10
34.24	5.1993142e-11
34.25	1.5305919e-11
34.26	1.2653614e-10
34.27	2.6039376e-10
34.28	4.5282004e-11
34.29	3.2019476e-10
34.3	5.0832671e-11
34.31	1.44478e-11
34.32	1.2518108e-10
34.33	2.5518819e-10
34.34	4.3328849e-11
34.35	3.1234473e-10
34.36	4.7644972e-11
34.37	1.4486626e-11
34.38	1.1736127e-10
34.39	2.4108702e-10
34.4	3.5695481e-10
34.41	5.1890384e-11
34.42	2.9552085e-11
34.43	1.502305e-10
34.44	2.8428604e-10
34.45	4.8931551e-11
34.46	3.4864447e-10
34.47	5.7079632e-11
34.48	1.608556e-11
34.49	1.3523964e-10
34.5	2.7841457e-10
34.51	5.0741794e-11
34.52	3.4190184e-10
34.53	5.6036657e-11
34.54	1.4831985e-11
34.55	1.353791e-10
34.56	2.7620703e-10
34.57	4.894354e-11
34.58	3.4074649e-10
34.59	5.3165784e-11
34.6	1.4873941e-11
34.61	1.2923348e-10
34.62	2.6664626e-10
34.63	4.614999e-11
34.64	3.2714385e-10
34.65	5.2225532e-11
34.66	1.3990289e-11
34.67	1.2795741e-10
34.68	2.6096973e-10
34.69	4.5027935e-11
34.7	3.2084094e-10
34.71	4.9468401e-11
34.72	1.4007858e-11
34.73	1.2130725e-10
34.74	2.5014769e-10
34.75	3.7083585e-10
34.76	5.4033988e-11
34.77	3.0522624e-11
34.78	1.5599254e-10
34.79	2.9566411e-10
34.8	5.1718499e-11
34.81	3.6262577e-10
34.82	6.1177922e-11
34.83	1.5600891e-11
34.84	1.4339816e-10
34.85	2.9508053e-10
34.86	5.3504692e-11
34.87	3.5987757e-10
34.88	6.0434599e-11
34.89	1.5139471e-11
34.9	1.4262712e-10
34.91	2.9292086e-10
34.92	5.2564639e-11
34.93	3.6059599e-10
34.94	5.8101458e-11
34.95	1.4723879e-11
34.96	1.3906978e-10
34.97	2.8747433e-10
34.98	5.0048717e-11
34.99	3.487332e-10
35	5.7127642e-11
35.01	1.4433924e-11
35.02	1.3635467e-10
35.03	2.796362e-10
35.04	4.9268629e-11
35.05	3.4414222e-10
35.06	5.486963e-11
35.07	1.414153e-11
35.08	1.3178043e-10
35.09	2.7226195e-10
35.1	4.6640277e-11
35.11	3.293853e-10
35.12	5.3735567e-11
35.13	1.373605e-11
35.14	1.284126e-10
35.15	2.6339217e-10
35.16	4.6133329e-11
35.17	3.2298313e-10
35.18	5.1604494e-11
35.19	1.345744e-11
35.2	1.2368961e-10
35.21	2.5501808e-10
35.22	4.3431455e-11
35.23	3.0832875e-10
35.24	5.0455162e-11
35.25	1.3145533e-11
35.26	1.2043682e-10
35.27	2.4669511e-10
35.28	3.6477976e-10
35.29	5.4343415e-11
35.3	3.0159896e-11
35.31	1.5300963e-10
35.32	2.9215306e-10
35.33	5.1496532e-11
35.34	3.5326664e-10
35.35	6.2711517e-11
35.36	1.5278377e-11
35.37	1.4358854e-10
35.38	2.9361941e-10
35.39	5.5363173e-11
35.4	3.6227214e-10
35.41	6.1677e-11
35.42	1.4386105e-11
35.43	1.4352548e-10
35.44	2.9691781e-10
35.45	5.2746845e-11
35.46	3.6058496e-10
35.47	6.0913108e-11
35.48	1.466768e-11
35.49	1.4185379e-10
35.5	2.9170871e-10
35.51	5.2680574e-11
35.52	3.5960836e-10
35.53	5.8964098e-11
35.54	1.4031581e-11
35.55	1.4000373e-10
35.56	2.9010144e-10
35.57	4.9696761e-11
35.58	3.5230877e-10
35.59	5.7764322e-11
35.6	1.4338745e-11
35.61	1.3690356e-10
35.62	2.8141832e-10
35.63	4.9563395e-11
35.64	3.4614441e-10
35.65	5.5734497e-11
35.66	1.3457092e-11
35.67	1.3401257e-10
35.68	2.7777565e-10
35.69	4.6481522e-11
35.7	3.3797126e-10
35.71	5.4685435e-11
35.72	1.390075e-11
35.73	1.3055478e-10
35.74	2.6805011e-10
35.75	4.6733081e-11
35.76	3.2995583e-10
35.77	5.2733945e-11
35.78	1.2980993e-11
35.79	1.2758378e-10
35.8	2.6423673e-10
35.81	4.3801175e-11
35.82	3.2127739e-10
35.83	5.1690913e-11
35.84	1.3452606e-11
35.85	1.2420007e-10
35.86	2.5439079e-10
35.87	4.3939381e-11
35.88	3.129953e-10
35.89	4.9922935e-11
35.9	1.2420043e-11
35.91	1.2130273e-10
35.92	2.5077261e-10
35.93	3.7188839e-10
35.94	5.2407904e-11
35.95	3.0516669e-11
35.96	1.5255988e-10
35.97	2.9160384e-10
35.98	5.1009822e-11
35.99	3.5653853e-10
36	6.100454e-11
36.01	1.4556817e-11
36.02	1.4395551e-10
36.03	2.9729086e-10
36.04	5.1636362e-11
36.05	3.6133019e-10
36.06	5.9240435e-11
36.07	1.4502705e-11
36.08	1.4049016e-10
36.09	2.9050942e-10
36.1	5.1772676e-11
36.11	3.5763321e-10
36.12	5.8475604e-11
36.13	1.3653665e-11
36.14	1.4019536e-10
36.15	2.9069413e-10
36.16	4.8916963e-11
36.17	3.5311585e-10
36.18	5.6520031e-11
36.19	1.3905053e-11
36.2	1.3660222e-10
36.21	2.8127816e-10
36.22	4.8319834e-11
36.23	3.4543492e-10
36.24	5.4969872e-11
36.25	1.3018432e-11
36.26	1.3428872e-10
36.27	2.7801891e-10
36.28	4.5603582e-11
36.29	3.3732888e-10
36.3	5.3441452e-11
36.31	1.3238463e-11
36.32	1.3067042e-10
36.33	2.6804209e-10
36.34	4.5017379e-11
36.35	3.2869549e-10
36.36	5.195934e-11
36.37	1.2524369e-11
36.38	1.2737922e-10
36.39	2.6325968e-10
36.4	4.2550842e-11
36.41	3.1900077e-10
36.42	5.0478074e-11
36.43	1.2802112e-11
36.44	1.2395488e-10
36.45	2.5375164e-10
36.46	4.23185e-11
36.47	3.105995e-10
36.48	4.9109392e-11
36.49	1.2018602e-11
36.5	1.2008425e-10
36.51	2.4796275e-10
36.52	3.6720296e-10
36.53	5.0595572e-11
36.54	2.9404786e-11
36.55	1.5019047e-10
36.56	2.8712482e-10
36.57	4.8542479e-11
36.58	3.5036661e-10
36.59	5.9093051e-11
36.6	1.3482608e-11
36.61	1.3917052e-10
36.62	2.8736484e-10
36.63	4.9192317e-11
36.64	3.5021912e-10
36.65	5.5880716e-11
36.66	1.3622032e-11
36.67	1.3611097e-10
36.68	2.8168444e-10
36.69	4.8863002e-11
36.7	3.4465596e-10
36.71	5.5763965e-11
36.72	1.2528147e-11
36.73	1.3342936e-10
36.74	2.7630932e-10
36.75	4.5450011e-11
36.76	3.3667046e-10
36.77	5.2366327e-11
36.78	1.307224e-11
36.79	1.2936987e-10
36.8	2.6758391e-10
36.81	4.4727567e-11
36.82	3.2773958e-10
36.83	5.1808007e-11
36.84	1.188657e-11
36.85	1.2597091e-10
36.86	2.6036076e-10
36.87	4.2001904e-11
36.88	3.1716875e-10
36.89	4.8977387e-11
36.9	1.2483429e-11
36.91	1.2140527e-10
36.92	2.5073605e-10
36.93	3.7161063e-10
36.94	5.2513278e-11
36.95	2.9631585e-11
36.96	1.5392073e-10
36.97	2.9371866e-10
36.98	4.7408614e-11
36.99	3.5755853e-10
37	5.8320818e-11
37.01	1.4188935e-11
37.02	1.3991645e-10
37.03	2.8952905e-10
37.04	5.1220761e-11
37.05	3.5527819e-10
37.06	5.7769877e-11
37.07	1.2883493e-11
37.08	1.388768e-10
37.09	2.8677205e-10
37.1	4.7732762e-11
37.11	3.4993694e-10
37.12	5.4717001e-11
37.13	1.336254e-11
37.14	1.3358128e-10
37.15	2.7727236e-10
37.16	4.6475227e-11
37.17	3.4051446e-10
37.18	5.3474548e-11
37.19	1.2167913e-11
37.2	1.3118009e-10
37.21	2.712219e-10
37.22	4.336156e-11
37.23	3.3032484e-10
37.24	5.0475875e-11
37.25	1.2478652e-11
37.26	1.2512729e-10
37.27	2.5961224e-10
37.28	4.2410831e-11
37.29	3.1863965e-10
37.3	4.9363879e-11
37.31	1.1501663e-11
37.32	1.2246872e-10
37.33	2.5267559e-10
37.34	3.7375828e-10
37.35	5.0707732e-11
37.36	2.854944e-11
37.37	1.5084008e-10
37.38	2.9039525e-10
37.39	4.7975642e-11
37.4	3.5558375e-10
37.41	5.839101e-11
37.42	1.3106105e-11
37.43	1.4113464e-10
37.44	2.9073736e-10
37.45	4.91404e-11
37.46	3.5489186e-10
37.47	5.4974252e-11
37.48	1.301473e-11
37.49	1.3510695e-10
37.5	2.8102539e-10
37.51	4.7812787e-11
37.52	3.4537443e-10
37.53	5.399799e-11
37.54	1.2038796e-11
37.55	1.3333019e-10
37.56	2.7554798e-10
37.57	4.4656276e-11
37.58	3.3665253e-10
37.59	5.0273716e-11
37.6	1.2344748e-11
37.61	1.2618083e-10
37.62	2.623219e-10
37.63	4.2875451e-11
37.64	3.2252239e-10
37.65	4.9093345e-11
37.66	1.1194205e-11
37.67	1.2347297e-10
37.68	2.5505934e-10
37.69	4.0214657e-11
37.7	3.1179086e-10
37.71	4.5706851e-11
37.72	1.1576337e-11
37.73	1.1617351e-10
37.74	2.412369e-10
37.75	3.5826702e-10
37.76	4.9319076e-11
37.77	2.7219873e-11
37.78	1.4761308e-10
37.79	2.8351021e-10
37.8	4.5322673e-11
37.81	3.457933e-10
37.82	5.3932869e-11
37.83	1.2990421e-11
37.84	1.3243573e-10
37.85	2.7512406e-10
37.86	4.7854244e-11
37.87	3.3742027e-10
37.88	5.290651e-11
37.89	1.188031e-11
37.9	1.3141653e-10
37.91	2.7212299e-10
37.92	4.4907766e-11
37.93	3.3347605e-10
37.94	4.9596592e-11
37.95	1.1933032e-11
37.96	1.2443337e-10
37.97	2.5914477e-10
37.98	4.2790494e-11
37.99	3.185316e-10
38	4.8303421e-11
38.01	1.0997488e-11
38.02	1.2259379e-10
38.03	2.5351034e-10
38.04	4.0394873e-11
38.05	3.1048172e-10
38.06	4.5043519e-11
38.07	1.0968526e-11
38.08	1.1478084e-10
38.09	2.3914402e-10
38.1	3.5536027e-10
38.11	4.9322706e-11
38.12	2.6676164e-11
38.13	1.4833169e-10
38.14	2.8293976e-10
38.15	4.6564721e-11
38.16	3.4637378e-10
38.17	5.441885e-11
38.18	1.2555331e-11
38.19	1.3306539e-10
38.2	2.764326e-10
38.21	4.8404316e-11
38.22	3.3898529e-10
38.23	5.3485328e-11
38.24	1.1502085e-11
38.25	1.3296812e-10
38.26	2.7444009e-10
38.27	4.6287314e-11
38.28	3.3727362e-10
38.29	5.0331701e-11
38.3	1.1537958e-11
38.31	1.262546e-10
38.32	2.6339118e-10
38.33	4.384198e-11
38.34	3.231078e-10
38.35	4.9387113e-11
38.36	1.0864929e-11
38.37	1.250194e-10
38.38	2.5770592e-10
38.39	4.2139308e-11
38.4	3.1625344e-10
38.41	4.6345737e-11
38.42	1.0837776e-11
38.43	1.1791773e-10
38.44	2.4598045e-10
38.45	3.6578656e-10
38.46	5.117498e-11
38.47	2.7409108e-11
38.48	1.5239623e-10
38.49	2.9099739e-10
38.5	4.8983346e-11
38.51	3.5672482e-10
38.52	5.8067223e-11
38.53	1.2534293e-11
38.54	1.3957673e-10
38.55	2.9006916e-10
38.56	5.0728086e-11
38.57	3.535241e-10
38.58	5.7461745e-11
38.59	1.1963092e-11
38.6	1.385579e-10
38.61	2.875217e-10
38.62	5.0162997e-11
38.63	3.5379808e-10
38.64	5.5034933e-11
38.65	1.1868511e-11
38.66	1.3468278e-10
38.67	2.8121767e-10
38.68	4.7143668e-11
38.69	3.4127909e-10
38.7	5.3697869e-11
38.71	1.1367457e-11
38.72	1.3163249e-10
38.73	2.7291849e-10
38.74	4.6373778e-11
38.75	3.3566966e-10
38.76	5.128595e-11
38.77	1.1141535e-11
38.78	1.2690983e-10
38.79	2.6482651e-10
38.8	4.343125e-11
38.81	3.2046106e-10
38.82	5.0011793e-11
38.83	1.0777566e-11
38.84	1.2333792e-10
38.85	2.5523329e-10
38.86	4.3048702e-11
38.87	3.1305349e-10
38.88	4.7937906e-11
38.89	1.0479638e-11
38.9	1.1818716e-10
38.91	2.4638965e-10
38.92	3.6650073e-10
38.93	5.1883835e-11
38.94	2.8200666e-11
38.95	1.519201e-10
38.96	2.9043862e-10
38.97	5.0818514e-11
38.98	3.5535375e-10
38.99	6.0038215e-11
39	1.248967e-11
39.01	1.4183398e-10
39.02	2.9484518e-10
39.03	5.2265387e-11
39.04	3.5659202e-10
39.05	5.9454036e-11
39.06	1.235887e-11
39.07	1.401722e-10
39.08	2.9062895e-10
39.09	5.2000145e-11
39.1	3.5796179e-10
39.11	5.7580956e-11
39.12	1.1824233e-11
39.13	1.3829391e-10
39.14	2.8881426e-10
39.15	4.9165336e-11
39.16	3.4964273e-10
39.17	5.6371433e-11
39.18	1.1835513e-11
39.19	1.3541386e-10
39.2	2.8068043e-10
39.21	4.835643e-11
39.22	3.4479565e-10
39.23	5.4053482e-11
39.24	1.1280273e-11
39.25	1.3206773e-10
39.26	2.7592164e-10
39.27	4.5757104e-11
39.28	3.3402223e-10
39.29	5.2961854e-11
39.3	1.1304713e-11
39.31	1.2860872e-10
39.32	2.6631332e-10
39.33	4.5023855e-11
39.34	3.2677957e-10
39.35	5.0856668e-11
39.36	1.0762911e-11
39.37	1.248576e-10
39.38	2.6070732e-10
39.39	4.2467194e-11
39.4	3.1648179e-10
39.41	4.9880462e-11
39.42	1.0957069e-11
39.43	1.213829e-10
39.44	2.5132897e-10
39.45	3.7275689e-10
39.46	5.3846114e-11
39.47	2.8960801e-11
39.48	1.5782347e-10
39.49	3.0264641e-10
39.5	5.0838452e-11
39.51	3.6712716e-10
39.52	6.282331e-11
39.53	1.3691127e-11
39.54	1.4731547e-10
39.55	3.0361049e-10
39.56	5.5787349e-11
39.57	3.7303704e-10
39.58	6.2405176e-11
39.59	1.2529699e-11
39.6	1.4798553e-10
39.61	3.0849458e-10
39.62	5.2568049e-11
39.63	2.4478221e-11
39.64	1.3804758e-10
39.65	2.6375099e-10
39.66	5.2220566e-11
39.67	3.2034517e-10
39.68	6.2169593e-11
39.69	1.1940714e-11
39.7	1.3844688e-10
39.71	2.8526763e-10
39.72	5.3886597e-11
39.73	3.4726812e-10
39.74	6.1187603e-11
39.75	1.264494e-11
39.76	1.4065477e-10
39.77	2.9208461e-10
39.78	5.4569985e-11
39.79	3.5716732e-10
39.8	6.1034063e-11
39.81	1.1834644e-11
39.82	1.4341386e-10
39.83	2.9853562e-10
39.84	5.2093601e-11
39.85	3.6403606e-10
39.86	5.9482633e-11
39.87	1.2612213e-11
39.88	1.4205102e-10
39.89	2.9483879e-10
39.9	5.1901369e-11
39.91	3.6201083e-10
39.92	5.8363711e-11
39.93	1.1641359e-11
39.94	1.4131979e-10
39.95	2.9449812e-10
39.96	4.9151718e-11
39.97	3.5911998e-10
39.98	5.6654047e-11
39.99	1.224045e-11
40	1.3838469e-10
40.01	2.8695389e-10
40.02	4.8753036e-11
40.03	3.5239058e-10
40.04	5.5097752e-11
40.05	1.1290986e-11
40.06	1.3598203e-10
40.07	2.8324352e-10
40.08	4.5826323e-11
40.09	3.453086e-10
40.1	5.3734718e-11
40.11	1.1915455e-11
40.12	1.3288211e-10
40.13	2.7472537e-10
40.14	4.5506072e-11
40.15	3.3705904e-10
40.16	5.2351141e-11
40.17	1.0972927e-11
40.18	1.2937815e-10
40.19	2.6914282e-10
40.2	4.2836429e-11
40.21	3.277898e-10
40.22	5.0703331e-11
40.23	1.1518876e-11
40.24	1.263258e-10
40.25	2.606325e-10
40.26	4.2862751e-11
40.27	3.194917e-10
40.28	4.9629809e-11
40.29	1.0582943e-11
40.3	1.2230343e-10
40.31	2.5409399e-10
40.32	4.0183019e-11
40.33	3.0955667e-10
40.34	4.7693883e-11
40.35	1.1054344e-11
40.36	1.1923915e-10
40.37	2.4576102e-10
40.38	3.6445002e-10
40.39	5.1595038e-11
40.4	2.8521784e-11
40.41	1.5026469e-10
40.42	2.8843461e-10
40.43	4.595602e-11
40.44	3.5085679e-10
40.45	5.7139933e-11
40.46	1.3274857e-11
40.47	1.3793862e-10
40.48	2.852205e-10
40.49	5.0308355e-11
40.5	3.4998602e-10
40.51	5.7037677e-11
40.52	1.1796491e-11
40.53	1.3599885e-10
40.54	2.8266929e-10
40.55	4.6635702e-11
40.56	3.4613239e-10
40.57	5.4166949e-11
40.58	1.2429975e-11
40.59	1.3291538e-10
40.6	2.7563451e-10
40.61	4.6228657e-11
40.62	3.3925276e-10
40.63	5.3376193e-11
40.64	1.1135418e-11
40.65	1.300469e-10
40.66	2.6999256e-10
40.67	4.3012449e-11
40.68	3.3067066e-10
40.69	5.0446082e-11
40.7	1.1673892e-11
40.71	1.257785e-10
40.72	2.6087873e-10
40.73	4.2616697e-11
40.74	3.2138723e-10
40.75	4.9649611e-11
40.76	1.0475234e-11
40.77	1.2278241e-10
40.78	2.5477839e-10
40.79	3.9710085e-11
40.8	3.1132382e-10
40.81	4.6945538e-11
40.82	1.098903e-11
40.83	1.178289e-10
40.84	2.4440404e-10
40.85	3.6285675e-10
40.86	5.0098494e-11
40.87	2.7818204e-11
40.88	1.4926029e-10
40.89	2.8640995e-10
40.9	4.4353154e-11
40.91	3.4920771e-10
40.92	5.5236949e-11
40.93	1.2592707e-11
40.94	1.3482776e-10
40.95	2.7995527e-10
40.96	4.8050619e-11
40.97	3.4481293e-10
40.98	5.4491099e-11
40.99	1.1252522e-11
41	1.3389539e-10
41.01	2.775741e-10
41.02	4.4505095e-11
41.03	3.3892959e-10
41.04	5.1659332e-11
41.05	1.1794734e-11
41.06	1.282187e-10
41.07	2.6711843e-10
41.08	4.3551357e-11
41.09	3.286749e-10
41.1	5.0554679e-11
41.11	1.0589786e-11
41.12	1.2610115e-10
41.13	2.6155857e-10
41.14	4.0533168e-11
41.15	3.1903114e-10
41.16	4.7618224e-11
41.17	1.0953846e-11
41.18	1.1973373e-10
41.19	2.4959729e-10
41.2	3.704712e-10
41.21	5.0920682e-11
41.22	2.8063153e-11
41.23	1.5330653e-10
41.24	2.9416992e-10
41.25	4.5350882e-11
41.26	3.5780509e-10
41.27	5.6326325e-11
41.28	1.2660123e-11
41.29	1.3767751e-10
41.3	2.8634971e-10
41.31	4.9201484e-11
41.32	3.5171449e-10
41.33	5.5304343e-11
41.34	1.1361385e-11
41.35	1.3659582e-10
41.36	2.8328066e-10
41.37	4.5248806e-11
41.38	3.4644413e-10
41.39	5.2064749e-11
41.4	1.1767215e-11
41.41	1.2982262e-10
41.42	2.708106e-10
41.43	4.4342141e-11
41.44	3.332218e-10
41.45	5.0550072e-11
41.46	1.058773e-11
41.47	1.2770615e-10
41.48	2.6488421e-10
41.49	4.0821386e-11
41.5	3.2375874e-10
41.51	4.7223306e-11
41.52	1.0876864e-11
41.53	1.2027765e-10
41.54	2.5084327e-10
41.55	3.7283906e-10
41.56	5.1125066e-11
41.57	2.7454512e-11
41.58	1.5392039e-10
41.59	2.9638777e-10
41.6	4.6469775e-11
41.61	3.6146606e-10
41.62	5.5738065e-11
41.63	1.2377787e-11
41.64	1.3810291e-10
41.65	2.878039e-10
41.66	4.9695609e-11
41.67	3.5322091e-10
41.68	5.5069356e-11
41.69	1.1223212e-11
41.7	1.3721478e-10
41.71	2.8505411e-10
41.72	4.6118621e-11
41.73	3.49413e-10
41.74	5.1143607e-11
41.75	1.1467367e-11
41.76	1.2977591e-10
41.77	2.7144272e-10
41.78	4.4345355e-11
41.79	3.3361945e-10
41.8	5.0018435e-11
41.81	1.0420172e-11
41.82	1.2793352e-10
41.83	2.6535241e-10
41.84	4.1420039e-11
41.85	3.2535737e-10
41.86	4.6404043e-11
41.87	1.0489473e-11
41.88	1.1978031e-10
41.89	2.5058012e-10
41.9	3.7285682e-10
41.91	5.1000608e-11
41.92	2.7179362e-11
41.93	1.5461264e-10
41.94	2.9629897e-10
41.95	4.7722423e-11
41.96	3.628123e-10
41.97	5.6107398e-11
41.98	1.2224333e-11
41.99	1.3894995e-10
42	2.8993777e-10
42.01	5.0111526e-11
42.02	3.5452913e-10
42.03	5.5247346e-11
42.04	1.1208222e-11
42.05	1.3833833e-10
42.06	2.8717688e-10
42.07	4.7488494e-11
42.08	3.5270365e-10
42.09	5.1811703e-11
42.1	1.1231039e-11
42.11	1.3105677e-10
42.12	2.7469226e-10
42.13	4.512942e-11
42.14	3.3650532e-10
42.15	5.0376482e-11
42.16	1.0371154e-11
42.17	1.2935332e-10
42.18	2.6805264e-10
42.19	4.2905097e-11
42.2	3.2871642e-10
42.21	4.679374e-11
42.22	1.0315298e-11
42.23	1.214144e-10
42.24	2.5419457e-10
42.25	4.0509896e-11
42.26	3.1126915e-10
42.27	4.5903342e-11
42.28	9.4834792e-12
42.29	1.1890479e-10
42.3	2.4624196e-10
42.31	3.6570628e-10
42.32	4.9673395e-11
42.33	2.5809319e-11
42.34	1.4753067e-10
42.35	2.8584355e-10
42.36	4.7750296e-11
42.37	3.4928723e-10
42.38	5.8223256e-11
42.39	1.1632739e-11
42.4	1.3969273e-10
42.41	2.8890991e-10
42.42	5.0870873e-11
42.43	3.558629e-10
42.44	5.6025971e-11
42.45	1.1173142e-11
42.46	1.3621859e-10
42.47	2.8510025e-10
42.48	4.8286572e-11
42.49	3.4803853e-10
42.5	5.4976686e-11
42.51	1.0965705e-11
42.52	1.3437701e-10
42.53	2.796546e-10
42.54	4.7693864e-11
42.55	3.4445531e-10
42.56	5.2390248e-11
42.57	1.0730968e-11
42.58	1.2996393e-10
42.59	2.7224948e-10
42.6	4.4345639e-11
42.61	3.3063167e-10
42.62	5.0947627e-11
42.63	1.0265344e-11
42.64	1.2629503e-10
42.65	2.6263511e-10
42.66	4.392595e-11
42.67	3.2296237e-10
42.68	4.8676057e-11
42.69	1.0019994e-11
42.7	1.2119104e-10
42.71	2.5390862e-10
42.72	4.0834525e-11
42.73	3.0766595e-10
42.74	4.729772e-11
42.75	9.6735806e-12
42.76	1.1747953e-10
42.77	2.4400564e-10
42.78	3.6206571e-10
42.79	5.20649e-11
42.8	2.7041106e-11
42.81	1.5053008e-10
42.82	2.9010433e-10
42.83	4.9508343e-11
42.84	3.5148745e-10
42.85	6.0449857e-11
42.86	1.2210541e-11
42.87	1.4062361e-10
42.88	2.9095081e-10
42.89	5.3412747e-11
42.9	3.5955133e-10
42.91	5.9294487e-11
42.92	1.137717e-11
42.93	1.4045403e-10
42.94	2.9379823e-10
42.95	5.0804795e-11
42.96	3.5724683e-10
42.97	5.8414434e-11
42.98	1.1731273e-11
42.99	1.3852476e-10
43	2.8774593e-10
43.01	5.04136e-11
43.02	3.5508578e-10
43.03	5.6230839e-11
43.04	1.1048541e-11
43.05	1.3621449e-10
43.06	2.8503887e-10
43.07	4.7452074e-11
43.08	3.4610555e-10
43.09	5.4854484e-11
43.1	1.1176015e-11
43.11	1.3267287e-10
43.12	2.7552096e-10
43.13	4.6867681e-11
43.14	3.3886631e-10
43.15	5.272339e-11
43.16	1.0536907e-11
43.17	1.2934499e-10
43.18	2.7060291e-10
43.19	4.4002744e-11
43.2	3.2856445e-10
43.21	5.1485212e-11
43.22	1.0696662e-11
43.23	1.2547344e-10
43.24	2.6051605e-10
43.25	4.3581075e-11
43.26	3.1949114e-10
43.27	4.9386336e-11
43.28	1.0029903e-11
43.29	1.2202637e-10
43.3	2.548896e-10
43.31	4.0863497e-11
43.32	3.0980942e-10
43.33	4.8265049e-11
43.34	1.0296131e-11
43.35	1.181752e-10
43.36	2.4491556e-10
43.37	3.6349379e-10
43.38	5.2303709e-11
43.39	2.7883357e-11
43.4	1.5326919e-10
43.41	2.9409864e-10
43.42	4.8967343e-11
43.43	3.5682564e-10
43.44	6.0508108e-11
43.45	1.2856662e-11
43.46	1.4252475e-10
43.47	2.9406915e-10
43.48	5.3532856e-11
43.49	3.6053586e-10
43.5	6.0069121e-11
43.51	1.1665216e-11
43.52	1.4287431e-10
43.53	2.9794794e-10
43.54	5.0408515e-11
43.55	3.634459e-10
43.56	5.8796439e-11
43.57	1.2411118e-11
43.58	1.4095798e-10
43.59	2.9180996e-10
43.6	5.0433267e-11
43.61	3.5861432e-10
43.62	5.7343882e-11
43.63	1.1280878e-11
43.64	1.3940526e-10
43.65	2.9093925e-10
43.66	4.729843e-11
43.67	3.5435659e-10
43.68	5.593711e-11
43.69	1.1862225e-11
43.7	1.3627663e-10
43.71	2.8198962e-10
43.72	4.7238052e-11
43.73	3.4612571e-10
43.74	5.4057157e-11
43.75	1.0844593e-11
43.76	1.3358868e-10
43.77	2.7847464e-10
43.78	4.4464781e-11
43.79	3.3865247e-10
43.8	5.2818892e-11
43.81	1.1388967e-11
43.82	1.3031805e-10
43.83	2.6889144e-10
43.84	4.4103707e-11
43.85	3.2956751e-10
43.86	5.1104631e-11
43.87	1.045731e-11
43.88	1.2691185e-10
43.89	2.6416532e-10
43.9	4.1492768e-11
43.91	3.207135e-10
43.92	4.9952741e-11
43.93	1.0989717e-11
43.94	1.2395124e-10
43.95	2.5514321e-10
43.96	4.1419126e-11
43.97	3.1194085e-10
43.98	4.8406394e-11
43.99	1.0027315e-11
44	1.1998383e-10
44.01	2.4943339e-10
44.02	3.7034896e-10
44.03	5.0275157e-11
44.04	2.846949e-11
44.05	1.509615e-10
44.06	2.8981292e-10
44.07	4.8407991e-11
44.08	3.5318125e-10
44.09	5.9136524e-11
44.1	1.1855262e-11
44.11	1.3973891e-10
44.12	2.9069653e-10
44.13	4.8651141e-11
44.14	3.5387048e-10
44.15	5.605265e-11
44.16	1.2041957e-11
44.17	1.3706502e-10
44.18	2.8525387e-10
44.19	4.8852874e-11
44.2	3.4839331e-10
44.21	5.5934979e-11
44.22	1.1091398e-11
44.23	1.3433314e-10
44.24	2.8031788e-10
44.25	4.5342374e-11
44.26	3.4088516e-10
44.27	5.2754979e-11
44.28	1.1576586e-11
44.29	1.308711e-10
44.3	2.7193773e-10
44.31	4.4914082e-11
44.32	3.3227194e-10
44.33	5.2104292e-11
44.34	1.0462054e-11
44.35	1.2708864e-10
44.36	2.6455172e-10
44.37	4.1773137e-11
44.38	3.2225435e-10
44.39	4.9189804e-11
44.4	1.0889664e-11
44.41	1.2312988e-10
44.42	2.5542576e-10
44.43	4.1506686e-11
44.44	3.1289257e-10
44.45	4.8498213e-11
44.46	9.9084044e-12
44.47	1.1940005e-10
44.48	2.4803623e-10
44.49	3.6831585e-10
44.5	4.9854037e-11
44.51	2.7828715e-11
44.52	1.4914677e-10
44.53	2.8737188e-10
44.54	4.7268094e-11
44.55	3.5110665e-10
44.56	5.7722894e-11
44.57	1.1685437e-11
44.58	1.3850139e-10
44.59	2.8662483e-10
44.6	4.7976422e-11
44.61	3.5052474e-10
44.62	5.470721e-11
44.63	1.173464e-11
44.64	1.3403567e-10
44.65	2.7961868e-10
44.66	4.7123537e-11
44.67	3.433537e-10
44.68	5.3884199e-11
44.69	1.0827424e-11
44.7	1.3199985e-10
44.71	2.7425176e-10
44.72	4.3705451e-11
44.73	3.3428031e-10
44.74	5.0565161e-11
44.75	1.121668e-11
44.76	1.2637056e-10
44.77	2.6359841e-10
44.78	4.2634591e-11
44.79	3.2330743e-10
44.8	4.9559224e-11
44.81	1.0056167e-11
44.82	1.2351507e-10
44.83	2.5644997e-10
44.84	3.9815068e-11
44.85	3.1195517e-10
44.86	4.6666131e-11
44.87	1.0420234e-11
44.88	1.1748739e-10
44.89	2.4504743e-10
44.9	3.6381781e-10
44.91	5.0135726e-11
44.92	2.7340271e-11
44.93	1.4990459e-10
44.94	2.8770576e-10
44.95	4.4846703e-11
44.96	3.4863025e-10
44.97	5.557452e-11
44.98	1.2157431e-11
44.99	1.3495215e-10
45	2.8082971e-10
45.01	4.8483196e-11
45.02	3.4338386e-10
45.03	5.4695569e-11
45.04	1.093723e-11
45.05	1.3360756e-10
45.06	2.773225e-10
45.07	4.4717242e-11
45.08	3.3748429e-10
45.09	5.1492637e-11
45.1	1.1325494e-11
45.11	1.2723552e-10
45.12	2.6545866e-10
45.13	4.3690467e-11
45.14	3.2559173e-10
45.15	4.99851e-11
45.16	1.0175026e-11
45.17	1.2490777e-10
45.18	2.5938329e-10
45.19	4.0322195e-11
45.2	3.1594514e-10
45.21	4.6698721e-11
45.22	1.0403178e-11
45.23	1.1797571e-10
45.24	2.4611708e-10
45.25	3.657972e-10
45.26	5.0511694e-11
45.27	2.7037798e-11
45.28	1.5141702e-10
45.29	2.9112827e-10
45.3	4.593318e-11
45.31	3.533959e-10
45.32	5.5197504e-11
45.33	1.1939503e-11
45.34	1.3573299e-10
45.35	2.8286278e-10
45.36	4.9032161e-11
45.37	3.4577873e-10
45.38	5.4451057e-11
45.39	1.080738e-11
45.4	1.3473247e-10
45.41	2.8006172e-10
45.42	4.5513205e-11
45.43	3.4181712e-10
45.44	5.0620627e-11
45.45	1.1107061e-11
45.46	1.2756869e-10
45.47	2.6685686e-10
45.48	4.3739147e-11
45.49	3.2699309e-10
45.5	4.9410686e-11
45.51	1.0066691e-11
45.52	1.2575461e-10
45.53	2.6096718e-10
45.54	4.0867999e-11
45.55	3.1882657e-10
45.56	4.5842118e-11
45.57	1.0192235e-11
45.58	1.1788097e-10
45.59	2.4641803e-10
45.6	3.6652824e-10
45.61	5.0442351e-11
45.62	2.6727098e-11
45.63	1.5238499e-10
45.64	2.9192525e-10
45.65	4.7091478e-11
45.66	3.5605845e-10
45.67	5.5555293e-11
45.68	1.1875264e-11
45.69	1.365479e-10
45.7	2.8489428e-10
45.71	4.9521531e-11
45.72	3.4798e-10
45.73	5.4554986e-11
45.74	1.0860155e-11
45.75	1.3606617e-10
45.76	2.8218901e-10
45.77	4.6822628e-11
45.78	3.461284e-10
45.79	5.1152878e-11
45.8	1.0896514e-11
45.81	1.2875519e-10
45.82	2.6976868e-10
45.83	4.4485216e-11
45.84	3.3027031e-10
45.85	4.9775653e-11
45.86	1.0083122e-11
45.87	1.2734941e-10
45.88	2.6380496e-10
45.89	4.2292045e-11
45.9	3.2288967e-10
45.91	4.6174901e-11
45.92	1.0009831e-11
45.93	1.1926006e-10
45.94	2.4961294e-10
45.95	3.7200885e-10
45.96	5.1531053e-11
45.97	2.6843374e-11
45.98	1.5513901e-10
45.99	2.968202e-10
46	4.9403298e-11
46.01	3.6253914e-10
46.02	5.7934194e-11
46.03	1.1762418e-11
46.04	1.4062919e-10
46.05	2.9332485e-10
46.06	5.1065402e-11
46.07	3.5774721e-10
46.08	5.7138069e-11
46.09	1.1068774e-11
46.1	1.3998587e-10
46.11	2.9129419e-10
46.12	4.9487962e-11
46.13	3.5736924e-10
46.14	5.4340978e-11
46.15	1.1050679e-11
46.16	1.3481961e-10
46.17	2.8248398e-10
46.18	4.6704297e-11
46.19	3.4340544e-10
46.2	5.2823434e-11
46.21	1.0446993e-11
46.22	1.3175866e-10
46.23	2.7437322e-10
46.24	4.5502063e-11
46.25	3.3638504e-10
46.26	5.0028522e-11
46.27	1.0306446e-11
46.28	1.2610156e-10
46.29	2.6411703e-10
46.3	4.2596436e-11
46.31	3.2005553e-10
46.32	4.8568184e-11
46.33	9.7060591e-12
46.34	1.2227785e-10
46.35	2.5412335e-10
46.36	4.1769572e-11
46.37	3.1145863e-10
46.38	4.6311044e-11
46.39	9.6042155e-12
46.4	1.1665323e-10
46.41	2.4416959e-10
46.42	3.6350417e-10
46.43	5.0441613e-11
46.44	2.6975024e-11
46.45	1.4983388e-10
46.46	2.869479e-10
46.47	4.9203366e-11
46.48	3.5056002e-10
46.49	5.8187777e-11
46.5	1.1492313e-11
46.51	1.3864248e-10
46.52	2.8949397e-10
46.53	5.056076e-11
46.54	3.5008143e-10
46.55	5.7608242e-11
46.56	1.1313611e-11
46.57	1.3704807e-10
46.58	2.8490765e-10
46.59	5.0306225e-11
46.6	3.5034703e-10
46.61	5.5544751e-11
46.62	1.083741e-11
46.63	1.341899e-10
46.64	2.8132002e-10
46.65	4.7350971e-11
46.66	3.4036927e-10
46.67	5.4313205e-11
46.68	1.0726033e-11
46.69	1.3144843e-10
46.7	2.731093e-10
46.71	4.6556341e-11
46.72	3.3511453e-10
46.73	5.1842426e-11
46.74	1.0253684e-11
46.75	1.272429e-10
46.76	2.6641127e-10
46.77	4.3722514e-11
46.78	3.2261016e-10
46.79	5.0571767e-11
46.8	1.0156583e-11
46.81	1.2388562e-10
46.82	2.5732354e-10
46.83	4.3109461e-11
46.84	3.1498489e-10
46.85	4.8368669e-11
46.86	9.6420287e-12
46.87	1.1961793e-10
46.88	2.5023693e-10
46.89	3.7242507e-10
46.9	5.2349849e-11
46.91	2.8417849e-11
46.92	1.5453028e-10
46.93	2.9608974e-10
46.94	5.1644424e-11
46.95	3.6128024e-10
46.96	6.1295285e-11
46.97	1.1982869e-11
46.98	1.4512552e-10
46.99	3.0203022e-10
47	5.2537156e-11
47.01	3.6630648e-10
47.02	6.0050439e-11
47.03	1.2142197e-11
47.04	1.4337576e-10
47.05	2.9825517e-10
47.06	5.2571719e-11
47.07	3.6588945e-10
47.08	5.8849754e-11
47.09	1.1324539e-11
47.1	1.4219751e-10
47.11	2.9764599e-10
47.12	4.947385e-11
47.13	3.6152816e-10
47.14	5.7421556e-11
47.15	1.1676417e-11
47.16	1.3894111e-10
47.17	2.8940519e-10
47.18	4.9194925e-11
47.19	3.5459265e-10
47.2	5.5557599e-11
47.21	1.078445e-11
47.22	1.3642114e-10
47.23	2.8532928e-10
47.24	4.6263156e-11
47.25	3.4714595e-10
47.26	5.4095145e-11
47.27	1.1200338e-11
47.28	1.3264943e-10
47.29	2.7578503e-10
47.3	4.5849561e-11
47.31	3.380926e-10
47.32	5.2246341e-11
47.33	1.0350824e-11
47.34	1.2977253e-10
47.35	2.7105045e-10
47.36	4.2981493e-11
47.37	3.2936223e-10
47.38	5.1022844e-11
47.39	1.0833408e-11
47.4	1.2592898e-10
47.41	2.6107412e-10
47.42	4.2770182e-11
47.43	3.2020678e-10
47.44	4.9138733e-11
47.45	9.9674754e-12
47.46	1.2293712e-10
47.47	2.5606942e-10
47.48	4.0296233e-11
47.49	3.1088361e-10
47.5	4.8080643e-11
47.51	1.0428153e-11
47.52	1.1940219e-10
47.53	2.4678126e-10
47.54	3.6634169e-10
47.55	5.1375277e-11
47.56	2.7915304e-11
47.57	1.5242623e-10
47.58	2.9318875e-10
47.59	4.7724403e-11
47.6	3.5648194e-10
47.61	5.9196973e-11
47.62	1.2782492e-11
47.63	1.4160158e-10
47.64	2.9217311e-10
47.65	5.2135666e-11
47.66	3.5790907e-10
47.67	5.8549272e-11
47.68	1.1517241e-11
47.69	1.4043155e-10
47.7	2.9324541e-10
47.71	4.8769914e-11
47.72	3.5787953e-10
47.73	5.6870722e-11
47.74	1.2239508e-11
47.75	1.3885794e-10
47.76	2.8736015e-10
47.77	4.8484033e-11
47.78	3.5249581e-10
47.79	5.5776021e-11
47.8	1.1077135e-11
47.81	1.3605893e-10
47.82	2.8383017e-10
47.83	4.5382063e-11
47.84	3.4597208e-10
47.85	5.3750877e-11
47.86	1.1644507e-11
47.87	1.3349316e-10
47.88	2.7613093e-10
47.89	4.5402293e-11
47.9	3.380922e-10
47.91	5.2707708e-11
47.92	1.0551199e-11
47.93	1.2956222e-10
47.94	2.7005096e-10
47.95	4.2384189e-11
47.96	3.2880542e-10
47.97	5.050947e-11
47.98	1.1100776e-11
47.99	1.2657795e-10
48	2.6170321e-10
48.01	4.2330918e-11
48.02	3.2036098e-10
48.03	4.9589742e-11
48.04	1.0095406e-11
48.05	1.2238169e-10
48.06	2.5458611e-10
48.07	3.9399995e-11
48.08	3.1032067e-10
48.09	4.7295157e-11
48.1	1.0607496e-11
48.11	1.1913366e-10
48.12	2.4610356e-10
48.13	3.6504935e-10
48.14	5.0515624e-11
48.15	2.7809892e-11
48.16	1.5014599e-10
48.17	2.8787001e-10
48.18	4.4998622e-11
48.19	3.501644e-10
48.2	5.6179547e-11
48.21	1.2483754e-11
48.22	1.3702402e-10
48.23	2.8382661e-10
48.24	4.9256554e-11
48.25	3.4811919e-10
48.26	5.610827e-11
48.27	1.107769e-11
48.28	1.3509752e-10
48.29	2.8082617e-10
48.3	4.5673045e-11
48.31	3.4339662e-10
48.32	5.315945e-11
48.33	1.1766385e-11
48.34	1.3121265e-10
48.35	2.7262502e-10
48.36	4.4992056e-11
48.37	3.3540728e-10
48.38	5.2341375e-11
48.39	1.056986e-11
48.4	1.2851817e-10
48.41	2.6724604e-10
48.42	4.1875992e-11
48.43	3.2621626e-10
48.44	4.9276795e-11
48.45	1.1019829e-11
48.46	1.2346139e-10
48.47	2.5686682e-10
48.48	4.1227526e-11
48.49	3.1609634e-10
48.5	4.8425389e-11
48.51	9.9117847e-12
48.52	1.2073426e-10
48.53	2.508674e-10
48.54	3.7230097e-10
48.55	4.9550918e-11
48.56	2.7456747e-11
48.57	1.491622e-10
48.58	2.8837588e-10
48.59	4.6777471e-11
48.6	3.5407475e-10
48.61	5.721486e-11
48.62	1.1661442e-11
48.63	1.3950027e-10
48.64	2.8865888e-10
48.65	4.741955e-11
48.66	3.5313374e-10
48.67	5.4066469e-11
48.68	1.161297e-11
48.69	1.3403801e-10
48.7	2.799668e-10
48.71	4.6573097e-11
48.72	3.4420244e-10
48.73	5.3310013e-11
48.74	1.0744947e-11
48.75	1.322657e-10
48.76	2.7473352e-10
48.77	4.3167403e-11
48.78	3.3499721e-10
48.79	4.9936165e-11
48.8	1.1048104e-11
48.81	1.2571584e-10
48.82	2.6256258e-10
48.83	4.2139822e-11
48.84	3.2246463e-10
48.85	4.8708141e-11
48.86	9.8969215e-12
48.87	1.2295652e-10
48.88	2.5540515e-10
48.89	3.927862e-11
48.9	3.1138991e-10
48.91	4.5659693e-11
48.92	1.0236589e-11
48.93	1.1618495e-10
48.94	2.4240425e-10
48.95	3.6021872e-10
48.96	4.9040399e-11
48.97	2.6657915e-11
48.98	1.481056e-10
48.99	2.8498018e-10
49	4.3956798e-11
49.01	3.4627625e-10
49.02	5.385528e-11
49.03	1.1852376e-11
49.04	1.3279311e-10
49.05	2.7662781e-10
49.06	4.7450581e-11
49.07	3.3886981e-10
49.08	5.3005557e-11
49.09	1.0693475e-11
49.1	1.3138957e-10
49.11	2.7300456e-10
49.12	4.381435e-11
49.13	3.337583e-10
49.14	4.9572951e-11
49.15	1.1001708e-11
49.16	1.2464109e-10
49.17	2.6045786e-10
49.18	4.2405676e-11
49.19	3.1974102e-10
49.2	4.8231638e-11
49.21	9.9050789e-12
49.22	1.2243869e-10
49.23	2.5446341e-10
49.24	3.9317031e-11
49.25	3.1100134e-10
49.26	4.4730608e-11
49.27	1.0000673e-11
49.28	1.1509544e-10
49.29	2.4052499e-10
49.3	3.5770822e-10
49.31	4.88552e-11
49.32	2.5967482e-11
49.33	1.4791801e-10
49.34	2.841256e-10
49.35	4.4880994e-11
49.36	3.4653516e-10
49.37	5.3277269e-11
49.38	1.1496669e-11
49.39	1.3230944e-10
49.4	2.7619275e-10
49.41	4.7448781e-11
49.42	3.382471e-10
49.43	5.2413946e-11
49.44	1.0424735e-11
49.45	1.3171959e-10
49.46	2.7326562e-10
49.47	4.4605957e-11
49.48	3.3564831e-10
49.49	4.9071577e-11
49.5	1.0579481e-11
49.51	1.2468367e-10
49.52	2.6104076e-10
49.53	4.2426703e-11
49.54	3.2013386e-10
49.55	4.7889806e-11
49.56	9.7088834e-12
49.57	1.2312081e-10
49.58	2.5507159e-10
49.59	4.0246872e-11
49.6	3.1246917e-10
49.61	4.4514914e-11
49.62	9.7188692e-12
49.63	1.1501216e-10
49.64	2.4099543e-10
49.65	3.5901994e-10
49.66	4.9290645e-11
49.67	2.5850031e-11
49.68	1.4931418e-10
49.69	2.860891e-10
49.7	4.6786084e-11
49.71	3.4982866e-10
49.72	5.4938139e-11
49.73	1.1413471e-11
49.74	1.3460223e-10
49.75	2.810082e-10
49.76	4.8657079e-11
49.77	3.4359104e-10
49.78	5.4088995e-11
49.79	1.0629966e-11
49.8	1.3424306e-10
49.81	2.7910154e-10
49.82	4.6849466e-11
49.83	3.4263093e-10
49.84	5.1084884e-11
49.85	1.0542392e-11
49.86	1.2844228e-10
49.87	2.6914293e-10
49.88	4.4024367e-11
49.89	3.2855183e-10
49.9	4.9924014e-11
49.91	9.9263702e-12
49.92	1.2605617e-10
49.93	2.6229494e-10
49.94	4.2711197e-11
49.95	3.2137307e-10
49.96	4.6942717e-11
49.97	9.7928488e-12
49.98	1.197062e-10
49.99	2.5096865e-10
50	4.0107145e-11
