0.01	36
0.02	33
0.03	30
0.04	30
0.05	30
0.06	30
0.07	30
0.08	29
0.09	29
0.1	29
0.11	29
0.12	29
0.13	29
0.14	28
0.15	29
0.16	29
0.17	29
0.18	29
0.19	28
0.2	28
0.21	29
0.22	29
0.23	29
0.24	28
0.25	29
0.26	29
0.27	28
0.28	28
0.29	28
0.3	28
0.31	28
0.32	28
0.33	28
0.34	28
0.35	28
0.36	28
0.37	28
0.38	28
0.39	28
0.4	28
0.41	28
0.42	28
0.43	28
0.44	28
0.45	28
0.46	28
0.47	28
0.48	28
0.49	28
0.5	28
0.51	28
0.52	28
0.53	27
0.54	28
0.55	28
0.56	28
0.57	28
0.58	28
0.59	28
0.6	28
0.61	28
0.62	28
0.63	28
0.64	28
0.65	28
0.66	28
0.67	28
0.68	27
0.69	28
0.7	27
0.71	27
0.72	27
0.73	27
0.74	27
0.75	27
0.76	27
0.77	27
0.78	27
0.79	27
0.8	27
0.81	27
0.82	27
0.83	27
0.84	27
0.85	27
0.86	27
0.87	27
0.88	27
0.89	27
0.9	27
0.91	27
0.92	27
0.93	27
0.94	27
0.95	27
0.96	27
0.97	27
0.98	26
0.99	26
1	26
1.01	26
1.02	26
1.03	26
1.04	27
1.05	27
1.06	26
1.07	27
1.08	26
1.09	26
1.1	26
1.11	26
1.12	27
1.13	26
1.14	26
1.15	26
1.16	26
1.17	26
1.18	26
1.19	26
1.2	26
1.21	26
1.22	26
1.23	26
1.24	26
1.25	26
1.26	27
1.27	26
1.28	26
1.29	26
1.3	26
1.31	26
1.32	26
1.33	26
1.34	26
1.35	26
1.36	26
1.37	26
1.38	26
1.39	26
1.4	26
1.41	25
1.42	25
1.43	25
1.44	25
1.45	25
1.46	25
1.47	25
1.48	25
1.49	25
1.5	25
1.51	25
1.52	25
1.53	25
1.54	25
1.55	25
1.56	25
1.57	25
1.58	25
1.59	25
1.6	25
1.61	25
1.62	25
1.63	25
1.64	25
1.65	25
1.66	25
1.67	25
1.68	25
1.69	25
1.7	25
1.71	25
1.72	25
1.73	25
1.74	25
1.75	25
1.76	25
1.77	25
1.78	25
1.79	25
1.8	25
1.81	25
1.82	25
1.83	25
1.84	25
1.85	25
1.86	25
1.87	25
1.88	25
1.89	25
1.9	25
1.91	25
1.92	25
1.93	25
1.94	25
1.95	25
1.96	25
1.97	25
1.98	25
1.99	25
2	25
2.01	25
2.02	25
2.03	25
2.04	25
2.05	25
2.06	25
2.07	25
2.08	25
2.09	25
2.1	25
2.11	25
2.12	25
2.13	25
2.14	25
2.15	24
2.16	22
2.17	22
2.18	22
2.19	21
2.2	22
2.21	21
2.22	22
2.23	21
2.24	22
2.25	21
2.26	22
2.27	21
2.28	24
2.29	21
2.3	21
2.31	21
2.32	22
2.33	21
2.34	22
2.35	22
2.36	24
2.37	21
2.38	21
2.39	24
2.4	21
2.41	21
2.42	21
2.43	24
2.44	21
2.45	21
2.46	21
2.47	22
2.48	22
2.49	22
2.5	24
2.51	24
2.52	25
2.53	25
2.54	25
2.55	25
2.56	24
2.57	25
2.58	25
2.59	25
2.6	25
2.61	21
2.62	24
2.63	24
2.64	25
2.65	24
2.66	25
2.67	21
2.68	21
2.69	21
2.7	21
2.71	21
2.72	21
2.73	22
2.74	22
2.75	22
2.76	22
2.77	22
2.78	22
2.79	22
2.8	19
2.81	21
2.82	25
2.83	25
2.84	24
2.85	21
2.86	20
2.87	20
2.88	22
2.89	22
2.9	24
2.91	24
2.92	24
2.93	24
2.94	24
2.95	24
2.96	24
2.97	24
2.98	24
2.99	24
3	24
3.01	24
3.02	24
3.03	24
3.04	24
3.05	24
3.06	24
3.07	24
3.08	24
3.09	24
3.1	24
3.11	24
3.12	24
3.13	24
3.14	24
3.15	20
3.16	24
3.17	24
3.18	24
3.19	24
3.2	24
3.21	24
3.22	24
3.23	24
3.24	24
3.25	24
3.26	21
3.27	24
3.28	24
3.29	24
3.3	24
3.31	24
3.32	24
3.33	24
3.34	24
3.35	24
3.36	24
3.37	24
3.38	24
3.39	24
3.4	24
3.41	24
3.42	24
3.43	24
3.44	24
3.45	24
3.46	24
3.47	24
3.48	24
3.49	24
3.5	24
3.51	24
3.52	24
3.53	24
3.54	24
3.55	24
3.56	24
3.57	24
3.58	24
3.59	24
3.6	24
3.61	24
3.62	24
3.63	24
3.64	24
3.65	24
3.66	24
3.67	20
3.68	20
3.69	23
3.7	23
3.71	23
3.72	23
3.73	23
3.74	23
3.75	23
3.76	23
3.77	23
3.78	23
3.79	23
3.8	20
3.81	23
3.82	23
3.83	23
3.84	23
3.85	23
3.86	23
3.87	23
3.88	23
3.89	23
3.9	23
3.91	23
3.92	23
3.93	23
3.94	23
3.95	23
3.96	23
3.97	23
3.98	23
3.99	23
4	24
4.01	24
4.02	23
4.03	23
4.04	23
4.05	23
4.06	23
4.07	23
4.08	23
4.09	23
4.1	20
4.11	23
4.12	24
4.13	23
4.14	23
4.15	23
4.16	23
4.17	23
4.18	23
4.19	23
4.2	23
4.21	23
4.22	23
4.23	23
4.24	23
4.25	23
4.26	23
4.27	23
4.28	23
4.29	23
4.3	23
4.31	23
4.32	23
4.33	23
4.34	23
4.35	23
4.36	23
4.37	23
4.38	23
4.39	23
4.4	23
4.41	23
4.42	23
4.43	23
4.44	23
4.45	23
4.46	23
4.47	23
4.48	23
4.49	23
4.5	23
4.51	22
4.52	22
4.53	22
4.54	22
4.55	22
4.56	22
4.57	22
4.58	22
4.59	22
4.6	22
4.61	22
4.62	22
4.63	22
4.64	22
4.65	22
4.66	22
4.67	22
4.68	22
4.69	22
4.7	22
4.71	22
4.72	22
4.73	22
4.74	22
4.75	22
4.76	22
4.77	22
4.78	22
4.79	22
4.8	22
4.81	22
4.82	22
4.83	22
4.84	22
4.85	22
4.86	22
4.87	22
4.88	22
4.89	22
4.9	22
4.91	22
4.92	22
4.93	22
4.94	22
4.95	22
4.96	22
4.97	22
4.98	22
4.99	22
5	22
5.01	22
5.02	22
5.03	22
5.04	22
5.05	22
5.06	22
5.07	22
5.08	22
5.09	22
5.1	22
5.11	22
5.12	22
5.13	22
5.14	22
5.15	22
5.16	22
5.17	22
5.18	22
5.19	22
5.2	22
5.21	22
5.22	22
5.23	22
5.24	22
5.25	22
5.26	22
5.27	22
5.28	22
5.29	22
5.3	22
5.31	22
5.32	22
5.33	22
5.34	22
5.35	22
5.36	22
5.37	22
5.38	22
5.39	22
5.4	22
5.41	22
5.42	22
5.43	22
5.44	22
5.45	22
5.46	22
5.47	22
5.48	22
5.49	19
5.5	19
5.51	19
5.52	19
5.53	19
5.54	19
5.55	19
5.56	19
5.57	19
5.58	19
5.59	19
5.6	19
5.61	19
5.62	19
5.63	19
5.64	19
5.65	19
5.66	19
5.67	19
5.68	19
5.69	19
5.7	19
5.71	19
5.72	19
5.73	19
5.74	19
5.75	19
5.76	19
5.77	19
5.78	19
5.79	19
5.8	19
5.81	19
5.82	19
5.83	19
5.84	19
5.85	19
5.86	19
5.87	19
5.88	19
5.89	19
5.9	19
5.91	19
5.92	19
5.93	19
5.94	19
5.95	19
5.96	19
5.97	19
5.98	19
5.99	19
6	19
6.01	19
6.02	19
6.03	19
6.04	19
6.05	19
6.06	19
6.07	19
6.08	19
6.09	19
6.1	19
6.11	19
6.12	19
6.13	19
6.14	19
6.15	19
6.16	19
6.17	19
6.18	19
6.19	19
6.2	12
6.21	19
6.22	9
6.23	19
6.24	19
6.25	19
6.26	19
6.27	10
6.28	19
6.29	9
6.3	11
6.31	19
6.32	9
6.33	19
6.34	19
6.35	9
6.36	19
6.37	9
6.38	19
6.39	19
6.4	9
6.41	19
6.42	9
6.43	19
6.44	19
6.45	9
6.46	19
6.47	9
6.48	19
6.49	19
6.5	9
6.51	19
6.52	9
6.53	19
6.54	19
6.55	9
6.56	19
6.57	9
6.58	9
6.59	19
6.6	9
6.61	11
6.62	19
6.63	9
6.64	9
6.65	19
6.66	9
6.67	19
6.68	9
6.69	19
6.7	9
6.71	9
6.72	19
6.73	9
6.74	9
6.75	19
6.76	9
6.77	9
6.78	19
6.79	9
6.8	9
6.81	19
6.82	9
6.83	9
6.84	19
6.85	9
6.86	9
6.87	19
6.88	9
6.89	9
6.9	19
6.91	8
6.92	9
6.93	18
6.94	9
6.95	9
6.96	19
6.97	8
6.98	9
6.99	18
7	9
7.01	9
7.02	18
7.03	9
7.04	19
7.05	8
7.06	19
7.07	9
7.08	19
7.09	8
7.1	19
7.11	9
7.12	18
7.13	8
7.14	9
7.15	18
7.16	8
7.17	9
7.18	18
7.19	8
7.2	18
7.21	8
7.22	18
7.23	8
7.24	18
7.25	8
7.26	18
7.27	8
7.28	18
7.29	8
7.3	18
7.31	8
7.32	18
7.33	8
7.34	18
7.35	8
7.36	18
7.37	8
7.38	9
7.39	18
7.4	9
7.41	9
7.42	9
7.43	18
7.44	9
7.45	9
7.46	9
7.47	18
7.48	6
7.49	8
7.5	18
7.51	8
7.52	9
7.53	18
7.54	8
7.55	6
7.56	8
7.57	19
7.58	6
7.59	8
7.6	18
7.61	8
7.62	9
7.63	18
7.64	8
7.65	8
7.66	18
7.67	8
7.68	18
7.69	6
7.7	9
7.71	18
7.72	8
7.73	8
7.74	8
7.75	18
7.76	6
7.77	8
7.78	9
7.79	18
7.8	8
7.81	8
7.82	8
7.83	18
7.84	6
7.85	8
7.86	18
7.87	6
7.88	9
7.89	18
7.9	8
7.91	8
7.92	8
7.93	18
7.94	6
7.95	8
7.96	9
7.97	18
7.98	8
7.99	6
8	8
8.01	18
8.02	6
8.03	8
8.04	18
8.05	6
8.06	8
8.07	18
8.08	6
8.09	8
8.1	18
8.11	6
8.12	8
8.13	18
8.14	6
8.15	8
8.16	6
8.17	18
8.18	5
8.19	8
8.2	5
8.21	8
8.22	17
8.23	8
8.24	6
8.25	8
8.26	5
8.27	18
8.28	5
8.29	18
8.3	18
8.31	5
8.32	8
8.33	17
8.34	6
8.35	8
8.36	5
8.37	18
8.38	5
8.39	6
8.4	8
8.41	5
8.42	18
8.43	5
8.44	17
8.45	18
8.46	5
8.47	8
8.48	5
8.49	17
8.5	5
8.51	17
8.52	18
8.53	5
8.54	8
8.55	5
8.56	17
8.57	5
8.58	17
8.59	18
8.6	5
8.61	8
8.62	5
8.63	17
8.64	5
8.65	17
8.66	17
8.67	5
8.68	8
8.69	5
8.7	17
8.71	5
8.72	17
8.73	17
8.74	5
8.75	8
8.76	5
8.77	17
8.78	5
8.79	17
8.8	17
8.81	5
8.82	8
8.83	5
8.84	17
8.85	5
8.86	17
8.87	17
8.88	5
8.89	8
8.9	5
8.91	17
8.92	5
8.93	5
8.94	8
8.95	5
8.96	8
8.97	16
8.98	5
8.99	8
9	5
9.01	6
9.02	8
9.03	15
9.04	8
9.05	5
9.06	8
9.07	5
9.08	8
9.09	15
9.1	5
9.11	5
9.12	8
9.13	5
9.14	8
9.15	15
9.16	5
9.17	17
9.18	17
9.19	5
9.2	8
9.21	5
9.22	17
9.23	5
9.24	8
9.25	5
9.26	6
9.27	8
9.28	16
9.29	8
9.3	5
9.31	5
9.32	7
9.33	5
9.34	17
9.35	5
9.36	5
9.37	7
9.38	5
9.39	8
9.4	14
9.41	5
9.42	17
9.43	17
9.44	5
9.45	8
9.46	5
9.47	17
9.48	5
9.49	8
9.5	5
9.51	5
9.52	8
9.53	14
9.54	5
9.55	17
9.56	5
9.57	17
9.58	15
9.59	5
9.6	17
9.61	4
9.62	4
9.63	7
9.64	5
9.65	5
9.66	17
9.67	4
9.68	4
9.69	8
9.7	4
9.71	6
9.72	5
9.73	17
9.74	5
9.75	14
9.76	17
9.77	4
9.78	4
9.79	5
9.8	8
9.81	5
9.82	16
9.83	5
9.84	16
9.85	17
9.86	4
9.87	7
9.88	4
9.89	4
9.9	17
9.91	4
9.92	4
9.93	5
9.94	5
9.95	4
9.96	4
9.97	17
9.98	5
9.99	5
10	17
10.01	16
10.02	4
10.03	4
10.04	5
10.05	4
10.06	4
10.07	16
10.08	5
10.09	15
10.1	17
10.11	4
10.12	4
10.13	4
10.14	6
10.15	4
10.16	16
10.17	4
10.18	16
10.19	17
10.2	4
10.21	6
10.22	4
10.23	4
10.24	4
10.25	16
10.26	5
10.27	15
10.28	17
10.29	4
10.3	4
10.31	4
10.32	5
10.33	4
10.34	4
10.35	16
10.36	15
10.37	7
10.38	5
10.39	16
10.4	4
10.41	15
10.42	17
10.43	7
10.44	4
10.45	4
10.46	4
10.47	4
10.48	16
10.49	5
10.5	4
10.51	4
10.52	7
10.53	4
10.54	4
10.55	4
10.56	8
10.57	16
10.58	8
10.59	16
10.6	16
10.61	4
10.62	3
10.63	4
10.64	4
10.65	4
10.66	4
10.67	16
10.68	5
10.69	14
10.7	16
10.71	4
10.72	4
10.73	4
10.74	4
10.75	4
10.76	4
10.77	4
10.78	16
10.79	4
10.8	13
10.81	16
10.82	4
10.83	3
10.84	3
10.85	4
10.86	4
10.87	4
10.88	4
10.89	4
10.9	15
10.91	14
10.92	4
10.93	7
10.94	14
10.95	4
10.96	16
10.97	16
10.98	4
10.99	4
11	4
11.01	3
11.02	3
11.03	4
11.04	4
11.05	4
11.06	16
11.07	15
11.08	4
11.09	4
11.1	15
11.11	8
11.12	14
11.13	8
11.14	16
11.15	16
11.16	4
11.17	7
11.18	16
11.19	4
11.2	15
11.21	16
11.22	4
11.23	4
11.24	3
11.25	3
11.26	3
11.27	3
11.28	3
11.29	4
11.3	15
11.31	14
11.32	4
11.33	7
11.34	7
11.35	16
11.36	16
11.37	3
11.38	4
11.39	15
11.4	7
11.41	8
11.42	7
11.43	7
11.44	4
11.45	4
11.46	3
11.47	3
11.48	4
11.49	3
11.5	3
11.51	15
11.52	16
11.53	3
11.54	4
11.55	15
11.56	15
11.57	6
11.58	4
11.59	4
11.6	14
11.61	16
11.62	3
11.63	4
11.64	15
11.65	4
11.66	13
11.67	8
11.68	15
11.69	15
11.7	3
11.71	3
11.72	4
11.73	14
11.74	16
11.75	3
11.76	4
11.77	15
11.78	7
11.79	14
11.8	4
11.81	15
11.82	16
11.83	3
11.84	4
11.85	4
11.86	14
11.87	4
11.88	14
11.89	16
11.9	3
11.91	3
11.92	3
11.93	3
11.94	3
11.95	3
11.96	3
11.97	3
11.98	3
11.99	3
12	4
12.01	3
12.02	3
12.03	15
12.04	16
12.05	3
12.06	4
12.07	15
12.08	14
12.09	5
12.1	4
12.11	3
12.12	15
12.13	7
12.14	15
12.15	4
12.16	16
12.17	16
12.18	3
12.19	3
12.2	15
12.21	7
12.22	15
12.23	4
12.24	15
12.25	14
12.26	5
12.27	2
12.28	6
12.29	5
12.3	4
12.31	15
12.32	14
12.33	3
12.34	4
12.35	3
12.36	3
12.37	15
12.38	15
12.39	3
12.4	3
12.41	15
12.42	14
12.43	3
12.44	3
12.45	4
12.46	15
12.47	4
12.48	13
12.49	14
12.5	3
12.51	3
12.52	2
12.53	3
12.54	2
12.55	4
12.56	2
12.57	3
12.58	2
12.59	2
12.6	3
12.61	2
12.62	3
12.63	2
12.64	4
12.65	2
12.66	3
12.67	12
12.68	15
12.69	4
12.7	3
12.71	3
12.72	4
12.73	3
12.74	3
12.75	14
12.76	13
12.77	4
12.78	4
12.79	3
12.8	15
12.81	15
12.82	3
12.83	3
12.84	3
12.85	15
12.86	5
12.87	14
12.88	15
12.89	3
12.9	3
12.91	2
12.92	3
12.93	1
12.94	3
12.95	2
12.96	3
12.97	1
12.98	3
12.99	1
13	2
13.01	3
13.02	2
13.03	2
13.04	3
13.05	2
13.06	3
13.07	2
13.08	4
13.09	2
13.1	4
13.11	1
13.12	4
13.13	2
13.14	14
13.15	14
13.16	4
13.17	2
13.18	15
13.19	5
13.2	2
13.21	14
13.22	16
13.23	2
13.24	4
13.25	2
13.26	3
13.27	2
13.28	2
13.29	2
13.3	3
13.31	1
13.32	3
13.33	1
13.34	3
13.35	1
13.36	2
13.37	2
13.38	2
13.39	3
13.4	1
13.41	2
13.42	3
13.43	2
13.44	2
13.45	2
13.46	3
13.47	2
13.48	3
13.49	1
13.5	3
13.51	1
13.52	2
13.53	15
13.54	15
13.55	3
13.56	4
13.57	3
13.58	14
13.59	6
13.6	15
13.61	16
13.62	2
13.63	3
13.64	2
13.65	2
13.66	2
13.67	3
13.68	2
13.69	2
13.7	2
13.71	3
13.72	2
13.73	2
13.74	2
13.75	2
13.76	3
13.77	1
13.78	2
13.79	2
13.8	2
13.81	3
13.82	1
13.83	1
13.84	2
13.85	2
13.86	2
13.87	3
13.88	2
13.89	2
13.9	2
13.91	3
13.92	2
13.93	2
13.94	4
13.95	2
13.96	3
13.97	2
13.98	13
13.99	15
14	3
14.01	5
14.02	4
14.03	3
14.04	3
14.05	2
14.06	13
14.07	15
14.08	3
14.09	2
14.1	4
14.11	2
14.12	4
14.13	2
14.14	4
14.15	2
14.16	3
14.17	2
14.18	2
14.19	2
14.2	3
14.21	2
14.22	2
14.23	2
14.24	3
14.25	2
14.26	2
14.27	3
14.28	2
14.29	1
14.3	3
14.31	2
14.32	2
14.33	3
14.34	2
14.35	11
14.36	15
14.37	3
14.38	3
14.39	2
14.4	15
14.41	5
14.42	15
14.43	2
14.44	15
14.45	16
14.46	3
14.47	5
14.48	15
14.49	5
14.5	15
14.51	2
14.52	15
14.53	16
14.54	4
14.55	2
14.56	4
14.57	2
14.58	14
14.59	7
14.6	15
14.61	5
14.62	15
14.63	13
14.64	3
14.65	3
14.66	2
14.67	4
14.68	3
14.69	3
14.7	2
14.71	2
14.72	3
14.73	2
14.74	2
14.75	2
14.76	2
14.77	2
14.78	1
14.79	3
14.8	2
14.81	2
14.82	3
14.83	2
14.84	1
14.85	3
14.86	2
14.87	2
14.88	2
14.89	2
14.9	2
14.91	1
14.92	3
14.93	2
14.94	2
14.95	3
14.96	2
14.97	1
14.98	3
14.99	2
15	1
15.01	3
15.02	2
15.03	1
15.04	3
15.05	2
15.06	2
15.07	1
15.08	2
15.09	1
15.1	1
15.11	1
15.12	2
15.13	2
15.14	2
15.15	1
15.16	2
15.17	1
15.18	3
15.19	2
15.2	2
15.21	3
15.22	2
15.23	1
15.24	1
15.25	3
15.26	2
15.27	1
15.28	4
15.29	3
15.3	2
15.31	2
15.32	2
15.33	1
15.34	1
15.35	3
15.36	2
15.37	2
15.38	2
15.39	2
15.4	1
15.41	1
15.42	2
15.43	2
15.44	1
15.45	1
15.46	2
15.47	2
15.48	2
15.49	1
15.5	1
15.51	3
15.52	2
15.53	2
15.54	3
15.55	2
15.56	1
15.57	1
15.58	3
15.59	2
15.6	1
15.61	3
15.62	2
15.63	1
15.64	1
15.65	3
15.66	2
15.67	1
15.68	2
15.69	1
15.7	2
15.71	1
15.72	1
15.73	1
15.74	3
15.75	2
15.76	2
15.77	2
15.78	1
15.79	1
15.8	2
15.81	2
15.82	1
15.83	1
15.84	2
15.85	2
15.86	2
15.87	1
15.88	1
15.89	1
15.9	3
15.91	3
15.92	2
15.93	2
15.94	1
15.95	1
15.96	1
15.97	1
15.98	2
15.99	2
16	2
16.01	1
16.02	2
16.03	1
16.04	1
16.05	1
16.06	1
16.07	2
16.08	2
16.09	2
16.1	1
16.11	3
16.12	2
16.13	1
16.14	2
16.15	1
16.16	1
16.17	1
16.18	1
16.19	2
16.2	2
16.21	2
16.22	1
16.23	2
16.24	1
16.25	1
16.26	1
16.27	1
16.28	1
16.29	1
16.3	2
16.31	2
16.32	2
16.33	1
16.34	2
16.35	1
16.36	1
16.37	1
16.38	1
16.39	1
16.4	2
16.41	2
16.42	2
16.43	2
16.44	1
16.45	1
16.46	1
16.47	1
16.48	1
16.49	2
16.5	2
16.51	2
16.52	1
16.53	1
16.54	2
16.55	2
16.56	1
16.57	1
16.58	1
16.59	1
16.6	2
16.61	2
16.62	2
16.63	1
16.64	1
16.65	2
16.66	1
16.67	3
16.68	2
16.69	1
16.7	1
16.71	1
16.72	1
16.73	1
16.74	1
16.75	1
16.76	1
16.77	1
16.78	1
16.79	1
16.8	1
16.81	1
16.82	1
16.83	1
16.84	1
16.85	1
16.86	1
16.87	1
16.88	1
16.89	1
16.9	1
16.91	1
16.92	1
16.93	1
16.94	1
16.95	1
16.96	1
16.97	1
16.98	1
16.99	1
17	1
17.01	1
17.02	1
17.03	1
17.04	1
17.05	1
17.06	1
17.07	1
17.08	1
17.09	1
17.1	1
17.11	1
17.12	1
17.13	1
17.14	1
17.15	1
17.16	1
17.17	1
17.18	1
17.19	1
17.2	1
17.21	1
17.22	1
17.23	1
17.24	1
17.25	1
17.26	1
17.27	1
17.28	1
17.29	1
17.3	1
17.31	1
17.32	1
17.33	1
17.34	1
17.35	1
17.36	1
17.37	1
17.38	1
17.39	1
17.4	1
17.41	1
17.42	1
17.43	1
17.44	1
17.45	1
17.46	1
17.47	1
17.48	1
17.49	1
17.5	1
17.51	1
17.52	1
17.53	1
17.54	1
17.55	1
17.56	1
17.57	1
17.58	1
17.59	1
17.6	1
17.61	1
17.62	1
17.63	1
17.64	1
17.65	1
17.66	1
17.67	1
17.68	1
17.69	1
17.7	1
17.71	1
17.72	1
17.73	1
17.74	1
17.75	1
17.76	1
17.77	1
17.78	1
17.79	1
17.8	1
17.81	1
17.82	1
17.83	1
17.84	1
17.85	1
17.86	1
17.87	1
17.88	1
17.89	1
17.9	1
17.91	1
17.92	1
17.93	1
17.94	1
17.95	1
17.96	1
17.97	1
17.98	1
17.99	1
18	1
18.01	1
18.02	1
18.03	1
18.04	1
18.05	1
18.06	1
18.07	0
18.08	1
18.09	1
18.1	1
18.11	1
18.12	1
18.13	1
18.14	0
18.15	1
18.16	1
18.17	0
18.18	1
18.19	1
18.2	1
18.21	1
18.22	1
18.23	0
18.24	1
18.25	1
18.26	0
18.27	1
18.28	1
18.29	1
18.3	1
18.31	1
18.32	0
18.33	1
18.34	1
18.35	0
18.36	1
18.37	1
18.38	1
18.39	1
18.4	1
18.41	0
18.42	1
18.43	1
18.44	0
18.45	1
18.46	1
18.47	1
18.48	1
18.49	1
18.5	0
18.51	1
18.52	1
18.53	0
18.54	1
18.55	1
18.56	1
18.57	1
18.58	1
18.59	0
18.6	1
18.61	1
18.62	0
18.63	1
18.64	1
18.65	1
18.66	0
18.67	1
18.68	1
18.69	0
18.7	1
18.71	1
18.72	0
18.73	1
18.74	1
18.75	0
18.76	1
18.77	1
18.78	0
18.79	1
18.8	1
18.81	0
18.82	1
18.83	1
18.84	0
18.85	1
18.86	1
18.87	0
18.88	1
18.89	1
18.9	0
18.91	1
18.92	1
18.93	0
18.94	1
18.95	1
18.96	0
18.97	1
18.98	1
18.99	0
19	1
19.01	1
19.02	0
19.03	1
19.04	1
19.05	0
19.06	1
19.07	1
19.08	0
19.09	1
19.1	1
19.11	0
19.12	1
19.13	1
19.14	0
19.15	1
19.16	1
19.17	0
19.18	1
19.19	1
19.2	0
19.21	1
19.22	1
19.23	0
19.24	1
19.25	1
19.26	0
19.27	1
19.28	1
19.29	0
19.3	1
19.31	1
19.32	0
19.33	1
19.34	1
19.35	0
19.36	1
19.37	1
19.38	0
19.39	1
19.4	1
19.41	0
19.42	1
19.43	1
19.44	0
19.45	1
19.46	1
19.47	0
19.48	1
19.49	1
19.5	0
19.51	1
19.52	1
19.53	0
19.54	1
19.55	1
19.56	0
19.57	1
19.58	1
19.59	0
19.6	1
19.61	1
19.62	0
19.63	1
19.64	1
19.65	0
19.66	1
19.67	1
19.68	0
19.69	1
19.7	1
19.71	0
19.72	1
19.73	1
19.74	0
19.75	1
19.76	1
19.77	0
19.78	1
19.79	1
19.8	0
19.81	1
19.82	1
19.83	0
19.84	1
19.85	1
19.86	0
19.87	1
19.88	1
19.89	0
19.9	1
19.91	1
19.92	0
19.93	1
19.94	1
19.95	0
19.96	1
19.97	1
19.98	0
19.99	1
20	1
20.01	0
20.02	1
20.03	1
20.04	0
20.05	1
20.06	1
20.07	0
20.08	1
20.09	1
20.1	0
20.11	1
20.12	1
20.13	0
20.14	1
20.15	1
20.16	0
20.17	1
20.18	1
20.19	0
20.2	1
20.21	1
20.22	0
20.23	1
20.24	1
20.25	0
20.26	1
20.27	1
20.28	0
20.29	1
20.3	1
20.31	0
20.32	1
20.33	1
20.34	0
20.35	1
20.36	1
20.37	0
20.38	1
20.39	1
20.4	0
20.41	1
20.42	1
20.43	0
20.44	1
20.45	1
20.46	0
20.47	1
20.48	1
20.49	0
20.5	0
20.51	1
20.52	1
20.53	0
20.54	1
20.55	1
20.56	0
20.57	0
20.58	1
20.59	1
20.6	0
20.61	1
20.62	1
20.63	0
20.64	0
20.65	1
20.66	1
20.67	0
20.68	1
20.69	1
20.7	0
20.71	0
20.72	1
20.73	1
20.74	0
20.75	1
20.76	1
20.77	0
20.78	0
20.79	1
20.8	1
20.81	0
20.82	1
20.83	0
20.84	1
20.85	1
20.86	0
20.87	1
20.88	0
20.89	1
20.9	1
20.91	0
20.92	0
20.93	1
20.94	1
20.95	0
20.96	1
20.97	0
20.98	1
20.99	1
21	0
21.01	0
21.02	1
21.03	1
21.04	0
21.05	1
21.06	0
21.07	1
21.08	1
21.09	0
21.1	0
21.11	1
21.12	1
21.13	0
21.14	0
21.15	1
21.16	1
21.17	0
21.18	1
21.19	0
21.2	1
21.21	1
21.22	0
21.23	0
21.24	1
21.25	1
21.26	0
21.27	0
21.28	1
21.29	1
21.3	0
21.31	0
21.32	1
21.33	1
21.34	0
21.35	0
21.36	1
21.37	1
21.38	0
21.39	0
21.4	1
21.41	1
21.42	0
21.43	0
21.44	1
21.45	1
21.46	0
21.47	0
21.48	1
21.49	1
21.5	0
21.51	0
21.52	1
21.53	1
21.54	0
21.55	0
21.56	1
21.57	1
21.58	0
21.59	0
21.6	1
21.61	1
21.62	0
21.63	1
21.64	0
21.65	1
21.66	1
21.67	0
21.68	0
21.69	1
21.7	1
21.71	0
21.72	0
21.73	1
21.74	1
21.75	0
21.76	0
21.77	1
21.78	1
21.79	0
21.8	0
21.81	1
21.82	1
21.83	0
21.84	1
21.85	0
21.86	1
21.87	1
21.88	0
21.89	0
21.9	1
21.91	1
21.92	0
21.93	0
21.94	1
21.95	1
21.96	0
21.97	0
21.98	1
21.99	1
22	0
22.01	1
22.02	0
22.03	1
22.04	1
22.05	0
22.06	0
22.07	1
22.08	1
22.09	0
22.1	0
22.11	1
22.12	1
22.13	0
22.14	1
22.15	0
22.16	1
22.17	1
22.18	0
22.19	0
22.2	1
22.21	1
22.22	0
22.23	0
22.24	1
22.25	1
22.26	0
22.27	1
22.28	0
22.29	1
22.3	1
22.31	0
22.32	0
22.33	1
22.34	1
22.35	0
22.36	0
22.37	1
22.38	1
22.39	0
22.4	1
22.41	0
22.42	1
22.43	1
22.44	0
22.45	0
22.46	1
22.47	1
22.48	0
22.49	0
22.5	1
22.51	1
22.52	0
22.53	1
22.54	0
22.55	1
22.56	1
22.57	0
22.58	0
22.59	1
22.6	1
22.61	0
22.62	0
22.63	1
22.64	1
22.65	0
22.66	1
22.67	0
22.68	1
22.69	1
22.7	0
22.71	0
22.72	1
22.73	1
22.74	0
22.75	0
22.76	1
22.77	1
22.78	0
22.79	0
22.8	1
22.81	1
22.82	0
22.83	0
22.84	1
22.85	1
22.86	0
22.87	1
22.88	0
22.89	1
22.9	1
22.91	0
22.92	0
22.93	1
22.94	1
22.95	0
22.96	0
22.97	1
22.98	1
22.99	0
23	0
23.01	1
23.02	1
23.03	0
23.04	0
23.05	1
23.06	1
23.07	0
23.08	0
23.09	1
23.1	1
23.11	0
23.12	0
23.13	1
23.14	1
23.15	0
23.16	1
23.17	0
23.18	1
23.19	1
23.2	0
23.21	0
23.22	1
23.23	0
23.24	1
23.25	1
23.26	0
23.27	0
23.28	1
23.29	0
23.3	1
23.31	1
23.32	0
23.33	0
23.34	1
23.35	0
23.36	1
23.37	1
23.38	0
23.39	0
23.4	1
23.41	0
23.42	1
23.43	1
23.44	0
23.45	0
23.46	0
23.47	1
23.48	1
23.49	0
23.5	0
23.51	1
23.52	0
23.53	1
23.54	1
23.55	0
23.56	0
23.57	1
23.58	0
23.59	1
23.6	1
23.61	0
23.62	0
23.63	0
23.64	1
23.65	1
23.66	0
23.67	0
23.68	1
23.69	0
23.7	1
23.71	1
23.72	0
23.73	0
23.74	0
23.75	1
23.76	1
23.77	0
23.78	0
23.79	1
23.8	0
23.81	1
23.82	1
23.83	0
23.84	0
23.85	1
23.86	0
23.87	1
23.88	1
23.89	0
23.9	0
23.91	0
23.92	1
23.93	1
23.94	0
23.95	0
23.96	1
23.97	0
23.98	1
23.99	1
24	0
24.01	0
24.02	0
24.03	1
24.04	1
24.05	0
24.06	0
24.07	1
24.08	0
24.09	1
24.1	1
24.11	0
24.12	0
24.13	0
24.14	1
24.15	1
24.16	0
24.17	0
24.18	1
24.19	0
24.2	1
24.21	1
24.22	0
24.23	0
24.24	1
24.25	0
24.26	1
24.27	1
24.28	0
24.29	0
24.3	0
24.31	1
24.32	1
24.33	0
24.34	0
24.35	1
24.36	0
24.37	1
24.38	1
24.39	0
24.4	0
24.41	1
24.42	0
24.43	1
24.44	1
24.45	0
24.46	0
24.47	0
24.48	1
24.49	1
24.5	0
24.51	0
24.52	1
24.53	0
24.54	1
24.55	1
24.56	0
24.57	0
24.58	1
24.59	0
24.6	1
24.61	1
24.62	0
24.63	0
24.64	1
24.65	0
24.66	1
24.67	1
24.68	0
24.69	0
24.7	0
24.71	1
24.72	1
24.73	0
24.74	0
24.75	1
24.76	0
24.77	1
24.78	1
24.79	0
24.8	0
24.81	1
24.82	0
24.83	1
24.84	1
24.85	0
24.86	0
24.87	1
24.88	0
24.89	1
24.9	1
24.91	0
24.92	0
24.93	0
24.94	1
24.95	1
24.96	0
24.97	0
24.98	1
24.99	0
25	1
25.01	1
25.02	0
25.03	0
25.04	1
25.05	0
25.06	1
25.07	1
25.08	0
25.09	0
25.1	1
25.11	0
25.12	1
25.13	1
25.14	0
25.15	0
25.16	0
25.17	1
25.18	1
25.19	0
25.2	0
25.21	1
25.22	0
25.23	1
25.24	1
25.25	0
25.26	0
25.27	1
25.28	0
25.29	1
25.3	1
25.31	0
25.32	0
25.33	1
25.34	0
25.35	1
25.36	1
25.37	0
25.38	0
25.39	1
25.4	0
25.41	1
25.42	1
25.43	0
25.44	0
25.45	0
25.46	1
25.47	1
25.48	0
25.49	0
25.5	1
25.51	0
25.52	1
25.53	1
25.54	0
25.55	0
25.56	1
25.57	0
25.58	1
25.59	1
25.6	0
25.61	0
25.62	1
25.63	0
25.64	1
25.65	1
25.66	0
25.67	0
25.68	1
25.69	0
25.7	1
25.71	1
25.72	0
25.73	0
25.74	1
25.75	0
25.76	1
25.77	1
25.78	0
25.79	0
25.8	0
25.81	1
25.82	1
25.83	0
25.84	0
25.85	1
25.86	0
25.87	1
25.88	1
25.89	0
25.9	0
25.91	1
25.92	0
25.93	1
25.94	1
25.95	0
25.96	0
25.97	1
25.98	0
25.99	1
26	1
26.01	0
26.02	0
26.03	1
26.04	0
26.05	1
26.06	1
26.07	0
26.08	0
26.09	0
26.1	1
26.11	1
26.12	0
26.13	0
26.14	1
26.15	0
26.16	1
26.17	1
26.18	0
26.19	0
26.2	1
26.21	0
26.22	1
26.23	1
26.24	0
26.25	0
26.26	1
26.27	0
26.28	1
26.29	1
26.3	0
26.31	0
26.32	1
26.33	0
26.34	1
26.35	1
26.36	0
26.37	0
26.38	1
26.39	0
26.4	1
26.41	1
26.42	0
26.43	0
26.44	0
26.45	1
26.46	1
26.47	0
26.48	0
26.49	1
26.5	0
26.51	1
26.52	1
26.53	0
26.54	0
26.55	1
26.56	0
26.57	1
26.58	1
26.59	0
26.6	0
26.61	1
26.62	0
26.63	1
26.64	1
26.65	0
26.66	0
26.67	0
26.68	1
26.69	1
26.7	0
26.71	0
26.72	1
26.73	0
26.74	1
26.75	1
26.76	0
26.77	0
26.78	1
26.79	0
26.8	1
26.81	1
26.82	0
26.83	0
26.84	1
26.85	0
26.86	1
26.87	1
26.88	0
26.89	0
26.9	1
26.91	0
26.92	1
26.93	1
26.94	0
26.95	0
26.96	1
26.97	0
26.98	1
26.99	1
27	0
27.01	0
27.02	0
27.03	1
27.04	1
27.05	0
27.06	0
27.07	1
27.08	0
27.09	1
27.1	1
27.11	0
27.12	0
27.13	1
27.14	0
27.15	1
27.16	1
27.17	0
27.18	0
27.19	1
27.2	0
27.21	1
27.22	1
27.23	0
27.24	0
27.25	1
27.26	0
27.27	1
27.28	1
27.29	0
27.3	0
27.31	0
27.32	1
27.33	1
27.34	0
27.35	0
27.36	1
27.37	0
27.38	1
27.39	1
27.4	0
27.41	0
27.42	1
27.43	0
27.44	1
27.45	1
27.46	0
27.47	0
27.48	1
27.49	0
27.5	1
27.51	1
27.52	0
27.53	0
27.54	1
27.55	0
27.56	1
27.57	1
27.58	0
27.59	0
27.6	1
27.61	0
27.62	1
27.63	1
27.64	0
27.65	0
27.66	0
27.67	1
27.68	1
27.69	0
27.7	0
27.71	1
27.72	0
27.73	1
27.74	1
27.75	0
27.76	0
27.77	1
27.78	0
27.79	1
27.8	1
27.81	0
27.82	0
27.83	1
27.84	0
27.85	1
27.86	1
27.87	0
27.88	0
27.89	1
27.9	0
27.91	1
27.92	1
27.93	0
27.94	0
27.95	1
27.96	0
27.97	1
27.98	1
27.99	0
28	0
28.01	0
28.02	1
28.03	1
28.04	0
28.05	0
28.06	1
28.07	0
28.08	1
28.09	1
28.1	0
28.11	0
28.12	1
28.13	0
28.14	1
28.15	1
28.16	0
28.17	0
28.18	1
28.19	0
28.2	1
28.21	1
28.22	0
28.23	0
28.24	1
28.25	0
28.26	1
28.27	1
28.28	0
28.29	0
28.3	1
28.31	0
28.32	1
28.33	1
28.34	0
28.35	0
28.36	1
28.37	0
28.38	1
28.39	1
28.4	0
28.41	0
28.42	0
28.43	1
28.44	1
28.45	0
28.46	0
28.47	1
28.48	0
28.49	1
28.5	1
28.51	0
28.52	0
28.53	1
28.54	0
28.55	1
28.56	1
28.57	0
28.58	0
28.59	1
28.6	0
28.61	1
28.62	1
28.63	0
28.64	0
28.65	1
28.66	0
28.67	1
28.68	1
28.69	0
28.7	0
28.71	1
28.72	0
28.73	1
28.74	1
28.75	0
28.76	0
28.77	1
28.78	0
28.79	1
28.8	1
28.81	0
28.82	0
28.83	0
28.84	1
28.85	1
28.86	0
28.87	0
28.88	1
28.89	0
28.9	1
28.91	1
28.92	0
28.93	0
28.94	1
28.95	0
28.96	1
28.97	1
28.98	0
28.99	0
29	1
29.01	0
29.02	1
29.03	1
29.04	0
29.05	0
29.06	1
29.07	0
29.08	1
29.09	1
29.1	0
29.11	0
29.12	1
29.13	0
29.14	1
29.15	1
29.16	0
29.17	0
29.18	1
29.19	0
29.2	1
29.21	1
29.22	0
29.23	0
29.24	1
29.25	0
29.26	1
29.27	1
29.28	0
29.29	0
29.3	0
29.31	1
29.32	1
29.33	0
29.34	0
29.35	1
29.36	0
29.37	1
29.38	1
29.39	0
29.4	0
29.41	1
29.42	0
29.43	1
29.44	1
29.45	0
29.46	0
29.47	1
29.48	0
29.49	1
29.5	1
29.51	0
29.52	0
29.53	1
29.54	0
29.55	1
29.56	1
29.57	0
29.58	0
29.59	1
29.6	0
29.61	1
29.62	1
29.63	0
29.64	0
29.65	1
29.66	0
29.67	1
29.68	1
29.69	0
29.7	0
29.71	0
29.72	1
29.73	1
29.74	0
29.75	0
29.76	1
29.77	0
29.78	1
29.79	1
29.8	0
29.81	0
29.82	1
29.83	0
29.84	1
29.85	1
29.86	0
29.87	0
29.88	1
29.89	0
29.9	1
29.91	1
29.92	0
29.93	0
29.94	1
29.95	0
29.96	1
29.97	1
29.98	0
29.99	0
30	1
30.01	0
30.02	1
30.03	1
30.04	0
30.05	0
30.06	1
30.07	0
30.08	1
30.09	1
30.1	0
30.11	0
30.12	0
30.13	1
30.14	1
30.15	0
30.16	0
30.17	1
30.18	0
30.19	1
30.2	1
30.21	0
30.22	0
30.23	1
30.24	0
30.25	1
30.26	1
30.27	0
30.28	0
30.29	1
30.3	0
30.31	1
30.32	1
30.33	0
30.34	0
30.35	1
30.36	0
30.37	1
30.38	1
30.39	0
30.4	0
30.41	1
30.42	0
30.43	1
30.44	1
30.45	0
30.46	0
30.47	0
30.48	1
30.49	1
30.5	0
30.51	0
30.52	1
30.53	0
30.54	1
30.55	1
30.56	0
30.57	0
30.58	1
30.59	0
30.6	1
30.61	1
30.62	0
30.63	0
30.64	1
30.65	0
30.66	1
30.67	1
30.68	0
30.69	0
30.7	1
30.71	0
30.72	1
30.73	1
30.74	0
30.75	0
30.76	1
30.77	0
30.78	1
30.79	1
30.8	0
30.81	0
30.82	0
30.83	1
30.84	1
30.85	0
30.86	0
30.87	1
30.88	0
30.89	1
30.9	1
30.91	0
30.92	0
30.93	1
30.94	0
30.95	1
30.96	1
30.97	0
30.98	0
30.99	1
31	0
31.01	1
31.02	1
31.03	0
31.04	0
31.05	1
31.06	0
31.07	1
31.08	1
31.09	0
31.1	0
31.11	1
31.12	0
31.13	1
31.14	1
31.15	0
31.16	0
31.17	1
31.18	0
31.19	1
31.2	1
31.21	0
31.22	0
31.23	0
31.24	1
31.25	1
31.26	0
31.27	0
31.28	1
31.29	0
31.3	1
31.31	1
31.32	0
31.33	0
31.34	1
31.35	0
31.36	1
31.37	1
31.38	0
31.39	0
31.4	1
31.41	0
31.42	1
31.43	1
31.44	0
31.45	0
31.46	1
31.47	0
31.48	1
31.49	1
31.5	0
31.51	0
31.52	1
31.53	0
31.54	1
31.55	1
31.56	0
31.57	0
31.58	1
31.59	0
31.6	1
31.61	1
31.62	0
31.63	0
31.64	1
31.65	0
31.66	1
31.67	1
31.68	0
31.69	0
31.7	1
31.71	0
31.72	1
31.73	1
31.74	0
31.75	0
31.76	0
31.77	1
31.78	1
31.79	0
31.8	0
31.81	1
31.82	0
31.83	1
31.84	1
31.85	0
31.86	0
31.87	1
31.88	0
31.89	1
31.9	1
31.91	0
31.92	0
31.93	1
31.94	0
31.95	1
31.96	1
31.97	0
31.98	0
31.99	1
32	0
32.01	1
32.02	1
32.03	0
32.04	0
32.05	1
32.06	0
32.07	1
32.08	1
32.09	0
32.1	0
32.11	1
32.12	0
32.13	1
32.14	1
32.15	0
32.16	0
32.17	1
32.18	0
32.19	1
32.2	1
32.21	0
32.22	0
32.23	1
32.24	0
32.25	1
32.26	1
32.27	0
32.28	0
32.29	0
32.3	1
32.31	1
32.32	0
32.33	0
32.34	1
32.35	0
32.36	1
32.37	1
32.38	0
32.39	0
32.4	1
32.41	0
32.42	1
32.43	1
32.44	0
32.45	0
32.46	1
32.47	0
32.48	1
32.49	1
32.5	0
32.51	0
32.52	1
32.53	0
32.54	1
32.55	1
32.56	0
32.57	0
32.58	1
32.59	0
32.6	1
32.61	1
32.62	0
32.63	0
32.64	1
32.65	0
32.66	1
32.67	1
32.68	0
32.69	0
32.7	1
32.71	0
32.72	1
32.73	1
32.74	0
32.75	0
32.76	1
32.77	0
32.78	1
32.79	1
32.8	0
32.81	0
32.82	0
32.83	1
32.84	1
32.85	0
32.86	0
32.87	1
32.88	0
32.89	1
32.9	1
32.91	0
32.92	0
32.93	1
32.94	0
32.95	1
32.96	1
32.97	0
32.98	0
32.99	1
33	0
33.01	1
33.02	1
33.03	0
33.04	0
33.05	1
33.06	0
33.07	1
33.08	1
33.09	0
33.1	0
33.11	1
33.12	0
33.13	1
33.14	1
33.15	0
33.16	0
33.17	1
33.18	0
33.19	1
33.2	1
33.21	0
33.22	0
33.23	1
33.24	0
33.25	1
33.26	1
33.27	0
33.28	0
33.29	0
33.3	1
33.31	1
33.32	0
33.33	0
33.34	1
33.35	0
33.36	1
33.37	1
33.38	0
33.39	0
33.4	1
33.41	0
33.42	1
33.43	1
33.44	0
33.45	0
33.46	1
33.47	0
33.48	1
33.49	1
33.5	0
33.51	0
33.52	1
33.53	0
33.54	1
33.55	1
33.56	0
33.57	0
33.58	1
33.59	0
33.6	1
33.61	1
33.62	0
33.63	0
33.64	0
33.65	1
33.66	1
33.67	0
33.68	0
33.69	1
33.7	0
33.71	1
33.72	1
33.73	0
33.74	0
33.75	1
33.76	0
33.77	1
33.78	1
33.79	0
33.8	0
33.81	1
33.82	0
33.83	1
33.84	1
33.85	0
33.86	0
33.87	1
33.88	0
33.89	1
33.9	1
33.91	0
33.92	0
33.93	1
33.94	0
33.95	1
33.96	1
33.97	0
33.98	0
33.99	1
34	0
34.01	1
34.02	1
34.03	0
34.04	0
34.05	0
34.06	1
34.07	1
34.08	0
34.09	0
34.1	1
34.11	0
34.12	1
34.13	1
34.14	0
34.15	0
34.16	1
34.17	0
34.18	1
34.19	1
34.2	0
34.21	0
34.22	1
34.23	0
34.24	1
34.25	1
34.26	0
34.27	0
34.28	1
34.29	0
34.3	1
34.31	1
34.32	0
34.33	0
34.34	1
34.35	0
34.36	1
34.37	1
34.38	0
34.39	0
34.4	0
34.41	1
34.42	1
34.43	0
34.44	0
34.45	1
34.46	0
34.47	1
34.48	1
34.49	0
34.5	0
34.51	1
34.52	0
34.53	1
34.54	1
34.55	0
34.56	0
34.57	1
34.58	0
34.59	1
34.6	1
34.61	0
34.62	0
34.63	1
34.64	0
34.65	1
34.66	1
34.67	0
34.68	0
34.69	1
34.7	0
34.71	1
34.72	1
34.73	0
34.74	0
34.75	0
34.76	1
34.77	1
34.78	0
34.79	0
34.8	1
34.81	0
34.82	1
34.83	1
34.84	0
34.85	0
34.86	1
34.87	0
34.88	1
34.89	1
34.9	0
34.91	0
34.92	1
34.93	0
34.94	1
34.95	1
34.96	0
34.97	0
34.98	1
34.99	0
35	1
35.01	1
35.02	0
35.03	0
35.04	1
35.05	0
35.06	1
35.07	1
35.08	0
35.09	0
35.1	1
35.11	0
35.12	1
35.13	1
35.14	0
35.15	0
35.16	1
35.17	0
35.18	1
35.19	1
35.2	0
35.21	0
35.22	1
35.23	0
35.24	1
35.25	1
35.26	0
35.27	0
35.28	0
35.29	1
35.3	1
35.31	0
35.32	0
35.33	1
35.34	0
35.35	1
35.36	1
35.37	0
35.38	0
35.39	1
35.4	0
35.41	1
35.42	1
35.43	0
35.44	0
35.45	1
35.46	0
35.47	1
35.48	1
35.49	0
35.5	0
35.51	1
35.52	0
35.53	1
35.54	1
35.55	0
35.56	0
35.57	1
35.58	0
35.59	1
35.6	1
35.61	0
35.62	0
35.63	1
35.64	0
35.65	1
35.66	1
35.67	0
35.68	0
35.69	1
35.7	0
35.71	1
35.72	1
35.73	0
35.74	0
35.75	1
35.76	0
35.77	1
35.78	1
35.79	0
35.8	0
35.81	1
35.82	0
35.83	1
35.84	1
35.85	0
35.86	0
35.87	1
35.88	0
35.89	1
35.9	1
35.91	0
35.92	0
35.93	0
35.94	1
35.95	1
35.96	0
35.97	0
35.98	1
35.99	0
36	1
36.01	1
36.02	0
36.03	0
36.04	1
36.05	0
36.06	1
36.07	1
36.08	0
36.09	0
36.1	1
36.11	0
36.12	1
36.13	1
36.14	0
36.15	0
36.16	1
36.17	0
36.18	1
36.19	1
36.2	0
36.21	0
36.22	1
36.23	0
36.24	1
36.25	1
36.26	0
36.27	0
36.28	1
36.29	0
36.3	1
36.31	1
36.32	0
36.33	0
36.34	1
36.35	0
36.36	1
36.37	1
36.38	0
36.39	0
36.4	1
36.41	0
36.42	1
36.43	1
36.44	0
36.45	0
36.46	1
36.47	0
36.48	1
36.49	1
36.5	0
36.51	0
36.52	0
36.53	1
36.54	1
36.55	0
36.56	0
36.57	1
36.58	0
36.59	1
36.6	1
36.61	0
36.62	0
36.63	1
36.64	0
36.65	1
36.66	1
36.67	0
36.68	0
36.69	1
36.7	0
36.71	1
36.72	1
36.73	0
36.74	0
36.75	1
36.76	0
36.77	1
36.78	1
36.79	0
36.8	0
36.81	1
36.82	0
36.83	1
36.84	1
36.85	0
36.86	0
36.87	1
36.88	0
36.89	1
36.9	1
36.91	0
36.92	0
36.93	0
36.94	1
36.95	1
36.96	0
36.97	0
36.98	1
36.99	0
37	1
37.01	1
37.02	0
37.03	0
37.04	1
37.05	0
37.06	1
37.07	1
37.08	0
37.09	0
37.1	1
37.11	0
37.12	1
37.13	1
37.14	0
37.15	0
37.16	1
37.17	0
37.18	1
37.19	1
37.2	0
37.21	0
37.22	1
37.23	0
37.24	1
37.25	1
37.26	0
37.27	0
37.28	1
37.29	0
37.3	1
37.31	1
37.32	0
37.33	0
37.34	0
37.35	1
37.36	1
37.37	0
37.38	0
37.39	1
37.4	0
37.41	1
37.42	1
37.43	0
37.44	0
37.45	1
37.46	0
37.47	1
37.48	1
37.49	0
37.5	0
37.51	1
37.52	0
37.53	1
37.54	1
37.55	0
37.56	0
37.57	1
37.58	0
37.59	1
37.6	1
37.61	0
37.62	0
37.63	1
37.64	0
37.65	1
37.66	1
37.67	0
37.68	0
37.69	1
37.7	0
37.71	1
37.72	1
37.73	0
37.74	0
37.75	0
37.76	1
37.77	1
37.78	0
37.79	0
37.8	1
37.81	0
37.82	1
37.83	1
37.84	0
37.85	0
37.86	1
37.87	0
37.88	1
37.89	1
37.9	0
37.91	0
37.92	1
37.93	0
37.94	1
37.95	1
37.96	0
37.97	0
37.98	1
37.99	0
38	1
38.01	1
38.02	0
38.03	0
38.04	1
38.05	0
38.06	1
38.07	1
38.08	0
38.09	0
38.1	0
38.11	1
38.12	1
38.13	0
38.14	0
38.15	1
38.16	0
38.17	1
38.18	1
38.19	0
38.2	0
38.21	1
38.22	0
38.23	1
38.24	1
38.25	0
38.26	0
38.27	1
38.28	0
38.29	1
38.3	1
38.31	0
38.32	0
38.33	1
38.34	0
38.35	1
38.36	1
38.37	0
38.38	0
38.39	1
38.4	0
38.41	1
38.42	1
38.43	0
38.44	0
38.45	0
38.46	1
38.47	1
38.48	0
38.49	0
38.5	1
38.51	0
38.52	1
38.53	1
38.54	0
38.55	0
38.56	1
38.57	0
38.58	1
38.59	1
38.6	0
38.61	0
38.62	1
38.63	0
38.64	1
38.65	1
38.66	0
38.67	0
38.68	1
38.69	0
38.7	1
38.71	1
38.72	0
38.73	0
38.74	1
38.75	0
38.76	1
38.77	1
38.78	0
38.79	0
38.8	1
38.81	0
38.82	1
38.83	1
38.84	0
38.85	0
38.86	1
38.87	0
38.88	1
38.89	1
38.9	0
38.91	0
38.92	0
38.93	1
38.94	1
38.95	0
38.96	0
38.97	1
38.98	0
38.99	1
39	1
39.01	0
39.02	0
39.03	1
39.04	0
39.05	1
39.06	1
39.07	0
39.08	0
39.09	1
39.1	0
39.11	1
39.12	1
39.13	0
39.14	0
39.15	1
39.16	0
39.17	1
39.18	1
39.19	0
39.2	0
39.21	1
39.22	0
39.23	1
39.24	1
39.25	0
39.26	0
39.27	1
39.28	0
39.29	1
39.3	1
39.31	0
39.32	0
39.33	1
39.34	0
39.35	1
39.36	1
39.37	0
39.38	0
39.39	1
39.4	0
39.41	1
39.42	1
39.43	0
39.44	0
39.45	0
39.46	1
39.47	1
39.48	0
39.49	0
39.5	1
39.51	0
39.52	1
39.53	1
39.54	0
39.55	0
39.56	1
39.57	0
39.58	1
39.59	1
39.6	0
39.61	0
39.62	1
39.63	1
39.64	0
39.65	0
39.66	1
39.67	0
39.68	1
39.69	1
39.7	0
39.71	0
39.72	1
39.73	0
39.74	1
39.75	1
39.76	0
39.77	0
39.78	1
39.79	0
39.8	1
39.81	1
39.82	0
39.83	0
39.84	1
39.85	0
39.86	1
39.87	1
39.88	0
39.89	0
39.9	1
39.91	0
39.92	1
39.93	1
39.94	0
39.95	0
39.96	1
39.97	0
39.98	1
39.99	1
40	0
40.01	0
40.02	1
40.03	0
40.04	1
40.05	1
40.06	0
40.07	0
40.08	1
40.09	0
40.1	1
40.11	1
40.12	0
40.13	0
40.14	1
40.15	0
40.16	1
40.17	1
40.18	0
40.19	0
40.2	1
40.21	0
40.22	1
40.23	1
40.24	0
40.25	0
40.26	1
40.27	0
40.28	1
40.29	1
40.3	0
40.31	0
40.32	1
40.33	0
40.34	1
40.35	1
40.36	0
40.37	0
40.38	0
40.39	1
40.4	1
40.41	0
40.42	0
40.43	1
40.44	0
40.45	1
40.46	1
40.47	0
40.48	0
40.49	1
40.5	0
40.51	1
40.52	1
40.53	0
40.54	0
40.55	1
40.56	0
40.57	1
40.58	1
40.59	0
40.6	0
40.61	1
40.62	0
40.63	1
40.64	1
40.65	0
40.66	0
40.67	1
40.68	0
40.69	1
40.7	1
40.71	0
40.72	0
40.73	1
40.74	0
40.75	1
40.76	1
40.77	0
40.78	0
40.79	1
40.8	0
40.81	1
40.82	1
40.83	0
40.84	0
40.85	0
40.86	1
40.87	1
40.88	0
40.89	0
40.9	1
40.91	0
40.92	1
40.93	1
40.94	0
40.95	0
40.96	1
40.97	0
40.98	1
40.99	1
41	0
41.01	0
41.02	1
41.03	0
41.04	1
41.05	1
41.06	0
41.07	0
41.08	1
41.09	0
41.1	1
41.11	1
41.12	0
41.13	0
41.14	1
41.15	0
41.16	1
41.17	1
41.18	0
41.19	0
41.2	0
41.21	1
41.22	1
41.23	0
41.24	0
41.25	1
41.26	0
41.27	1
41.28	1
41.29	0
41.3	0
41.31	1
41.32	0
41.33	1
41.34	1
41.35	0
41.36	0
41.37	1
41.38	0
41.39	1
41.4	1
41.41	0
41.42	0
41.43	1
41.44	0
41.45	1
41.46	1
41.47	0
41.48	0
41.49	1
41.5	0
41.51	1
41.52	1
41.53	0
41.54	0
41.55	0
41.56	1
41.57	1
41.58	0
41.59	0
41.6	1
41.61	0
41.62	1
41.63	1
41.64	0
41.65	0
41.66	1
41.67	0
41.68	1
41.69	1
41.7	0
41.71	0
41.72	1
41.73	0
41.74	1
41.75	1
41.76	0
41.77	0
41.78	1
41.79	0
41.8	1
41.81	1
41.82	0
41.83	0
41.84	1
41.85	0
41.86	1
41.87	1
41.88	0
41.89	0
41.9	0
41.91	1
41.92	1
41.93	0
41.94	0
41.95	1
41.96	0
41.97	1
41.98	1
41.99	0
42	0
42.01	1
42.02	0
42.03	1
42.04	1
42.05	0
42.06	0
42.07	1
42.08	0
42.09	1
42.1	1
42.11	0
42.12	0
42.13	1
42.14	0
42.15	1
42.16	1
42.17	0
42.18	0
42.19	1
42.2	0
42.21	1
42.22	1
42.23	0
42.24	0
42.25	1
42.26	0
42.27	1
42.28	1
42.29	0
42.3	0
42.31	0
42.32	1
42.33	1
42.34	0
42.35	0
42.36	1
42.37	0
42.38	1
42.39	1
42.4	0
42.41	0
42.42	1
42.43	0
42.44	1
42.45	1
42.46	0
42.47	0
42.48	1
42.49	0
42.5	1
42.51	1
42.52	0
42.53	0
42.54	1
42.55	0
42.56	1
42.57	1
42.58	0
42.59	0
42.6	1
42.61	0
42.62	1
42.63	1
42.64	0
42.65	0
42.66	1
42.67	0
42.68	1
42.69	1
42.7	0
42.71	0
42.72	1
42.73	0
42.74	1
42.75	1
42.76	0
42.77	0
42.78	0
42.79	1
42.8	1
42.81	0
42.82	0
42.83	1
42.84	0
42.85	1
42.86	1
42.87	0
42.88	0
42.89	1
42.9	0
42.91	1
42.92	1
42.93	0
42.94	0
42.95	1
42.96	0
42.97	1
42.98	1
42.99	0
43	0
43.01	1
43.02	0
43.03	1
43.04	1
43.05	0
43.06	0
43.07	1
43.08	0
43.09	1
43.1	1
43.11	0
43.12	0
43.13	1
43.14	0
43.15	1
43.16	1
43.17	0
43.18	0
43.19	1
43.2	0
43.21	1
43.22	1
43.23	0
43.24	0
43.25	1
43.26	0
43.27	1
43.28	1
43.29	0
43.3	0
43.31	1
43.32	0
43.33	1
43.34	1
43.35	0
43.36	0
43.37	0
43.38	1
43.39	1
43.4	0
43.41	0
43.42	1
43.43	0
43.44	1
43.45	1
43.46	0
43.47	0
43.48	1
43.49	0
43.5	1
43.51	1
43.52	0
43.53	0
43.54	1
43.55	0
43.56	1
43.57	1
43.58	0
43.59	0
43.6	1
43.61	0
43.62	1
43.63	1
43.64	0
43.65	0
43.66	1
43.67	0
43.68	1
43.69	1
43.7	0
43.71	0
43.72	1
43.73	0
43.74	1
43.75	1
43.76	0
43.77	0
43.78	1
43.79	0
43.8	1
43.81	1
43.82	0
43.83	0
43.84	1
43.85	0
43.86	1
43.87	1
43.88	0
43.89	0
43.9	1
43.91	0
43.92	1
43.93	1
43.94	0
43.95	0
43.96	1
43.97	0
43.98	1
43.99	1
44	0
44.01	0
44.02	0
44.03	1
44.04	1
44.05	0
44.06	0
44.07	1
44.08	0
44.09	1
44.1	1
44.11	0
44.12	0
44.13	1
44.14	0
44.15	1
44.16	1
44.17	0
44.18	0
44.19	1
44.2	0
44.21	1
44.22	1
44.23	0
44.24	0
44.25	1
44.26	0
44.27	1
44.28	1
44.29	0
44.3	0
44.31	1
44.32	0
44.33	1
44.34	1
44.35	0
44.36	0
44.37	1
44.38	0
44.39	1
44.4	1
44.41	0
44.42	0
44.43	1
44.44	0
44.45	1
44.46	1
44.47	0
44.48	0
44.49	0
44.5	1
44.51	1
44.52	0
44.53	0
44.54	1
44.55	0
44.56	1
44.57	1
44.58	0
44.59	0
44.6	1
44.61	0
44.62	1
44.63	1
44.64	0
44.65	0
44.66	1
44.67	0
44.68	1
44.69	1
44.7	0
44.71	0
44.72	1
44.73	0
44.74	1
44.75	1
44.76	0
44.77	0
44.78	1
44.79	0
44.8	1
44.81	1
44.82	0
44.83	0
44.84	1
44.85	0
44.86	1
44.87	1
44.88	0
44.89	0
44.9	0
44.91	1
44.92	1
44.93	0
44.94	0
44.95	1
44.96	0
44.97	1
44.98	1
44.99	0
45	0
45.01	1
45.02	0
45.03	1
45.04	1
45.05	0
45.06	0
45.07	1
45.08	0
45.09	1
45.1	1
45.11	0
45.12	0
45.13	1
45.14	0
45.15	1
45.16	1
45.17	0
45.18	0
45.19	1
45.2	0
45.21	1
45.22	1
45.23	0
45.24	0
45.25	0
45.26	1
45.27	1
45.28	0
45.29	0
45.3	1
45.31	0
45.32	1
45.33	1
45.34	0
45.35	0
45.36	1
45.37	0
45.38	1
45.39	1
45.4	0
45.41	0
45.42	1
45.43	0
45.44	1
45.45	1
45.46	0
45.47	0
45.48	1
45.49	0
45.5	1
45.51	1
45.52	0
45.53	0
45.54	1
45.55	0
45.56	1
45.57	1
45.58	0
45.59	0
45.6	0
45.61	1
45.62	1
45.63	0
45.64	0
45.65	1
45.66	0
45.67	1
45.68	1
45.69	0
45.7	0
45.71	1
45.72	0
45.73	1
45.74	1
45.75	0
45.76	0
45.77	1
45.78	0
45.79	1
45.8	1
45.81	0
45.82	0
45.83	1
45.84	0
45.85	1
45.86	1
45.87	0
45.88	0
45.89	1
45.9	0
45.91	1
45.92	1
45.93	0
45.94	0
45.95	0
45.96	1
45.97	1
45.98	0
45.99	0
46	1
46.01	0
46.02	1
46.03	1
46.04	0
46.05	0
46.06	1
46.07	0
46.08	1
46.09	1
46.1	0
46.11	0
46.12	1
46.13	0
46.14	1
46.15	1
46.16	0
46.17	0
46.18	1
46.19	0
46.2	1
46.21	1
46.22	0
46.23	0
46.24	1
46.25	0
46.26	1
46.27	1
46.28	0
46.29	0
46.3	1
46.31	0
46.32	1
46.33	1
46.34	0
46.35	0
46.36	1
46.37	0
46.38	1
46.39	1
46.4	0
46.41	0
46.42	0
46.43	1
46.44	1
46.45	0
46.46	0
46.47	1
46.48	0
46.49	1
46.5	1
46.51	0
46.52	0
46.53	1
46.54	0
46.55	1
46.56	1
46.57	0
46.58	0
46.59	1
46.6	0
46.61	1
46.62	1
46.63	0
46.64	0
46.65	1
46.66	0
46.67	1
46.68	1
46.69	0
46.7	0
46.71	1
46.72	0
46.73	1
46.74	1
46.75	0
46.76	0
46.77	1
46.78	0
46.79	1
46.8	1
46.81	0
46.82	0
46.83	1
46.84	0
46.85	1
46.86	1
46.87	0
46.88	0
46.89	0
46.9	1
46.91	1
46.92	0
46.93	0
46.94	1
46.95	0
46.96	1
46.97	1
46.98	0
46.99	0
47	1
47.01	0
47.02	1
47.03	1
47.04	0
47.05	0
47.06	1
47.07	0
47.08	1
47.09	1
47.1	0
47.11	0
47.12	1
47.13	0
47.14	1
47.15	1
47.16	0
47.17	0
47.18	1
47.19	0
47.2	1
47.21	1
47.22	0
47.23	0
47.24	1
47.25	0
47.26	1
47.27	1
47.28	0
47.29	0
47.3	1
47.31	0
47.32	1
47.33	1
47.34	0
47.35	0
47.36	1
47.37	0
47.38	1
47.39	1
47.4	0
47.41	0
47.42	1
47.43	0
47.44	1
47.45	1
47.46	0
47.47	0
47.48	1
47.49	0
47.5	1
47.51	1
47.52	0
47.53	0
47.54	0
47.55	1
47.56	1
47.57	0
47.58	0
47.59	1
47.6	0
47.61	1
47.62	1
47.63	0
47.64	0
47.65	1
47.66	0
47.67	1
47.68	1
47.69	0
47.7	0
47.71	1
47.72	0
47.73	1
47.74	1
47.75	0
47.76	0
47.77	1
47.78	0
47.79	1
47.8	1
47.81	0
47.82	0
47.83	1
47.84	0
47.85	1
47.86	1
47.87	0
47.88	0
47.89	1
47.9	0
47.91	1
47.92	1
47.93	0
47.94	0
47.95	1
47.96	0
47.97	1
47.98	1
47.99	0
48	0
48.01	1
48.02	0
48.03	1
48.04	1
48.05	0
48.06	0
48.07	1
48.08	0
48.09	1
48.1	1
48.11	0
48.12	0
48.13	0
48.14	1
48.15	1
48.16	0
48.17	0
48.18	1
48.19	0
48.2	1
48.21	1
48.22	0
48.23	0
48.24	1
48.25	0
48.26	1
48.27	1
48.28	0
48.29	0
48.3	1
48.31	0
48.32	1
48.33	1
48.34	0
48.35	0
48.36	1
48.37	0
48.38	1
48.39	1
48.4	0
48.41	0
48.42	1
48.43	0
48.44	1
48.45	1
48.46	0
48.47	0
48.48	1
48.49	0
48.5	1
48.51	1
48.52	0
48.53	0
48.54	0
48.55	1
48.56	1
48.57	0
48.58	0
48.59	1
48.6	0
48.61	1
48.62	1
48.63	0
48.64	0
48.65	1
48.66	0
48.67	1
48.68	1
48.69	0
48.7	0
48.71	1
48.72	0
48.73	1
48.74	1
48.75	0
48.76	0
48.77	1
48.78	0
48.79	1
48.8	1
48.81	0
48.82	0
48.83	1
48.84	0
48.85	1
48.86	1
48.87	0
48.88	0
48.89	1
48.9	0
48.91	1
48.92	1
48.93	0
48.94	0
48.95	0
48.96	1
48.97	1
48.98	0
48.99	0
49	1
49.01	0
49.02	1
49.03	1
49.04	0
49.05	0
49.06	1
49.07	0
49.08	1
49.09	1
49.1	0
49.11	0
49.12	1
49.13	0
49.14	1
49.15	1
49.16	0
49.17	0
49.18	1
49.19	0
49.2	1
49.21	1
49.22	0
49.23	0
49.24	1
49.25	0
49.26	1
49.27	1
49.28	0
49.29	0
49.3	0
49.31	1
49.32	1
49.33	0
49.34	0
49.35	1
49.36	0
49.37	1
49.38	1
49.39	0
49.4	0
49.41	1
49.42	0
49.43	1
49.44	1
49.45	0
49.46	0
49.47	1
49.48	0
49.49	1
49.5	1
49.51	0
49.52	0
49.53	1
49.54	0
49.55	1
49.56	1
49.57	0
49.58	0
49.59	1
49.6	0
49.61	1
49.62	1
49.63	0
49.64	0
49.65	0
49.66	1
49.67	1
49.68	0
49.69	0
49.7	1
49.71	0
49.72	1
49.73	1
49.74	0
49.75	0
49.76	1
49.77	0
49.78	1
49.79	1
49.8	0
49.81	0
49.82	1
49.83	0
49.84	1
49.85	1
49.86	0
49.87	0
49.88	1
49.89	0
49.9	1
49.91	1
49.92	0
49.93	0
49.94	1
49.95	0
49.96	1
49.97	1
49.98	0
49.99	0
50	1
