0.0005	0
0.001	5.4060257e-09
0.0015	4.1437455e-09
0.002	5.1544904e-09
0.0025	4.611567e-09
0.003	3.5395435e-09
0.0035	2.9565085e-09
0.004	8.9619539e-09
0.0045	7.8210193e-09
0.005	7.0214142e-09
0.0055	6.2725117e-09
0.006	5.5485228e-09
0.0065	4.9154933e-09
0.007	4.3900322e-09
0.0075	3.9071526e-09
0.008	3.4711053e-09
0.0085	3.1161511e-09
0.009	9.8837252e-09
0.0095	8.9537703e-09
0.01	8.1124802e-09
0.0105	7.3111054e-09
0.011	6.612421e-09
0.0115	6.0363477e-09
0.012	5.4939365e-09
0.0125	4.9660435e-09
0.013	4.4746924e-09
0.0135	4.0510027e-09
0.014	3.6786358e-09
0.0145	3.325763e-09
0.015	2.9988648e-09
0.0155	9.7011266e-09
0.016	8.7669692e-09
0.0165	7.9470657e-09
0.017	7.204346e-09
0.0175	6.5343017e-09
0.018	5.932418e-09
0.0185	5.3913348e-09
0.019	4.9005469e-09
0.0195	4.4622694e-09
0.02	4.0656447e-09
0.0205	3.7068782e-09
0.021	3.3754626e-09
0.0215	3.0812296e-09
0.022	2.8127957e-09
0.0225	9.2633897e-09
0.023	8.4549238e-09
0.0235	7.707703e-09
0.024	7.0415079e-09
0.0245	6.4370804e-09
0.025	5.8834645e-09
0.0255	5.3656372e-09
0.026	4.9100745e-09
0.0265	4.4878098e-09
0.027	4.0910952e-09
0.0275	3.7464808e-09
0.028	3.4244519e-09
0.0285	3.1265635e-09
0.029	2.8530229e-09
0.0295	9.538974e-09
0.03	8.7151771e-09
0.0305	7.9812766e-09
0.031	7.3063065e-09
0.0315	6.6950262e-09
0.032	6.1083354e-09
0.0325	5.6033263e-09
0.033	5.1203064e-09
0.0335	4.6846841e-09
0.034	4.2838928e-09
0.0345	3.9431601e-09
0.035	3.7095985e-09
0.0355	3.3579843e-09
0.036	3.0247801e-09
0.0365	2.7733027e-09
0.037	9.7578801e-09
0.0375	8.9151016e-09
0.038	7.9006709e-09
0.0385	7.9704737e-09
0.039	6.8147157e-09
0.0395	6.1213156e-09
0.04	6.0201379e-09
0.0405	5.2499937e-09
0.041	5.5569666e-09
0.0415	4.7431925e-09
0.042	4.0069796e-09
0.0425	4.084958e-09
0.043	3.6451519e-09
0.0435	3.3624116e-09
0.044	3.4616674e-09
0.0445	2.906145e-09
0.045	9.2995314e-09
0.0455	9.6395334e-09
0.046	8.7802616e-09
0.0465	7.5078488e-09
0.047	7.1912203e-09
0.0475	8.5882766e-09
0.048	6.4532946e-09
0.0485	7.34166e-09
0.049	6.231577e-09
0.0495	5.7122272e-09
0.05	6.1912172e-09
0.0505	5.2590446e-09
0.051	5.4612693e-09
0.0515	5.2265244e-09
0.052	4.4817659e-09
0.0525	4.7614382e-09
0.053	4.4557822e-09
0.0535	5.336645e-09
0.054	4.3454047e-09
0.0545	4.8880455e-09
0.055	2.8846364e-09
0.0555	3.9199893e-09
0.056	4.2158604e-09
0.0565	2.9660511e-09
0.057	3.9064764e-09
0.0575	3.3466534e-09
0.058	2.9480224e-09
0.0585	5.2061833e-09
0.059	3.0242311e-09
0.0595	3.5712138e-09
0.06	3.0852851e-09
0.0605	2.9656097e-09
0.061	9.3341141e-09
0.0615	9.9236784e-09
0.062	3.5108473e-09
0.0625	9.409358e-09
0.063	3.7911349e-09
0.0635	3.9198975e-09
0.064	9.1499808e-09
0.0645	9.4169507e-09
0.065	6.1991819e-09
0.0655	7.4937126e-09
0.066	9.4425254e-09
0.0665	7.5763786e-09
0.067	7.7957777e-09
0.0675	8.4556068e-09
0.068	9.6177181e-09
0.0685	6.6386851e-09
0.069	3.5836504e-09
0.0695	9.3029392e-09
0.07	3.0234211e-09
0.0705	3.2564098e-09
0.071	9.8085975e-09
0.0715	7.8306141e-09
0.072	3.2169777e-09
0.0725	7.3552331e-09
0.073	3.5196737e-09
0.0735	8.1658631e-09
0.074	9.5384557e-09
0.0745	4.2631914e-09
0.075	8.2087528e-09
0.0755	4.2845114e-09
0.076	3.006084e-09
0.0765	3.4825002e-09
0.077	6.2438104e-09
0.0775	7.8585146e-09
0.078	9.1958488e-09
0.0785	4.400606e-09
0.079	9.9817308e-09
0.0795	9.9108437e-09
0.08	2.7469748e-09
0.0805	8.881477e-09
0.081	8.9059304e-09
0.0815	9.2078672e-09
0.082	5.8042509e-09
0.0825	6.3061923e-09
0.083	4.8357523e-09
0.0835	4.5917322e-09
0.084	2.9289011e-09
0.0845	9.0041372e-09
0.085	7.943104e-09
0.0855	2.7733788e-09
0.086	2.910709e-09
0.0865	7.7199261e-09
0.087	6.9069022e-09
0.0875	8.9282805e-09
0.088	8.0749891e-09
0.0885	4.2999102e-09
0.089	3.676547e-09
0.0895	2.6437551e-09
0.09	9.2516701e-09
0.0905	4.5447928e-09
0.091	4.1462121e-09
0.0915	7.6701057e-09
0.092	3.6273577e-09
0.0925	6.4101229e-09
0.093	5.7543161e-09
0.0935	4.9586157e-09
0.094	4.3484773e-09
0.0945	3.310455e-09
0.095	3.0118948e-09
0.0955	6.4191848e-09
0.096	5.1049941e-09
0.0965	4.8498661e-09
0.097	3.7921711e-09
0.0975	3.1707677e-09
0.098	2.8852009e-09
0.0985	5.9154701e-09
0.099	5.1237347e-09
0.0995	4.4462511e-09
0.1	3.6425919e-09
0.1005	3.0254294e-09
0.101	2.7325371e-09
0.1015	5.5562896e-09
0.102	4.5293185e-09
0.1025	3.4995044e-09
0.103	3.055154e-09
0.1035	9.7941215e-09
0.104	8.7509885e-09
0.1045	4.5495384e-09
0.105	3.9667933e-09
0.1055	3.0282343e-09
0.106	2.6596916e-09
0.1065	8.4550966e-09
0.107	7.4696128e-09
0.1075	3.9956983e-09
0.108	3.8472953e-09
0.1085	3.2482556e-09
0.109	2.9462831e-09
0.1095	9.9450764e-09
0.11	9.097349e-09
0.1105	8.019927e-09
0.111	3.7595608e-09
0.1115	3.5303708e-09
0.112	2.6938231e-09
0.1125	2.5147489e-09
0.113	7.9927204e-09
0.1135	7.0879011e-09
0.114	3.6448084e-09
0.1145	3.4630257e-09
0.115	2.9134438e-09
0.1155	2.4644372e-09
0.116	8.9733866e-09
0.1165	5.1766384e-09
0.117	2.8169975e-09
0.1175	8.2355546e-09
0.118	7.2683935e-09
0.1185	3.264819e-09
0.119	9.9271676e-09
0.1195	6.9367172e-09
0.12	6.0415814e-09
0.1205	3.6887989e-09
0.121	3.1060582e-09
0.1215	2.5979315e-09
0.122	8.4507614e-09
0.1225	7.5005631e-09
0.123	3.1297049e-09
0.1235	6.3472073e-09
0.124	2.9469836e-09
0.1245	5.2371692e-09
0.125	4.8098442e-09
0.1255	4.2636289e-09
0.126	3.7082302e-09
0.1265	3.210006e-09
0.127	2.6135034e-09
0.1275	9.6542618e-09
0.128	8.4042632e-09
0.1285	4.0213217e-09
0.129	3.0147275e-09
0.1295	8.7631014e-09
0.13	7.7199198e-09
0.1305	4.5959087e-09
0.131	3.7245858e-09
0.1315	3.4089959e-09
0.132	2.7151418e-09
0.1325	2.4328182e-09
0.133	8.0753989e-09
0.1335	6.9764438e-09
0.134	3.3431951e-09
0.1345	3.0074773e-09
0.135	2.619844e-09
0.1355	9.4845343e-09
0.136	7.9987317e-09
0.1365	6.951363e-09
0.137	3.3725749e-09
0.1375	3.3770251e-09
0.138	2.7843678e-09
0.1385	9.8997724e-09
0.139	5.2910456e-09
0.1395	3.2960482e-09
0.14	2.437799e-09
0.1405	7.5621738e-09
0.141	6.5488669e-09
0.1415	3.4856847e-09
0.142	3.1956214e-09
0.1425	2.690457e-09
0.143	9.0194649e-09
0.1435	8.1079408e-09
0.144	7.0698105e-09
0.1445	2.8208612e-09
0.145	2.8130056e-09
0.1455	8.7680423e-09
0.146	8.6137904e-09
0.1465	7.0462415e-09
0.147	6.0758978e-09
0.1475	2.7962709e-09
0.148	2.7582529e-09
0.1485	9.315678e-09
0.149	4.8893035e-09
0.1495	3.4314529e-09
0.15	2.8568909e-09
0.1505	8.8053128e-09
0.151	4.787384e-09
0.1515	8.8941627e-09
0.152	7.6999526e-09
0.1525	3.7443927e-09
0.153	3.4689024e-09
0.1535	2.7924095e-09
0.154	9.8344515e-09
0.1545	8.3924637e-09
0.155	4.3849966e-09
0.1555	2.805104e-09
0.156	7.8928305e-09
0.1565	6.8336567e-09
0.157	3.0914671e-09
0.1575	5.8797203e-09
0.158	3.0807485e-09
0.1585	2.7770053e-09
0.159	4.9916035e-09
0.1595	4.648616e-09
0.16	2.7657536e-09
0.1605	2.8323331e-09
0.161	7.7837562e-09
0.1615	6.8510118e-09
0.162	3.8785142e-09
0.1625	3.170858e-09
0.163	2.8352771e-09
0.1635	7.9108361e-09
0.164	6.8218309e-09
0.1645	3.5261734e-09
0.165	3.2926571e-09
0.1655	2.8680463e-09
0.166	2.41072e-09
0.1665	8.1217901e-09
0.167	7.0243323e-09
0.1675	3.4236036e-09
0.168	3.2643696e-09
0.1685	2.5199615e-09
0.169	2.4028655e-09
0.1695	7.8675601e-09
0.17	6.8880695e-09
0.1705	3.6752947e-09
0.171	3.2150346e-09
0.1715	2.6705744e-09
0.172	9.2971333e-09
0.1725	7.7520527e-09
0.173	6.7191926e-09
0.1735	3.181877e-09
0.174	3.0622504e-09
0.1745	2.3909291e-09
0.175	9.6805945e-09
0.1755	7.8154234e-09
0.176	4.1337135e-09
0.1765	2.9363509e-09
0.177	2.481523e-09
0.1775	8.4609789e-09
0.178	7.3365508e-09
0.1785	3.582136e-09
0.179	3.2657497e-09
0.1795	2.7189413e-09
0.18	9.1053555e-09
0.1805	5.0238591e-09
0.181	2.8565724e-09
0.1815	7.5650609e-09
0.182	6.5897031e-09
0.1825	2.5735555e-09
0.183	9.3145994e-09
0.1835	3.9954026e-09
0.184	2.8397791e-09
0.1845	3.1022429e-09
0.185	8.9711044e-09
0.1855	8.7594712e-09
0.186	7.4641416e-09
0.1865	2.9842464e-09
0.187	2.5865571e-09
0.1875	7.933659e-09
0.188	6.78878e-09
0.1885	4.0418468e-09
0.189	3.5394176e-09
0.1895	3.1893699e-09
0.19	2.5035314e-09
0.1905	9.2997073e-09
0.191	7.5095341e-09
0.1915	6.5112428e-09
0.192	2.9870619e-09
0.1925	2.7164141e-09
0.193	9.6629442e-09
0.1935	8.0229178e-09
0.194	6.8355365e-09
0.1945	2.6409318e-09
0.195	2.7140775e-09
0.1955	9.2212195e-09
0.196	8.5056999e-09
0.1965	4.5525332e-09
0.197	2.557548e-09
0.1975	4.7263722e-09
0.198	9.9533452e-09
0.1985	8.7007548e-09
0.199	4.266579e-09
0.1995	3.628974e-09
0.2	2.8327475e-09
