0.0005	0
0.001	5.891345e-09
0.0015	4.4481375e-09
0.002	5.6542155e-09
0.0025	4.9701765e-09
0.003	3.828431e-09
0.0035	3.1896136e-09
0.004	9.5350755e-09
0.0045	8.1939392e-09
0.005	7.1928685e-09
0.0055	6.4234212e-09
0.006	5.6865578e-09
0.0065	5.0018269e-09
0.007	4.4190529e-09
0.0075	3.9289603e-09
0.008	3.4881653e-09
0.0085	3.1014638e-09
0.009	9.8781541e-09
0.0095	8.8943791e-09
0.01	8.0463774e-09
0.0105	7.2778785e-09
0.011	6.5649275e-09
0.0115	5.954733e-09
0.012	5.4161737e-09
0.0125	4.9127065e-09
0.013	4.4311364e-09
0.0135	3.9923002e-09
0.014	3.6144008e-09
0.0145	3.2722102e-09
0.015	2.9520377e-09
0.0155	9.5830731e-09
0.016	8.6520764e-09
0.0165	7.8257551e-09
0.017	7.0985226e-09
0.0175	6.4381931e-09
0.018	5.8405791e-09
0.0185	5.3055936e-09
0.019	4.8238517e-09
0.0195	4.385129e-09
0.02	3.9966623e-09
0.0205	3.645181e-09
0.021	3.319046e-09
0.0215	3.0284296e-09
0.022	2.7652218e-09
0.0225	9.1396939e-09
0.023	8.3538053e-09
0.0235	7.6202946e-09
0.024	6.951259e-09
0.0245	6.3550444e-09
0.025	5.8164164e-09
0.0255	5.2981743e-09
0.026	4.8460488e-09
0.0265	4.4379641e-09
0.027	4.0477007e-09
0.0275	3.6972233e-09
0.028	3.3795329e-09
0.0285	3.091588e-09
0.029	2.8198799e-09
0.0295	9.4585891e-09
0.03	8.6294194e-09
0.0305	7.9212538e-09
0.031	7.2425797e-09
0.0315	6.6457622e-09
0.032	6.0525974e-09
0.0325	5.5648284e-09
0.033	5.0674843e-09
0.0335	4.6322738e-09
0.034	4.2458552e-09
0.0345	3.9213393e-09
0.035	3.7048075e-09
0.0355	3.3583337e-09
0.036	3.0168656e-09
0.0365	2.7576726e-09
0.037	9.7421931e-09
0.0375	8.9056434e-09
0.038	7.8249714e-09
0.0385	7.9229627e-09
0.039	6.8170935e-09
0.0395	6.075932e-09
0.04	6.0712909e-09
0.0405	5.2938533e-09
0.041	5.5479504e-09
0.0415	4.8401888e-09
0.042	3.9676275e-09
0.0425	4.0604914e-09
0.043	3.6853356e-09
0.0435	3.338208e-09
0.044	3.4977148e-09
0.0445	2.926234e-09
0.045	9.353711e-09
0.0455	9.7022096e-09
0.046	9.3406833e-09
0.0465	8.080598e-09
0.047	7.4896548e-09
0.0475	8.585826e-09
0.048	6.5639062e-09
0.0485	8.337553e-09
0.049	6.8849282e-09
0.0495	6.0009829e-09
0.05	6.8523978e-09
0.0505	4.796981e-09
0.051	5.0580585e-09
0.0515	5.0659599e-09
0.052	4.1682963e-09
0.0525	4.8152659e-09
0.053	5.127978e-09
0.0535	6.6155733e-09
0.054	5.0258448e-09
0.0545	5.2338233e-09
0.055	3.4257445e-09
0.0555	4.6567339e-09
0.056	4.2039158e-09
0.0565	3.4458959e-09
0.057	4.6759518e-09
0.0575	4.2420562e-09
0.058	3.9208096e-09
0.0585	7.5657759e-09
0.059	4.0700737e-09
0.0595	5.4847708e-09
0.06	3.4588279e-09
0.0605	2.9569641e-09
0.061	2.9130582e-09
0.0615	2.9789043e-09
0.062	2.8796583e-09
0.0625	8.8833339e-09
0.063	4.5123723e-09
0.0635	4.5459045e-09
0.064	3.0779502e-09
0.0645	3.1047104e-09
0.065	8.0989731e-09
0.0655	9.5876811e-09
0.066	3.2702379e-09
0.0665	9.6429937e-09
0.067	2.7900348e-09
0.0675	9.8416939e-09
0.068	3.7904246e-09
0.0685	9.8377023e-09
0.069	4.3631897e-09
0.0695	2.9047412e-09
0.07	3.8830186e-09
0.0705	3.6144964e-09
0.071	3.6178082e-09
0.0715	9.8840544e-09
0.072	4.7870432e-09
0.0725	3.1634415e-09
0.073	6.0304733e-09
0.0735	3.2469418e-09
0.074	3.3821265e-09
0.0745	4.4067095e-09
0.075	9.805289e-09
0.0755	4.2790513e-09
0.076	4.1448781e-09
0.0765	4.2454151e-09
0.077	8.7647041e-09
0.0775	9.3388005e-09
0.078	3.5632616e-09
0.0785	6.6913814e-09
0.079	3.7199487e-09
0.0795	2.6461185e-09
0.08	3.7997886e-09
0.0805	3.3655132e-09
0.081	3.2861647e-09
0.0815	3.3626797e-09
0.082	6.8981468e-09
0.0825	5.8301732e-09
0.083	5.3087464e-09
0.0835	4.4832851e-09
0.084	3.1083668e-09
0.0845	9.2186254e-09
0.085	8.1087467e-09
0.0855	2.9641969e-09
0.086	3.1818333e-09
0.0865	8.2542163e-09
0.087	7.4084318e-09
0.0875	2.7768122e-09
0.088	9.6498062e-09
0.0885	5.9404645e-09
0.089	4.6800188e-09
0.0895	3.6097559e-09
0.09	3.3209887e-09
0.0905	7.2132008e-09
0.091	6.7093561e-09
0.0915	3.3898603e-09
0.092	6.1562662e-09
0.0925	2.8693852e-09
0.093	9.1053401e-09
0.0935	8.0253182e-09
0.094	7.3678166e-09
0.0945	5.6216583e-09
0.095	5.208306e-09
0.0955	3.5779794e-09
0.096	8.920702e-09
0.0965	9.3936469e-09
0.097	6.647016e-09
0.0975	5.956018e-09
0.098	5.5735307e-09
0.0985	3.4175661e-09
0.099	9.8286181e-09
0.0995	9.1106045e-09
0.1	7.2670717e-09
0.1005	6.1310359e-09
0.101	5.7485039e-09
0.1015	3.6999168e-09
0.102	8.5809887e-09
0.1025	8.3465761e-09
0.103	6.1106871e-09
0.1035	5.6738947e-09
0.104	5.2926078e-09
0.1045	3.166811e-09
0.105	7.936235e-09
0.1055	7.4090605e-09
0.106	5.6818431e-09
0.1065	5.0956215e-09
0.107	4.7049784e-09
0.1075	3.0010382e-09
0.108	8.3172041e-09
0.1085	8.5376397e-09
0.109	6.5249594e-09
0.1095	6.2397293e-09
0.11	4.8101302e-09
0.1105	4.4475357e-09
0.111	2.9617602e-09
0.1115	7.1233057e-09
0.112	7.1138473e-09
0.1125	5.2864139e-09
0.113	5.1653184e-09
0.1135	4.8157614e-09
0.114	2.721107e-09
0.1145	8.6744057e-09
0.115	7.1825883e-09
0.1155	6.4329662e-09
0.116	5.2222906e-09
0.1165	9.7430329e-09
0.117	7.9398597e-09
0.1175	4.0803777e-09
0.118	3.7696433e-09
0.1185	9.1373036e-09
0.119	4.6309618e-09
0.1195	4.3708799e-09
0.12	4.0454019e-09
0.1205	9.1192407e-09
0.121	6.8070886e-09
0.1215	6.5152704e-09
0.122	4.465211e-09
0.1225	4.139387e-09
0.123	9.388147e-09
0.1235	5.1014502e-09
0.124	9.1308871e-09
0.1245	4.1160593e-09
0.125	3.6255466e-09
0.1255	3.0544595e-09
0.126	9.9000695e-09
0.1265	7.4639636e-09
0.127	6.7460489e-09
0.1275	5.2079175e-09
0.128	4.8078427e-09
0.1285	3.1722691e-09
0.129	5.9505298e-09
0.1295	5.6386149e-09
0.13	5.2545567e-09
0.1305	3.1485313e-09
0.131	9.0207271e-09
0.1315	8.2932534e-09
0.132	6.844717e-09
0.1325	6.0275875e-09
0.133	5.2146848e-09
0.1335	4.8540972e-09
0.134	2.7862138e-09
0.1345	7.7121742e-09
0.135	7.3745463e-09
0.1355	5.4916285e-09
0.136	5.2515167e-09
0.1365	4.8280974e-09
0.137	9.72003e-09
0.1375	8.1900515e-09
0.138	6.840058e-09
0.1385	5.7697526e-09
0.139	3.1235915e-09
0.1395	9.052278e-09
0.14	5.6517724e-09
0.1405	5.2559787e-09
0.141	4.8788995e-09
0.1415	2.8881586e-09
0.142	8.316824e-09
0.1425	7.2005256e-09
0.143	5.9774571e-09
0.1435	4.9761864e-09
0.144	4.5632877e-09
0.1445	9.7549572e-09
0.145	6.9706044e-09
0.1455	6.3125439e-09
0.146	5.1108862e-09
0.1465	4.5382907e-09
0.147	4.2269726e-09
0.1475	8.6063288e-09
0.148	6.711093e-09
0.1485	5.9644328e-09
0.149	3.3383578e-09
0.1495	9.8696423e-09
0.15	7.1266815e-09
0.1505	6.4078434e-09
0.151	3.3117177e-09
0.1515	6.6379645e-09
0.152	6.1929677e-09
0.1525	3.3323062e-09
0.153	9.5400019e-09
0.1535	7.9388352e-09
0.154	6.3895082e-09
0.1545	5.4651044e-09
0.155	2.934553e-09
0.1555	8.3381571e-09
0.156	4.5416845e-09
0.1565	4.2153972e-09
0.157	9.8680305e-09
0.1575	5.2568301e-09
0.158	9.2165235e-09
0.1585	8.6630005e-09
0.159	4.5786914e-09
0.1595	8.6232004e-09
0.16	8.6790881e-09
0.1605	5.4178538e-09
0.161	5.7696433e-09
0.1615	5.3241294e-09
0.162	2.7717856e-09
0.1625	9.2381421e-09
0.163	6.1443572e-09
0.1635	5.6630518e-09
0.164	5.22037e-09
0.1645	2.9120762e-09
0.165	8.9711864e-09
0.1655	7.7147379e-09
0.166	6.1058916e-09
0.1665	4.9795314e-09
0.167	4.5894703e-09
0.1675	2.9857417e-09
0.168	7.3311509e-09
0.1685	7.3789163e-09
0.169	5.3385167e-09
0.1695	5.3836525e-09
0.17	5.0176752e-09
0.1705	2.855038e-09
0.171	8.473938e-09
0.1715	7.1412441e-09
0.172	5.8592441e-09
0.1725	5.1821651e-09
0.173	4.8509905e-09
0.1735	2.9519869e-09
0.174	7.9109443e-09
0.1745	7.5578789e-09
0.175	5.8448021e-09
0.1755	5.5709109e-09
0.176	3.0332041e-09
0.1765	8.3838967e-09
0.177	6.3046853e-09
0.1775	5.3569329e-09
0.178	4.9991416e-09
0.1785	2.8988112e-09
0.179	8.0168931e-09
0.1795	6.9461015e-09
0.18	5.3449074e-09
0.1805	2.856251e-09
0.181	8.4793936e-09
0.1815	3.7423006e-09
0.182	3.4575698e-09
0.1825	8.4754193e-09
0.183	7.9615494e-09
0.1835	3.2095479e-09
0.184	2.7203132e-09
0.1845	7.1406327e-09
0.185	7.1195658e-09
0.1855	4.4222852e-09
0.186	4.081759e-09
0.1865	2.7677762e-09
0.187	5.7268017e-09
0.1875	5.641495e-09
0.188	5.2216091e-09
0.1885	3.1180339e-09
0.189	9.427909e-09
0.1895	7.7835961e-09
0.19	6.7097555e-09
0.1905	5.4985547e-09
0.191	5.0801185e-09
0.1915	4.716885e-09
0.192	9.5689952e-09
0.1925	7.6162001e-09
0.193	6.5990698e-09
0.1935	4.9932239e-09
0.194	4.616336e-09
0.1945	2.795759e-09
0.195	7.4193525e-09
0.1955	6.8987983e-09
0.196	5.0123128e-09
0.1965	8.7624833e-09
0.197	7.3511491e-09
0.1975	3.6041855e-09
0.198	7.1314345e-09
0.1985	6.6627929e-09
0.199	3.2797275e-09
0.1995	8.5428018e-09
0.2	8.0323204e-09
