/*--------------------------------*- C++ -*----------------------------------*\
| =========                 |                                                 |
| \\      /  F ield         | OpenFOAM: The Open Source CFD Toolbox           |
|  \\    /   O peration     | Version:  2112                                  |
|   \\  /    A nd           | Website:  www.openfoam.com                      |
|    \\/     M anipulation  |                                                 |
\*---------------------------------------------------------------------------*/
FoamFile
{
    version     2.0;
    format      ascii;
    arch        "LSB;label=32;scalar=64";
    class       surfaceScalarField;
    location    "0.007";
    object      phi;
}
// * * * * * * * * * * * * * * * * * * * * * * * * * * * * * * * * * * * * * //

dimensions      [1 0 -1 0 0 0 0];

oriented        oriented;

internalField   nonuniform List<scalar> 
9999
(
2.04636e-12
1.25056e-12
3.97904e-13
0
3.97904e-13
2.27374e-13
1.7053e-13
5.11591e-13
6.82121e-13
8.52651e-13
4.54747e-13
1.08002e-12
1.19371e-12
1.3074e-12
2.10321e-12
2.38742e-12
2.50111e-12
3.06954e-12
3.9222e-12
4.49063e-12
4.83169e-12
5.45697e-12
5.91172e-12
6.19593e-12
6.82121e-12
7.16227e-12
7.21911e-12
7.56017e-12
7.90124e-12
7.7307e-12
8.01492e-12
8.18545e-12
8.29914e-12
8.92442e-12
9.60654e-12
1.05729e-11
1.1994e-11
1.26761e-11
1.31877e-11
1.29035e-11
1.22782e-11
1.24487e-11
1.19371e-11
1.18234e-11
1.1994e-11
1.21076e-11
1.28466e-11
1.34719e-11
1.4154e-11
1.46088e-11
1.46088e-11
1.46088e-11
1.40403e-11
1.39835e-11
1.4154e-11
1.4154e-11
1.42677e-11
1.44951e-11
1.53477e-11
1.65414e-11
1.73941e-11
1.80762e-11
1.85878e-11
1.85878e-11
1.91562e-11
1.92699e-11
1.8531e-11
1.8531e-11
1.95541e-11
2.04068e-11
2.08047e-11
2.08047e-11
2.16005e-11
2.16005e-11
2.15437e-11
2.10889e-11
2.12594e-11
2.19984e-11
2.17142e-11
2.26237e-11
2.26805e-11
2.34763e-11
2.33626e-11
2.27374e-11
2.34763e-11
2.41585e-11
2.47269e-11
2.54659e-11
2.63753e-11
2.67733e-11
2.7228e-11
2.7228e-11
2.79101e-11
2.78533e-11
2.71143e-11
2.72848e-11
2.75122e-11
2.74554e-11
2.73985e-11
2.69438e-11
2.69438e-11
2.64322e-11
2.63185e-11
2.60343e-11
2.70006e-11
2.67733e-11
2.72848e-11
2.7967e-11
2.83649e-11
2.87628e-11
2.9786e-11
3.00133e-11
2.99565e-11
3.00702e-11
3.01839e-11
3.04112e-11
3.06954e-11
3.14913e-11
3.14344e-11
3.17755e-11
3.1207e-11
3.04681e-11
2.92744e-11
2.87059e-11
2.78533e-11
2.71712e-11
2.5409e-11
2.42153e-11
2.3249e-11
2.27942e-11
2.22826e-11
2.11458e-11
2.04636e-11
1.91562e-11
1.87583e-11
1.7792e-11
1.63141e-11
1.55183e-11
1.40972e-11
1.34719e-11
1.3074e-11
1.2335e-11
1.14824e-11
9.83391e-12
8.46967e-12
7.3328e-12
6.9349e-12
5.85487e-12
4.88853e-12
3.9222e-12
2.33058e-12
1.47793e-12
8.52651e-13
-2.84217e-13
-9.66338e-13
-1.81899e-12
-2.44427e-12
-2.95586e-12
-3.18323e-12
-3.69482e-12
-4.49063e-12
-5.22959e-12
-5.51381e-12
-5.91172e-12
-6.65068e-12
-6.65068e-12
-7.21911e-12
-8.69704e-12
-9.72022e-12
-1.0516e-11
-1.16529e-11
-1.29035e-11
-1.33582e-11
-1.43814e-11
-1.54614e-11
-1.61435e-11
-1.65414e-11
-1.78488e-11
-1.87015e-11
-1.97815e-11
-2.0691e-11
-2.12594e-11
-2.19984e-11
-2.24532e-11
-2.29079e-11
-2.39311e-11
-2.48406e-11
-2.47837e-11
-2.45564e-11
-2.48974e-11
-2.50111e-11
-2.50111e-11
-2.55795e-11
-2.56932e-11
-2.53522e-11
-2.52385e-11
-2.50679e-11
-2.58069e-11
-2.58638e-11
-2.59774e-11
-2.55795e-11
-2.48974e-11
-2.45564e-11
-2.41016e-11
-2.33626e-11
-2.25668e-11
-2.18847e-11
-2.26805e-11
-2.25668e-11
-2.22258e-11
-2.18847e-11
-2.12026e-11
-2.05773e-11
-1.98384e-11
-1.82467e-11
-1.81331e-11
-1.80762e-11
-1.80194e-11
-1.72804e-11
-1.6712e-11
-1.65983e-11
-1.65983e-11
-1.57456e-11
-1.50635e-11
-1.4154e-11
-1.29035e-11
-1.25056e-11
-1.1994e-11
-1.2335e-11
-1.13118e-11
-1.1255e-11
-1.11413e-11
-1.06866e-11
-1.04592e-11
-1.00613e-11
-9.09495e-12
-8.98126e-12
-8.12861e-12
-7.78755e-12
-6.82121e-12
-6.25278e-12
-5.28644e-12
-4.54747e-12
-4.20641e-12
-3.75167e-12
-2.89901e-12
-1.81899e-12
-1.47793e-12
-9.66338e-13
-2.27374e-13
4.54747e-13
8.52651e-13
1.59162e-12
2.38742e-12
3.06954e-12
3.41061e-12
4.3201e-12
4.54747e-12
5.22959e-12
5.51381e-12
5.68434e-12
5.57066e-12
4.94538e-12
5.00222e-12
4.43379e-12
3.63798e-12
3.29692e-12
2.6148e-12
2.16005e-12
1.93268e-12
1.36424e-12
1.3074e-12
8.52651e-13
6.25278e-13
4.54747e-13
3.97904e-13
2.84217e-13
-1.13687e-13
-2.84217e-13
-3.41061e-13
-1.7053e-13
-6.25278e-13
-8.52651e-13
-1.13687e-12
-9.66338e-13
-7.95808e-13
-3.41061e-13
5.68434e-13
5.68434e-13
5.11591e-13
6.82121e-13
1.08002e-12
1.13687e-12
1.19371e-12
1.64846e-12
2.38742e-12
3.41061e-12
4.54747e-12
5.11591e-12
5.79803e-12
6.42331e-12
6.36646e-12
7.04858e-12
7.78755e-12
8.07177e-12
7.50333e-12
8.29914e-12
8.52651e-12
9.15179e-12
1.00044e-11
1.1255e-11
1.17666e-11
1.21645e-11
1.28466e-11
1.27898e-11
1.36993e-11
1.47224e-11
1.50067e-11
1.56319e-11
1.60298e-11
1.75646e-11
1.79057e-11
1.78488e-11
1.83036e-11
1.85878e-11
1.87015e-11
1.88152e-11
1.90994e-11
1.90994e-11
1.88152e-11
1.82467e-11
1.80762e-11
1.86446e-11
1.8872e-11
1.81331e-11
1.71667e-11
1.62572e-11
1.55751e-11
1.53477e-11
1.39266e-11
1.28466e-11
1.14824e-11
9.66338e-12
8.35598e-12
6.76437e-12
5.34328e-12
3.29692e-12
3.0127e-12
1.76215e-12
5.68434e-13
-1.7053e-13
-1.47793e-12
-3.06954e-12
-4.26326e-12
-5.79803e-12
-6.59384e-12
-7.38964e-12
-8.86757e-12
-8.86757e-12
-9.89075e-12
-1.05729e-11
-1.13687e-11
-1.26192e-11
-1.33582e-11
-1.42109e-11
-1.39835e-11
-1.42109e-11
-1.42677e-11
-1.50067e-11
-1.63709e-11
-1.68257e-11
-1.79057e-11
-1.84173e-11
-1.81899e-11
-1.89857e-11
-1.92699e-11
-1.94973e-11
-1.91562e-11
-1.98952e-11
-1.98952e-11
-2.02931e-11
-2.02931e-11
-2.04636e-11
-2.0691e-11
-2.12026e-11
-2.12026e-11
-2.05205e-11
-1.93268e-11
-1.84741e-11
-1.78488e-11
-1.77351e-11
-1.76783e-11
-1.66551e-11
-1.57456e-11
-1.50635e-11
-1.40972e-11
-1.31308e-11
-1.25056e-11
-1.18803e-11
-1.17097e-11
-1.08571e-11
-1.09708e-11
-1.10276e-11
-1.0175e-11
-9.43601e-12
-9.32232e-12
-9.49285e-12
-9.49285e-12
-9.37916e-12
-9.26548e-12
-8.12861e-12
-7.78755e-12
-7.38964e-12
-6.87805e-12
-6.59384e-12
-6.42331e-12
-6.59384e-12
-5.96856e-12
-6.59384e-12
-6.36646e-12
-5.96856e-12
-5.40012e-12
-5.45697e-12
-5.6275e-12
-5.17275e-12
-4.83169e-12
-5.17275e-12
-5.96856e-12
-5.6275e-12
-5.91172e-12
-6.48015e-12
-6.99174e-12
-6.87805e-12
-7.78755e-12
-8.2423e-12
-8.35598e-12
-9.72022e-12
-1.03455e-11
-1.13687e-11
-1.30171e-11
-1.40403e-11
-1.50067e-11
-1.61435e-11
-1.73372e-11
-1.79057e-11
-1.85878e-11
-1.97815e-11
-2.08047e-11
-2.0691e-11
-2.14868e-11
-2.27942e-11
-2.37037e-11
-2.47837e-11
-2.56364e-11
-2.5409e-11
-2.55227e-11
-2.55795e-11
-2.55795e-11
-2.56932e-11
-2.54659e-11
-2.50111e-11
-2.48974e-11
-2.50111e-11
-2.47837e-11
-2.46132e-11
-2.47269e-11
-2.42721e-11
-2.359e-11
-2.31353e-11
-2.29079e-11
-2.251e-11
-2.27374e-11
-2.27942e-11
-2.31353e-11
-2.36469e-11
-2.359e-11
-2.44995e-11
-2.55795e-11
-2.59206e-11
-2.58069e-11
-2.60911e-11
-2.62048e-11
-2.63185e-11
-2.64322e-11
-2.69438e-11
-2.70006e-11
-2.66596e-11
-2.67164e-11
-2.68869e-11
-2.70575e-11
-2.73985e-11
-2.77964e-11
-2.89901e-11
-2.84786e-11
-2.91038e-11
-2.98428e-11
-3.05818e-11
-3.17755e-11
-3.2685e-11
-3.36513e-11
-3.4504e-11
-3.51292e-11
-3.58682e-11
-3.63229e-11
-3.64366e-11
-3.6664e-11
-3.72324e-11
-3.76872e-11
-3.83693e-11
-3.88809e-11
-3.91651e-11
-3.85967e-11
-3.88241e-11
-3.91083e-11
-3.89946e-11
-3.9222e-11
-3.84262e-11
-3.81988e-11
-3.72324e-11
-3.68914e-11
-3.63798e-11
-3.58682e-11
-3.49019e-11
-3.40492e-11
-3.26281e-11
-3.22302e-11
-3.10934e-11
-3.02975e-11
-2.9786e-11
-2.93312e-11
-2.91038e-11
-2.84217e-11
-2.7967e-11
-2.7967e-11
-2.71712e-11
-2.66596e-11
-2.63753e-11
-2.59774e-11
-2.54659e-11
-2.50679e-11
-2.48406e-11
-2.43858e-11
-2.37037e-11
-2.29079e-11
-2.19984e-11
-2.20552e-11
-2.27942e-11
-2.22826e-11
-2.29079e-11
-2.38742e-11
-2.45564e-11
-2.51248e-11
-2.58638e-11
-2.60911e-11
-2.70575e-11
-2.71143e-11
-2.68869e-11
-2.68301e-11
-2.6489e-11
-2.69438e-11
-2.71143e-11
-2.70006e-11
-2.73417e-11
-2.7967e-11
-2.78533e-11
-2.76827e-11
-2.73417e-11
-2.60911e-11
-2.50679e-11
-2.43858e-11
-2.41016e-11
-2.35332e-11
-2.29647e-11
-2.19984e-11
-2.09752e-11
-2.01226e-11
-1.95541e-11
-1.94404e-11
-1.84173e-11
-1.77351e-11
-1.75646e-11
-1.64277e-11
-1.56319e-11
-1.50635e-11
-1.43814e-11
-1.32445e-11
-1.23919e-11
-1.15392e-11
-1.09708e-11
-9.60654e-12
-8.69704e-12
-8.12861e-12
-7.16227e-12
-6.82121e-12
-6.42331e-12
-6.99174e-12
-7.27596e-12
-7.50333e-12
-7.44649e-12
-7.27596e-12
-6.82121e-12
-6.70752e-12
-6.19593e-12
-5.51381e-12
-5.11591e-12
-4.88853e-12
-4.718e-12
-4.3201e-12
-3.97904e-12
-3.97904e-12
-3.80851e-12
-3.86535e-12
-4.49063e-12
-4.43379e-12
-3.86535e-12
-3.12639e-12
-2.6148e-12
-2.10321e-12
-1.08002e-12
-7.38964e-13
-4.54747e-13
2.27374e-13
8.52651e-13
1.42109e-12
1.64846e-12
2.04636e-12
1.81899e-12
1.81899e-12
1.59162e-12
1.25056e-12
1.7053e-12
1.25056e-12
1.19371e-12
1.19371e-12
9.09495e-13
9.09495e-13
1.25056e-12
7.38964e-13
1.7053e-13
0
-6.82121e-13
-6.25278e-13
-1.3074e-12
-2.10321e-12
-2.10321e-12
-2.6148e-12
-3.29692e-12
-3.69482e-12
-4.66116e-12
-4.94538e-12
-5.51381e-12
-6.42331e-12
-6.87805e-12
-7.04858e-12
-7.67386e-12
-8.29914e-12
-8.2423e-12
-8.86757e-12
-9.60654e-12
-1.01181e-11
-1.09708e-11
-1.10276e-11
-1.24487e-11
-1.35287e-11
-1.47793e-11
-1.58593e-11
-1.69393e-11
-1.77351e-11
-1.88152e-11
-1.96678e-11
-2.00089e-11
-2.00657e-11
-2.10889e-11
-2.18279e-11
-2.31353e-11
-2.33058e-11
-2.40448e-11
-2.44995e-11
-2.45564e-11
-2.45564e-11
-2.45564e-11
-2.45564e-11
-2.49543e-11
-2.56932e-11
-2.51248e-11
-2.59774e-11
-2.63185e-11
-2.60343e-11
-2.67733e-11
-2.75122e-11
-2.72848e-11
-2.75122e-11
-2.77396e-11
-2.87628e-11
-2.92744e-11
-2.94449e-11
-2.99565e-11
-3.05818e-11
-3.10365e-11
-3.10934e-11
-3.04112e-11
-3.08091e-11
-3.00702e-11
-3.05818e-11
-3.25144e-11
-3.24007e-11
-3.3026e-11
-3.23439e-11
-3.22302e-11
-3.21165e-11
-3.22302e-11
-3.29123e-11
-3.31966e-11
-3.29123e-11
-3.39924e-11
-3.41629e-11
-3.40492e-11
-3.36513e-11
-3.31966e-11
-3.33671e-11
-3.3026e-11
-3.2685e-11
-3.26281e-11
-3.24576e-11
-3.20597e-11
-3.25144e-11
-3.33671e-11
-3.38218e-11
-3.39355e-11
-3.46176e-11
-3.47882e-11
-3.43903e-11
-3.35376e-11
-3.27418e-11
-3.3026e-11
-3.31397e-11
-3.3026e-11
-3.39924e-11
-3.34808e-11
-3.30829e-11
-3.39355e-11
-3.4504e-11
-3.40492e-11
-3.34808e-11
-3.31966e-11
-3.18323e-11
-3.16049e-11
-3.10934e-11
-3.05818e-11
-2.95017e-11
-2.88196e-11
-2.83649e-11
-2.84786e-11
-2.78533e-11
-2.70575e-11
-2.62048e-11
-2.62048e-11
-2.65459e-11
-2.58069e-11
-2.56364e-11
-2.59774e-11
-2.52385e-11
-2.5409e-11
-2.52953e-11
-2.40448e-11
-2.36469e-11
-2.37605e-11
-2.31353e-11
-2.29647e-11
-2.26805e-11
-2.26237e-11
-2.27374e-11
-2.26237e-11
-2.18279e-11
-2.17142e-11
-2.11458e-11
-2.05205e-11
-2.01226e-11
-2.01226e-11
-1.93836e-11
-1.87583e-11
-1.80762e-11
-1.80194e-11
-1.79057e-11
-1.79057e-11
-1.7792e-11
-1.72804e-11
-1.68825e-11
-1.61435e-11
-1.52909e-11
-1.43814e-11
-1.32445e-11
-1.2335e-11
-1.21645e-11
-1.23919e-11
-1.30171e-11
-1.31308e-11
-1.35287e-11
-1.31877e-11
-1.3813e-11
-1.35856e-11
-1.35856e-11
-1.3074e-11
-1.28466e-11
-1.30171e-11
-1.35287e-11
-1.35287e-11
-1.40972e-11
-1.42109e-11
-1.4893e-11
-1.4893e-11
-1.4893e-11
-1.46656e-11
-1.39266e-11
-1.39266e-11
-1.46088e-11
-1.49498e-11
-1.46656e-11
-1.44382e-11
-1.42109e-11
-1.44382e-11
-1.40403e-11
-1.38698e-11
-1.51772e-11
-1.64277e-11
-1.66551e-11
-1.7053e-11
-1.73941e-11
-1.73372e-11
-1.72236e-11
-1.74509e-11
-1.72804e-11
-1.72236e-11
-1.7792e-11
-1.79625e-11
-1.82467e-11
-1.75646e-11
-1.72236e-11
-1.71099e-11
-1.66551e-11
-1.65414e-11
-1.59162e-11
-1.56319e-11
-1.40972e-11
-1.34719e-11
-1.38698e-11
-1.31308e-11
-1.22213e-11
-1.15961e-11
-1.08002e-11
-1.0516e-11
-1.02318e-11
-9.43601e-12
-8.98126e-12
-8.58336e-12
-7.50333e-12
-6.36646e-12
-6.25278e-12
-5.96856e-12
-5.45697e-12
-5.45697e-12
-4.88853e-12
-5.40012e-12
-5.51381e-12
-5.68434e-12
-5.96856e-12
-6.87805e-12
-8.2423e-12
-9.49285e-12
-1.09139e-11
-1.20508e-11
-1.31308e-11
-1.39266e-11
-1.46656e-11
-1.55183e-11
-1.57456e-11
-1.69393e-11
-1.79625e-11
-1.84741e-11
-1.82467e-11
-1.83604e-11
-1.89289e-11
-1.92699e-11
-1.87583e-11
-1.97815e-11
-1.98952e-11
-1.9952e-11
-2.00089e-11
-1.98952e-11
-2.03499e-11
-2.05205e-11
-2.05205e-11
-2.08615e-11
-2.13163e-11
-2.17142e-11
-2.22826e-11
-2.251e-11
-2.27942e-11
-2.22826e-11
-2.27374e-11
-2.28511e-11
-2.3249e-11
-2.33626e-11
-2.36469e-11
-2.30784e-11
-2.3249e-11
-2.36469e-11
-2.34763e-11
-2.34763e-11
-2.359e-11
-2.38174e-11
-2.37037e-11
-2.38742e-11
-2.47269e-11
-2.51816e-11
-2.52385e-11
-2.56364e-11
-2.55227e-11
-2.60911e-11
-2.6148e-11
-2.66027e-11
-2.65459e-11
-2.66596e-11
-2.75122e-11
-2.80806e-11
-2.73985e-11
-2.81375e-11
-2.81943e-11
-2.85354e-11
-2.88765e-11
-2.96723e-11
-3.04681e-11
-3.06954e-11
-3.11502e-11
-3.11502e-11
-3.1207e-11
-3.16049e-11
-3.25713e-11
-3.33671e-11
-3.40492e-11
-3.49587e-11
-3.56408e-11
-3.58114e-11
-3.72324e-11
-3.7744e-11
-3.74598e-11
-3.70619e-11
-3.72324e-11
-3.76872e-11
-3.68914e-11
-3.68914e-11
-3.72324e-11
-3.70619e-11
-3.6664e-11
-3.54134e-11
-3.46176e-11
-3.3765e-11
-3.36513e-11
-3.34808e-11
-3.25713e-11
-3.17755e-11
-3.13207e-11
-3.06954e-11
-2.97291e-11
-2.91038e-11
-2.79101e-11
-2.71143e-11
-2.7228e-11
-2.69438e-11
-2.63185e-11
-2.59774e-11
-2.57501e-11
-2.60911e-11
-2.53522e-11
-2.50679e-11
-2.39879e-11
-2.26237e-11
-2.17142e-11
-2.16573e-11
-2.143e-11
-2.11458e-11
-2.10889e-11
-2.03499e-11
-1.97815e-11
-1.89289e-11
-1.91562e-11
-1.86446e-11
-1.83604e-11
-1.87015e-11
-1.86446e-11
-1.78488e-11
-1.84741e-11
-1.84173e-11
-1.82467e-11
-1.81331e-11
-1.79057e-11
-1.78488e-11
-1.82467e-11
-1.79057e-11
-1.75078e-11
-1.63709e-11
-1.63141e-11
-1.60298e-11
-1.5234e-11
-1.53477e-11
-1.44951e-11
-1.36993e-11
-1.3415e-11
-1.39266e-11
-1.46088e-11
-1.53477e-11
-1.63709e-11
-1.65414e-11
-1.71667e-11
-1.77351e-11
-1.8531e-11
-1.93268e-11
-2.01794e-11
-2.02931e-11
-2.06342e-11
-2.11458e-11
-2.21689e-11
-2.27374e-11
-2.35332e-11
-2.44427e-11
-2.43858e-11
-2.5409e-11
-2.63185e-11
-2.66027e-11
-2.77396e-11
-2.85922e-11
-2.84217e-11
-2.85354e-11
-2.92175e-11
-2.96723e-11
-3.01839e-11
-3.05818e-11
-3.0866e-11
-3.16049e-11
-3.20028e-11
-3.22871e-11
-3.3026e-11
-3.34239e-11
-3.35376e-11
-3.39924e-11
-3.35945e-11
-3.35376e-11
-3.39355e-11
-3.34808e-11
-3.31966e-11
-3.23439e-11
-3.15481e-11
-3.17186e-11
-3.17755e-11
-3.1207e-11
-3.04681e-11
-2.88196e-11
-2.80238e-11
-2.64322e-11
-2.53522e-11
-2.53522e-11
-2.48406e-11
-2.40448e-11
-2.35332e-11
-2.30216e-11
-2.23395e-11
-2.20552e-11
-2.13731e-11
-2.11458e-11
-2.08047e-11
-2.07478e-11
-2.16573e-11
-2.26237e-11
-2.34195e-11
-2.44427e-11
-2.51816e-11
-2.55227e-11
-2.54659e-11
-2.66596e-11
-2.7228e-11
-2.77396e-11
-2.8308e-11
-2.89333e-11
-2.88765e-11
-2.88765e-11
-2.9047e-11
-2.95586e-11
-3.02975e-11
-3.02407e-11
-3.00133e-11
-2.87059e-11
-2.79101e-11
-2.63185e-11
-2.51816e-11
-2.33058e-11
-2.20552e-11
-2.05773e-11
-1.94973e-11
-1.86446e-11
-1.79625e-11
-1.73941e-11
-1.74509e-11
-1.7053e-11
-1.67688e-11
-1.61435e-11
-1.59162e-11
-1.62004e-11
-1.60298e-11
-1.56888e-11
-1.57456e-11
-1.5234e-11
-1.42677e-11
-1.39835e-11
-1.3813e-11
-1.3074e-11
-1.31877e-11
-1.32445e-11
-1.35287e-11
-1.34719e-11
-1.39266e-11
-1.43245e-11
-1.46656e-11
-1.46656e-11
-1.47793e-11
-1.52909e-11
-1.47224e-11
-1.4893e-11
-1.49498e-11
-1.50635e-11
-1.57456e-11
-1.60867e-11
-1.68257e-11
-1.75646e-11
-1.87583e-11
-1.98384e-11
-2.08047e-11
-2.22258e-11
-2.31921e-11
-2.37037e-11
-2.44427e-11
-2.53522e-11
-2.59774e-11
-2.7228e-11
-2.78533e-11
-2.93312e-11
-2.9388e-11
-3.03544e-11
-3.09228e-11
-3.20597e-11
-3.20597e-11
-3.22871e-11
-3.25713e-11
-3.33671e-11
-3.45608e-11
-3.52429e-11
-3.58682e-11
-3.60387e-11
-3.64935e-11
-3.69482e-11
-3.72324e-11
-3.67777e-11
-3.75167e-11
-3.75735e-11
-3.78577e-11
-3.81419e-11
-3.78577e-11
-3.81419e-11
-3.89946e-11
-3.95062e-11
-4.00178e-11
-4.01883e-11
-4.05862e-11
-4.10409e-11
-4.08704e-11
-4.16662e-11
-4.19504e-11
-4.2462e-11
-4.2121e-11
-4.30873e-11
-4.30305e-11
-4.35421e-11
-4.26894e-11
-4.30873e-11
-4.29736e-11
-4.28031e-11
-4.26894e-11
-4.14389e-11
-4.08704e-11
-4.03588e-11
-4.0302e-11
-3.90514e-11
-3.85398e-11
-3.76872e-11
-3.67777e-11
-3.60387e-11
-3.52998e-11
-3.45608e-11
-3.39924e-11
-3.33102e-11
-3.21734e-11
-3.21734e-11
-3.16618e-11
-3.17186e-11
-3.14344e-11
-3.17186e-11
-3.14344e-11
-3.12639e-11
-3.05249e-11
-3.01839e-11
-3.00702e-11
-2.96723e-11
-2.97291e-11
-2.94449e-11
-2.87628e-11
-2.88765e-11
-2.80806e-11
-2.77964e-11
-2.71712e-11
-2.70575e-11
-2.6489e-11
-2.57501e-11
-2.53522e-11
-2.55795e-11
-2.50679e-11
-2.50679e-11
-2.47269e-11
-2.44995e-11
-2.46132e-11
-2.40448e-11
-2.31921e-11
-2.26237e-11
-2.22826e-11
-2.25668e-11
-2.24532e-11
-2.15437e-11
-2.10889e-11
-2.06342e-11
-2.12594e-11
-2.13731e-11
-2.1771e-11
-2.12594e-11
-2.09752e-11
-2.07478e-11
-1.98384e-11
-1.89857e-11
-1.87015e-11
-1.8531e-11
-1.80762e-11
-1.72804e-11
-1.76215e-11
-1.73941e-11
-1.66551e-11
-1.64277e-11
-1.5234e-11
-1.44382e-11
-1.49498e-11
-1.48361e-11
-1.50067e-11
-1.48361e-11
-1.5234e-11
-1.60867e-11
-1.66551e-11
-1.72236e-11
-1.7792e-11
-1.85878e-11
-1.9611e-11
-2.04636e-11
-2.10321e-11
-2.16005e-11
-2.3249e-11
-2.38742e-11
-2.48406e-11
-2.56364e-11
-2.64322e-11
-2.6489e-11
-2.73985e-11
-2.75691e-11
-2.91038e-11
-2.97291e-11
-3.00133e-11
-3.01839e-11
-3.06386e-11
-3.08091e-11
-3.18892e-11
-3.22302e-11
-3.22871e-11
-3.20028e-11
-3.13207e-11
-3.13776e-11
-3.17755e-11
-3.14913e-11
-3.14913e-11
-3.13207e-11
-3.08091e-11
-3.09228e-11
-3.03544e-11
-3.08091e-11
-3.02407e-11
-3.07523e-11
-3.05818e-11
-3.05249e-11
-3.09228e-11
-3.14913e-11
-3.20028e-11
-3.17755e-11
-3.1946e-11
-3.17186e-11
-3.16049e-11
-3.16049e-11
-3.15481e-11
-3.17186e-11
-3.14913e-11
-3.10934e-11
-3.04112e-11
-3.0127e-11
-3.00133e-11
-2.91038e-11
-2.88765e-11
-2.80238e-11
-2.68301e-11
-2.50679e-11
-2.55227e-11
-2.42721e-11
-2.34763e-11
-2.37605e-11
-2.28511e-11
-2.24532e-11
-2.23963e-11
-2.28511e-11
-2.30216e-11
-2.30784e-11
-2.359e-11
-2.50111e-11
-2.59774e-11
-2.74554e-11
-2.78533e-11
-2.87628e-11
-2.95017e-11
-2.96154e-11
-2.96723e-11
-2.98996e-11
-3.13776e-11
-3.23439e-11
-3.29692e-11
-3.34808e-11
-3.42197e-11
-3.41061e-11
-3.42766e-11
-3.46745e-11
-3.4845e-11
-3.42197e-11
-3.45608e-11
-3.50155e-11
-3.47313e-11
-3.49587e-11
-3.45608e-11
-3.43903e-11
-3.40492e-11
-3.46745e-11
-3.44471e-11
-3.47313e-11
-3.46176e-11
-3.54134e-11
-3.5584e-11
-3.58114e-11
-3.55271e-11
-3.52998e-11
-3.51292e-11
-3.47882e-11
-3.4504e-11
-3.39924e-11
-3.33102e-11
-3.21165e-11
-3.10934e-11
-3.05818e-11
-2.96154e-11
-2.91607e-11
-2.84217e-11
-2.78533e-11
-2.67164e-11
-2.58638e-11
-2.51248e-11
-2.40448e-11
-2.359e-11
-2.33058e-11
-2.3249e-11
-2.27374e-11
-2.22258e-11
-2.13731e-11
-2.02931e-11
-1.96678e-11
-1.91562e-11
-1.93268e-11
-1.85878e-11
-1.84741e-11
-1.79057e-11
-1.72236e-11
-1.73372e-11
-1.69962e-11
-1.69962e-11
-1.69962e-11
-1.73372e-11
-1.73941e-11
-1.7053e-11
-1.65414e-11
-1.60867e-11
-1.56319e-11
-1.57456e-11
-1.51203e-11
-1.42109e-11
-1.46656e-11
-1.52909e-11
-1.46088e-11
-1.3813e-11
-1.39266e-11
-1.42109e-11
-1.48361e-11
-1.56888e-11
-1.6712e-11
-1.71099e-11
-1.66551e-11
-1.68825e-11
-1.64846e-11
-1.66551e-11
-1.67688e-11
-1.69393e-11
-1.72236e-11
-1.74509e-11
-1.78488e-11
-1.76215e-11
-1.77351e-11
-1.78488e-11
-1.83036e-11
-1.84741e-11
-1.87583e-11
-1.94973e-11
-2.10321e-11
-2.15437e-11
-2.26237e-11
-2.25668e-11
-2.21121e-11
-2.20552e-11
-2.26805e-11
-2.33058e-11
-2.43858e-11
-2.47837e-11
-2.52953e-11
-2.52385e-11
-2.59206e-11
-2.64322e-11
-2.67733e-11
-2.77396e-11
-2.82512e-11
-2.85354e-11
-2.86491e-11
-2.92744e-11
-3.0127e-11
-3.04681e-11
-3.09228e-11
-3.14913e-11
-3.18323e-11
-3.21165e-11
-3.14913e-11
-3.17186e-11
-3.20597e-11
-3.20028e-11
-3.1207e-11
-3.16618e-11
-3.10934e-11
-3.13207e-11
-3.20597e-11
-3.22302e-11
-3.31397e-11
-3.27418e-11
-3.33102e-11
-3.43334e-11
-3.50155e-11
-3.49019e-11
-3.50724e-11
-3.52998e-11
-3.53566e-11
-3.54134e-11
-3.56977e-11
-3.58682e-11
-3.63798e-11
-3.60387e-11
-3.59819e-11
-3.54703e-11
-3.54703e-11
-3.5925e-11
-3.62661e-11
-3.64935e-11
-3.68345e-11
-3.72324e-11
-3.71756e-11
-3.80851e-11
-3.86535e-11
-3.90514e-11
-3.9222e-11
-3.9222e-11
-3.93925e-11
-3.95062e-11
-4.01315e-11
-4.10409e-11
-4.13252e-11
-4.21778e-11
-4.28031e-11
-4.34284e-11
-4.48495e-11
-4.55884e-11
-4.58726e-11
-4.6839e-11
-4.76916e-11
-4.80327e-11
-4.74074e-11
-4.7919e-11
-4.75779e-11
-4.77485e-11
-4.76348e-11
-4.70095e-11
-4.58726e-11
-4.45652e-11
-4.32578e-11
-4.33715e-11
-4.21778e-11
-4.08136e-11
-4.00178e-11
-3.87672e-11
-3.80282e-11
-3.72324e-11
-3.67777e-11
-3.66072e-11
-3.60956e-11
-3.63798e-11
-3.54134e-11
-3.45608e-11
-3.33102e-11
-3.28555e-11
-3.25713e-11
-3.24576e-11
-3.23439e-11
-3.25713e-11
-3.27987e-11
-3.25144e-11
-3.21165e-11
-3.16049e-11
-3.1946e-11
-3.29123e-11
-3.43334e-11
-3.44471e-11
-3.44471e-11
-3.58682e-11
-3.72893e-11
-3.8483e-11
-3.92788e-11
-4.06999e-11
-4.09841e-11
-4.14389e-11
-4.17231e-11
-4.2462e-11
-4.27463e-11
-4.25757e-11
-4.3201e-11
-4.40536e-11
-4.41105e-11
-4.44516e-11
-4.49631e-11
-4.51337e-11
-4.49063e-11
-4.47926e-11
-4.394e-11
-4.35989e-11
-4.30873e-11
-4.25189e-11
-4.13252e-11
-4.0302e-11
-3.85398e-11
-3.75167e-11
-3.66072e-11
-3.5925e-11
-3.56408e-11
-3.55271e-11
-3.49587e-11
-3.44471e-11
-3.43903e-11
-3.46745e-11
-3.41629e-11
-3.38218e-11
-3.30829e-11
-3.22871e-11
-3.18892e-11
-3.13776e-11
-3.20597e-11
-3.18323e-11
-3.14913e-11
-3.1207e-11
-3.09228e-11
-3.09797e-11
-3.05249e-11
-3.11502e-11
-3.04112e-11
-2.99565e-11
-2.96723e-11
-2.99565e-11
-2.95586e-11
-2.9047e-11
-2.91607e-11
-2.88196e-11
-2.88765e-11
-2.93312e-11
-2.99565e-11
-3.05818e-11
-3.05818e-11
-3.05249e-11
-3.13207e-11
-3.21165e-11
-3.3026e-11
-3.40492e-11
-3.47313e-11
-3.52998e-11
-3.58114e-11
-3.65503e-11
-3.6664e-11
-3.78577e-11
-3.89946e-11
-3.99609e-11
-4.09841e-11
-4.0643e-11
-4.10409e-11
-4.10978e-11
-4.23483e-11
-4.3201e-11
-4.38831e-11
-4.42242e-11
-4.45084e-11
-4.43947e-11
-4.45652e-11
-4.41105e-11
-4.37126e-11
-4.40536e-11
-4.38263e-11
-4.36557e-11
-4.35989e-11
-4.26894e-11
-4.20641e-11
-4.10978e-11
-3.90514e-11
-3.80282e-11
-3.6664e-11
-3.52429e-11
-3.42197e-11
-3.28555e-11
-3.21165e-11
-3.13776e-11
-3.07523e-11
-3.00702e-11
-2.97291e-11
-2.96723e-11
-2.92744e-11
-2.87059e-11
-2.77396e-11
-2.71143e-11
-2.66596e-11
-2.64322e-11
-2.64322e-11
-2.62048e-11
-2.59206e-11
-2.54659e-11
-2.55227e-11
-2.57501e-11
-2.57501e-11
-2.52385e-11
-2.48974e-11
-2.48406e-11
-2.52385e-11
-2.47837e-11
-2.46132e-11
-2.42153e-11
-2.4329e-11
-2.33626e-11
-2.25668e-11
-2.23395e-11
-2.18279e-11
-2.19984e-11
-2.143e-11
-2.10321e-11
-2.09184e-11
-2.08047e-11
-2.09184e-11
-2.04068e-11
-1.95541e-11
-1.9611e-11
-1.91562e-11
-1.87015e-11
-1.97247e-11
-1.93268e-11
-1.92699e-11
-1.87015e-11
-1.86446e-11
-1.73372e-11
-1.64846e-11
-1.60867e-11
-1.58025e-11
-1.56888e-11
-1.55751e-11
-1.53477e-11
-1.50635e-11
-1.46656e-11
-1.35856e-11
-1.39266e-11
-1.3415e-11
-1.40972e-11
-1.35856e-11
-1.32445e-11
-1.31877e-11
-1.26192e-11
-1.24487e-11
-1.23919e-11
-1.21076e-11
-1.2335e-11
-1.21076e-11
-1.23919e-11
-1.27329e-11
-1.31877e-11
-1.44382e-11
-1.55183e-11
-1.67688e-11
-1.77351e-11
-1.81899e-11
-1.90994e-11
-2.01226e-11
-2.18279e-11
-2.26237e-11
-2.43858e-11
-2.46132e-11
-2.48974e-11
-2.45564e-11
-2.51816e-11
-2.53522e-11
-2.55227e-11
-2.53522e-11
-2.467e-11
-2.42153e-11
-2.43858e-11
-2.50111e-11
-2.49543e-11
-2.48406e-11
-2.53522e-11
-2.5409e-11
-2.49543e-11
-2.48406e-11
-2.51816e-11
-2.467e-11
-2.52385e-11
-2.42153e-11
-2.39311e-11
-2.29647e-11
-2.25668e-11
-2.20552e-11
-2.14868e-11
-2.09752e-11
-2.04068e-11
-1.94973e-11
-1.94404e-11
-1.84741e-11
-1.6712e-11
-1.60867e-11
-1.54046e-11
-1.49498e-11
-1.53477e-11
-1.5234e-11
-1.51203e-11
-1.54046e-11
-1.56319e-11
-1.57456e-11
-1.4893e-11
-1.50635e-11
-1.56319e-11
-1.54614e-11
-1.61435e-11
-1.56888e-11
-1.57456e-11
-1.58025e-11
-1.56319e-11
-1.50635e-11
-1.46656e-11
-1.3813e-11
-1.3415e-11
-1.30171e-11
-1.29603e-11
-1.35856e-11
-1.3415e-11
-1.40403e-11
-1.4154e-11
-1.46656e-11
-1.48361e-11
-1.59162e-11
-1.64277e-11
-1.75646e-11
-1.77351e-11
-1.79057e-11
-1.83036e-11
-1.87583e-11
-1.90994e-11
-1.93268e-11
-1.95541e-11
-2.01794e-11
-1.98384e-11
-1.92131e-11
-1.93836e-11
-1.96678e-11
-1.93836e-11
-1.85878e-11
-1.84173e-11
-1.84741e-11
-1.83604e-11
-1.79057e-11
-1.85878e-11
-1.93836e-11
-1.97815e-11
-2.04068e-11
-2.11458e-11
-2.08047e-11
-2.05773e-11
-2.09752e-11
-2.06342e-11
-2.01226e-11
-1.9952e-11
-1.8531e-11
-1.80194e-11
-1.71099e-11
-1.62572e-11
-1.52909e-11
-1.42677e-11
-1.31308e-11
-1.1255e-11
-9.15179e-12
-7.7307e-12
-6.87805e-12
-6.53699e-12
-5.6275e-12
-5.28644e-12
-5.28644e-12
-5.28644e-12
-5.22959e-12
-5.79803e-12
-6.25278e-12
-6.30962e-12
-6.53699e-12
-6.99174e-12
-8.18545e-12
-9.32232e-12
-9.9476e-12
-1.07434e-11
-1.1255e-11
-1.25056e-11
-1.27898e-11
-1.22782e-11
-1.25624e-11
-1.31308e-11
-1.33582e-11
-1.4154e-11
-1.47224e-11
-1.50635e-11
-1.55183e-11
-1.57456e-11
-1.57456e-11
-1.54614e-11
-1.5973e-11
-1.60298e-11
-1.60867e-11
-1.62572e-11
-1.72236e-11
-1.72804e-11
-1.71667e-11
-1.71099e-11
-1.74509e-11
-1.69962e-11
-1.61435e-11
-1.47793e-11
-1.39835e-11
-1.27329e-11
-1.14824e-11
-1.11413e-11
-1.11413e-11
-1.15392e-11
-1.2335e-11
-1.21645e-11
-1.31877e-11
-1.40403e-11
-1.46088e-11
-1.56888e-11
-1.66551e-11
-1.72804e-11
-1.80762e-11
-1.83604e-11
-1.85878e-11
-1.92131e-11
-1.91562e-11
-1.94404e-11
-1.96678e-11
-2.01226e-11
-1.98952e-11
-2.01226e-11
-2.06342e-11
-2.05773e-11
-2.13731e-11
-2.06342e-11
-2.14868e-11
-2.19416e-11
-2.29079e-11
-2.30784e-11
-2.29647e-11
-2.37037e-11
-2.41016e-11
-2.41585e-11
-2.45564e-11
-2.40448e-11
-2.45564e-11
-2.5409e-11
-2.6489e-11
-2.71143e-11
-2.68869e-11
-2.7228e-11
-2.76827e-11
-2.80238e-11
-2.81375e-11
-2.81375e-11
-2.86491e-11
-2.77964e-11
-2.77396e-11
-2.75122e-11
-2.6489e-11
-2.6148e-11
-2.6489e-11
-2.64322e-11
-2.68869e-11
-2.78533e-11
-2.80806e-11
-2.80238e-11
-2.83649e-11
-2.88196e-11
-2.88765e-11
-2.91038e-11
-2.96154e-11
-2.95017e-11
-2.91038e-11
-2.81943e-11
-2.81375e-11
-2.87059e-11
-2.87059e-11
-2.84217e-11
-2.80806e-11
-2.87059e-11
-2.86491e-11
-2.93312e-11
-2.96154e-11
-3.01839e-11
-3.04681e-11
-3.1207e-11
-3.17186e-11
-3.21165e-11
-3.31397e-11
-3.41061e-11
-3.50155e-11
-3.62093e-11
-3.7403e-11
-3.80851e-11
-3.8483e-11
-3.87104e-11
-3.96767e-11
-4.0302e-11
-4.09841e-11
-4.14957e-11
-4.17799e-11
-4.16662e-11
-4.18936e-11
-4.17231e-11
-4.18936e-11
-4.14957e-11
-4.13252e-11
-4.08704e-11
-4.00178e-11
-4.03588e-11
-3.96199e-11
-3.87104e-11
-3.86535e-11
-3.83693e-11
-3.82556e-11
-3.7403e-11
-3.72893e-11
-3.70619e-11
-3.64366e-11
-3.64366e-11
-3.56977e-11
-3.63229e-11
-3.62093e-11
-3.50724e-11
-3.46745e-11
-3.42766e-11
-3.40492e-11
-3.35376e-11
-3.31397e-11
-3.31397e-11
-3.3026e-11
-3.27418e-11
-3.21734e-11
-3.21165e-11
-3.13207e-11
-3.0866e-11
-3.09228e-11
-3.0127e-11
-2.95017e-11
-2.87628e-11
-2.8308e-11
-2.81943e-11
-2.76259e-11
-2.80806e-11
-2.85922e-11
-2.81375e-11
-2.76827e-11
-2.71143e-11
-2.63185e-11
-2.58638e-11
-2.5409e-11
-2.51248e-11
-2.467e-11
-2.44995e-11
-2.467e-11
-2.44995e-11
-2.43858e-11
-2.39311e-11
-2.40448e-11
-2.37037e-11
-2.29079e-11
-2.16573e-11
-2.17142e-11
-2.14868e-11
-2.11458e-11
-2.15437e-11
-2.12026e-11
-2.0691e-11
-2.0691e-11
-2.11458e-11
-2.15437e-11
-2.12026e-11
-2.07478e-11
-2.03499e-11
-2.10889e-11
-2.05773e-11
-2.10889e-11
-2.1771e-11
-2.25668e-11
-2.24532e-11
-2.30784e-11
-2.30784e-11
-2.38174e-11
-2.38742e-11
-2.49543e-11
-2.52953e-11
-2.64322e-11
-2.67164e-11
-2.71143e-11
-2.68301e-11
-2.70575e-11
-2.77964e-11
-2.88765e-11
-2.9388e-11
-2.91038e-11
-3.04112e-11
-3.09228e-11
-3.05249e-11
-3.08091e-11
-3.10934e-11
-3.11502e-11
-3.17186e-11
-3.18892e-11
-3.22302e-11
-3.21734e-11
-3.20597e-11
-3.18892e-11
-3.17186e-11
-3.11502e-11
-3.07523e-11
-2.96154e-11
-2.92744e-11
-2.84217e-11
-2.85922e-11
-2.76259e-11
-2.72848e-11
-2.6489e-11
-2.69438e-11
-2.62617e-11
-2.63753e-11
-2.6489e-11
-2.63753e-11
-2.67164e-11
-2.66596e-11
-2.66596e-11
-2.76259e-11
-2.81375e-11
-2.86491e-11
-2.96154e-11
-2.95586e-11
-2.98996e-11
-2.9388e-11
-2.91607e-11
-2.89333e-11
-2.84786e-11
-2.87059e-11
-2.80806e-11
-2.85354e-11
-2.81375e-11
-2.73417e-11
-2.66027e-11
-2.62048e-11
-2.50111e-11
-2.48974e-11
-2.46132e-11
-2.467e-11
-2.42721e-11
-2.38174e-11
-2.34763e-11
-2.29647e-11
-2.25668e-11
-2.13163e-11
-2.00089e-11
-1.91562e-11
-1.76783e-11
-1.61435e-11
-1.4893e-11
-1.26761e-11
-1.0175e-11
-8.2423e-12
-4.43379e-12
-2.27374e-13
4.718e-12
1.02318e-11
1.72804e-11
2.71712e-11
3.8483e-11
5.26938e-11
7.00879e-11
9.03242e-11
1.15676e-10
1.46883e-10
1.84514e-10
2.30216e-10
2.85411e-10
3.53225e-10
4.34568e-10
5.33021e-10
6.52392e-10
7.96433e-10
9.71397e-10
1.1816e-09
1.43586e-09
1.74236e-09
2.11082e-09
2.55449e-09
3.08899e-09
3.73103e-09
4.50262e-09
5.42826e-09
6.5379e-09
7.86741e-09
9.45914e-09
1.13637e-08
1.36403e-08
1.63604e-08
1.96076e-08
2.34795e-08
2.8095e-08
3.35915e-08
4.01328e-08
4.79107e-08
5.71509e-08
6.81218e-08
8.1137e-08
9.65651e-08
1.14838e-07
1.36464e-07
1.62038e-07
1.92258e-07
2.27939e-07
2.70034e-07
3.19656e-07
3.78106e-07
4.46899e-07
5.27799e-07
6.22863e-07
7.34482e-07
8.65432e-07
1.01894e-06
1.19874e-06
1.40917e-06
1.65526e-06
1.9428e-06
2.27851e-06
2.67014e-06
3.12664e-06
3.6583e-06
4.27702e-06
4.99645e-06
5.83229e-06
6.80259e-06
7.92806e-06
9.23243e-06
1.07429e-05
1.24906e-05
1.4511e-05
1.68449e-05
1.95385e-05
2.26449e-05
2.62242e-05
3.03449e-05
3.5085e-05
4.05331e-05
4.67895e-05
5.39682e-05
6.21982e-05
7.16255e-05
8.2415e-05
9.47532e-05
0.00010885
0.000124943
0.000143299
0.000164218
0.000188038
0.000215137
0.00024594
0.000280924
0.000320621
0.000365627
0.000416609
0.00047431
0.000539557
0.000613273
0.000696485
0.000790333
0.000896084
0.00101514
0.00114906
0.00129957
0.00146857
0.00165815
0.00187065
0.00210862
0.00237487
0.00267249
0.00300488
0.00337577
0.00378925
0.00424978
0.00476226
0.00533202
0.0059649
0.00666723
0.00744593
0.00830851
0.00926312
0.0103186
0.0114846
0.0127713
0.0141901
0.015753
0.017473
0.0193642
0.0214417
0.0237216
0.0262213
0.0289595
0.0319559
0.035232
0.0388103
0.0427151
0.0469721
0.0516085
0.0566535
0.0621376
0.0680935
0.0745554
0.0815597
0.0891445
0.09735
0.106218
0.115794
0.126123
0.137254
0.149238
0.162128
0.175977
0.190845
0.206789
0.223871
0.242155
0.261706
0.282592
0.304882
0.328648
0.353963
0.380901
0.409539
0.439956
0.472231
0.506444
0.542677
0.581014
0.621537
0.664332
0.709482
0.757074
0.807193
0.859923
0.91535
0.973558
1.03463
1.09865
1.16571
1.23587
1.30923
1.38585
1.46582
1.54921
1.63609
1.72653
1.8206
1.91836
2.01987
2.1252
2.2344
2.34751
2.4646
2.5857
2.71087
2.84013
2.97352
3.11108
3.25283
3.3988
3.54901
3.70347
3.8622
4.02521
4.19251
4.36409
4.53996
4.72012
4.90455
5.09325
5.28619
5.48337
5.68477
5.89036
6.10012
6.31401
6.53201
6.75409
6.98021
7.21033
7.44441
7.68242
7.9243
8.17002
8.41953
8.67278
8.92972
9.1903
9.45447
9.72218
9.99337
10.268
10.546
10.8273
11.1119
11.3997
11.6907
11.9847
12.2819
12.5819
12.885
13.1909
13.4996
13.8111
14.1253
14.4421
14.7615
15.0835
15.408
15.7349
16.0642
16.3959
16.7298
17.0659
17.4043
17.7447
18.0873
18.4319
18.7784
19.1269
19.4773
19.8296
20.1836
20.5394
20.897
21.2562
21.617
21.9795
22.3435
22.709
23.076
23.4444
23.8143
24.1855
24.558
24.9319
25.307
25.6833
26.0608
26.4395
26.8194
27.2003
27.5823
27.9654
28.3495
28.7346
29.1207
29.5077
29.8956
30.2844
30.674
31.0645
31.4558
31.848
32.2408
32.6345
33.0288
33.4239
33.8197
34.2161
34.6132
35.0109
35.4092
35.8081
36.2076
36.6076
37.0082
37.4093
37.8109
38.213
38.6156
39.0186
39.4221
39.8261
40.2304
40.6352
41.0403
41.4459
41.8517
42.258
42.6646
43.0715
43.4788
43.8863
44.2942
44.7023
45.1107
45.5194
45.9283
46.3375
46.7469
47.1566
47.5664
47.9765
48.3868
48.7972
49.2079
49.6187
50.0297
50.4408
50.8521
51.2636
51.6752
52.0869
52.4987
52.9107
53.3227
53.7349
54.1471
54.5595
54.9719
55.3844
55.797
56.2096
56.6223
57.035
57.4478
57.8607
58.2736
58.6865
59.0994
59.5124
59.9254
60.3383
60.7513
61.1644
61.5774
61.9904
62.4033
62.8163
63.2293
63.6422
64.0551
64.468
64.8809
65.2937
65.7064
66.1192
66.5318
66.9445
67.357
67.7695
68.182
68.5944
69.0067
69.4189
69.8311
70.2432
70.6552
71.0671
71.479
71.8908
72.3024
72.714
73.1255
73.5368
73.9481
74.3593
74.7704
75.1813
75.5921
76.0029
76.4135
76.824
77.2344
77.6446
78.0548
78.4648
78.8746
79.2844
79.694
80.1035
80.5128
80.922
81.3311
81.74
82.1488
82.5574
82.9659
83.3742
83.7824
84.1904
84.5983
85.006
85.4136
85.821
86.2283
86.6354
87.0423
87.4491
87.8557
88.2621
88.6684
89.0745
89.4804
89.8861
90.2917
90.6971
91.1024
91.5074
91.9123
92.317
92.7215
93.1259
93.53
93.934
94.3378
94.7414
95.1448
95.548
95.9511
96.3539
96.7566
97.1591
97.5614
97.9635
98.3654
98.7671
99.1686
99.5699
99.971
100.372
100.773
101.173
101.573
101.974
102.374
102.773
103.173
103.572
103.971
104.37
104.769
105.167
105.566
105.964
106.361
106.759
107.157
107.554
107.951
108.348
108.744
109.141
109.537
109.933
110.329
110.724
111.119
111.514
111.909
112.304
112.698
113.093
113.487
113.881
114.274
114.668
115.061
115.454
115.846
116.239
116.631
117.023
117.415
117.806
118.198
118.589
118.98
119.371
119.761
120.151
120.541
120.931
121.321
121.71
122.099
122.488
122.877
123.265
123.653
124.041
124.429
124.817
125.204
125.591
125.978
126.365
126.751
127.137
127.523
127.909
128.294
128.679
129.064
129.449
129.834
130.218
130.602
130.986
131.37
131.753
132.136
132.519
132.902
133.284
133.666
134.048
134.43
134.812
135.193
135.574
135.955
136.335
136.716
137.096
137.476
137.855
138.235
138.614
138.993
139.371
139.75
140.128
140.506
140.884
141.261
141.638
142.015
142.392
142.769
143.145
143.521
143.897
144.273
144.648
145.023
145.398
145.773
146.147
146.521
146.895
147.269
147.642
148.015
148.388
148.761
149.134
149.506
149.878
150.25
150.621
150.992
151.364
151.734
152.105
152.475
152.845
153.215
153.585
153.954
154.323
154.692
155.061
155.429
155.797
156.165
156.533
156.9
157.268
157.635
158.001
158.368
158.734
159.1
159.466
159.831
160.197
160.562
160.927
161.291
161.655
162.019
162.383
162.747
163.11
163.473
163.836
164.199
164.561
164.923
165.285
165.647
166.008
166.37
166.73
167.091
167.452
167.812
168.172
168.532
168.891
169.25
169.609
169.968
170.327
170.685
171.043
171.401
171.758
172.115
172.473
172.829
173.186
173.542
173.898
174.254
174.61
174.965
175.32
175.675
176.03
176.384
176.738
177.092
177.446
177.8
178.153
178.506
178.858
179.211
179.563
179.915
180.267
180.618
180.97
181.321
181.671
182.022
182.372
182.722
183.072
183.422
183.771
184.12
184.469
184.818
185.166
185.514
185.862
186.21
186.557
186.904
187.251
187.598
187.944
188.291
188.637
188.982
189.328
189.673
190.018
190.363
190.707
191.051
191.396
191.739
192.083
192.426
192.769
193.112
193.455
193.797
194.139
194.481
194.823
195.164
195.505
195.846
196.187
196.527
196.867
197.207
197.547
197.887
198.226
198.565
198.904
199.242
199.58
199.918
200.256
200.594
200.931
201.268
201.605
201.941
202.278
202.614
202.95
203.285
203.621
203.956
204.291
204.626
204.96
205.294
205.628
205.962
206.295
206.629
206.962
207.295
207.627
207.959
208.291
208.623
208.955
209.286
209.617
209.948
210.279
210.609
210.939
211.269
211.599
211.928
212.258
212.586
212.915
213.244
213.572
213.9
214.228
214.555
214.883
215.21
215.537
215.863
216.189
216.516
216.841
217.167
217.493
217.818
218.143
218.467
218.792
219.116
219.44
219.764
220.087
220.411
220.734
221.056
221.379
221.701
222.023
222.345
222.667
222.988
223.309
223.63
223.951
224.272
224.592
224.912
225.231
225.551
225.87
226.189
226.508
226.827
227.145
227.463
227.781
228.099
228.416
228.733
229.05
229.367
229.683
230
230.316
230.631
230.947
231.262
231.577
231.892
232.207
232.521
232.835
233.149
233.463
233.776
234.089
234.402
234.715
235.027
235.34
235.652
235.964
236.275
236.586
236.898
237.208
237.519
237.829
238.14
238.45
238.759
239.069
239.378
239.687
239.996
240.304
240.613
240.921
241.229
241.536
241.844
242.151
242.458
242.764
243.071
243.377
243.683
243.989
244.294
244.6
244.905
245.21
245.514
245.819
246.123
246.427
246.73
247.034
247.337
247.64
247.943
248.245
248.548
248.85
249.152
249.453
249.755
250.056
250.357
250.658
250.958
251.258
251.558
251.858
252.158
252.457
252.756
253.055
253.354
253.652
253.95
254.248
254.546
254.843
255.141
255.438
255.735
256.031
256.328
256.624
256.92
257.215
257.511
257.806
258.101
258.396
258.69
258.985
259.279
259.573
259.866
260.16
260.453
260.746
261.039
261.331
261.624
261.916
262.207
262.499
262.79
263.082
263.373
263.663
263.954
264.244
264.534
264.824
265.113
265.403
265.692
265.981
266.27
266.558
266.846
267.134
267.422
267.71
267.997
268.284
268.571
268.858
269.144
269.43
269.716
270.002
270.288
270.573
270.858
271.143
271.428
271.712
271.996
272.28
272.564
272.847
273.131
273.414
273.697
273.979
274.262
274.544
274.826
275.108
275.389
275.671
275.952
276.233
276.513
276.794
277.074
277.354
277.634
277.913
278.192
278.471
278.75
279.029
279.307
279.586
279.864
280.141
280.419
280.696
280.973
281.25
281.527
281.803
282.08
282.356
282.631
282.907
283.182
283.457
283.732
284.007
284.281
284.556
284.83
285.104
285.377
285.651
285.924
286.197
286.469
286.742
287.014
287.286
287.558
287.83
288.101
288.372
288.643
288.914
289.184
289.455
289.725
289.995
290.264
290.534
290.803
291.072
291.341
291.609
291.878
292.146
292.414
292.681
292.949
293.216
293.483
293.75
294.017
294.283
294.549
294.815
295.081
295.347
295.612
295.877
296.142
296.407
296.671
296.935
297.199
297.463
297.727
297.99
298.253
298.516
298.779
299.041
299.304
299.566
299.828
300.089
300.351
300.612
300.873
301.134
301.394
301.655
301.915
302.175
302.435
302.694
302.953
303.213
303.471
303.73
303.989
304.247
304.505
304.763
305.02
305.278
305.535
305.792
306.049
306.305
306.561
306.817
307.073
307.329
307.585
307.84
308.095
308.35
308.604
308.859
309.113
309.367
309.621
309.874
310.128
310.381
310.634
310.886
311.139
311.391
311.643
311.895
312.147
312.398
312.65
312.901
313.151
313.402
313.653
313.903
314.153
314.402
314.652
314.901
315.151
315.4
315.648
315.897
316.145
316.393
316.641
316.889
317.136
317.384
317.631
317.877
318.124
318.37
318.617
318.863
319.109
319.354
319.6
319.845
320.09
320.334
320.579
320.823
321.068
321.311
321.555
321.799
322.042
322.285
322.528
322.771
323.013
323.256
323.498
323.739
323.981
324.223
324.464
324.705
324.946
325.186
325.427
325.667
325.907
326.147
326.386
326.626
326.865
327.104
327.343
327.581
327.82
328.058
328.296
328.534
328.771
329.009
329.246
329.483
329.719
329.956
330.192
330.428
330.664
330.9
331.135
331.371
331.606
331.841
332.075
332.31
332.544
332.778
333.012
333.246
333.479
333.713
333.946
334.179
334.411
334.644
334.876
335.108
335.34
335.571
335.803
336.034
336.265
336.496
336.727
336.957
337.187
337.417
337.647
337.877
338.106
338.335
338.565
338.793
339.022
339.25
339.479
339.707
339.934
340.162
340.389
340.617
340.844
341.071
341.297
341.524
341.75
341.976
342.202
342.427
342.653
342.878
343.103
343.328
343.552
343.777
344.001
344.225
344.449
344.672
344.896
345.119
345.342
345.565
345.788
346.01
346.232
346.454
346.676
346.898
347.119
347.34
347.562
347.782
348.003
348.223
348.444
348.664
348.884
349.103
349.323
349.542
349.761
349.98
350.199
350.417
350.635
350.854
351.071
351.289
351.507
351.724
351.941
352.158
352.375
352.591
352.808
353.024
353.24
353.455
353.671
353.886
354.101
354.316
354.531
354.746
354.96
355.174
355.388
355.602
355.816
356.029
356.242
356.455
356.668
356.881
357.093
357.305
357.517
357.729
357.941
358.152
358.363
358.575
358.785
358.996
359.207
359.417
359.627
359.837
360.047
360.256
360.465
360.675
360.884
361.092
361.301
361.509
361.717
361.925
362.133
362.341
362.548
362.755
362.962
363.169
363.376
363.582
363.789
363.995
364.2
364.406
364.612
364.817
365.022
365.227
365.432
365.636
365.841
366.045
366.249
366.452
366.656
366.859
367.063
367.266
367.469
367.671
367.874
368.076
368.278
368.48
368.681
368.883
369.084
369.285
369.486
369.687
369.888
370.088
370.288
370.488
370.688
370.888
371.087
371.286
371.485
371.684
371.883
372.081
372.28
372.478
372.676
372.873
373.071
373.268
373.465
373.662
373.859
374.056
374.252
374.448
374.644
374.84
375.036
375.231
375.427
375.622
375.817
376.011
376.206
376.4
376.594
376.788
376.982
377.176
377.369
377.563
377.756
377.948
378.141
378.334
378.526
378.718
378.91
379.102
379.293
379.485
379.676
379.867
380.058
380.249
380.439
380.629
380.819
381.009
381.199
381.389
381.578
381.767
381.956
382.145
382.334
382.522
382.71
382.898
383.086
383.274
383.461
383.649
383.836
384.023
384.21
384.396
384.583
384.769
384.955
385.141
385.327
385.512
385.697
385.883
386.068
386.252
386.437
386.621
386.806
386.99
387.174
387.357
387.541
387.724
387.907
388.09
388.273
388.456
388.638
388.82
389.002
389.184
389.366
389.548
389.729
389.91
390.091
390.272
390.452
390.633
390.813
390.993
391.173
391.353
391.532
391.712
391.891
392.07
392.249
392.427
392.606
392.784
392.962
393.14
393.318
393.496
393.673
393.85
394.027
394.204
394.381
394.557
394.734
394.91
395.086
395.262
395.437
395.613
395.788
395.963
396.138
396.313
396.487
396.661
396.836
397.01
397.183
397.357
397.531
397.704
397.877
398.05
398.223
398.395
398.568
398.74
398.912
399.084
399.256
399.427
399.599
399.77
399.941
400.112
400.282
400.453
400.623
400.793
400.963
401.133
401.303
401.472
401.641
401.811
401.979
402.148
402.317
402.485
402.653
402.821
402.989
403.157
403.324
403.492
403.659
403.826
403.993
404.159
404.326
404.492
404.658
404.824
404.99
405.156
405.321
405.486
405.651
405.816
405.981
406.146
406.31
406.474
406.638
406.802
406.966
407.129
407.293
407.456
407.619
407.782
407.945
408.107
408.269
408.432
408.594
408.755
408.917
409.078
409.24
409.401
409.562
409.723
409.883
410.044
410.204
410.364
410.524
410.684
410.843
411.003
411.162
411.321
411.48
411.639
411.797
411.956
412.114
412.272
412.43
412.588
412.745
412.903
413.06
413.217
413.374
413.53
413.687
413.843
413.999
414.155
414.311
414.467
414.623
414.778
414.933
415.088
415.243
415.398
415.552
415.706
415.861
416.015
416.168
416.322
416.476
416.629
416.782
416.935
417.088
417.241
417.393
417.545
417.698
417.85
418.001
418.153
418.305
418.456
418.607
418.758
418.909
419.06
419.21
419.36
419.511
419.66
419.811
419.96
420.11
420.259
420.408
420.557
420.706
420.854
421.003
421.151
421.3
421.447
421.596
421.743
421.891
422.038
422.185
422.332
422.479
422.626
422.772
422.919
423.065
423.211
423.356
423.503
423.648
423.794
423.938
424.084
424.228
424.374
424.518
424.662
424.806
424.951
425.094
425.238
425.382
425.525
425.668
425.811
425.954
426.097
426.24
426.382
426.525
426.667
426.809
426.95
427.092
427.233
427.375
427.516
427.657
427.798
427.938
428.079
428.219
428.359
428.499
428.639
428.779
428.918
429.058
429.197
429.336
429.475
429.614
429.752
429.891
430.029
430.167
430.305
430.443
430.58
430.718
430.855
430.992
431.129
431.266
431.402
431.539
431.675
431.811
431.947
432.083
432.219
432.354
432.49
432.625
432.76
432.895
433.03
433.164
433.299
433.433
433.567
433.701
433.835
433.968
434.102
434.235
434.368
434.501
434.634
434.767
434.899
435.032
435.164
435.296
435.428
435.559
435.691
435.822
435.954
436.085
436.216
436.346
436.477
436.608
436.738
436.868
436.998
437.128
437.257
437.387
437.516
437.646
437.775
437.904
438.032
438.161
438.289
438.418
438.546
438.674
438.801
438.929
439.057
439.184
439.311
439.438
439.565
439.692
439.818
439.945
440.071
440.197
440.323
440.449
440.575
440.7
440.825
440.95
441.076
441.2
441.325
441.45
441.574
441.698
441.822
441.946
442.07
442.194
442.317
442.441
442.564
442.687
442.81
442.932
443.055
443.177
443.3
443.422
443.544
443.665
443.787
443.909
444.03
444.151
444.272
444.393
444.514
444.634
444.755
444.875
444.995
445.115
445.235
445.355
445.474
445.593
445.713
445.832
445.951
446.069
446.188
446.306
446.425
446.543
446.661
446.779
446.897
447.014
447.131
447.249
447.366
447.483
447.6
447.716
447.833
447.949
448.065
448.181
448.297
448.413
448.529
448.644
448.759
448.874
448.989
449.104
449.219
449.334
449.448
449.562
449.676
449.79
449.904
450.018
450.131
450.245
450.358
450.471
450.584
450.697
450.809
450.922
451.034
451.146
451.258
451.37
451.482
451.593
451.705
451.816
451.927
452.038
452.149
452.26
452.37
452.481
452.591
452.701
452.811
452.921
453.031
453.14
453.249
453.359
453.468
453.577
453.686
453.794
453.903
454.011
454.119
454.227
454.335
454.443
454.551
454.658
454.765
454.873
454.98
455.086
455.193
455.3
455.406
455.513
455.619
455.725
455.831
455.936
456.042
456.147
456.253
456.358
456.463
456.568
456.672
456.777
456.881
456.986
457.09
457.194
457.298
457.401
457.505
457.608
457.712
457.815
457.918
458.021
458.123
458.226
458.328
458.431
458.533
458.635
458.737
458.838
458.94
459.041
459.143
459.244
459.345
459.446
459.546
459.647
459.747
459.848
459.948
460.048
460.148
460.247
460.347
460.446
460.546
460.645
460.744
460.843
460.941
461.04
461.138
461.237
461.335
461.433
461.531
461.628
461.726
461.823
461.921
462.018
462.115
462.212
462.309
462.405
462.502
462.598
462.694
462.79
462.886
462.982
463.077
463.173
463.268
463.363
463.459
463.553
463.648
463.743
463.837
463.932
464.026
464.12
464.214
464.308
464.402
464.495
464.588
464.682
464.775
464.868
464.961
465.053
465.146
465.238
465.331
465.423
465.515
465.607
465.698
465.79
465.881
465.973
466.064
466.155
466.246
466.337
466.427
466.518
466.608
466.698
466.789
466.878
466.968
467.058
467.148
467.237
467.326
467.415
467.504
467.593
467.682
467.77
467.859
467.947
468.035
468.123
468.211
468.299
468.387
468.474
468.562
468.649
468.736
468.823
468.91
468.996
469.083
469.169
469.256
469.342
469.428
469.514
469.599
469.685
469.77
469.856
469.941
470.026
470.111
470.196
470.28
470.365
470.449
470.533
470.618
470.702
470.785
470.869
470.953
471.036
471.12
471.203
471.286
471.369
471.451
471.534
471.617
471.699
471.781
471.863
471.945
472.027
472.109
472.191
472.272
472.353
472.434
472.516
472.596
472.677
472.758
472.838
472.919
472.999
473.079
473.159
473.239
473.319
473.398
473.478
473.557
473.636
473.715
473.794
473.873
473.952
474.03
474.109
474.187
474.265
474.343
474.421
474.499
474.577
474.654
474.731
474.809
474.886
474.963
475.04
475.116
475.193
475.269
475.346
475.422
475.498
475.574
475.65
475.725
475.801
475.876
475.952
476.027
476.102
476.177
476.251
476.326
476.401
476.475
476.549
476.623
476.697
476.771
476.845
476.919
476.992
477.065
477.139
477.212
477.285
477.358
477.43
477.503
477.575
477.648
477.72
477.792
477.864
477.936
478.007
478.079
478.15
478.222
478.293
478.364
478.435
478.505
478.576
478.647
478.717
478.787
478.858
478.928
478.997
479.067
479.137
479.206
479.276
479.345
479.414
479.483
479.552
479.621
479.689
479.758
479.826
479.895
479.963
480.031
480.099
480.166
480.234
480.301
480.369
480.436
480.503
480.57
480.637
480.704
480.77
480.837
480.903
480.97
481.036
481.102
481.168
481.233
481.299
481.364
481.43
481.495
481.56
481.625
481.69
481.755
481.819
481.884
481.948
482.013
482.077
482.141
482.205
482.268
482.332
482.395
482.459
482.522
482.585
482.648
482.711
482.774
482.837
482.899
482.961
483.024
483.086
483.148
483.21
483.272
483.333
483.395
483.456
483.518
483.579
483.64
483.701
483.761
483.822
483.883
483.943
484.003
484.064
484.124
484.184
484.244
484.303
484.363
484.422
484.482
484.541
484.6
484.659
484.718
484.776
484.835
484.894
484.952
485.01
485.068
485.126
485.184
485.242
485.3
485.357
485.415
485.472
485.529
485.586
485.643
485.7
485.756
485.813
485.869
485.926
485.982
486.038
486.094
486.15
486.206
486.261
486.317
486.372
486.427
486.482
486.537
486.592
486.647
486.702
486.756
486.811
486.865
486.919
486.973
487.027
487.081
487.135
487.188
487.242
487.295
487.348
487.401
487.454
487.507
487.56
487.612
487.665
487.717
487.77
487.822
487.874
487.926
487.978
488.029
488.081
488.132
488.184
488.235
488.286
488.337
488.388
488.438
488.489
488.54
488.59
488.64
488.69
488.74
488.79
488.84
488.89
488.939
488.989
489.038
489.087
489.137
489.185
489.234
489.283
489.332
489.38
489.429
489.477
489.525
489.573
489.621
489.669
489.717
489.764
489.812
489.859
489.906
489.953
490
490.047
490.094
490.141
490.187
490.234
490.28
490.326
490.372
490.418
490.464
490.51
490.556
490.601
490.647
490.692
490.737
490.782
490.827
490.872
490.917
490.961
491.006
491.05
491.094
491.138
491.182
491.226
491.27
491.314
491.357
491.401
491.444
491.487
491.531
491.574
491.616
491.659
491.702
491.744
491.787
491.829
491.871
491.913
491.955
491.997
492.039
492.081
492.122
492.164
492.205
492.246
492.287
492.328
492.369
492.41
492.45
492.491
492.531
492.571
492.612
492.652
492.692
492.731
492.771
492.811
492.85
492.89
492.929
492.968
493.007
493.046
493.085
493.123
493.162
493.201
493.239
493.277
493.315
493.353
493.391
493.429
493.467
493.504
493.542
493.579
493.616
493.654
493.691
493.728
493.764
493.801
493.838
493.874
493.91
493.947
493.983
494.019
494.055
494.09
494.126
494.162
494.197
494.233
494.268
494.303
494.338
494.373
494.408
494.442
494.477
494.511
494.546
494.58
494.614
494.648
494.682
494.716
494.749
494.783
494.817
494.85
494.883
494.916
494.949
494.982
495.015
495.048
495.08
495.113
495.145
495.177
495.209
495.241
495.273
495.305
495.337
495.368
495.4
495.431
495.462
495.494
495.525
495.556
495.586
495.617
495.648
495.678
495.708
495.739
495.769
495.799
495.829
495.859
495.888
495.918
495.947
495.977
496.006
496.035
496.064
496.093
496.122
496.151
496.179
496.208
496.236
496.264
496.292
496.32
496.348
496.376
496.404
496.431
496.459
496.486
496.513
496.541
496.568
496.595
496.621
496.648
496.675
496.701
496.727
496.754
496.78
496.806
496.832
496.857
496.883
496.909
496.934
496.96
496.985
497.01
497.035
497.06
497.085
497.109
497.134
497.158
497.182
497.207
497.231
497.255
497.279
497.302
497.326
497.35
497.373
497.396
497.419
497.442
497.465
497.488
497.511
497.534
497.556
497.578
497.601
497.623
497.645
497.667
497.689
497.71
497.732
497.753
497.775
497.796
497.817
497.838
497.859
497.879
497.9
497.92
497.941
497.961
497.981
498.001
498.021
498.041
498.061
498.08
498.099
498.119
498.138
498.157
498.176
498.195
498.213
498.232
498.25
498.269
498.287
498.305
498.323
498.341
498.358
498.376
498.393
498.411
498.428
498.445
498.462
498.478
498.495
498.512
498.528
498.544
498.56
498.576
498.592
498.608
498.624
498.639
498.654
498.67
498.685
498.7
498.714
498.729
498.744
498.758
498.772
498.786
498.8
498.814
498.828
498.842
498.855
498.868
498.881
498.894
498.907
498.92
498.933
498.945
498.957
498.97
498.982
498.993
499.005
499.017
499.028
499.039
499.05
499.061
499.072
499.083
499.094
499.104
499.114
499.124
499.134
499.144
499.154
499.163
499.173
499.182
499.191
499.2
499.208
499.217
499.225
499.234
499.242
499.25
499.258
499.266
499.273
499.28
499.288
499.295
499.302
499.309
499.315
499.322
499.328
499.334
499.341
499.347
499.352
499.358
499.364
499.369
499.374
499.379
499.384
499.389
499.394
499.398
499.403
499.407
499.411
499.415
499.419
499.423
499.427
499.431
499.434
499.437
499.441
499.444
499.447
499.45
499.453
499.455
499.458
499.46
499.463
499.465
499.467
499.469
499.472
499.473
499.475
499.477
499.479
499.481
499.482
499.484
499.485
499.486
499.488
499.489
499.49
499.491
499.492
499.493
499.494
499.495
499.496
499.497
499.498
499.498
499.499
499.5
499.5
499.501
499.501
499.502
499.502
499.503
499.503
499.504
499.504
499.504
499.505
499.505
499.505
499.505
499.506
499.506
499.506
499.506
499.506
499.507
499.507
499.507
499.507
499.507
499.507
499.507
499.507
499.507
499.508
499.508
499.508
499.508
499.508
499.508
499.508
499.508
499.508
499.508
499.508
499.508
499.508
499.508
499.508
499.508
499.508
499.508
499.508
499.508
499.508
499.508
499.508
499.508
499.508
499.508
499.508
499.508
499.508
499.508
499.508
499.508
499.508
499.508
499.508
499.508
499.508
499.508
499.508
499.508
499.508
499.508
499.508
499.508
499.508
499.508
499.508
499.508
499.508
499.508
499.508
499.508
499.508
499.508
499.508
499.508
499.508
499.508
499.508
499.508
499.507
499.507
499.507
499.507
499.507
499.507
499.507
499.507
499.507
499.507
499.507
499.507
499.507
499.507
499.507
499.507
499.507
499.507
499.507
499.507
499.507
499.507
499.507
499.507
499.507
499.507
499.507
499.507
499.507
499.507
499.507
499.507
499.507
499.507
499.507
499.507
499.507
499.507
499.507
499.507
499.507
499.507
499.507
499.507
499.507
499.507
499.507
499.507
499.507
499.507
499.507
499.507
499.507
499.506
499.506
499.506
499.506
499.506
499.506
499.506
499.506
499.506
499.506
499.506
499.506
499.506
499.506
499.506
499.506
499.506
499.506
499.506
499.506
499.506
499.506
499.506
499.506
499.506
499.506
499.506
499.506
499.506
499.506
499.506
499.506
499.506
499.506
499.506
499.506
499.506
499.506
499.506
499.506
499.506
499.506
499.506
499.506
499.506
499.506
499.506
499.506
499.506
499.505
499.505
499.505
499.505
499.505
499.505
499.505
499.505
499.505
499.505
499.505
499.505
499.505
499.505
499.505
499.505
499.505
499.505
499.505
499.505
499.505
499.505
499.505
499.505
499.505
499.505
499.505
499.505
499.505
499.505
499.505
499.505
499.505
499.505
499.505
499.505
499.505
499.505
499.505
499.505
499.505
499.505
499.505
499.505
499.505
499.505
499.504
499.504
499.504
499.504
499.504
499.504
499.504
499.504
499.504
499.504
499.504
499.504
499.504
499.504
499.504
499.504
499.504
499.504
499.504
499.504
499.504
499.504
499.504
499.504
499.504
499.504
499.504
499.504
499.504
499.504
499.504
499.504
499.504
499.504
499.504
499.504
499.504
499.504
499.504
499.504
499.504
499.504
499.503
499.503
499.503
499.503
499.503
499.503
499.503
499.503
499.503
499.503
499.503
499.503
499.503
499.503
499.503
499.503
499.503
499.503
499.503
499.503
499.503
499.503
499.503
499.503
499.503
499.503
499.503
499.503
499.503
499.503
499.503
499.503
499.503
499.503
499.503
499.503
499.503
499.503
499.503
499.503
499.503
499.502
499.502
499.502
499.502
499.502
499.502
499.502
499.502
499.502
499.502
499.502
499.502
499.502
499.502
499.502
499.502
499.502
499.502
499.502
499.502
499.502
499.502
499.502
499.502
499.502
499.502
499.502
499.502
499.502
499.502
499.502
499.502
499.502
499.502
499.502
499.502
499.502
499.502
499.502
499.501
499.501
499.501
499.501
499.501
499.501
499.501
499.501
499.501
499.501
499.501
499.501
499.501
499.501
499.501
499.501
499.501
499.501
499.501
499.501
499.501
499.501
499.501
499.501
499.501
499.501
499.501
499.501
499.501
499.501
499.501
499.501
499.501
499.501
499.501
499.501
499.5
499.5
499.5
499.5
499.5
499.5
499.5
499.5
499.5
499.5
499.5
499.5
499.5
499.5
499.5
499.5
499.5
499.5
499.5
499.5
499.5
499.5
499.5
499.5
499.5
499.5
499.5
499.5
499.5
499.5
499.5
499.5
499.5
499.5
499.5
499.5
499.499
499.499
499.499
499.499
499.499
499.499
499.499
499.499
499.499
499.499
499.499
499.499
499.499
499.499
499.499
499.499
499.499
499.499
499.499
499.499
499.499
499.499
499.499
499.499
499.499
499.499
499.499
499.499
499.499
499.499
499.499
499.499
499.499
499.499
499.498
499.498
499.498
499.498
499.498
499.498
499.498
499.498
499.498
499.498
499.498
499.498
499.498
499.498
499.498
499.498
499.498
499.498
499.498
499.498
499.498
499.498
499.498
499.498
499.498
499.498
499.498
499.498
499.498
499.498
499.498
499.498
499.497
499.497
499.497
499.497
499.497
499.497
499.497
499.497
499.497
499.497
499.497
499.497
499.497
499.497
499.497
499.497
499.497
499.497
499.497
499.497
499.497
499.497
499.497
499.497
499.497
499.497
499.497
499.497
499.497
499.497
499.497
499.496
499.496
499.496
499.496
499.496
499.496
499.496
499.496
499.496
499.496
499.496
499.496
499.496
499.496
499.496
499.496
499.496
499.496
499.496
499.496
499.496
499.496
499.496
499.496
499.496
499.496
499.496
499.496
499.496
499.496
499.495
499.495
499.495
499.495
499.495
499.495
499.495
499.495
499.495
499.495
499.495
499.495
499.495
499.495
499.495
499.495
499.495
499.495
499.495
499.495
499.495
499.495
499.495
499.495
499.495
499.495
499.495
499.495
499.495
499.494
499.494
499.494
499.494
499.494
499.494
499.494
499.494
499.494
499.494
499.494
499.494
499.494
499.494
499.494
499.494
499.494
499.494
499.494
499.494
499.494
499.494
499.494
499.494
499.494
499.494
499.494
499.494
499.493
499.493
499.493
499.493
499.493
499.493
499.493
499.493
499.493
499.493
499.493
499.493
499.493
499.493
499.493
499.493
499.493
499.493
499.493
499.493
499.493
499.493
499.493
499.493
499.493
499.493
499.493
499.492
499.492
499.492
499.492
499.492
499.492
499.492
499.492
499.492
499.492
499.492
499.492
499.492
499.492
499.492
499.492
499.492
499.492
499.492
499.492
499.492
499.492
499.492
499.492
499.492
499.492
499.491
499.491
499.491
499.491
499.491
499.491
499.491
499.491
499.491
499.491
499.491
499.491
499.491
499.491
499.491
499.491
499.491
499.491
499.491
499.491
499.491
499.491
499.491
499.491
499.491
499.49
499.49
499.49
499.49
499.49
499.49
499.49
499.49
499.49
499.49
499.49
499.49
499.49
499.49
499.49
499.49
499.49
499.49
499.49
499.49
499.49
499.49
499.49
499.49
499.489
499.489
499.489
499.489
499.489
499.489
499.489
499.489
499.489
499.489
499.489
499.489
499.489
499.489
499.489
499.489
499.489
499.489
499.489
499.489
499.489
499.489
499.489
499.489
499.488
499.488
499.488
499.488
499.488
499.488
499.488
499.488
499.488
499.488
499.488
499.488
499.488
499.488
499.488
499.488
499.488
499.488
499.488
499.488
499.488
499.488
499.488
499.487
499.487
499.487
499.487
499.487
499.487
499.487
499.487
499.487
499.487
499.487
499.487
499.487
499.487
499.487
499.487
499.487
499.487
499.487
499.487
499.487
499.486
499.486
499.486
499.486
499.486
499.486
499.486
499.486
499.486
499.486
499.486
499.486
499.486
499.486
499.486
499.486
499.486
499.486
499.486
499.486
499.486
499.486
499.485
499.485
499.485
499.485
499.485
499.485
499.485
499.485
499.485
499.485
499.485
499.485
499.485
499.485
499.485
499.485
499.485
499.485
499.485
499.485
499.484
499.484
499.484
499.484
499.484
499.484
499.484
499.484
499.484
499.484
499.484
499.484
499.484
499.484
499.484
499.484
499.484
499.484
499.484
499.484
499.483
499.483
499.483
499.483
499.483
499.483
499.483
499.483
499.483
499.483
499.483
499.483
499.483
499.483
499.483
499.483
499.483
499.483
499.483
499.483
499.482
499.482
499.482
499.482
499.482
499.482
499.482
499.482
499.482
499.482
499.482
499.482
499.482
499.482
499.482
499.482
499.482
499.482
499.481
499.481
499.481
499.481
499.481
499.481
499.481
499.481
499.481
499.481
499.481
499.481
499.481
499.481
499.481
499.481
499.481
499.481
499.481
499.48
499.48
499.48
499.48
499.48
499.48
499.48
499.48
499.48
499.48
499.48
499.48
499.48
499.48
499.48
499.48
499.48
499.479
499.479
499.479
499.479
499.479
499.479
499.479
499.479
499.479
499.479
499.479
499.479
499.479
499.479
499.479
499.479
499.479
499.479
499.478
499.478
499.478
499.478
499.478
499.478
499.478
499.478
499.478
499.478
499.478
499.478
499.478
499.478
499.478
499.478
499.477
499.477
499.477
499.477
499.477
499.477
499.477
499.477
499.477
499.477
499.477
499.477
499.477
499.477
499.477
499.477
499.477
499.476
499.476
499.476
499.476
499.476
499.476
499.476
499.476
499.476
499.476
499.476
499.476
499.476
499.476
499.476
499.476
499.475
499.475
499.475
499.475
499.475
499.475
499.475
499.475
499.475
499.475
499.475
499.475
499.475
499.475
499.475
499.474
499.474
499.474
499.474
499.474
499.474
499.474
499.474
499.474
499.474
499.474
499.474
499.474
499.474
499.474
499.473
499.473
499.473
499.473
499.473
499.473
499.473
499.473
499.473
499.473
499.473
499.473
499.473
499.473
499.473
499.472
499.472
499.472
499.472
499.472
499.472
499.472
499.472
499.472
499.472
499.472
499.472
499.472
499.472
499.471
499.471
499.471
499.471
499.471
499.471
499.471
499.471
499.471
499.471
499.471
499.471
499.471
499.471
499.47
499.47
499.47
499.47
499.47
499.47
499.47
499.47
499.47
499.47
499.47
499.47
499.47
499.469
499.469
499.469
499.469
499.469
499.469
499.469
499.469
499.469
499.469
499.469
499.469
499.469
499.469
499.468
499.468
499.468
499.468
499.468
499.468
499.468
499.468
499.468
499.468
499.468
499.468
499.467
499.467
499.467
499.467
499.467
499.467
499.467
499.467
499.467
499.467
499.467
499.467
499.467
499.466
499.466
499.466
499.466
499.466
499.466
499.466
499.466
499.466
499.466
499.466
499.466
499.465
499.465
499.465
499.465
499.465
499.465
499.465
499.465
499.465
499.465
499.465
499.465
499.464
499.464
499.464
499.464
499.464
499.464
499.464
499.464
499.464
499.464
499.464
499.464
499.463
499.463
499.463
499.463
499.463
499.463
499.463
499.463
499.463
499.463
499.463
499.462
499.462
499.462
499.462
499.462
499.462
499.462
499.462
499.462
499.462
499.462
499.462
499.461
499.461
499.461
499.461
499.461
499.461
499.461
499.461
499.461
499.461
499.46
499.46
499.46
499.46
499.46
499.46
499.46
499.46
499.46
499.46
499.46
499.459
499.459
499.459
499.459
499.459
499.459
499.459
499.459
499.459
499.459
499.459
499.458
499.458
499.458
499.458
499.458
499.458
499.458
499.458
499.458
499.458
499.457
499.457
499.457
499.457
499.457
499.457
499.457
499.457
499.457
499.457
499.456
499.456
499.456
499.456
499.456
499.456
499.456
499.456
499.456
499.456
499.455
499.455
499.455
499.455
499.455
499.455
499.455
499.455
499.455
499.454
499.454
499.454
499.454
499.454
499.454
499.454
499.454
499.454
499.453
499.453
499.453
499.453
499.453
499.453
499.453
499.453
499.453
499.453
499.452
499.452
499.452
499.452
499.452
499.452
499.452
499.452
499.452
499.451
499.451
499.451
499.451
499.451
499.451
499.451
499.451
499.45
499.45
499.45
499.45
499.45
499.45
499.45
499.45
499.45
499.449
499.449
499.449
499.449
499.449
499.449
499.449
499.449
499.449
499.448
499.448
499.448
499.448
499.448
499.448
499.448
499.448
499.447
499.447
499.447
499.447
499.447
499.447
499.447
499.447
499.446
499.446
499.446
499.446
499.446
499.446
499.446
499.446
499.445
499.445
499.445
499.445
499.445
499.445
499.445
499.445
499.444
499.444
499.444
499.444
499.444
499.444
499.444
499.443
499.443
499.443
499.443
499.443
499.443
499.443
499.443
499.442
499.442
499.442
499.442
499.442
499.442
499.442
499.441
499.441
499.441
499.441
499.441
499.441
499.441
499.441
499.44
499.44
499.44
499.44
499.44
499.44
499.44
499.439
499.439
499.439
499.439
499.439
499.439
499.439
499.438
499.438
499.438
499.438
499.438
499.438
499.438
499.437
499.437
499.437
499.437
499.437
499.437
499.436
499.436
499.436
499.436
499.436
499.436
499.436
499.435
499.435
499.435
499.435
499.435
499.435
499.434
499.434
499.434
499.434
499.434
499.434
499.434
499.433
499.433
499.433
499.433
499.433
499.433
499.432
499.432
499.432
499.432
499.432
499.432
499.431
499.431
499.431
499.431
499.431
499.431
499.43
499.43
499.43
499.43
499.43
499.43
499.429
499.429
499.429
499.429
499.429
499.429
499.428
499.428
499.428
499.428
499.428
499.428
499.427
499.427
499.427
499.427
499.427
499.427
499.426
499.426
499.426
499.426
499.426
499.425
499.425
499.425
499.425
499.425
499.425
499.424
499.424
499.424
499.424
499.424
499.423
499.423
499.423
499.423
499.423
499.422
499.422
499.422
499.422
499.422
499.422
499.421
499.421
499.421
499.421
499.421
499.42
499.42
499.42
499.42
499.42
499.419
499.419
499.419
499.419
499.419
499.418
499.418
499.418
499.418
499.418
499.417
499.417
499.417
499.417
499.417
499.416
499.416
499.416
499.416
499.415
499.415
499.415
499.415
499.415
499.414
499.414
499.414
499.414
499.414
499.413
499.413
499.413
499.413
499.412
499.412
499.412
499.412
499.412
499.411
499.411
499.411
499.411
499.41
499.41
499.41
499.41
499.41
499.409
499.409
499.409
499.409
499.408
499.408
499.408
499.408
499.407
499.407
499.407
499.407
499.406
499.406
499.406
499.406
499.405
499.405
499.405
499.405
499.404
499.404
499.404
499.404
499.404
499.403
499.403
499.403
499.402
499.402
499.402
499.402
499.401
499.401
499.401
499.401
499.4
499.4
499.4
499.4
499.399
499.399
499.399
499.399
499.398
499.398
499.398
499.397
499.397
499.397
499.397
499.396
499.396
499.396
499.396
499.395
499.395
499.395
499.394
499.394
499.394
499.394
499.393
499.393
499.393
499.392
499.392
499.392
499.392
499.391
499.391
499.391
499.39
499.39
499.39
499.389
499.389
499.389
499.389
499.388
499.388
499.388
499.387
499.387
499.387
499.386
499.386
499.386
499.385
499.385
499.385
499.384
499.384
499.384
499.383
499.383
499.383
499.383
499.382
499.382
499.382
499.381
499.381
499.381
499.38
499.38
499.379
499.379
499.379
499.378
499.378
499.378
499.377
499.377
499.377
499.376
499.376
499.376
499.375
499.375
499.375
499.374
499.374
499.373
499.373
499.373
499.372
499.372
499.372
499.371
499.371
499.37
499.37
499.37
499.369
499.369
499.369
499.368
499.368
499.367
499.367
499.367
499.366
499.366
499.365
499.365
499.365
499.364
499.364
499.363
499.363
499.363
499.362
499.362
499.361
499.361
499.36
499.36
499.36
499.359
499.359
499.358
499.358
499.357
499.357
499.357
499.356
499.356
499.355
499.355
499.354
499.354
499.353
499.353
499.353
499.352
499.352
499.351
499.351
499.35
499.35
499.349
499.349
499.348
499.348
499.347
499.347
499.346
499.346
499.345
499.345
499.344
499.344
499.343
499.343
499.342
499.342
499.341
499.341
499.34
499.34
499.339
499.339
499.338
499.338
499.337
499.337
499.336
499.336
499.335
499.334
499.334
499.333
499.333
499.332
499.332
499.331
499.33
499.33
499.329
499.329
499.328
499.328
499.327
499.326
499.326
499.325
499.325
499.324
499.323
499.323
499.322
499.322
499.321
499.32
499.32
499.319
499.318
499.318
499.317
499.317
499.316
499.315
499.315
499.314
499.313
499.313
499.312
499.311
499.311
499.31
499.309
499.308
499.308
499.307
499.306
499.306
499.305
499.304
499.304
499.303
499.302
499.301
499.301
499.3
499.299
499.298
499.298
499.297
499.296
499.295
499.295
499.294
499.293
499.292
499.291
499.291
499.29
499.289
499.288
499.287
499.287
499.286
499.285
499.284
499.283
499.282
499.281
499.281
499.28
499.279
499.278
499.277
499.276
499.275
499.274
499.273
499.273
499.272
499.271
499.27
499.269
499.268
499.267
499.266
499.265
499.264
499.263
499.262
499.261
499.26
499.259
499.258
499.257
499.256
499.255
499.254
499.253
499.252
499.251
499.25
499.249
499.247
499.246
499.245
499.244
499.243
499.242
499.241
499.24
499.238
499.237
499.236
499.235
499.234
499.232
499.231
499.23
499.229
499.227
499.226
499.225
499.224
499.222
499.221
499.22
499.218
499.217
499.216
499.214
499.213
499.212
499.21
499.209
499.208
499.206
499.205
499.203
499.202
499.2
499.199
499.197
499.196
499.194
499.193
499.191
499.19
499.188
499.186
499.185
499.183
499.182
499.18
499.178
499.177
499.175
499.173
499.171
499.17
499.168
499.166
499.164
499.163
499.161
499.159
499.157
499.155
499.153
499.151
499.149
499.147
499.145
499.143
499.141
499.139
499.137
499.135
499.133
499.131
499.129
499.126
499.124
499.122
499.12
499.118
499.115
499.113
499.111
499.108
499.106
499.103
499.101
499.098
499.096
499.093
499.091
499.088
499.085
499.083
499.08
499.077
499.075
499.072
499.069
499.066
499.063
499.06
499.057
499.054
499.051
499.048
499.045
499.042
499.038
499.035
499.032
499.029
499.025
499.022
499.018
499.015
499.011
499.007
499.004
499
498.996
498.992
498.988
498.984
498.98
498.976
498.972
498.968
498.964
498.959
498.955
498.95
498.946
498.941
498.936
498.932
498.927
498.922
498.917
498.912
498.906
498.901
498.896
498.89
498.884
498.879
498.873
498.867
498.861
498.855
498.849
498.842
498.836
498.829
498.822
498.815
498.808
498.801
498.794
498.786
498.778
498.77
498.762
498.754
498.746
498.737
498.728
498.719
498.709
498.7
498.69
498.68
498.669
498.658
498.647
498.635
498.623
498.61
498.597
498.583
498.569
498.554
498.537
498.52
498.502
498.482
498.461
498.439
498.414
498.387
498.358
498.327
498.292
498.253
498.211
498.164
498.112
498.055
497.991
497.92
497.841
497.753
497.655
497.546
497.425
497.29
497.141
496.976
496.792
496.59
496.366
496.119
495.847
495.548
495.22
494.861
494.468
494.039
493.572
493.064
492.513
491.916
491.271
490.575
489.826
489.02
488.156
487.232
486.244
485.191
484.071
482.881
481.62
480.286
478.877
477.393
475.833
474.195
472.479
470.684
468.811
466.861
464.832
462.727
460.547
458.293
455.966
453.569
451.105
448.575
445.984
443.333
440.628
437.87
435.065
432.217
429.329
426.408
423.456
420.479
417.483
414.471
411.45
408.423
405.397
402.376
399.365
396.369
393.393
390.442
387.52
384.631
381.779
378.97
376.205
373.49
370.827
368.219
365.668
363.179
360.752
358.39
356.094
353.866
351.707
349.619
347.6
345.654
343.778
341.974
340.24
338.578
336.985
335.462
334.006
332.618
331.296
330.038
328.842
327.709
326.634
325.618
324.657
323.751
322.896
322.092
321.337
320.627
319.962
319.339
318.757
318.213
317.705
317.233
316.793
316.384
316.005
315.653
315.328
315.027
314.749
314.493
314.257
314.039
313.84
313.656
313.488
313.334
313.193
313.065
312.947
312.84
312.743
312.655
312.574
312.501
312.435
312.375
312.321
312.272
312.228
312.188
312.153
312.12
312.091
312.066
312.042
312.021
312.003
311.986
311.971
311.958
311.946
311.936
311.927
311.918
311.911
311.904
311.899
311.894
311.889
311.885
311.881
311.878
311.876
311.873
311.871
311.869
311.867
311.866
311.865
311.864
311.863
311.862
311.861
311.86
311.86
311.859
311.859
311.858
311.858
311.857
311.857
311.857
311.857
311.856
311.856
311.856
311.856
311.856
311.855
311.855
311.855
311.855
311.855
311.855
311.855
311.855
311.855
311.855
311.854
311.854
311.854
311.854
311.854
311.854
311.854
311.854
311.854
311.854
311.854
311.854
311.854
311.854
311.854
311.853
311.853
311.853
311.853
311.853
311.853
311.853
311.853
311.853
311.853
311.853
311.853
311.853
311.853
311.853
311.853
311.853
311.853
311.853
311.853
311.853
311.853
311.852
311.852
311.852
311.852
311.852
311.852
311.852
311.852
311.852
311.852
311.852
311.852
311.852
311.852
311.852
311.852
311.852
311.852
311.852
311.852
311.852
311.852
311.852
311.852
311.852
311.852
311.852
311.852
311.852
311.852
311.852
311.851
311.851
311.851
311.851
311.851
311.851
311.851
311.851
311.851
311.851
311.851
311.851
311.851
311.851
311.851
311.851
311.851
311.851
311.851
311.851
311.851
311.851
311.851
311.851
311.851
311.851
311.851
311.851
311.851
311.851
311.851
311.851
311.851
311.851
311.851
311.851
311.851
311.851
311.851
311.851
311.851
311.851
311.851
311.851
311.851
311.851
311.851
311.851
311.85
311.85
311.85
311.85
311.85
311.85
311.85
311.85
311.85
311.85
311.85
311.85
311.85
311.85
311.85
311.85
311.85
311.85
311.85
311.85
311.85
311.85
311.85
311.85
311.85
311.85
311.85
311.85
311.85
311.85
311.85
311.85
311.85
311.85
311.85
311.85
311.85
311.85
311.85
311.85
311.85
311.85
311.85
311.85
311.85
311.85
311.85
311.85
311.85
311.85
311.85
311.85
311.85
311.85
311.85
311.85
311.85
311.85
311.85
311.85
311.85
311.85
311.85
311.85
311.85
311.85
311.85
311.85
311.85
311.85
311.85
311.85
311.85
311.85
311.85
311.85
311.85
311.85
311.85
311.85
311.85
311.85
311.85
311.849
311.849
311.849
311.849
311.849
311.849
311.849
311.849
311.849
311.849
311.849
311.849
311.849
311.849
311.849
311.849
311.849
311.849
311.849
311.849
311.849
311.849
311.849
311.849
311.849
311.849
311.849
311.849
311.849
311.849
311.849
311.849
311.849
311.849
311.849
311.849
311.849
311.849
311.849
311.849
311.849
311.849
311.849
311.849
311.849
311.849
311.849
311.849
311.849
311.849
311.849
311.849
311.849
311.849
311.849
311.849
311.849
311.849
311.849
311.849
311.849
311.849
311.849
311.849
311.849
311.849
311.849
311.849
311.849
311.849
311.849
311.849
311.849
311.849
311.849
311.849
311.849
311.849
311.849
311.849
311.849
311.849
311.849
311.849
311.849
311.849
311.849
311.849
311.849
311.849
311.849
311.849
311.849
311.849
311.849
311.849
311.849
311.849
311.849
311.849
311.849
311.849
311.849
311.849
311.849
311.849
311.849
311.849
311.849
311.849
311.849
311.849
311.849
311.849
311.849
311.849
311.849
311.849
311.849
311.849
311.849
311.849
311.849
311.849
311.849
311.849
311.849
311.849
311.849
311.849
311.849
311.849
311.849
311.849
311.849
311.849
311.849
311.849
311.849
311.849
311.849
311.849
311.849
311.849
311.849
311.849
311.849
311.849
311.849
311.849
311.849
311.849
311.849
311.849
311.849
311.849
311.849
311.849
311.849
311.849
311.849
311.849
311.849
311.849
311.849
311.849
311.849
311.849
311.849
311.849
311.849
311.849
311.849
311.849
311.849
311.849
311.849
311.849
311.849
311.849
311.849
311.849
311.849
311.849
311.849
311.849
311.849
311.849
311.849
311.849
311.849
311.849
311.849
311.849
311.849
311.849
311.849
311.848
311.848
311.848
311.848
311.848
311.848
311.848
311.848
311.848
311.848
311.848
311.848
311.848
311.848
311.848
311.848
311.848
311.848
311.848
311.848
311.848
311.848
311.848
311.848
311.848
311.848
311.848
311.848
311.848
311.848
311.848
311.848
311.848
311.848
311.848
311.848
311.848
311.848
311.848
311.848
311.848
311.848
311.848
311.848
311.848
311.848
311.848
311.848
311.848
311.848
311.848
311.848
311.848
311.848
311.848
311.848
311.848
311.848
311.848
311.848
311.848
311.848
311.848
311.848
311.848
311.848
311.848
311.848
311.848
311.848
311.848
311.848
311.848
311.848
311.848
311.848
311.848
311.848
311.848
311.848
311.848
311.848
311.848
311.848
311.848
311.848
311.848
311.848
311.848
311.848
311.848
311.848
311.848
311.848
311.848
311.848
311.848
311.848
311.848
311.848
311.848
311.848
311.848
311.848
311.848
311.848
311.848
311.848
311.848
311.848
311.848
311.848
311.848
311.848
311.848
311.848
311.848
311.848
311.848
311.848
311.848
311.848
311.848
311.848
311.848
311.848
311.848
311.848
311.848
311.848
311.848
311.848
311.848
311.848
311.848
311.848
311.848
311.848
311.848
311.848
311.848
311.848
311.848
311.848
311.848
311.848
311.848
311.848
311.848
311.848
311.848
311.848
311.848
311.848
311.848
311.848
311.848
311.848
311.848
311.848
311.848
311.848
311.848
311.848
311.848
311.848
311.848
311.848
311.848
311.848
311.848
311.848
311.848
311.848
311.848
311.848
311.848
311.848
311.848
311.848
311.848
311.848
311.848
311.848
311.848
311.848
311.848
311.848
311.848
311.848
311.848
311.848
311.848
311.848
311.848
311.848
311.848
311.848
311.848
311.848
311.848
311.848
311.848
311.848
311.848
311.848
311.848
311.848
311.848
311.848
311.848
311.848
311.848
311.848
311.848
311.848
311.848
311.848
311.848
311.848
311.848
311.848
311.848
311.848
311.848
311.848
311.848
311.848
311.848
311.848
311.848
311.848
311.848
311.848
311.848
311.848
311.848
311.848
311.848
311.848
311.848
311.848
311.848
311.848
311.848
311.848
311.848
311.848
311.848
311.848
311.848
311.848
311.848
311.848
311.848
311.848
311.848
311.848
311.848
311.848
311.848
311.848
311.848
311.848
311.848
311.848
311.848
311.848
311.848
311.848
311.848
311.848
311.848
311.848
311.848
311.848
311.848
311.848
311.848
311.848
311.848
311.848
311.848
311.848
311.848
311.848
311.848
311.848
311.848
311.848
311.848
311.848
311.848
311.848
311.848
311.848
311.848
311.848
311.848
311.848
311.848
311.848
311.848
311.848
311.848
311.848
311.848
311.848
311.848
311.848
311.848
311.848
311.848
311.848
311.848
311.848
311.848
311.848
311.848
311.848
311.848
311.848
311.848
311.848
311.848
311.848
311.848
311.848
311.848
311.848
311.848
311.848
311.848
311.848
311.848
311.848
311.848
311.848
311.848
311.848
311.848
311.848
311.848
311.848
311.848
311.848
311.848
311.848
311.848
311.848
311.848
311.848
311.848
311.848
311.848
311.848
311.848
311.848
311.848
311.848
311.848
311.848
311.848
311.848
311.848
311.848
311.848
311.848
311.848
311.848
311.848
311.848
311.848
311.848
311.848
311.848
311.848
311.848
311.848
311.848
311.848
311.848
311.848
311.848
311.848
311.848
311.848
311.848
311.848
311.848
311.848
311.848
311.848
311.848
311.848
311.848
311.848
311.848
311.848
311.848
311.848
311.848
311.848
311.848
311.848
311.848
311.848
311.848
311.848
311.848
311.848
311.848
311.848
311.848
311.848
311.848
311.848
311.848
311.848
311.848
311.848
311.848
311.848
311.848
311.848
311.848
311.848
311.848
311.848
311.848
311.848
311.848
311.848
311.848
311.848
311.848
311.848
311.848
311.848
311.848
311.848
311.848
311.848
311.848
311.848
311.848
311.848
311.848
311.848
311.848
311.848
311.848
311.848
311.848
311.848
311.848
311.848
311.848
311.848
311.848
311.848
311.848
311.848
311.848
311.848
311.848
311.848
311.848
311.848
311.848
311.848
311.848
311.848
311.848
311.848
311.848
311.848
311.848
311.848
311.848
311.848
311.848
311.848
311.848
311.848
311.848
311.848
311.848
311.848
311.848
311.848
311.848
311.848
311.848
311.848
311.848
311.848
311.848
311.848
311.848
311.848
311.848
311.848
311.848
311.848
311.848
311.848
311.848
311.848
311.848
311.848
311.848
311.848
311.848
311.848
311.848
311.848
311.848
311.848
311.848
311.848
311.848
311.848
311.848
311.848
311.848
311.848
311.848
311.848
311.848
311.848
311.848
311.848
311.848
311.848
311.848
311.848
311.848
311.848
311.848
311.848
311.848
311.848
311.848
311.848
311.848
311.848
311.848
311.847
311.847
311.847
311.847
311.847
311.847
311.847
311.847
311.847
311.847
311.847
311.847
311.847
311.847
311.847
311.847
311.847
311.847
311.847
311.847
311.847
311.847
311.847
311.847
311.847
311.847
311.847
311.847
311.847
311.847
311.847
311.847
311.847
311.847
311.847
311.847
311.847
311.847
311.847
311.847
311.847
311.847
311.847
311.847
311.847
311.847
311.847
311.847
311.847
311.847
311.847
311.847
311.847
311.847
311.847
311.847
311.847
311.847
311.847
311.847
311.847
311.847
311.847
311.847
311.847
311.847
311.847
311.847
311.847
311.847
311.847
311.847
311.847
311.847
311.847
311.847
311.847
311.847
311.847
311.847
311.847
311.847
311.847
311.847
311.847
311.847
311.847
311.847
311.847
311.847
311.847
311.847
311.847
311.847
311.847
311.847
311.847
311.847
311.847
311.847
311.847
311.847
311.847
311.847
311.847
311.847
311.847
311.847
311.847
311.847
311.847
311.847
311.847
311.847
311.847
311.847
311.847
311.847
311.847
311.847
311.847
311.847
311.847
311.847
311.847
311.847
311.847
311.847
311.847
311.847
311.847
311.847
311.847
311.847
311.847
311.847
311.847
311.847
311.847
311.847
311.847
311.847
311.847
311.847
311.847
311.847
311.847
311.847
311.847
311.847
311.847
311.847
311.847
311.847
311.847
311.847
311.847
311.847
311.847
311.847
311.847
311.847
311.847
311.847
311.847
311.847
311.847
311.847
311.847
311.847
311.847
311.847
311.847
311.847
311.847
311.847
311.847
311.847
311.847
311.847
311.847
311.847
311.847
311.847
311.847
311.847
311.847
311.847
311.847
311.847
311.847
311.847
311.847
311.847
311.847
311.847
311.847
311.847
311.847
311.847
311.847
311.847
311.847
311.847
311.847
311.847
311.847
311.847
311.847
311.847
311.847
311.847
311.847
311.847
311.847
311.847
311.847
311.847
311.847
311.847
311.847
311.847
311.847
311.847
311.847
311.847
311.847
311.847
311.847
311.847
311.847
311.847
311.847
311.847
311.847
311.847
311.847
311.847
311.847
311.847
311.847
311.847
311.847
311.847
311.847
311.847
311.847
311.847
311.847
311.847
311.847
311.847
311.847
311.847
311.847
311.847
311.847
311.847
311.847
311.847
311.847
311.847
311.847
311.847
311.847
311.847
311.847
311.847
311.847
311.847
311.847
311.847
311.847
311.847
311.847
311.847
311.847
311.847
311.847
311.847
311.847
311.847
311.847
311.847
311.847
311.847
311.847
311.847
311.847
311.847
311.847
311.847
311.847
311.847
311.847
311.847
311.847
311.847
311.847
311.847
311.847
311.847
311.847
311.847
311.847
311.847
311.847
311.847
311.847
311.847
311.847
311.847
311.847
311.847
311.847
311.847
311.847
311.847
311.847
311.847
311.847
311.847
311.847
311.847
311.847
311.847
311.847
311.847
311.847
311.847
311.847
311.847
311.847
311.847
311.847
311.847
311.847
311.847
311.847
311.847
311.847
311.847
311.847
311.847
311.847
311.847
311.847
311.847
311.847
311.847
311.847
311.847
311.847
311.847
311.847
311.847
311.847
311.847
311.847
311.847
311.847
311.847
311.847
311.847
311.847
311.847
311.847
311.847
311.847
311.847
311.847
311.847
311.847
311.847
311.847
311.847
311.847
311.847
311.847
311.847
311.847
311.847
311.847
311.847
311.847
311.847
311.847
311.847
311.847
311.847
311.847
311.847
311.847
311.847
311.847
311.847
311.847
311.847
311.847
311.847
311.847
311.847
311.847
311.847
311.847
311.847
311.847
311.847
311.847
311.847
311.847
311.847
311.847
311.847
311.847
311.847
311.847
311.847
311.847
311.847
311.847
311.847
311.847
311.847
311.847
311.847
311.847
311.847
311.847
311.847
311.847
311.847
311.847
311.847
311.847
311.847
311.847
311.847
311.847
311.847
311.847
311.847
311.847
311.847
311.847
311.847
311.847
311.847
311.847
311.847
311.847
311.847
311.847
311.847
311.847
311.847
311.847
311.847
311.847
311.847
311.847
311.847
311.847
311.847
311.847
311.847
311.847
311.847
311.847
311.847
311.847
311.847
311.847
311.847
311.847
311.847
311.847
311.847
311.847
311.847
311.847
311.847
311.847
311.847
311.847
311.847
311.847
311.847
311.847
311.847
311.847
311.847
311.847
311.847
311.847
311.847
311.847
311.847
311.847
311.847
311.847
311.847
311.847
311.847
311.847
311.847
311.847
311.847
311.847
311.846
311.846
311.846
311.846
311.846
311.846
311.846
311.846
311.846
311.846
311.846
311.846
311.846
311.846
311.846
311.846
311.846
311.846
311.846
311.846
311.847
311.847
311.847
311.847
311.847
311.847
311.847
311.847
311.847
311.847
311.847
311.847
311.847
311.847
311.847
311.847
311.847
311.847
311.847
311.846
311.846
311.846
311.846
311.846
311.846
311.846
311.846
311.846
311.846
311.846
311.846
311.846
311.846
311.846
311.846
311.846
311.846
311.846
311.846
311.846
311.846
311.846
311.846
311.846
311.846
311.846
311.846
311.846
311.846
311.846
311.846
311.846
311.847
311.847
311.847
311.846
311.846
311.846
311.846
311.846
311.846
311.846
311.846
311.846
311.846
311.846
311.846
311.846
311.846
311.846
311.846
311.846
311.846
311.846
311.846
311.846
311.846
311.846
311.846
311.846
311.846
311.846
311.846
311.846
311.846
311.846
311.846
311.846
311.846
311.846
311.846
311.846
311.846
311.846
311.846
311.846
311.846
311.846
311.846
311.846
311.846
311.846
311.846
311.846
311.846
311.846
311.846
311.846
311.846
311.846
311.846
311.846
311.846
311.846
311.846
311.846
311.846
311.846
311.846
311.846
311.846
311.846
311.846
311.846
311.846
311.846
311.846
311.846
311.846
311.846
311.846
311.846
311.846
311.846
311.846
311.846
311.846
311.846
311.846
311.846
311.846
311.847
311.847
311.847
311.846
311.846
311.846
311.846
311.846
311.846
311.846
311.845
311.845
311.845
311.846
311.846
311.846
311.846
311.846
311.846
311.846
311.846
311.846
311.846
311.846
311.846
311.846
311.846
311.845
311.845
311.845
311.845
311.846
311.846
311.847
311.847
311.847
311.847
311.847
311.846
311.846
311.846
311.846
311.845
311.845
311.844
311.843
311.842
311.841
311.838
311.837
311.831
311.824
311.807
311.78
311.727
311.659
311.513
311.316
310.933
310.139
308.588
304.665
296.061
275.66
231.066
162.065
89.186
37.2218
12.0157
3.27022
0.829981
0.206741
0.05131
0.0127281
0.00315736
0.000783235
0.000194297
4.81993e-05
1.19569e-05
2.96615e-06
7.35817e-07
1.82536e-07
4.52828e-08
1.12344e-08
2.78796e-09
6.92658e-10
1.7284e-10
4.3876e-11
1.20295e-11
4.27747e-12
2.59348e-12
2.32347e-12
2.28795e-12
2.26663e-12
2.28084e-12
2.24532e-12
2.2311e-12
2.23821e-12
2.29505e-12
2.30926e-12
2.2311e-12
2.43006e-12
2.55795e-12
2.75691e-12
2.75691e-12
2.80664e-12
2.81375e-12
2.84928e-12
2.82085e-12
2.76401e-12
2.62901e-12
2.56506e-12
2.52953e-12
2.44427e-12
2.31637e-12
2.23821e-12
2.18847e-12
2.14584e-12
2.18137e-12
2.13873e-12
2.19558e-12
2.19558e-12
2.15294e-12
2.01794e-12
1.94689e-12
1.79057e-12
1.67688e-12
1.54898e-12
1.49214e-12
1.46372e-12
1.52767e-12
1.53477e-12
1.45661e-12
1.46372e-12
1.39266e-12
1.35714e-12
1.42819e-12
1.42819e-12
1.49925e-12
1.46372e-12
1.42819e-12
1.47793e-12
1.35714e-12
1.38556e-12
1.38556e-12
1.4353e-12
1.38556e-12
1.49925e-12
1.5774e-12
1.60583e-12
1.67688e-12
1.75504e-12
1.80478e-12
1.81188e-12
1.84741e-12
1.91136e-12
2.00373e-12
2.10321e-12
2.12452e-12
2.0961e-12
2.15294e-12
2.18137e-12
2.20979e-12
2.089e-12
2.17426e-12
2.16716e-12
2.20979e-12
2.29505e-12
2.25242e-12
2.359e-12
2.43006e-12
2.52243e-12
2.60769e-12
2.68585e-12
2.65743e-12
2.51532e-12
2.52953e-12
2.52953e-12
2.60059e-12
2.62901e-12
2.52953e-12
2.50822e-12
2.41585e-12
2.33058e-12
2.18137e-12
2.16716e-12
2.17426e-12
2.0961e-12
2.11742e-12
1.99663e-12
2.08189e-12
2.06057e-12
1.99663e-12
1.91136e-12
1.85452e-12
1.89715e-12
1.9611e-12
1.9682e-12
1.95399e-12
1.87583e-12
1.91136e-12
1.86873e-12
1.84741e-12
1.92557e-12
1.89715e-12
2.03926e-12
2.01084e-12
1.94689e-12
1.89715e-12
1.89715e-12
1.95399e-12
1.88294e-12
1.84031e-12
1.75504e-12
1.75504e-12
1.74794e-12
1.71951e-12
1.64135e-12
1.58451e-12
1.53477e-12
1.50635e-12
1.41398e-12
1.37845e-12
1.39266e-12
1.35714e-12
1.09424e-12
1.03029e-12
9.23706e-13
8.81073e-13
8.10019e-13
7.81597e-13
8.3844e-13
7.60281e-13
6.32383e-13
5.8975e-13
5.25802e-13
4.83169e-13
3.33955e-13
2.34479e-13
1.49214e-13
1.91847e-13
2.20268e-13
1.77636e-13
3.41061e-13
3.76588e-13
4.33431e-13
3.97904e-13
2.98428e-13
3.05533e-13
3.41061e-13
2.98428e-13
3.2685e-13
2.91323e-13
2.27374e-13
2.27374e-13
1.7053e-13
2.20268e-13
2.41585e-13
2.41585e-13
2.4869e-13
1.77636e-13
1.20792e-13
6.39488e-14
1.84741e-13
1.63425e-13
1.56319e-13
2.13163e-13
2.91323e-13
3.90799e-13
5.47118e-13
5.7554e-13
6.32383e-13
7.53175e-13
8.02913e-13
8.2423e-13
9.59233e-13
1.12266e-12
1.1724e-12
1.25766e-12
1.42109e-12
1.54188e-12
1.56319e-12
1.7053e-12
1.84031e-12
1.94689e-12
2.06768e-12
2.089e-12
2.19558e-12
2.30926e-12
2.43716e-12
2.50111e-12
2.57216e-12
2.71427e-12
2.82085e-12
2.83507e-12
2.89191e-12
2.84928e-12
2.85638e-12
2.83507e-12
2.93454e-12
2.94875e-12
2.89191e-12
2.79243e-12
2.77822e-12
2.67164e-12
2.65032e-12
2.64322e-12
2.59348e-12
2.55085e-12
2.57216e-12
2.67164e-12
2.55795e-12
2.50111e-12
2.46558e-12
2.38742e-12
2.38032e-12
2.33058e-12
2.24532e-12
2.29505e-12
2.18847e-12
2.18847e-12
2.15294e-12
2.07478e-12
2.04636e-12
2.089e-12
2.089e-12
2.11742e-12
2.11742e-12
2.10321e-12
2.04636e-12
2.02505e-12
1.9682e-12
1.94689e-12
1.92557e-12
1.92557e-12
1.91847e-12
1.87583e-12
1.77636e-12
1.74794e-12
1.68399e-12
1.64135e-12
1.62004e-12
1.5774e-12
1.54898e-12
1.4424e-12
1.38556e-12
1.33582e-12
1.35714e-12
1.27187e-12
1.12266e-12
1.03029e-12
9.23706e-13
8.88178e-13
7.81597e-13
6.75016e-13
5.54223e-13
5.54223e-13
5.54223e-13
4.76064e-13
5.25802e-13
5.82645e-13
4.90274e-13
5.04485e-13
5.61329e-13
5.8975e-13
4.9738e-13
5.32907e-13
5.25802e-13
4.83169e-13
4.33431e-13
4.76064e-13
4.33431e-13
4.61853e-13
4.26326e-13
4.54747e-13
4.05009e-13
4.1922e-13
5.47118e-13
5.82645e-13
6.18172e-13
6.89226e-13
8.17124e-13
8.10019e-13
8.52651e-13
9.37916e-13
9.87654e-13
1.10134e-12
1.15108e-12
1.20082e-12
1.1795e-12
1.16529e-12
1.25766e-12
1.36424e-12
1.37135e-12
1.39266e-12
1.4353e-12
1.38556e-12
1.4424e-12
1.42819e-12
1.40687e-12
1.3074e-12
1.21503e-12
1.12266e-12
9.66338e-13
9.37916e-13
9.37916e-13
7.95808e-13
7.17648e-13
6.6791e-13
5.40012e-13
3.83693e-13
3.62377e-13
2.91323e-13
2.55795e-13
8.52651e-14
0
-9.9476e-14
-3.19744e-13
-3.55271e-13
-4.33431e-13
-5.18696e-13
-6.11067e-13
-7.31859e-13
-6.46594e-13
-6.82121e-13
-6.32383e-13
-5.8975e-13
-6.82121e-13
-5.40012e-13
-5.7554e-13
-5.68434e-13
-4.47642e-13
-3.62377e-13
-4.33431e-13
-4.54747e-13
-4.83169e-13
-6.03961e-13
-5.96856e-13
-5.32907e-13
-4.76064e-13
-3.97904e-13
-3.90799e-13
-3.69482e-13
-3.33955e-13
-2.20268e-13
-1.42109e-13
-1.56319e-13
4.26326e-14
1.42109e-14
3.55271e-14
1.42109e-14
7.10543e-14
0
0
-8.52651e-14
-1.49214e-13
-2.06057e-13
-1.7053e-13
-1.77636e-13
-1.7053e-13
-2.34479e-13
-3.05533e-13
-3.69482e-13
-4.12115e-13
-3.62377e-13
-3.05533e-13
-3.76588e-13
-4.05009e-13
-4.33431e-13
-4.83169e-13
-5.18696e-13
-5.11591e-13
-5.54223e-13
-5.54223e-13
-5.47118e-13
-5.54223e-13
-5.68434e-13
-4.90274e-13
-5.40012e-13
-5.18696e-13
-4.05009e-13
-3.97904e-13
-3.83693e-13
-3.48166e-13
-3.55271e-13
-3.55271e-13
-2.91323e-13
-1.49214e-13
-9.23706e-14
-5.68434e-14
-4.9738e-14
1.42109e-14
8.52651e-14
1.56319e-13
1.06581e-13
7.10543e-15
-7.81597e-14
-6.39488e-14
0
2.06057e-13
2.55795e-13
3.90799e-13
5.40012e-13
6.53699e-13
6.96332e-13
7.60281e-13
8.66862e-13
9.45022e-13
1.00897e-12
1.11555e-12
1.20792e-12
1.3145e-12
1.37845e-12
1.32871e-12
1.16529e-12
1.12976e-12
1.06581e-12
1.02318e-12
1.03739e-12
1.0516e-12
1.11555e-12
1.03739e-12
9.59233e-13
7.95808e-13
7.24754e-13
6.6791e-13
5.32907e-13
4.76064e-13
2.84217e-13
2.4869e-13
1.63425e-13
1.49214e-13
9.9476e-14
4.9738e-14
7.10543e-14
7.81597e-14
5.68434e-14
-4.9738e-14
-9.9476e-14
-9.9476e-14
-1.91847e-13
-2.27374e-13
-2.98428e-13
-3.41061e-13
-3.76588e-13
-4.47642e-13
-5.7554e-13
-7.74492e-13
-8.81073e-13
-1.06581e-12
-1.20082e-12
-1.23634e-12
-1.25056e-12
-1.28608e-12
-1.30029e-12
-1.3074e-12
-1.29319e-12
-1.20792e-12
-1.1795e-12
-1.05871e-12
-1.03029e-12
-9.66338e-13
-8.59757e-13
-8.88178e-13
-9.09495e-13
-9.59233e-13
-1.02318e-12
-9.52127e-13
-9.37916e-13
-8.66862e-13
-7.53175e-13
-7.38964e-13
-6.89226e-13
-6.03961e-13
-5.25802e-13
-4.33431e-13
-3.83693e-13
-2.70006e-13
-2.20268e-13
-5.68434e-14
2.84217e-14
1.20792e-13
1.63425e-13
1.63425e-13
2.91323e-13
3.83693e-13
4.05009e-13
4.26326e-13
4.54747e-13
4.9738e-13
4.90274e-13
5.54223e-13
4.90274e-13
5.32907e-13
4.61853e-13
4.1922e-13
2.77112e-13
2.06057e-13
1.98952e-13
1.7053e-13
1.27898e-13
8.52651e-14
-7.10543e-14
-1.13687e-13
-2.4869e-13
-3.2685e-13
-3.83693e-13
-3.48166e-13
-2.41585e-13
-2.41585e-13
-2.4869e-13
-1.42109e-13
-1.27898e-13
-8.52651e-14
0
8.52651e-14
1.35003e-13
1.42109e-13
2.20268e-13
3.48166e-13
3.62377e-13
4.76064e-13
4.76064e-13
4.9738e-13
5.11591e-13
5.68434e-13
6.96332e-13
7.74492e-13
8.3844e-13
8.02913e-13
8.17124e-13
8.02913e-13
7.88702e-13
7.60281e-13
7.81597e-13
6.96332e-13
7.81597e-13
6.82121e-13
6.60805e-13
7.4607e-13
7.10543e-13
7.38964e-13
5.8975e-13
4.90274e-13
3.33955e-13
2.62901e-13
1.77636e-13
6.39488e-14
3.55271e-14
-7.10543e-15
-7.10543e-14
-4.26326e-14
-9.9476e-14
-1.35003e-13
-6.39488e-14
-1.35003e-13
-2.4869e-13
-2.27374e-13
-1.63425e-13
-1.42109e-13
-1.91847e-13
-1.84741e-13
-1.91847e-13
-1.20792e-13
-1.35003e-13
-1.77636e-13
-2.55795e-13
-3.33955e-13
-4.54747e-13
-4.90274e-13
-5.68434e-13
-6.32383e-13
-6.82121e-13
-7.4607e-13
-8.52651e-13
-9.09495e-13
-8.88178e-13
-9.9476e-13
-1.14397e-12
-1.21503e-12
-1.23634e-12
-1.14397e-12
-1.18661e-12
-1.24345e-12
-1.27187e-12
-1.3074e-12
-1.32161e-12
-1.35003e-12
-1.42109e-12
-1.60583e-12
-1.73372e-12
-1.76215e-12
-1.71951e-12
-1.78346e-12
-1.76925e-12
-1.75504e-12
-1.86873e-12
-1.89715e-12
-1.90425e-12
-1.85452e-12
-1.92557e-12
-1.9682e-12
-1.94689e-12
-1.89715e-12
-1.95399e-12
-2.01794e-12
-2.11742e-12
-2.08189e-12
-2.04636e-12
-2.03926e-12
-2.0961e-12
-2.23821e-12
-2.21689e-12
-2.24532e-12
-2.224e-12
-2.18847e-12
-2.04636e-12
-1.98241e-12
-1.9682e-12
-1.9611e-12
-1.91847e-12
-1.76925e-12
-1.74083e-12
-1.6982e-12
-1.64846e-12
-1.59872e-12
-1.5703e-12
-1.45661e-12
-1.3145e-12
-1.25766e-12
-1.09424e-12
-9.37916e-13
-8.31335e-13
-6.89226e-13
-5.04485e-13
-2.77112e-13
-9.23706e-14
4.9738e-14
1.42109e-13
2.41585e-13
2.41585e-13
3.12639e-13
4.61853e-13
4.76064e-13
5.11591e-13
5.68434e-13
5.32907e-13
7.10543e-13
7.03437e-13
7.60281e-13
6.53699e-13
5.7554e-13
5.32907e-13
4.33431e-13
3.33955e-13
3.12639e-13
3.12639e-13
3.19744e-13
3.41061e-13
3.48166e-13
3.05533e-13
3.19744e-13
2.34479e-13
1.84741e-13
1.27898e-13
8.52651e-14
-5.68434e-14
-1.35003e-13
-2.34479e-13
-3.12639e-13
-4.12115e-13
-4.68958e-13
-5.68434e-13
-7.4607e-13
-8.95284e-13
-1.05871e-12
-1.10845e-12
-1.15818e-12
-1.26477e-12
-1.39977e-12
-1.48503e-12
-1.62004e-12
-1.77636e-12
-1.90425e-12
-1.91136e-12
-2.0961e-12
-2.19558e-12
-2.31637e-12
-2.38742e-12
-2.38742e-12
-2.47269e-12
-2.51532e-12
-2.50111e-12
-2.50111e-12
-2.45137e-12
-2.37321e-12
-2.33058e-12
-2.25242e-12
-2.24532e-12
-2.17426e-12
-2.10321e-12
-2.12452e-12
-2.0961e-12
-2.04636e-12
-2.02505e-12
-2.06768e-12
-2.06057e-12
-2.0961e-12
-2.16716e-12
-2.20979e-12
-2.23821e-12
-2.16005e-12
-2.03215e-12
-2.04636e-12
-1.94689e-12
-1.79057e-12
-1.73372e-12
-1.64135e-12
-1.58451e-12
-1.4424e-12
-1.38556e-12
-1.32161e-12
-1.22213e-12
-1.13687e-12
-9.59233e-13
-8.45546e-13
-6.96332e-13
-5.47118e-13
-4.47642e-13
-3.55271e-13
-2.41585e-13
-1.84741e-13
-1.06581e-13
-1.13687e-13
-9.9476e-14
-9.9476e-14
-1.13687e-13
-7.81597e-14
-2.13163e-14
-4.26326e-14
5.68434e-14
1.27898e-13
1.7053e-13
2.27374e-13
3.90799e-13
4.61853e-13
6.03961e-13
7.4607e-13
6.96332e-13
6.53699e-13
5.47118e-13
5.25802e-13
4.12115e-13
3.41061e-13
2.4869e-13
4.9738e-14
-3.55271e-14
-1.77636e-13
-2.70006e-13
-3.19744e-13
-4.33431e-13
-4.9738e-13
-5.96856e-13
-6.96332e-13
-8.59757e-13
-9.02389e-13
-9.45022e-13
-1.08713e-12
-1.21503e-12
-1.20792e-12
-1.14397e-12
-1.15108e-12
-1.1724e-12
-1.12266e-12
-1.20082e-12
-1.1724e-12
-1.10845e-12
-1.06581e-12
-1.01608e-12
-8.88178e-13
-6.96332e-13
-5.61329e-13
-5.82645e-13
-4.9738e-13
-4.12115e-13
-3.12639e-13
-3.05533e-13
-2.34479e-13
-2.13163e-13
-2.13163e-13
-1.42109e-13
-1.56319e-13
-1.56319e-13
-1.27898e-13
-1.56319e-13
-1.35003e-13
-1.63425e-13
-2.13163e-13
-2.41585e-13
-1.77636e-13
-1.42109e-13
-2.62901e-13
-2.84217e-13
-2.91323e-13
-3.48166e-13
-3.2685e-13
-4.05009e-13
-4.61853e-13
-4.61853e-13
-3.19744e-13
-2.4869e-13
-3.05533e-13
-2.91323e-13
-3.2685e-13
-3.05533e-13
-3.90799e-13
-5.04485e-13
-6.25278e-13
-7.81597e-13
-8.10019e-13
-9.02389e-13
-9.45022e-13
-1.01608e-12
-1.19371e-12
-1.22213e-12
-1.33582e-12
-1.4353e-12
-1.49214e-12
-1.59162e-12
-1.59872e-12
-1.56319e-12
-1.5774e-12
-1.67688e-12
-1.77636e-12
-1.75504e-12
-1.87583e-12
-1.99663e-12
-1.9682e-12
-1.90425e-12
-1.81188e-12
-1.75504e-12
-1.74083e-12
-1.74083e-12
-1.71951e-12
-1.64846e-12
-1.5703e-12
-1.46372e-12
-1.40687e-12
-1.27187e-12
-1.14397e-12
-1.03029e-12
-9.45022e-13
-7.67386e-13
-7.53175e-13
-6.6791e-13
-5.04485e-13
-4.76064e-13
-4.1922e-13
-3.69482e-13
-2.91323e-13
-2.13163e-13
-1.49214e-13
-1.42109e-13
-1.13687e-13
-9.23706e-14
0
5.68434e-14
1.49214e-13
1.84741e-13
1.98952e-13
2.91323e-13
3.48166e-13
3.55271e-13
4.54747e-13
4.68958e-13
6.11067e-13
5.7554e-13
5.25802e-13
4.40536e-13
4.05009e-13
3.41061e-13
2.55795e-13
2.41585e-13
1.91847e-13
1.84741e-13
1.27898e-13
3.55271e-14
-4.9738e-14
-1.56319e-13
-2.70006e-13
-3.90799e-13
-4.76064e-13
-6.25278e-13
-7.67386e-13
-8.3844e-13
-8.88178e-13
-1.00897e-12
-1.07292e-12
-1.13687e-12
-1.20792e-12
-1.26477e-12
-1.35003e-12
-1.4424e-12
-1.49214e-12
-1.47082e-12
-1.54188e-12
-1.81188e-12
-1.87583e-12
-2.0961e-12
-2.13163e-12
-2.19558e-12
-2.2311e-12
-2.224e-12
-2.29505e-12
-2.32347e-12
-2.41585e-12
-2.45137e-12
-2.50822e-12
-2.51532e-12
-2.54374e-12
-2.46558e-12
-2.33058e-12
-2.32347e-12
-2.25953e-12
-2.28084e-12
-2.21689e-12
-2.20979e-12
-2.14584e-12
-2.0961e-12
-2.00373e-12
-1.88294e-12
-1.75504e-12
-1.80478e-12
-1.67688e-12
-1.6982e-12
-1.7053e-12
-1.61293e-12
-1.5703e-12
-1.54188e-12
-1.63425e-12
-1.62714e-12
-1.54898e-12
-1.5774e-12
-1.64846e-12
-1.5774e-12
-1.56319e-12
-1.52056e-12
-1.58451e-12
-1.64135e-12
-1.66267e-12
-1.72662e-12
-1.7053e-12
-1.71241e-12
-1.76215e-12
-1.82609e-12
-1.80478e-12
-1.82609e-12
-1.86162e-12
-1.87583e-12
-1.80478e-12
-1.91136e-12
-1.92557e-12
-1.84031e-12
-1.84741e-12
-1.93268e-12
-1.89715e-12
-1.84741e-12
-1.78346e-12
-1.75504e-12
-1.79767e-12
-1.69109e-12
-1.68399e-12
-1.67688e-12
-1.72662e-12
-1.77636e-12
-1.76925e-12
-1.80478e-12
-1.72662e-12
-1.81899e-12
-1.8332e-12
-1.95399e-12
-1.85452e-12
-1.78346e-12
-1.76925e-12
-1.74794e-12
-1.81899e-12
-1.89715e-12
-1.93978e-12
-2.06768e-12
-2.13873e-12
-2.26663e-12
-2.23821e-12
-2.24532e-12
-2.25242e-12
-2.21689e-12
-2.13873e-12
-2.06057e-12
-2.03215e-12
-1.9682e-12
-1.81899e-12
-1.80478e-12
-1.76215e-12
-1.8332e-12
-1.86162e-12
-1.91136e-12
-1.93978e-12
-2.01794e-12
-1.97531e-12
-1.91847e-12
-1.84031e-12
-1.86873e-12
-1.91847e-12
-1.9682e-12
-1.95399e-12
-1.98952e-12
-1.93268e-12
-2.00373e-12
-1.95399e-12
-1.90425e-12
-1.82609e-12
-1.66267e-12
-1.47793e-12
-1.37845e-12
-1.22213e-12
-1.10845e-12
-1.02318e-12
-1.00897e-12
-9.59233e-13
-8.81073e-13
-9.166e-13
-8.59757e-13
-8.31335e-13
-7.24754e-13
-6.60805e-13
-6.03961e-13
-5.04485e-13
-5.68434e-13
-6.6791e-13
-7.24754e-13
-8.52651e-13
-9.80549e-13
-9.59233e-13
-8.73968e-13
-8.95284e-13
-8.45546e-13
-9.23706e-13
-9.37916e-13
-9.37916e-13
-9.37916e-13
-9.59233e-13
-1.00897e-12
-1.02318e-12
-1.02318e-12
-1.0516e-12
-1.1795e-12
-1.22213e-12
-1.3145e-12
-1.35003e-12
-1.33582e-12
-1.39266e-12
-1.4353e-12
-1.59872e-12
-1.62004e-12
-1.76925e-12
-1.86873e-12
-1.99663e-12
-2.12452e-12
-2.2311e-12
-2.26663e-12
-2.34479e-12
-2.42295e-12
-2.54374e-12
-2.58638e-12
-2.51532e-12
-2.55795e-12
-2.50111e-12
-2.51532e-12
-2.56506e-12
-2.64322e-12
-2.56506e-12
-2.62901e-12
-2.70006e-12
-2.82796e-12
-2.8777e-12
-2.91323e-12
-3.02691e-12
-3.07665e-12
-2.97007e-12
-2.97007e-12
-2.98428e-12
-2.99138e-12
-2.94875e-12
-2.87059e-12
-2.8777e-12
-2.82085e-12
-2.64322e-12
-2.52243e-12
-2.45848e-12
-2.32347e-12
-2.18137e-12
)
;

boundaryField
{
    sides
    {
        type            calculated;
        value           nonuniform List<scalar> 2(-2.07365e-12 -2.73576e-12);
    }
    empty
    {
        type            empty;
        value           nonuniform List<scalar> 0();
    }
}


// ************************************************************************* //
