0.0005	-8.4077497e-09
0.001	5.7106938e-10
0.0015	3.5883689e-09
0.002	3.5305387e-09
0.0025	3.2388707e-09
0.003	2.9425502e-09
0.0035	2.9477784e-09
0.004	2.6087272e-09
0.0045	2.47706e-09
0.005	2.5174409e-09
0.0055	2.4550956e-09
0.006	2.284847e-09
0.0065	2.4268703e-09
0.007	2.4016546e-09
0.0075	2.4793152e-09
0.008	2.6760424e-09
0.0085	2.7974304e-09
0.009	2.789927e-09
0.0095	2.7414532e-09
0.01	2.8854522e-09
0.0105	3.0493976e-09
0.011	3.1053764e-09
0.0115	3.1728122e-09
0.012	3.0606287e-09
0.0125	3.2278418e-09
0.013	3.2425792e-09
0.0135	3.2341045e-09
0.014	3.3090687e-09
0.0145	3.4662633e-09
0.015	3.610384e-09
0.0155	3.5873257e-09
0.016	3.6693283e-09
0.0165	3.5313579e-09
0.017	3.6707342e-09
0.0175	3.6344136e-09
0.018	3.6128746e-09
0.0185	3.4742348e-09
0.019	3.4777164e-09
0.0195	3.4837719e-09
0.02	3.4928175e-09
0.0205	3.6403038e-09
0.021	3.6474675e-09
0.0215	3.6423271e-09
0.022	3.7343797e-09
0.0225	3.6827255e-09
0.023	3.6097051e-09
0.0235	3.6487668e-09
0.024	3.7402406e-09
0.0245	3.7930329e-09
0.025	3.7984012e-09
0.0255	3.7638891e-09
0.026	3.6659958e-09
0.0265	3.6232816e-09
0.027	3.6826352e-09
0.0275	3.7838047e-09
0.028	3.7713558e-09
0.0285	3.8236089e-09
0.029	3.992243e-09
0.0295	3.9200112e-09
0.03	3.8862271e-09
0.0305	3.9685964e-09
0.031	3.9967684e-09
0.0315	4.2099957e-09
0.032	4.2616738e-09
0.0325	4.1502442e-09
0.033	4.2024021e-09
0.0335	4.1150095e-09
0.034	4.2453961e-09
0.0345	4.4123554e-09
0.035	4.4197318e-09
0.0355	4.4491302e-09
0.036	4.3890074e-09
0.0365	4.3668624e-09
0.037	4.4588373e-09
0.0375	4.3275045e-09
0.038	4.1870265e-09
0.0385	4.2126922e-09
0.039	4.2436064e-09
0.0395	4.2554085e-09
0.04	4.3032888e-09
0.0405	4.3538763e-09
0.041	4.2610177e-09
0.0415	4.1981067e-09
0.042	4.0738806e-09
0.0425	4.0575591e-09
0.043	3.9293597e-09
0.0435	3.960942e-09
0.044	3.9928591e-09
0.0445	4.0977325e-09
0.045	4.2183586e-09
0.0455	4.2601114e-09
0.046	4.1317749e-09
0.0465	3.9855256e-09
0.047	4.0073734e-09
0.0475	3.9743637e-09
0.048	3.9735506e-09
0.0485	4.1062921e-09
0.049	4.099707e-09
0.0495	4.2453094e-09
0.05	4.3743123e-09
0.0505	4.366245e-09
0.051	4.3047638e-09
0.0515	4.2265655e-09
0.052	4.2117335e-09
0.0525	4.2288921e-09
0.053	4.2208694e-09
0.0535	4.2464108e-09
0.054	4.254898e-09
0.0545	4.2818423e-09
0.055	4.3117434e-09
0.0555	4.452546e-09
0.056	4.6778855e-09
0.0565	4.6884675e-09
0.057	4.7736825e-09
0.0575	4.8572526e-09
0.058	4.8974137e-09
0.0585	4.9557081e-09
0.059	4.845555e-09
0.0595	4.8275015e-09
0.06	4.829338e-09
0.0605	4.75089e-09
0.061	4.7307207e-09
0.0615	4.7097548e-09
0.062	4.6969041e-09
0.0625	4.6974538e-09
0.063	4.7053709e-09
0.0635	4.7704132e-09
0.064	4.8212242e-09
0.0645	4.8407685e-09
0.065	4.8082539e-09
0.0655	4.7427938e-09
0.066	4.6319577e-09
0.0665	4.5618159e-09
0.067	4.3880539e-09
0.0675	4.1320488e-09
0.068	4.0941144e-09
0.0685	4.0228891e-09
0.069	4.1016071e-09
0.0695	4.1266949e-09
0.07	4.1862116e-09
0.0705	4.1238683e-09
0.071	3.9758347e-09
0.0715	3.9237154e-09
0.072	3.8948467e-09
0.0725	3.9419244e-09
0.073	3.9786691e-09
0.0735	3.9515196e-09
0.074	3.9867253e-09
0.0745	4.0084468e-09
0.075	4.0029999e-09
0.0755	4.054433e-09
0.076	4.0713785e-09
0.0765	3.9909476e-09
0.077	4.0406641e-09
0.0775	4.1030804e-09
0.078	4.0666664e-09
0.0785	4.0802326e-09
0.079	4.0573433e-09
0.0795	4.2238482e-09
0.08	4.1888039e-09
0.0805	4.1316351e-09
0.081	4.1696964e-09
0.0815	4.2532334e-09
0.082	4.300457e-09
0.0825	4.3311606e-09
0.083	4.3935949e-09
0.0835	4.4454153e-09
0.084	4.4784233e-09
0.0845	4.5073101e-09
0.085	4.5494871e-09
0.0855	4.5936479e-09
0.086	4.6699026e-09
0.0865	4.7244251e-09
0.087	4.7573208e-09
0.0875	4.8042126e-09
0.088	4.8455903e-09
0.0885	4.7987151e-09
0.089	4.7730242e-09
0.0895	4.7920863e-09
0.09	4.8341571e-09
0.0905	4.8853722e-09
0.091	4.8598453e-09
0.0915	4.7145961e-09
0.092	4.7137528e-09
0.0925	4.7118632e-09
0.093	4.6946929e-09
0.0935	4.7295318e-09
0.094	4.7728694e-09
0.0945	4.8109118e-09
0.095	4.8417257e-09
0.0955	4.8496093e-09
0.096	4.8028285e-09
0.0965	4.7397956e-09
0.097	4.6973855e-09
0.0975	4.6696047e-09
0.098	4.6757438e-09
0.0985	4.7209582e-09
0.099	4.7650837e-09
0.0995	4.7877731e-09
0.1	4.7808521e-09
0.1005	4.7434388e-09
0.101	4.6846554e-09
0.1015	4.7109319e-09
0.102	4.8326223e-09
0.1025	4.8847777e-09
0.103	4.9423817e-09
0.1035	4.961438e-09
0.104	4.9443146e-09
0.1045	4.8950051e-09
0.105	4.847105e-09
0.1055	4.8213622e-09
0.106	4.8227231e-09
0.1065	4.8587538e-09
0.107	4.9061308e-09
0.1075	4.9277029e-09
0.108	4.9182568e-09
0.1085	4.8767101e-09
0.109	4.8330425e-09
0.1095	4.8126785e-09
0.11	4.8208663e-09
0.1105	4.8579739e-09
0.111	4.919347e-09
0.1115	4.8948787e-09
0.112	4.7809076e-09
0.1125	4.7162701e-09
0.113	4.6476841e-09
0.1135	4.627336e-09
0.114	4.6516181e-09
0.1145	4.6903311e-09
0.115	4.7102623e-09
0.1155	4.6753466e-09
0.116	4.6394872e-09
0.1165	4.5989181e-09
0.117	4.6028918e-09
0.1175	4.6754804e-09
0.118	4.7319698e-09
0.1185	4.6905139e-09
0.119	4.6587471e-09
0.1195	4.696305e-09
0.12	4.7599831e-09
0.1205	4.7980318e-09
0.121	4.8263261e-09
0.1215	4.8099438e-09
0.122	4.7688422e-09
0.1225	4.7263521e-09
0.123	4.6953431e-09
0.1235	4.7059662e-09
0.124	4.7496658e-09
0.1245	4.7986733e-09
0.125	4.8192296e-09
0.1255	4.8103724e-09
0.126	4.7689015e-09
0.1265	4.7218403e-09
0.127	4.6971785e-09
0.1275	4.7038429e-09
0.128	4.7447261e-09
0.1285	4.7922584e-09
0.129	4.8133795e-09
0.1295	4.8060302e-09
0.13	4.768688e-09
0.1305	4.7216021e-09
0.131	4.6985281e-09
0.1315	4.7091608e-09
0.132	4.7533099e-09
0.1325	4.8012675e-09
0.133	4.8246818e-09
0.1335	4.8145289e-09
0.134	4.7739359e-09
0.1345	4.7251669e-09
0.135	4.7010393e-09
0.1355	4.7143006e-09
0.136	4.7625015e-09
0.1365	4.8150582e-09
0.137	4.8405022e-09
0.1375	4.8276909e-09
0.138	4.7829765e-09
0.1385	4.7331009e-09
0.139	4.7080922e-09
0.1395	4.7232897e-09
0.14	4.7743079e-09
0.1405	4.8314883e-09
0.141	4.8599696e-09
0.1415	4.8439071e-09
0.142	4.796026e-09
0.1425	4.7467881e-09
0.143	4.7217056e-09
0.1435	4.7362744e-09
0.144	4.7887527e-09
0.1445	4.8479901e-09
0.145	4.8816512e-09
0.1455	4.866332e-09
0.146	4.8142488e-09
0.1465	4.7613747e-09
0.147	4.7349918e-09
0.1475	4.7707799e-09
0.148	4.8218034e-09
0.1485	4.7980894e-09
0.149	4.7531654e-09
0.1495	4.7399177e-09
0.15	4.7634227e-09
0.1505	4.7814912e-09
0.151	4.8047884e-09
0.1515	4.8548451e-09
0.152	4.9136431e-09
0.1525	4.9476883e-09
0.153	4.9317833e-09
0.1535	4.8824827e-09
0.154	4.8302145e-09
0.1545	4.8108172e-09
0.155	4.8226507e-09
0.1555	4.871859e-09
0.156	4.927191e-09
0.1565	4.9620656e-09
0.157	4.9504031e-09
0.1575	4.8998368e-09
0.158	4.845639e-09
0.1585	4.8233678e-09
0.159	4.8265902e-09
0.1595	4.867432e-09
0.16	4.925255e-09
0.1605	4.9566585e-09
0.161	4.9337789e-09
0.1615	4.8883703e-09
0.162	4.8607365e-09
0.1625	4.8368267e-09
0.163	4.8480153e-09
0.1635	4.8924721e-09
0.164	4.9435184e-09
0.1645	4.9731466e-09
0.165	4.9687898e-09
0.1655	4.9259934e-09
0.166	4.8725535e-09
0.1665	4.8524819e-09
0.167	4.8631583e-09
0.1675	4.890914e-09
0.168	4.9324895e-09
0.1685	4.964376e-09
0.169	4.9601139e-09
0.1695	4.9165821e-09
0.17	4.8672246e-09
0.1705	4.8428501e-09
0.171	4.8465873e-09
0.1715	4.8809374e-09
0.172	4.9347882e-09
0.1725	4.9635457e-09
0.173	4.9630825e-09
0.1735	4.9255651e-09
0.174	4.8717367e-09
0.1745	4.8492309e-09
0.175	4.8503615e-09
0.1755	4.8570077e-09
0.176	4.8775609e-09
0.1765	4.9198442e-09
0.177	4.9619343e-09
0.1775	4.942783e-09
0.178	4.9461723e-09
0.1785	4.9748344e-09
0.179	5.0453788e-09
0.1795	5.1137513e-09
0.18	5.1468625e-09
0.1805	5.1344799e-09
0.181	5.0930065e-09
0.1815	5.0512735e-09
0.182	5.0903127e-09
0.1825	5.1125647e-09
0.183	5.0946527e-09
0.1835	5.051058e-09
0.184	5.0011187e-09
0.1845	4.9745954e-09
0.185	4.9810779e-09
0.1855	5.02679e-09
0.186	5.0813621e-09
0.1865	5.1034893e-09
0.187	5.0995449e-09
0.1875	5.0581575e-09
0.188	5.0005379e-09
0.1885	4.9657905e-09
0.189	4.9593299e-09
0.1895	4.9716576e-09
0.19	5.0090953e-09
0.1905	5.0615649e-09
0.191	5.0802052e-09
0.1915	5.0394066e-09
0.192	5.0035843e-09
0.1925	4.9517219e-09
0.193	4.8806742e-09
0.1935	4.9102579e-09
0.194	5.0434127e-09
0.1945	5.1147302e-09
0.195	5.1914106e-09
0.1955	5.2138033e-09
0.196	5.1773012e-09
0.1965	5.1271397e-09
0.197	5.1100154e-09
0.1975	5.147233e-09
0.198	5.1775699e-09
0.1985	5.221271e-09
0.199	5.2824202e-09
0.1995	5.2504474e-09
0.2	5.1106211e-09
