0.0005	0
0.001	0.39453189
0.0015	0.47645227
0.002	0.5147074
0.0025	0.53885681
0.003	0.55455849
0.0035	0.56726513
0.004	0.57717839
0.0045	0.58402464
0.005	0.58872455
0.0055	0.59192615
0.006	0.59408856
0.0065	0.59553682
0.007	0.59650086
0.0075	0.59714197
0.008	0.59757145
0.0085	0.59786527
0.009	0.59807457
0.0095	0.59823231
0.01	0.59835909
0.0105	0.59846732
0.011	0.598564
0.0115	0.59865267
0.012	0.59873482
0.0125	0.5988108
0.013	0.59888051
0.0135	0.59894375
0.014	0.59900031
0.0145	0.59905015
0.015	0.59909344
0.0155	0.59913051
0.016	0.59916182
0.0165	0.59918794
0.017	0.59920949
0.0175	0.59922708
0.018	0.59924134
0.0185	0.59925283
0.019	0.59926204
0.0195	0.59926944
0.02	0.59927539
0.0205	0.59928021
0.021	0.59928414
0.0215	0.59928739
0.022	0.59929011
0.0225	0.5992924
0.023	0.59929438
0.0235	0.59929608
0.024	0.59929757
0.0245	0.59929887
0.025	0.59930001
0.0255	0.59930102
0.026	0.59930189
0.0265	0.59930266
0.027	0.59930332
0.0275	0.5993039
0.028	0.59930439
0.0285	0.59930482
0.029	0.59930518
0.0295	0.59930549
0.03	0.59930576
0.0305	0.59930598
0.031	0.59930618
0.0315	0.59930634
0.032	0.59930648
0.0325	0.5993066
0.033	0.5993067
0.0335	0.59930679
0.034	0.59930686
0.0345	0.59930693
0.035	0.59930699
0.0355	0.59930704
0.036	0.59930708
0.0365	0.59930712
0.037	0.59930715
0.0375	0.59930718
0.038	0.59930721
0.0385	0.59930724
0.039	0.59930725
0.0395	0.59930727
0.04	0.59930728
0.0405	0.5993073
0.041	0.59930731
0.0415	0.59930732
0.042	0.59930733
0.0425	0.59930734
0.043	0.59930734
0.0435	0.59930735
0.044	0.59930735
0.0445	0.59930736
0.045	0.59930736
0.0455	0.59930737
0.046	0.59930737
0.0465	0.59930737
0.047	0.59930737
0.0475	0.59930738
0.048	0.59930738
0.0485	0.59930738
0.049	0.59930738
0.0495	0.59930739
0.05	0.59930739
0.0505	0.59930739
0.051	0.59930739
0.0515	0.59930739
0.052	0.59930739
0.0525	0.59930739
0.053	0.5993074
0.0535	0.5993074
0.054	0.5993074
0.0545	0.5993074
0.055	0.5993074
0.0555	0.5993074
0.056	0.5993074
0.0565	0.5993074
0.057	0.5993074
0.0575	0.5993074
0.058	0.5993074
0.0585	0.59930741
0.059	0.5993074
0.0595	0.5993074
0.06	0.5993074
0.0605	0.5993074
0.061	0.59930741
0.0615	0.5993074
0.062	0.5993074
0.0625	0.5993074
0.063	0.5993074
0.0635	0.59930739
0.064	0.59930739
0.0645	0.59930739
0.065	0.59930739
0.0655	0.59930739
0.066	0.59930738
0.0665	0.59930738
0.067	0.59930738
0.0675	0.59930737
0.068	0.59930737
0.0685	0.59930736
0.069	0.59930736
0.0695	0.59930735
0.07	0.59930735
0.0705	0.59930734
0.071	0.59930734
0.0715	0.59930733
0.072	0.59930733
0.0725	0.59930732
0.073	0.59930731
0.0735	0.59930731
0.074	0.5993073
0.0745	0.5993073
0.075	0.59930729
0.0755	0.59930728
0.076	0.59930728
0.0765	0.59930728
0.077	0.59930727
0.0775	0.59930726
0.078	0.59930726
0.0785	0.59930726
0.079	0.59930725
0.0795	0.59930725
0.08	0.59930725
0.0805	0.59930724
0.081	0.59930725
0.0815	0.59930724
0.082	0.59930724
0.0825	0.59930724
0.083	0.59930724
0.0835	0.59930723
0.084	0.59930723
0.0845	0.59930723
0.085	0.59930723
0.0855	0.59930723
0.086	0.59930723
0.0865	0.59930723
0.087	0.59930723
0.0875	0.59930723
0.088	0.59930723
0.0885	0.59930723
0.089	0.59930723
0.0895	0.59930723
0.09	0.59930723
0.0905	0.59930723
0.091	0.59930724
0.0915	0.59930724
0.092	0.59930724
0.0925	0.59930724
0.093	0.59930725
0.0935	0.59930725
0.094	0.59930725
0.0945	0.59930726
0.095	0.59930726
0.0955	0.59930726
0.096	0.59930726
0.0965	0.59930727
0.097	0.59930727
0.0975	0.59930727
0.098	0.59930727
0.0985	0.59930728
0.099	0.59930728
0.0995	0.59930728
0.1	0.59930728
0.1005	0.59930729
0.101	0.59930729
0.1015	0.59930729
0.102	0.59930729
0.1025	0.59930729
0.103	0.5993073
0.1035	0.5993073
0.104	0.5993073
0.1045	0.59930731
0.105	0.59930731
0.1055	0.59930731
0.106	0.59930731
0.1065	0.59930732
0.107	0.59930731
0.1075	0.59930732
0.108	0.59930732
0.1085	0.59930732
0.109	0.59930732
0.1095	0.59930732
0.11	0.59930732
0.1105	0.59930733
0.111	0.59930733
0.1115	0.59930732
0.112	0.59930733
0.1125	0.59930733
0.113	0.59930733
0.1135	0.59930733
0.114	0.59930733
0.1145	0.59930734
0.115	0.59930734
0.1155	0.59930734
0.116	0.59930734
0.1165	0.59930734
0.117	0.59930734
0.1175	0.59930734
0.118	0.59930734
0.1185	0.59930735
0.119	0.59930735
0.1195	0.59930735
0.12	0.59930735
0.1205	0.59930735
0.121	0.59930735
0.1215	0.59930735
0.122	0.59930735
0.1225	0.59930736
0.123	0.59930736
0.1235	0.59930736
0.124	0.59930736
0.1245	0.59930736
0.125	0.59930736
0.1255	0.59930736
0.126	0.59930736
0.1265	0.59930736
0.127	0.59930736
0.1275	0.59930736
0.128	0.59930737
0.1285	0.59930737
0.129	0.59930737
0.1295	0.59930737
0.13	0.59930737
0.1305	0.59930737
0.131	0.59930737
0.1315	0.59930737
0.132	0.59930737
0.1325	0.59930737
0.133	0.59930737
0.1335	0.59930737
0.134	0.59930737
0.1345	0.59930737
0.135	0.59930737
0.1355	0.59930737
0.136	0.59930738
0.1365	0.59930738
0.137	0.59930738
0.1375	0.59930738
0.138	0.59930738
0.1385	0.59930738
0.139	0.59930738
0.1395	0.59930738
0.14	0.59930738
0.1405	0.59930738
0.141	0.59930738
0.1415	0.59930738
0.142	0.59930738
0.1425	0.59930738
0.143	0.59930738
0.1435	0.59930738
0.144	0.59930738
0.1445	0.59930738
0.145	0.59930738
0.1455	0.59930738
0.146	0.59930738
0.1465	0.59930738
0.147	0.59930738
0.1475	0.59930738
0.148	0.59930738
0.1485	0.59930738
0.149	0.59930738
0.1495	0.59930738
0.15	0.59930738
0.1505	0.59930738
0.151	0.59930738
0.1515	0.59930738
0.152	0.59930738
0.1525	0.59930738
0.153	0.59930738
0.1535	0.59930738
0.154	0.59930738
0.1545	0.59930738
0.155	0.59930738
0.1555	0.59930739
0.156	0.59930739
0.1565	0.59930739
0.157	0.59930739
0.1575	0.59930739
0.158	0.59930739
0.1585	0.59930739
0.159	0.59930739
0.1595	0.59930739
0.16	0.59930739
0.1605	0.59930739
0.161	0.59930739
0.1615	0.59930739
0.162	0.59930739
0.1625	0.59930739
0.163	0.59930739
0.1635	0.59930739
0.164	0.59930739
0.1645	0.59930739
0.165	0.59930739
0.1655	0.59930739
0.166	0.59930739
0.1665	0.59930739
0.167	0.59930739
0.1675	0.59930739
0.168	0.59930739
0.1685	0.59930739
0.169	0.59930739
0.1695	0.59930739
0.17	0.59930739
0.1705	0.59930739
0.171	0.59930739
0.1715	0.59930739
0.172	0.59930739
0.1725	0.59930739
0.173	0.59930739
0.1735	0.59930739
0.174	0.59930739
0.1745	0.59930739
0.175	0.59930739
0.1755	0.59930739
0.176	0.59930739
0.1765	0.59930739
0.177	0.59930739
0.1775	0.59930739
0.178	0.59930739
0.1785	0.59930739
0.179	0.59930739
0.1795	0.59930739
0.18	0.59930739
0.1805	0.59930739
0.181	0.59930739
0.1815	0.59930739
0.182	0.59930739
0.1825	0.59930739
0.183	0.59930739
0.1835	0.59930739
0.184	0.59930739
0.1845	0.59930739
0.185	0.59930739
0.1855	0.59930739
0.186	0.59930739
0.1865	0.59930739
0.187	0.59930739
0.1875	0.59930739
0.188	0.59930739
0.1885	0.59930739
0.189	0.59930739
0.1895	0.59930739
0.19	0.59930739
0.1905	0.59930739
0.191	0.59930739
0.1915	0.59930739
0.192	0.59930739
0.1925	0.59930739
0.193	0.59930739
0.1935	0.59930739
0.194	0.59930739
0.1945	0.59930739
0.195	0.59930739
0.1955	0.59930739
0.196	0.59930739
0.1965	0.59930739
0.197	0.59930739
0.1975	0.59930739
0.198	0.59930739
0.1985	0.59930739
0.199	0.59930739
0.1995	0.59930739
0.2	0.59930739
