0.0005	0
0.001	13
0.0015	13
0.002	12
0.0025	12
0.003	12
0.0035	12
0.004	11
0.0045	11
0.005	11
0.0055	11
0.006	11
0.0065	11
0.007	11
0.0075	11
0.008	11
0.0085	11
0.009	11
0.0095	10
0.01	10
0.0105	10
0.011	10
0.0115	10
0.012	10
0.0125	10
0.013	10
0.0135	10
0.014	10
0.0145	10
0.015	10
0.0155	10
0.016	9
0.0165	9
0.017	9
0.0175	9
0.018	9
0.0185	9
0.019	9
0.0195	9
0.02	9
0.0205	9
0.021	9
0.0215	9
0.022	9
0.0225	8
0.023	8
0.0235	8
0.024	8
0.0245	8
0.025	8
0.0255	8
0.026	8
0.0265	8
0.027	8
0.0275	8
0.028	8
0.0285	8
0.029	8
0.0295	8
0.03	7
0.0305	7
0.031	7
0.0315	7
0.032	7
0.0325	7
0.033	7
0.0335	7
0.034	7
0.0345	7
0.035	7
0.0355	7
0.036	7
0.0365	7
0.037	7
0.0375	6
0.038	6
0.0385	6
0.039	6
0.0395	6
0.04	6
0.0405	6
0.041	6
0.0415	6
0.042	6
0.0425	6
0.043	6
0.0435	6
0.044	6
0.0445	6
0.045	6
0.0455	6
0.046	6
0.0465	5
0.047	5
0.0475	5
0.048	5
0.0485	5
0.049	5
0.0495	5
0.05	5
0.0505	5
0.051	5
0.0515	5
0.052	5
0.0525	5
0.053	5
0.0535	5
0.054	5
0.0545	5
0.055	5
0.0555	5
0.056	5
0.0565	5
0.057	4
0.0575	5
0.058	5
0.0585	5
0.059	4
0.0595	5
0.06	4
0.0605	5
0.061	5
0.0615	5
0.062	4
0.0625	4
0.063	4
0.0635	4
0.064	4
0.0645	5
0.065	5
0.0655	4
0.066	5
0.0665	5
0.067	5
0.0675	4
0.068	4
0.0685	4
0.069	4
0.0695	4
0.07	4
0.0705	4
0.071	4
0.0715	4
0.072	4
0.0725	5
0.073	4
0.0735	4
0.074	5
0.0745	5
0.075	4
0.0755	4
0.076	4
0.0765	4
0.077	4
0.0775	4
0.078	4
0.0785	4
0.079	5
0.0795	4
0.08	4
0.0805	4
0.081	4
0.0815	4
0.082	4
0.0825	4
0.083	5
0.0835	5
0.084	4
0.0845	4
0.085	4
0.0855	4
0.086	5
0.0865	5
0.087	4
0.0875	4
0.088	5
0.0885	4
0.089	4
0.0895	4
0.09	4
0.0905	4
0.091	5
0.0915	4
0.092	4
0.0925	5
0.093	4
0.0935	4
0.094	4
0.0945	5
0.095	4
0.0955	4
0.096	4
0.0965	5
0.097	5
0.0975	4
0.098	4
0.0985	4
0.099	4
0.0995	4
0.1	4
0.1005	4
0.101	4
0.1015	5
0.102	4
0.1025	4
0.103	5
0.1035	4
0.104	4
0.1045	4
0.105	4
0.1055	4
0.106	4
0.1065	4
0.107	4
0.1075	4
0.108	4
0.1085	4
0.109	4
0.1095	4
0.11	4
0.1105	4
0.111	4
0.1115	5
0.112	4
0.1125	4
0.113	5
0.1135	4
0.114	4
0.1145	4
0.115	4
0.1155	4
0.116	4
0.1165	4
0.117	4
0.1175	5
0.118	5
0.1185	5
0.119	4
0.1195	4
0.12	5
0.1205	5
0.121	4
0.1215	4
0.122	5
0.1225	4
0.123	4
0.1235	4
0.124	4
0.1245	4
0.125	4
0.1255	4
0.126	4
0.1265	4
0.127	4
0.1275	4
0.128	4
0.1285	4
0.129	4
0.1295	4
0.13	4
0.1305	4
0.131	4
0.1315	4
0.132	4
0.1325	4
0.133	4
0.1335	4
0.134	4
0.1345	4
0.135	4
0.1355	4
0.136	4
0.1365	5
0.137	4
0.1375	4
0.138	4
0.1385	5
0.139	4
0.1395	4
0.14	4
0.1405	5
0.141	4
0.1415	4
0.142	4
0.1425	5
0.143	4
0.1435	4
0.144	4
0.1445	5
0.145	4
0.1455	4
0.146	4
0.1465	5
0.147	4
0.1475	4
0.148	5
0.1485	5
0.149	4
0.1495	4
0.15	4
0.1505	4
0.151	4
0.1515	4
0.152	5
0.1525	4
0.153	4
0.1535	4
0.154	5
0.1545	4
0.155	4
0.1555	4
0.156	5
0.1565	4
0.157	4
0.1575	4
0.158	5
0.1585	4
0.159	4
0.1595	4
0.16	5
0.1605	4
0.161	4
0.1615	5
0.162	5
0.1625	4
0.163	4
0.1635	4
0.164	4
0.1645	4
0.165	4
0.1655	4
0.166	5
0.1665	4
0.167	4
0.1675	5
0.168	4
0.1685	4
0.169	4
0.1695	4
0.17	4
0.1705	4
0.171	4
0.1715	4
0.172	4
0.1725	4
0.173	4
0.1735	4
0.174	5
0.1745	4
0.175	4
0.1755	5
0.176	4
0.1765	4
0.177	4
0.1775	4
0.178	5
0.1785	4
0.179	4
0.1795	5
0.18	4
0.1805	4
0.181	4
0.1815	4
0.182	4
0.1825	4
0.183	4
0.1835	4
0.184	4
0.1845	4
0.185	4
0.1855	4
0.186	5
0.1865	4
0.187	4
0.1875	4
0.188	5
0.1885	4
0.189	4
0.1895	5
0.19	4
0.1905	4
0.191	5
0.1915	4
0.192	4
0.1925	4
0.193	4
0.1935	5
0.194	4
0.1945	4
0.195	5
0.1955	4
0.196	4
0.1965	4
0.197	4
0.1975	4
0.198	4
0.1985	4
0.199	4
0.1995	5
0.2	4
