/*--------------------------------*- C++ -*----------------------------------*\
| =========                 |                                                 |
| \\      /  F ield         | OpenFOAM: The Open Source CFD Toolbox           |
|  \\    /   O peration     | Version:  2112                                  |
|   \\  /    A nd           | Website:  www.openfoam.com                      |
|    \\/     M anipulation  |                                                 |
\*---------------------------------------------------------------------------*/
FoamFile
{
    version     2.0;
    format      ascii;
    arch        "LSB;label=32;scalar=64";
    class       surfaceScalarField;
    location    "49";
    object      phi_0;
}
// * * * * * * * * * * * * * * * * * * * * * * * * * * * * * * * * * * * * * //

dimensions      [0 3 -1 0 0 0 0];

oriented        oriented;

internalField   nonuniform List<scalar> 
3120
(
-2.6627613e-05
0.00067288212
-0.000646255
-0.00010104609
0.001905917
-0.0018314985
-0.00021215762
0.0030554256
-0.002944314
-0.00034055801
0.0040909793
-0.0039625789
-0.0004647317
0.0049766883
-0.0048525146
-0.00056082111
0.005673401
-0.0055773116
-0.00060622364
0.0061352235
-0.0060898209
-0.00057850746
0.0063080076
-0.0063357237
-0.00047965448
0.006226152
-0.0063250049
-0.00029961341
0.005645124
-0.005825165
-0.0003512521
0.0042336067
-0.004181968
-0.00054345042
0.0035338849
-0.0033416866
-0.00078286159
0.0031533719
-0.0029139607
-0.0010726912
0.0027540597
-0.0024642302
-0.0014133394
0.0022571897
-0.0019165415
-0.0018057777
0.0016699179
-0.0012774796
-0.0022469992
0.00099101681
-0.00054979533
-0.0027289902
0.00023056439
0.00025142659
-0.0032245879
-0.00058357481
0.0010791725
-0.0037237538
-0.0014384422
0.0019376082
-0.0042001533
-0.0023098464
0.0027862458
-0.0046259055
-0.0031627043
0.0035884565
-0.0049715048
-0.0039611907
0.0043067899
-0.0052082883
-0.0046678729
0.0049046565
-0.0053106055
-0.0052432486
0.0053455658
-0.005258158
-0.0056473427
0.0055948953
-0.005018896
-0.0059016969
0.0056624349
-0.0046920256
-0.0032214884
0.002894618
-0.0045079515
-0.00043391615
0.00024984205
-0.0042727171
-0.0010549273
0.00081969288
-0.0039726527
-0.0016543024
0.001354238
-0.0035998167
-0.0022348227
0.0018619868
-0.0031549162
-0.002767423
0.0023225225
-0.0026456998
-0.0032105932
0.0027013769
-0.0020888537
-0.0035081495
0.0029513034
-0.0015124948
-0.0035929765
0.0030166176
-0.00095764577
-0.0033968504
0.0028420013
-0.00047784391
-0.0028645756
0.0023847738
-0.00013574429
-0.0019600204
0.0016179208
-0.00069744695
0.00056170267
-3.3837704e-05
0.00070671992
-0.00011663998
0.0019887193
-0.00023536788
0.0031741533
-0.00036945051
0.0042250618
-0.00049556125
0.005102799
-0.00058814211
0.0057659817
-0.00062261198
0.0061696932
-0.00058250225
0.0062678977
-0.00045773308
0.0061013827
-0.0002618443
0.0054492351
-0.00029518402
0.0042669465
-0.00047516232
0.0037138632
-0.00069952712
0.0033777366
-0.00097023785
0.0030247704
-0.001293535
0.0025804869
-0.0016715768
0.0020479597
-0.0021037406
0.0014231805
-0.0025859419
0.00071276568
-0.0030954184
-7.4098283e-05
-0.0036242545
-0.0009096061
-0.0041466097
-0.0017874912
-0.0046352173
-0.0026740967
-0.0050577654
-0.0035386426
-0.005379926
-0.0043457123
-0.0055679982
-0.0050551764
-0.0055915257
-0.0056238152
-0.0054273168
-0.0060659058
-0.0051885877
-0.0034602175
-0.0050342482
-0.00058825563
-0.0048145638
-0.0012746118
-0.0045124654
-0.0019564008
-0.0041206066
-0.0026266815
-0.0036383454
-0.0032496843
-0.0030730499
-0.0037758888
-0.0024429628
-0.0041382366
-0.0017804884
-0.0042554509
-0.0011344008
-0.0040429379
-0.00056969613
-0.0034292803
-0.00016435466
-0.0023653618
-0.00086180161
-3.7954997e-05
0.0007446751
-0.00012897953
0.0020797439
-0.00025600561
0.0033011794
-0.00039665646
0.0043657127
-0.0005249821
0.0052311246
-0.00061343824
0.0058544379
-0.00063662537
0.0061928803
-0.00057897855
0.0062102509
-0.00043304863
0.0059554527
-0.00021034339
0.0052265298
-0.00023113313
0.0042877362
-0.00040263565
0.0038853657
-0.00061267366
0.0035877746
-0.00086724973
0.0032793465
-0.0011743847
0.0028876218
-0.0015382374
0.0024118124
-0.0019605822
0.0018455253
-0.0024373945
0.001189578
-0.0029617217
0.00045022893
-0.0035099872
-0.00036134058
-0.004069647
-0.0012278314
-0.0046122466
-0.0021314971
-0.0051055861
-0.0030453031
-0.0055137635
-0.0039375349
-0.0058002046
-0.0047687354
-0.0059305286
-0.0054934912
-0.0058783401
-0.0061180942
-0.0057214666
-0.0036170911
-0.0055972087
-0.00071251353
-0.0053857155
-0.001486105
-0.0050767417
-0.0022653746
-0.0046624536
-0.0030409696
-0.004140619
-0.0037715189
-0.0035176961
-0.0043988117
-0.0028127391
-0.0048431936
-0.0020616981
-0.0050064919
-0.0013207255
-0.0047839105
-0.0006666341
-0.0040833718
-0.00019301376
-0.0028389822
-0.0010548154
-4.0802371e-05
0.0007854776
-0.00014037158
0.0021793132
-0.00027776377
0.0034385716
-0.00042708506
0.004515034
-0.00055879466
0.0053628343
-0.0006428055
0.0059384488
-0.0006529252
0.0062030001
-0.00057446014
0.0061317858
-0.00040227638
0.005783269
-0.00014783805
0.0049720915
-0.000154196
0.0042940942
-0.00031754816
0.0040487178
-0.00051394011
0.0037841666
-0.00075178684
0.0035171932
-0.0010407762
0.0031766112
-0.0013868939
0.0027579301
-0.0017939986
0.00225263
-0.0022613444
0.0016569237
-0.0027842485
0.00097313307
-0.003346775
0.00020118589
-0.0039317557
-0.00064285073
-0.0045201782
-0.0015430745
-0.005080227
-0.0024852542
-0.0055772374
-0.0034405246
-0.0059739416
-0.0043720312
-0.006232059
-0.0052353737
-0.0063175586
-0.0060325946
-0.0062524636
-0.0036821861
-0.0061547735
-0.00081020367
-0.0059514789
-0.0016893996
-0.0056355673
-0.0025812861
-0.0052001259
-0.003476411
-0.0046416285
-0.0043300162
-0.0039650649
-0.0050753753
-0.0031890684
-0.00561919
-0.0023516813
-0.005843879
-0.0015154227
-0.0056201691
-0.00076910834
-0.0048296861
-0.00022363448
-0.003384456
-0.0012784499
-4.3941082e-05
0.00082941873
-0.00015358239
0.0022889545
-0.00030381378
0.003588803
-0.00046387041
0.0046750907
-0.00059956966
0.0054985336
-0.00067779938
0.0060166785
-0.00067169558
0.0061968963
-0.0005677933
0.0060278836
-0.00036362187
0.0055790976
-7.211609e-05
0.0046805857
-6.1224385e-05
0.0042832025
-0.00021572203
0.0042032155
-0.00039822459
0.0039666692
-0.00061816151
0.0037371302
-0.0008865619
0.0034450116
-0.0012110381
0.0030824063
-0.0015974104
0.0026390024
-0.00204779
0.0021073033
-0.0025589275
0.0014842705
-0.0031277234
0.00076998176
-0.0037246761
-4.5898028e-05
-0.0043497714
-0.00091797917
-0.004968373
-0.0018666526
-0.0055501922
-0.0028587054
-0.0060590001
-0.0038632233
-0.0064540086
-0.0048403652
-0.0066956049
-0.0057909982
-0.0067320488
-0.0036457422
-0.00665232
-0.00088993253
-0.0064564563
-0.0018852632
-0.0061374063
-0.0029003361
-0.0056884775
-0.0039253398
-0.0051043588
-0.004914135
-0.0043872941
-0.00579244
-0.0035533816
-0.0064531026
-0.0026402229
-0.0067570377
-0.0017146345
-0.0065457575
-0.00087688873
-0.0056674319
-0.00025691936
-0.0040044254
-0.0015353692
-4.8243777e-05
0.0008776625
-0.00017098769
0.0024116984
-0.00033756369
0.003755379
-0.00051067397
0.004848201
-0.00065032007
0.0056381797
-0.00072002236
0.0060863808
-0.0006926433
0.0061695173
-0.00055672923
0.0058919695
-0.00031335476
0.0053357231
1.8631413e-05
0.0043485995
5.1756617e-05
0.0042500773
-9.2250967e-05
0.0043472231
-0.0002603272
0.0041347454
-0.00046112104
0.003937924
-0.00070662358
0.0036905141
-0.0010057752
0.003381558
-0.0013660424
0.0029992695
-0.0017918529
0.0025331138
-0.0022834445
0.0019758621
-0.0028358753
0.0013224126
-0.0034502491
0.0005684758
-0.0040907151
-0.00027751322
-0.0047531489
-0.0012042188
-0.0054071141
-0.0022047401
-0.0060195456
-0.0032507919
-0.0065497641
-0.0043101467
-0.0069563858
-0.0053843765
-0.0070996136
-0.0035025145
-0.0070277059
-0.00096184026
-0.0068385124
-0.0020744567
-0.0065233104
-0.0032155382
-0.00607455
-0.0043741002
-0.0054840474
-0.0055046375
-0.0047493533
-0.0065271341
-0.0038810306
-0.0073214253
-0.0029125099
-0.0077255584
-0.0019114487
-0.0075468187
-0.00098799135
-0.0065908893
-0.00029274337
-0.0046996734
-0.0018281126
-5.4544278e-05
0.00093220674
-0.00019479088
0.002551945
-0.0003821325
0.0039427206
-0.00057052317
0.0050365916
-0.00071291395
0.0057805704
-0.00076941553
0.0061428824
-0.00071349632
0.006113598
-0.00053705275
0.005715526
-0.00024576242
0.0050444328
0.00013762737
0.0039652097
0.00019033433
0.0041973703
5.8484906e-05
0.0044790725
-9.4008181e-05
0.0042872385
-0.0002741777
0.0041180935
-0.00049442077
0.0039107572
-0.00076457936
0.0036517166
-0.0010934359
0.0033281261
-0.0014875445
0.0029272224
-0.0019501774
0.0024384949
-0.0024809949
0.0018532301
-0.0030781387
0.0011656197
-0.0037289303
0.00037327836
-0.0044150514
-0.00051809775
-0.0051215351
-0.0014982564
-0.005819318
-0.0025530089
-0.006471201
-0.0036582637
-0.0070387074
-0.0048168701
-0.0072862163
-0.0032550056
-0.0072121256
-0.001035931
-0.0070302761
-0.0022563061
-0.006729406
-0.0035164082
-0.0063001769
-0.0048033293
-0.0057303452
-0.0060744693
-0.0050105393
-0.00724694
-0.0041421738
-0.0081897907
-0.0031496259
-0.0087181063
-0.0020963045
-0.0086001401
-0.0010991586
-0.0075880352
-0.00033063582
-0.0054681961
-0.0021587484
-6.3921318e-05
0.00099612802
-0.00022770714
0.0027157308
-0.00044107014
0.0041560836
-0.00064634492
0.0052418664
-0.00078830567
0.0059225312
-0.00082419998
0.0061787767
-0.00072971086
0.0060191089
-0.00050186582
0.0054876809
-0.00015322217
0.0046957891
0.00028336448
0.0035286231
0.00036090297
0.0041198318
0.00024333617
0.0045966393
0.00010893382
0.0044216408
-4.8514829e-05
0.0042755422
-0.00024096018
0.0041032025
-0.00047837934
0.0038891357
-0.00077045033
0.0036201971
-0.0011253908
0.0032821628
-0.0015490398
0.002862144
-0.0020445013
0.0023486916
-0.0026114751
0.0017325935
-0.003247352
0.0010091552
-0.0039372276
0.00017177787
-0.0046697005
-0.0007657836
-0.0054258283
-0.0017968811
-0.0061738026
-0.0029102894
-0.0068824218
-0.0041082509
-0.0072215169
-0.0029159104
-0.0071369989
-0.001120449
-0.0069649561
-0.0024283489
-0.0066919621
-0.0037894023
-0.0063062378
-0.0051890536
-0.0057905981
-0.006590109
-0.0051267202
-0.0079108179
-0.0043031217
-0.0090133892
-0.0033292827
-0.0096919453
-0.0022575362
-0.0096718866
-0.0012063874
-0.0086391841
-0.00037033151
-0.006304252
-0.0025290799
-7.7804427e-05
0.0010739324
-0.00027315151
0.0029110778
-0.00051842168
0.0044013538
-0.00074073876
0.0054641835
-0.00087598854
0.006057781
-0.00088012032
0.0061829084
-0.00073377639
0.005872765
-0.00044140802
0.0051953126
-1.6552988e-05
0.0042709341
0.00046732284
0.0030447473
0.00057231106
0.0040148436
0.00047326917
0.0046956812
0.00035960626
0.0045353037
0.00022733169
0.0044078168
6.5853898e-05
0.0042646803
-0.00013482344
0.0040898131
-0.00038487484
0.0038702485
-0.00069338772
0.0035906757
-0.0010681299
0.0032368862
-0.0015149525
0.0027955142
-0.0020369819
0.0022546229
-0.0026341099
0.0016062833
-0.003307373
0.00084504096
-0.0040325782
-4.0578389e-05
-0.0048143416
-0.0010151177
-0.0056224099
-0.0021022211
-0.0064369052
-0.0032937557
-0.0068443765
-0.0025084391
-0.0067432195
-0.001221606
-0.0065851841
-0.0025863844
-0.0063552849
-0.0040193015
-0.0060393584
-0.0055049801
-0.0056151542
-0.0070143132
-0.0050541
-0.008471872
-0.0043286063
-0.0097388829
-0.0034270385
-0.010593513
-0.0023820068
-0.010716918
-0.0013053225
-0.0097158683
-0.0004114625
-0.007198112
-0.0029405424
-9.8181325e-05
0.0011721137
-0.00033544016
0.0031483367
-0.00061852835
0.004684442
-0.00085516835
0.0057008235
-0.0009726558
0.0061752684
-0.00092881772
0.0061390704
-0.00071334231
0.0056572896
-0.00034327548
0.0048252457
0.00014820894
0.0037794497
0.00069964889
0.0024933073
0.00083616134
0.0038783312
0.00076095531
0.0047708872
0.0006725014
0.0046237577
0.00056936475
0.0045109534
0.00044238232
0.0043916628
0.00028246679
0.0042497286
8.0149192e-05
0.0040725661
-0.00017482038
0.0038456453
-0.00049177628
0.0035538421
-0.0008783648
0.0031821028
-0.0013397439
0.002716002
-0.0018802718
0.0021468111
-0.0024998195
0.0014645887
-0.0032049929
0.00066459499
-0.0039700014
-0.00025010926
-0.0047949738
-0.0012772487
-0.0056678651
-0.0024208644
-0.006111784
-0.0020645202
-0.0059902167
-0.0013431733
-0.0058510809
-0.0027255202
-0.0056789375
-0.004191445
-0.0054581628
-0.0057257548
-0.00516247
-0.007310006
-0.0047530181
-0.0088813239
-0.0041841289
-0.010307772
-0.0034174763
-0.011360166
-0.0024556868
-0.011678708
-0.0013917423
-0.010779813
-0.00045390484
-0.0081359494
-0.0033944473
-0.0001279671
0.0013000808
-0.0004200913
0.0034404609
-0.00074557987
0.0050099306
-0.0009884919
0.0059437355
-0.00106992
0.0062566965
-0.00095517671
0.006024327
-0.00064904359
0.0053511564
-0.0001854038
0.0043616059
0.00038589266
0.0032081533
0.00099604157
0.0018831584
0.0011672322
0.0037071406
0.0011234261
0.0048146933
0.0010668703
0.0046803134
0.000998564
0.0045792597
0.00091130898
0.0044789178
0.00079723955
0.004363798
0.00064734403
0.0042224616
0.00045217773
0.0040408116
0.00020242827
0.0038035915
-0.0001111624
0.0034956934
-0.00049940518
0.0031042448
-0.00096691949
0.0026143254
-0.00151733
0.0020149992
-0.0021548725
0.0013021375
-0.0028772945
0.00047231268
-0.0036765746
-0.00047796853
-0.0045562948
-0.0015411442
-0.0050015363
-0.0016192787
-0.0048589579
-0.0014857516
-0.0047433267
-0.0028411514
-0.0046408106
-0.0042939611
-0.0045362374
-0.0058303279
-0.0044016328
-0.0074446106
-0.0041896364
-0.0090933203
-0.003836927
-0.010660482
-0.0032744261
-0.011922666
-0.0024636356
-0.012489498
-0.0014620247
-0.011781424
-0.00049946207
-0.0090985121
-0.0038939093
-0.00017165342
0.0014717342
-0.00053413587
0.0038029433
-0.0009024799
0.0053782746
-0.0011341999
0.0061754555
-0.0011504963
0.006272993
-0.00093338186
0.0058072126
-0.00051092346
0.004928698
6.1027605e-05
0.0037896549
0.0007167296
0.0025524513
0.0013749134
0.0012249746
0.0015839981
0.0034980558
0.0015824826
0.0048162089
0.0015677767
0.0046950193
0.001542942
0.0046040945
0.00150299
0.0045188697
0.0014417116
0.0044250765
0.0013514425
0.0043127307
0.0012232405
0.0041690135
0.0010472769
0.0039795551
0.00081344611
0.0037295243
0.00051334822
0.0034043427
0.00013801241
0.0029896613
-0.00032292423
0.0024759358
-0.00087405504
0.0018532683
-0.0015183632
0.0011166208
-0.0022555669
0.00025923514
-0.0030922169
-0.00070449418
-0.003506591
-0.0012049047
-0.0033459488
-0.0016463938
-0.0032580361
-0.002929064
-0.0032331904
-0.0043188068
-0.0032597306
-0.0058037878
-0.0033107999
-0.0073935413
-0.0033344888
-0.0090696314
-0.0032543615
-0.010740609
-0.0029691105
-0.012207917
-0.002388447
-0.013070162
-0.0015127273
-0.012657143
-0.00055176053
-0.010059479
-0.0044456699
-0.00023644918
0.0017081834
-0.00068615931
0.0042526535
-0.0010880439
0.0057801592
-0.0012750316
0.0063624432
-0.0011817448
0.0061797062
-0.0008211838
0.0054466516
-0.00025444116
0.0043619554
0.00043700188
0.0030982118
0.0011705183
0.0018189348
0.0018575091
0.00053798387
0.0021084444
0.0032471205
0.0021650285
0.0047596247
0.0022069177
0.0046531301
0.0022387345
0.0045722777
0.0022577798
0.0044998244
0.0022597156
0.0044231407
0.0022385431
0.0043339031
0.0021865063
0.0042210504
0.0020943986
0.0040716628
0.0019520638
0.003871859
0.0017489777
0.0036074288
0.0014743003
0.0032643387
0.0011196345
0.0028306016
0.00067650675
0.0022963961
0.00013799605
0.0016551315
-0.00050755159
0.00090478278
-0.0012563047
4.4258957e-05
-0.0016178396
-0.00084336983
-0.0014479411
-0.0018162924
-0.0013917137
-0.0029852914
-0.0014494114
-0.0042611091
-0.0016148093
-0.0056383899
-0.0018720422
-0.0071363084
-0.002155825
-0.0087858486
-0.0023987205
-0.010497713
-0.002465373
-0.012141265
-0.002205925
-0.01332961
-0.0015385684
-0.0133245
-0.0006170475
-0.010981
-0.0050627174
-0.00033418638
0.0020423698
-0.00088510366
0.0048035707
-0.0012902631
0.0061853187
-0.0013723398
0.0064445199
-0.0011047807
0.005912147
-0.00055158272
0.0048934536
0.00018377251
0.0036266002
0.00099281759
0.0022891667
0.001784301
0.0010274514
0.0024678561
-0.00014557124
0.0027653808
0.0029495959
0.0029025346
0.0046224709
0.0030224247
0.0045332401
0.0031307181
0.0044639843
0.0032268903
0.0044036522
0.0033084443
0.0043415868
0.0033711912
0.0042711562
0.0034089062
0.0041833354
0.0034134526
0.0040671164
0.0033750834
0.0039102282
0.0032829256
0.0036995866
0.0031254648
0.0034217995
0.0028915256
0.0030645408
0.0025705355
0.0026173862
0.0021532742
0.0020723928
0.0016330408
0.0014250162
0.00098317813
0.00069412165
0.00069935561
-0.00055954732
0.00086544702
-0.0019823838
0.00088061075
-0.0030004551
0.00073785281
-0.0041183512
0.00043715976
-0.0053376969
-3.7968548e-06
-0.0066953518
-0.00059576762
-0.0081938779
-0.0012149879
-0.009878493
-0.0017102156
-0.011646037
-0.0018764759
-0.01316335
-0.0015266626
-0.013674313
-0.00070392255
-0.01180374
-0.0057666399
-0.00048375763
0.0025261274
-0.001134377
0.0054541901
-0.0014697444
0.0065206861
-0.0013452323
0.0063200078
-0.00081653029
0.005383445
-2.0918937e-05
0.0040978422
0.0008903295
0.0027153517
0.001793238
0.0013862582
0.002599846
0.00022084345
0.0032307874
-0.0007765127
0.0035804113
0.002599972
0.0038287381
0.004374144
0.0040565185
0.0043054596
0.0042700721
0.0042504308
0.0044707264
0.0042029978
0.0046575096
0.0041548035
0.0048278707
0.0041007951
0.0049771559
0.0040340502
0.0050985277
0.0039457446
0.0051830706
0.0038256853
0.0052200552
0.0036626021
0.005197317
0.0034445377
0.0051020992
0.0031597586
0.0049218167
0.0027976687
0.004644882
0.0023493274
0.004259363
0.0018105352
0.0037495287
0.0012039559
0.0035315867
-0.00034160535
0.0036693542
-0.0021201512
0.0036183338
-0.0029494348
0.0033675924
-0.0038676097
0.0029063714
-0.0048764759
0.0022274533
-0.0060164337
0.001370772
-0.0073371966
0.0003865141
-0.0088942351
-0.00060083629
-0.010658687
-0.0013268159
-0.01243737
-0.0014417809
-0.013559348
-0.00081849255
-0.012427028
-0.0065851325
-0.00071012432
0.0032362517
-0.0014086945
0.0061527602
-0.0015184751
0.0066304667
-0.0010301169
0.0058316496
-0.00014226822
0.0044955963
0.00092173502
0.003033839
0.0019799851
0.0016571017
0.002911958
0.00045428537
0.0036602335
-0.00052743206
0.0041684032
-0.0012846824
0.0045759139
0.0021924613
0.0049745096
0.0039755484
0.0053495138
0.0039304554
0.0057077526
0.0038921919
0.0060518575
0.0038588929
0.006381793
0.0038248681
0.0066961409
0.0037864471
0.0069915091
0.003738682
0.0072622608
0.0036749929
0.0075004265
0.0035875197
0.0076957245
0.0034673041
0.007835755
0.0033045071
0.0079065804
0.0030889332
0.0078935316
0.0028107175
0.0077822243
0.0024606347
0.0075591636
0.0020335959
0.0072113405
0.001551779
0.0070502049
-0.00018046981
0.0071050804
-0.0021750267
0.0069481571
-0.0027925115
0.0065621417
-0.0034815943
0.0059298671
-0.0042442013
0.0050351316
-0.0051216982
0.0038750679
-0.0061771329
0.0024771121
-0.0074962793
0.00097130313
-0.0091528779
-0.0003815225
-0.011084544
-0.0011875123
-0.012753358
-0.00094573184
-0.012668809
-0.0075308643
-0.0010217608
0.0042580126
-0.0015727227
0.0067037221
-0.0011614141
0.0062191581
-0.00010820429
0.0047784398
0.0012012314
0.0031861606
0.0024888062
0.0017462642
0.0035890536
0.00055685433
0.0044285224
-0.00038518346
0.0050004526
-0.0010993623
0.0052951087
-0.0015793385
0.0057647458
0.0017228243
0.0063591234
0.0033811707
0.0069289687
0.0033606101
0.0074815127
0.003339648
0.0080198452
0.0033205604
0.0085441247
0.0033005886
0.009053362
0.0032772098
0.0095448487
0.0032471953
0.010013733
0.0032061088
0.01045278
0.0031484729
0.010852196
0.0030678878
0.011199583
0.0029571203
0.011480179
0.0028083366
0.011677427
0.0026134701
0.011773921
0.0023641404
0.011753732
0.0020537848
0.011605723
0.0016997878
0.011479432
-5.4178012e-05
0.011375709
-0.0020713046
0.011049992
-0.002466794
0.010484835
-0.002916437
0.0096591541
-0.0034185207
0.0085446946
-0.0040072386
0.0071107329
-0.0047431713
0.0053394634
-0.0057250098
0.0032799852
-0.0070933996
0.0011549991
-0.0089595583
-0.00051325033
-0.011085109
-0.00099504555
-0.012187013
-0.0085259098
-0.0013073777
0.0055653903
-0.0011355267
0.0065318711
0.00025105612
0.0048325753
0.0020050684
0.0030244276
0.0036342846
0.0015569444
0.0049415721
0.00043897671
0.0058602581
-0.00036183172
0.0064067154
-0.00093164073
0.0066412341
-0.001333881
0.00661091
-0.0015490144
0.0071417617
0.0011919726
0.007978272
0.0025446604
0.0087943757
0.0025445064
0.009596565
0.0025374587
0.010387162
0.0025299638
0.011165907
0.0025218433
0.011931652
0.0025114643
0.012681826
0.0024970219
0.013411907
0.0024760279
0.014115085
0.002445295
0.014781957
0.0024010155
0.015400289
0.0023387881
0.015954959
0.002253667
0.016428148
0.0021402812
0.016799723
0.001992565
0.017049873
0.0018036353
0.017167834
0.0015818265
0.01706452
4.9135928e-05
0.016701469
-0.0017082536
0.016134263
-0.0018995881
0.015346539
-0.0021287132
0.014315835
-0.0023878167
0.013006097
-0.0026975003
0.011364332
-0.0031014064
0.0093205558
-0.0036812335
0.0068155974
-0.0045884413
0.003912146
-0.0060561069
0.0010686273
-0.0082415903
-0.00058058003
-0.010537806
-0.0091064899
-0.00064170973
0.0062071
0.0014551355
0.0044350258
0.0041063548
0.002181356
0.0062451324
0.00088564994
0.0076893758
0.00011270105
0.008543564
-0.00041521158
0.0088989254
-0.00071719302
0.0088741299
-0.00090684527
0.0085731234
-0.0010328745
0.0080937168
-0.0010696078
0.0086736984
0.00061199102
0.0097913194
0.0014270393
0.010901097
0.0014347284
0.012003911
0.001434645
0.013100408
0.0014334667
0.01418998
0.0014322716
0.015271244
0.0014302004
0.016341708
0.0014265574
0.017397261
0.0014204756
0.01843177
0.0014107852
0.019436734
0.0013960515
0.02040094
0.0013745828
0.021310197
0.0013444101
0.022147225
0.0013032524
0.022891481
0.0012483094
0.023520002
0.0011751139
0.024018297
0.0010835322
0.023963835
0.00010359768
0.023259617
-0.0010040359
0.022411386
-0.001051357
0.021401261
-0.0011185879
0.020208576
-0.0011951317
0.018798495
-0.0012874194
0.01711074
-0.0014136513
0.015040807
-0.0016113009
0.012420083
-0.0019677175
0.009052412
-0.0026884355
0.0049832876
-0.0041724659
0.0011850725
-0.006739591
-0.0079214174
0.0062071
0.010642126
0.012823482
0.013709132
0.013821833
0.013406621
0.012689428
0.011782583
0.010749708
0.0096801007
0.010292092
0.011719131
0.013153859
0.014588504
0.016021971
0.017454243
0.018884443
0.020311001
0.021731476
0.023142261
0.024538313
0.025912896
0.027257306
0.028560558
0.029808868
0.030983982
0.032067514
0.032171111
0.031167075
0.030115718
0.028997131
0.027801999
0.026514579
0.025100928
0.023489627
0.02152191
0.018833474
0.014661008
0.0079214174
5.224828e-07
-5.2248286e-07
5.6214842e-07
-3.9665652e-08
-2.1543594e-07
7.775843e-07
-1.8643853e-06
1.6489493e-06
-4.3621503e-06
2.4977649e-06
-7.6720345e-06
3.3098842e-06
-1.1765954e-05
4.0939195e-06
-1.6628686e-05
4.8627331e-06
-2.2331022e-05
5.7023369e-06
-2.8904957e-05
6.5739364e-06
-3.181359e-05
2.9086348e-06
-3.2878785e-05
1.0651974e-06
-3.411527e-05
1.2364867e-06
-3.5215923e-05
1.1006542e-06
-3.5957831e-05
7.419097e-07
-3.619611e-05
2.3828003e-07
-3.5870685e-05
-3.2542343e-07
-3.4913673e-05
-9.5701008e-07
-3.3320314e-05
-1.5933581e-06
-3.110433e-05
-2.2159831e-06
-2.831281e-05
-2.7915198e-06
-2.5024386e-05
-3.288424e-06
-2.1349544e-05
-3.6748422e-06
-1.7430739e-05
-3.9188049e-06
-1.3449906e-05
-3.9808331e-06
-9.6259004e-06
-3.8240052e-06
-6.2381183e-06
-3.3877822e-06
-5.0076625e-06
-1.2304559e-06
-4.7540841e-06
-2.5357847e-07
-3.898163e-06
-8.559211e-07
-2.9263913e-06
-9.7177171e-07
-1.8888421e-06
-1.0375492e-06
-9.1733757e-07
-9.7150453e-07
-1.0028836e-07
-8.1704926e-07
4.8730276e-07
-5.8759118e-07
7.9657767e-07
-3.0927501e-07
8.1105276e-07
-1.4475225e-08
5.6853837e-07
2.4251424e-07
1.9045183e-07
3.7808636e-07
1.9045164e-07
1.0996314e-06
-1.6221143e-06
6.2129476e-07
4.386711e-07
-2.4080099e-06
3.806889e-06
-8.2233387e-06
7.4642782e-06
-1.6796702e-05
1.1071129e-05
-2.8030387e-05
1.4543569e-05
-4.1827682e-05
1.7891216e-05
-5.812628e-05
2.1161333e-05
-7.6929896e-05
2.4505955e-05
-9.7785043e-05
2.7429086e-05
-0.00010812023
1.3243821e-05
-0.00011241521
5.3601869e-06
-0.00011647014
5.2914189e-06
-0.0001198535
4.4840189e-06
-0.0001220089
2.8973134e-06
-0.00012249854
7.279159e-07
-0.00012114039
-1.6835702e-06
-0.00011775718
-4.3402195e-06
-0.00011228502
-7.065507e-06
-0.00010478461
-9.7163999e-06
-9.5413745e-05
-1.2162381e-05
-8.4429048e-05
-1.4273121e-05
-7.2193078e-05
-1.5910812e-05
-5.9166498e-05
-1.6945385e-05
-4.5966143e-05
-1.7181189e-05
-3.3234815e-05
-1.6555333e-05
-2.2112043e-05
-1.4510554e-05
-1.7545583e-05
-5.7969165e-06
-1.6445778e-05
-1.353383e-06
-1.3736284e-05
-3.5654148e-06
-1.0462445e-05
-4.2456117e-06
-7.0212966e-06
-4.4786973e-06
-3.7667696e-06
-4.2260316e-06
-1.0164929e-06
-3.5673262e-06
9.9389455e-07
-2.5979788e-06
2.1086348e-06
-1.4240155e-06
2.2909745e-06
-1.9681525e-07
1.6694161e-06
8.6407216e-07
6.4639476e-07
1.4011073e-06
8.3684612e-07
1.1789902e-06
-2.8011045e-06
-6.5901881e-07
2.2766803e-06
-7.1307947e-06
1.0278665e-05
-1.8688362e-05
1.9021846e-05
-3.5329331e-05
2.7712098e-05
-5.6896027e-05
3.6110266e-05
-8.319826e-05
4.419345e-05
-0.00011406888
5.2031952e-05
-0.00014930218
5.9739264e-05
-0.00018798002
6.6106922e-05
-0.00020788378
3.3147585e-05
-0.00021662624
1.4102659e-05
-0.0002242494
1.2914576e-05
-0.0002302663
1.0500929e-05
-0.00023386503
6.4960409e-06
-0.00023434597
1.2088592e-06
-0.00023137037
-4.6591656e-06
-0.00022462765
-1.1082936e-05
-0.00021403201
-1.7661152e-05
-0.00019969322
-2.405518e-05
-0.00018190474
-2.9950863e-05
-0.00016114339
-3.5034469e-05
-0.00013808034
-3.8973863e-05
-0.00011356828
-4.1457445e-05
-8.8749668e-05
-4.1999804e-05
-6.4784275e-05
-4.0520726e-05
-4.3851112e-05
-3.5443717e-05
-3.4666457e-05
-1.4981571e-05
-3.2262064e-05
-3.7577768e-06
-2.7241566e-05
-8.5859122e-06
-2.1033969e-05
-1.0453209e-05
-1.4526587e-05
-1.098608e-05
-8.3418758e-06
-1.0410743e-05
-3.0827243e-06
-8.826478e-06
8.1819996e-07
-6.4989033e-06
3.0810623e-06
-3.6868783e-06
3.6508862e-06
-7.6663965e-07
2.774319e-06
1.7406389e-06
1.1551892e-06
3.0202364e-06
1.992035e-06
6.3034811e-07
-3.4314525e-06
-3.7139649e-06
6.6209934e-06
-1.5231918e-05
2.1796618e-05
-3.4581466e-05
3.8371394e-05
-6.1794176e-05
5.4924808e-05
-9.6643613e-05
7.0959703e-05
-0.00013881554
8.6365381e-05
-0.00018797677
0.00010119318
-0.00024364847
0.00011541097
-0.00030468397
0.00012714242
-0.00033643547
6.4899082e-05
-0.00035070115
2.8368344e-05
-0.000362717
2.493043e-05
-0.00037175537
1.9539303e-05
-0.00037678523
1.1525899e-05
-0.00037685168
1.2753119e-06
-0.00037148913
-1.0021707e-05
-0.00036024497
-2.2327093e-05
-0.00034302384
-3.4882286e-05
-0.00032000822
-4.7070801e-05
-0.00029165873
-5.8300355e-05
-0.00025871805
-6.7975148e-05
-0.00022222349
-7.5468418e-05
-0.00018350026
-8.0180677e-05
-0.00014428614
-8.1213919e-05
-0.00010639581
-7.841106e-05
-7.3059568e-05
-6.8779961e-05
-5.7755786e-05
-3.0285354e-05
-5.350787e-05
-8.0056926e-06
-4.5556187e-05
-1.6537596e-05
-3.5667781e-05
-2.0341615e-05
-2.527562e-05
-2.137824e-05
-1.5365719e-05
-2.0320644e-05
-6.874116e-06
-1.7318082e-05
-4.7686777e-07
-1.2896152e-05
3.4024717e-06
-7.5662181e-06
4.6897778e-06
-2.0539464e-06
3.7706764e-06
2.6597398e-06
1.6503305e-06
5.1405817e-06
3.6423651e-06
-6.8139929e-07
-2.7500531e-06
-9.0384916e-06
1.4978086e-05
-2.7684424e-05
4.0442551e-05
-5.7432036e-05
6.8119006e-05
-9.8320335e-05
9.5813108e-05
-0.00015002922
0.00012266859
-0.0002120849
0.00014842106
-0.00028394381
0.00017305208
-0.0003648664
0.00019633357
-0.00045362783
0.00021590385
-0.00049978381
0.00011105506
-0.00052060924
4.9193781e-05
-0.00053783911
4.2160297e-05
-0.00055028538
3.1985579e-05
-0.00055668897
1.7929495e-05
-0.00055576024
3.4658114e-07
-0.00054705081
-1.8731139e-05
-0.00052991081
-3.9467088e-05
-0.00050427641
-6.051669e-05
-0.00047043231
-8.0914895e-05
-0.00042904514
-9.9687522e-05
-0.00038117308
-0.00011584721
-0.00032827925
-0.00012836225
-0.0002722404
-0.00013621953
-0.00021545437
-0.00013799995
-0.00016052162
-0.00013334381
-0.00011171378
-0.00011758781
-8.849985e-05
-5.3499282e-05
-8.1754948e-05
-1.4750595e-05
-7.0106883e-05
-2.8185661e-05
-5.5636224e-05
-3.4812274e-05
-4.0375274e-05
-3.663919e-05
-2.5772566e-05
-3.4923353e-05
-1.3151738e-05
-2.9938909e-05
-3.4827683e-06
-2.2565122e-05
2.6421705e-06
-1.3691157e-05
5.124588e-06
-4.5363645e-06
4.4983266e-06
3.2860005e-06
2.0679793e-06
7.5709283e-06
5.710344e-06
-2.8749073e-06
1.2485421e-07
-1.7137295e-05
2.9240474e-05
-4.5529124e-05
6.8834381e-05
-8.8910357e-05
0.00011150024
-0.0001472576
0.00015416035
-0.00022010879
0.00019551978
-0.000306789
0.00023510127
-0.00040651536
0.00027277845
-0.00051832832
0.00030814653
-0.00064097997
0.0003385555
-0.00070439779
0.00017447288
-0.00073283044
7.7626437e-05
-0.0007560768
6.5406652e-05
-0.00077228977
4.819855e-05
-0.00077981983
2.5459561e-05
-0.000777389
-2.0842508e-06
-0.0007640736
-3.2046542e-05
-0.00073938703
-6.4153653e-05
-0.00070326399
-9.6639733e-05
-0.00065612984
-0.00012804904
-0.00059890232
-0.00015691504
-0.00053300715
-0.00018174238
-0.00046039255
-0.00020097685
-0.00038355901
-0.00021305307
-0.00030561944
-0.00021593952
-0.00023007967
-0.00020888358
-0.00016221296
-0.00018545451
-0.00012899223
-8.6720016e-05
-0.00011898319
-2.4759637e-05
-0.00010270361
-4.4465235e-05
-8.2565221e-05
-5.4950666e-05
-6.1253315e-05
-5.7951096e-05
-4.0779119e-05
-5.539755e-05
-2.2915002e-05
-4.7803026e-05
-8.9801756e-06
-3.6499949e-05
2.3038742e-07
-2.2901721e-05
4.5840003e-06
-8.889978e-06
4.7540407e-06
3.1159593e-06
2.3368871e-06
9.9880811e-06
8.0472307e-06
-6.0727975e-06
6.1976521e-06
-2.8495631e-05
5.1663308e-05
-6.9813479e-05
0.00011015223
-0.0001307375
0.00017242426
-0.00021105858
0.00023448143
-0.00031009163
0.00029455283
-0.00042690526
0.0003519149
-0.00056045062
0.0004063238
-0.00070957286
0.00045726877
-0.0008729557
0.00050193834
-0.00095680958
0.00025832675
-0.00099398814
0.000114805
-0.0010240646
9.5483148e-05
-0.0010443851
6.8518974e-05
-0.0010528596
3.3934114e-05
-0.0010480404
-6.9034315e-06
-0.0010288063
-5.1280634e-05
-0.0009947094
-9.8250594e-05
-0.00094577622
-0.00014557292
-0.00088262325
-0.00019120201
-0.0008064709
-0.0002330674
-0.00071916503
-0.00026904826
-0.00062319452
-0.00029694735
-0.00052174199
-0.00031450559
-0.00041867763
-0.00031900388
-0.00031851241
-0.00030904881
-0.00022744972
-0.0002765172
-0.00018181374
-0.00013235599
-0.00016766951
-3.8903865e-05
-0.00014563141
-6.6503336e-05
-0.00011852163
-8.2060451e-05
-8.9737583e-05
-8.673514e-05
-6.1952235e-05
-8.3182898e-05
-3.7455214e-05
-7.2300048e-05
-1.7976278e-05
-5.5978885e-05
-4.5556253e-06
-3.6322375e-05
2.6005594e-06
-1.6046163e-05
4.2941149e-06
1.422403e-06
2.3851873e-06
1.1897008e-05
1.0432418e-05
-1.0329468e-05
1.6527121e-05
-4.3550471e-05
8.4884311e-05
-0.00010151952
0.00016812128
-0.00018456008
0.00025546482
-0.00029209483
0.00034201618
-0.00042309125
0.00042554926
-0.0005762787
0.00050510235
-0.00075029485
0.00058033995
-0.00094375758
0.00065073149
-0.00115515
0.00071333071
-0.001262932
0.00036610876
-0.0013102219
0.00016209496
-0.0013480438
0.00013330497
-0.0013728544
9.3329633e-05
-0.0013820595
4.3139165e-05
-0.0013739563
-1.5006579e-05
-0.0013473794
-7.7857572e-05
-0.0013018943
-0.00014373566
-0.0012376832
-0.00020978409
-0.0011556143
-0.00027327091
-0.0010572667
-0.00033141499
-0.00094495651
-0.00038135844
-0.00082176076
-0.0004201431
-0.00069158193
-0.00044468442
-0.00055907521
-0.0004515106
-0.00042982875
-0.00043829527
-0.00031087615
-0.0003954698
-0.00025011419
-0.00019311796
-0.00023087966
-5.8138392e-05
-0.00020174951
-9.5633483e-05
-0.00016611271
-0.00011769725
-0.00012814973
-0.00012469812
-9.1291665e-05
-0.00012004096
-5.8422297e-05
-0.00010516942
-3.1753101e-05
-8.2648082e-05
-1.2635849e-05
-5.5439627e-05
-1.4035362e-06
-2.7278477e-05
2.8361353e-06
-2.8172693e-06
2.1507417e-06
1.25824e-05
1.2583159e-05
-1.5726319e-05
3.2253439e-05
-6.2662949e-05
0.00013182094
-0.00014147512
0.00024693345
-0.00025177873
0.00036576844
-0.00039238721
0.00048262466
-0.00056174264
0.00059490469
-0.00075810731
0.00070146702
-0.00097970839
0.00080194103
-0.0012248187
0.00089584184
-0.0014915202
0.00098003218
-0.0016270105
0.00050159905
-0.001686208
0.00022129246
-0.0017329692
0.00018006617
-0.0017628317
0.00012319214
-0.0017726719
5.2979286e-05
-0.001760552
-2.7126404e-05
-0.0017252802
-0.00011312941
-0.0016664895
-0.00020252638
-0.0015845692
-0.00029170433
-0.0014806991
-0.00037714102
-0.0013568701
-0.00045524403
-0.0012159112
-0.00052231732
-0.0010615217
-0.00057453265
-0.00089833594
-0.00060787013
-0.00073180746
-0.00061803909
-0.00056863946
-0.00060146327
-0.00041657428
-0.00054753497
-0.00033770337
-0.00027198888
-0.00031237216
-8.3469597e-05
-0.00027460897
-0.00013339667
-0.00022861067
-0.00016369556
-0.00017942755
-0.00017388124
-0.00013134141
-0.0001681271
-8.7916692e-05
-0.00014859414
-5.193372e-05
-0.00011863106
-2.5149096e-05
-8.2224252e-05
-8.1200504e-06
-4.4307524e-05
-5.7473673e-08
-1.0879847e-05
1.5453923e-06
1.0979534e-05
1.4128551e-05
-2.2316388e-05
5.4569828e-05
-8.6078811e-05
0.00019558337
-0.00019023139
0.00035108603
-0.00033331118
0.00050884822
-0.00051322547
0.00066253896
-0.00072765289
0.00080933211
-0.00097419939
0.00094801354
-0.0012505092
0.0010782509
-0.0015542909
0.0011996235
-0.001882969
0.0013087103
-0.0020501607
0.00066879067
-0.0021237773
0.00029490911
-0.002181243
0.00023753186
-0.0022171788
0.00015912788
-0.0022279767
6.3777281e-05
-0.0022115042
-4.3599001e-05
-0.0021665755
-0.00015805808
-0.0020929303
-0.00027617161
-0.0019912111
-0.00039342349
-0.001862958
-0.00050539407
-0.001710616
-0.00060758605
-0.0015375565
-0.00069537685
-0.0013481157
-0.00076397348
-0.0011476449
-0.00080834084
-0.00094239559
-0.00082328844
-0.00074018479
-0.00080367407
-0.00054933025
-0.00073838952
-0.00044915297
-0.00037216616
-0.00041671852
-0.00011590404
-0.00036859673
-0.00018151847
-0.00031011531
-0.00022217697
-0.00024729433
-0.00023670222
-0.00018535145
-0.00023006998
-0.00012862924
-0.00020531634
-8.0589851e-05
-0.00016667045
-4.3534648e-05
-0.00011927946
-1.838562e-05
-6.9456553e-05
-4.4980516e-06
-2.4767416e-05
2.7150728e-07
6.2099738e-06
1.4400057e-05
-3.0113771e-05
8.4683598e-05
-0.00011385329
0.00027932289
-0.00024788425
0.00048511699
-0.00042926017
0.00069022413
-0.00065464117
0.00088791995
-0.00092064609
0.001075337
-0.0012239647
0.0012513321
-0.0015613974
0.0014156836
-0.0019297633
0.0015679894
-0.0023255232
0.0017044702
-0.0025284914
0.00087175889
-0.0026201289
0.00038654659
-0.0026910454
0.00030844838
-0.0027349696
0.00020305205
-0.0027479078
7.671547e-05
-0.0027275967
-6.3910144e-05
-0.002672907
-0.0002127478
-0.0025836987
-0.00036537986
-0.0024608904
-0.00051623183
-0.0023064086
-0.00065987589
-0.0021231728
-0.00079082177
-0.0019151067
-0.00090344295
-0.0016871747
-0.0009919055
-0.0014454056
-0.00105011
-0.0011968352
-0.0010718589
-0.0009503499
-0.0010501593
-0.00071470995
-0.00097402947
-0.00058991099
-0.00049696512
-0.00054944729
-0.00015636774
-0.00048912263
-0.00024184313
-0.00041578239
-0.00029551722
-0.00033651273
-0.00031597188
-0.00025753451
-0.0003090482
-0.00018407638
-0.00027877447
-0.00012043494
-0.00023031189
-6.9665411e-05
-0.00017004898
-3.3307407e-05
-0.00010581456
-1.1197068e-05
-4.6877755e-05
-1.3429093e-06
-3.6441861e-06
1.3057148e-05
-3.9067872e-05
0.00012375147
-0.00014573395
0.00038598897
-0.00031380591
0.00065318896
-0.00053844036
0.00091485858
-0.00081468933
0.0011641689
-0.0011377697
0.0013984174
-0.0015031274
0.0016166898
-0.0019063703
0.0018189265
-0.0023430081
0.0020046272
-0.0028081847
0.0021696468
-0.0030508928
0.001114467
-0.0031656881
0.0005013419
-0.0032543317
0.00039709201
-0.0033096583
0.00025837858
-0.0033274204
9.4477592e-05
-0.0033052894
-8.6041156e-05
-0.0032422641
-0.00027577308
-0.0031382903
-0.00046935365
-0.0029945416
-0.00065998048
-0.002813318
-0.00084109953
-0.0025980018
-0.001006138
-0.0023530522
-0.0011483925
-0.0020840291
-0.0012609286
-0.0017975824
-0.0013365567
-0.0015015054
-0.0013679359
-0.001205662
-0.0013460027
-0.00091913218
-0.0012605593
-0.00076643058
-0.00064966672
-0.00071722733
-0.00020557098
-0.00064288343
-0.00031618703
-0.00055217199
-0.00038622866
-0.00045329547
-0.00041484839
-0.00035350203
-0.00040884165
-0.00025901867
-0.00037325783
-0.00017518666
-0.0003141439
-0.00010612998
-0.00023910567
-5.4393323e-05
-0.00015755121
-2.0634136e-05
-8.0636944e-05
-3.6691203e-06
-2.0609202e-05
9.3880272e-06
-4.9008158e-05
0.00017275963
-0.00018095774
0.00051793855
-0.00038622859
0.00085845982
-0.00065772512
0.0011863551
-0.0009885183
0.0014949621
-0.0013720607
0.0017819598
-0.0018021859
0.002046815
-0.0022728958
0.0022896364
-0.0027779003
0.0025096318
-0.0033106188
0.0027023653
-0.0035966687
0.0014005169
-0.003741794
0.00064646717
-0.0038546145
0.00050991255
-0.0039270168
0.00033078085
-0.0039546329
0.00012209372
-0.0039350546
-0.00010561949
-0.0038675429
-0.0003432847
-0.0037519907
-0.00058490586
-0.0035897325
-0.00082223873
-0.0033833673
-0.0010474647
-0.003136683
-0.0012528224
-0.0028546283
-0.0014304472
-0.002543307
-0.0015722499
-0.0022099309
-0.0016699328
-0.0018630111
-0.0017148557
-0.0015132466
-0.0016957671
-0.0011699247
-0.0016038812
-0.00098630888
-0.00083328255
-0.00092811196
-0.00026376791
-0.00083826313
-0.00040603585
-0.00072781416
-0.00049667763
-0.00060600088
-0.00053666167
-0.00048102784
-0.00053381468
-0.00036021926
-0.00049406641
-0.00025024818
-0.00042411498
-0.00015677879
-0.00033257506
-8.3964526e-05
-0.00023036548
-3.3985407e-05
-0.00013061606
-6.9487526e-06
-4.7645857e-05
2.4392744e-06
-5.9562666e-05
0.00023232229
-0.00021792202
0.00067629791
-0.00046169628
0.0011022341
-0.00078119303
0.0015058519
-0.0011671943
0.0018809633
-0.0016110808
0.0022258463
-0.0021047014
0.0025404356
-0.0026400016
0.0028249366
-0.0032083369
0.003077967
-0.0038009075
0.0032949359
-0.0041332077
0.0017328171
-0.0043183196
0.00083157907
-0.0044645925
0.00065618537
-0.0045628604
0.00042904875
-0.0046087329
0.00016796629
-0.0045994386
-0.00011491382
-0.0045348317
-0.00040789162
-0.0044143976
-0.00070533991
-0.0042394154
-0.00099722096
-0.0040126122
-0.0012742679
-0.0037380565
-0.001527378
-0.0034211073
-0.0017473964
-0.003068359
-0.0019249982
-0.0026875519
-0.0020507399
-0.0022878773
-0.0021145303
-0.0018806795
-0.002102965
-0.0014753223
-0.0020092384
-0.0012584117
-0.0010501931
-0.0011918703
-0.0003303093
-0.001085966
-0.00051194016
-0.00095415251
-0.00062849115
-0.00080632534
-0.00068448884
-0.00065138574
-0.00068875428
-0.00049780049
-0.00064765167
-0.00035395081
-0.00056796466
-0.00022772921
-0.00045879666
-0.00012581776
-0.00033227693
-5.2934895e-05
-0.00020349893
-1.1411362e-05
-8.9169391e-05
-8.9720873e-06
-7.005467e-05
0.00030237697
-0.00025392102
0.00086016425
-0.00053434567
0.0013826588
-0.00089903401
0.0018705403
-0.0013363605
0.0023182899
-0.001835421
0.0027249068
-0.002385722
0.0030907366
-0.0029766473
0.0034158619
-0.0035965412
0.0036978608
-0.0042337694
0.0039321642
-0.0046138612
0.0021129089
-0.0048511821
0.0010689
-0.0050434402
0.00084844345
-0.0051802967
0.00056590529
-0.0052573661
0.00024503567
-0.0052704255
-0.00010185447
-0.0052210448
-0.00045727229
-0.0051073727
-0.00081901204
-0.0049301954
-0.0011743982
-0.00469203
-0.0015124334
-0.0043969934
-0.0018224145
-0.0040507408
-0.0020936491
-0.0036603417
-0.0023153972
-0.0032341163
-0.0024769654
-0.0027819523
-0.0025666942
-0.0023156194
-0.0025692979
-0.0018443399
-0.0024805179
-0.0015929253
-0.0013016077
-0.0015204357
-0.00040279897
-0.0014000283
-0.00063234747
-0.0012471134
-0.0007814061
-0.0010713163
-0.0008602859
-0.00088163769
-0.00087843293
-0.00068760411
-0.00084168524
-0.00049976524
-0.00075580354
-0.00032922425
-0.00062933765
-0.00018660047
-0.00047490071
-8.0812344e-05
-0.00030928706
-1.8158662e-05
-0.00015182307
-2.7130749e-05
-7.924009e-05
0.00038161708
-0.00028436363
0.0010652877
-0.0005948124
0.0016931075
-0.00099630113
0.0022720291
-0.0014750284
0.0027970172
-0.0020177258
0.0032676042
-0.0026111313
0.0036841421
-0.003241315
0.0040460456
-0.0038926137
0.0043491595
-0.0045497028
0.0045892533
-0.0049761179
0.0025393241
-0.0052794816
0.0013722636
-0.0055331628
0.0011021247
-0.0057256812
0.00075842368
-0.0058527889
0.00037214332
-0.0059050724
-4.9570939e-05
-0.0058901955
-0.00047214913
-0.0058017565
-0.00090745108
-0.0056395219
-0.0013366328
-0.0054051696
-0.0017467856
-0.00510246
-0.0021251241
-0.0047371746
-0.0024589344
-0.0043168965
-0.0027356753
-0.0038507292
-0.0029431328
-0.0033494395
-0.0030679838
-0.0028250908
-0.0030936467
-0.0022864182
-0.0030191904
-0.0020012136
-0.0015868124
-0.0019284989
-0.00047551363
-0.0017994152
-0.00076143113
-0.0016296358
-0.00095118559
-0.0014266354
-0.0010632863
-0.0011983804
-0.0011066879
-0.00095511942
-0.0010849463
-0.00071005248
-0.0010008705
-0.00047882184
-0.00086056829
-0.00027809669
-0.00067562586
-0.00012370714
-0.0004636766
-2.8926308e-05
-0.0002466039
-5.6057057e-05
-8.4993427e-05
0.00046661052
-0.00030197689
0.0012822711
-0.00062934543
0.002020476
-0.0010524601
0.0026951438
-0.0015560197
0.0033005768
-0.0021242782
0.0038358627
-0.0027403587
0.0043002228
-0.0033853951
0.0046910819
-0.0040375867
0.0050013511
-0.0046765639
0.0052282305
-0.005140784
0.003003544
-0.0055220567
0.0017535363
-0.0058528549
0.0014329229
-0.0061207272
0.0010262959
-0.0063207526
0.00057216864
-0.0064438978
7.3574246e-05
-0.0064890809
-0.00042696605
-0.0064528369
-0.00094369506
-0.0063317071
-0.0014577626
-0.0061250758
-0.0019534169
-0.0058353771
-0.0024148229
-0.0054679722
-0.0028263393
-0.0050309115
-0.0031727361
-0.0045345369
-0.0034395074
-0.0039912091
-0.0036113116
-0.003413805
-0.0036710508
-0.0028103363
-0.0036226591
-0.0024951297
-0.001902019
-0.0024342857
-0.00053635762
-0.0023104994
-0.00088521751
-0.0021355306
-0.0011261543
-0.0019114845
-0.0012873324
-0.0016434534
-0.001374719
-0.0013416128
-0.0013867868
-0.0010221085
-0.0013203747
-0.00070672197
-0.0011759548
-0.00042121142
-0.00096113642
-0.00019272559
-0.00069216243
-4.6931069e-05
-0.00039239842
-0.00010298813
-8.3365501e-05
0.000549976
-0.00029563408
0.0014945394
-0.00062047831
0.0023453201
-0.0010454134
0.0031200789
-0.0015541393
0.0038093028
-0.0021272329
0.0044089563
-0.0027416212
0.0049146112
-0.0033696411
0.0053191019
-0.0039764919
0.005608202
-0.0045360366
0.0057877752
-0.0050121815
0.0034796889
-0.0054748368
0.0022161916
-0.0058940786
0.0018521648
-0.0062578802
0.0013900975
-0.0065600518
0.0008743403
-0.0067941253
0.00030764775
-0.0069353295
-0.00028576182
-0.0069927403
-0.00088628433
-0.0069529468
-0.0014975561
-0.0068106441
-0.0020957196
-0.0065652953
-0.0026601717
-0.0062209706
-0.0031706639
-0.005786291
-0.0036074157
-0.0052739199
-0.0039518785
-0.0046996778
-0.0041855536
-0.0040794628
-0.0042912658
-0.0034212399
-0.004280882
-0.0030848296
-0.0022384293
-0.003060967
-0.00056022021
-0.002971133
-0.00097505154
-0.0028150327
-0.0012822546
-0.002585255
-0.0015171101
-0.0022815948
-0.0016783792
-0.0019126257
-0.001755756
-0.0014970269
-0.0017359736
-0.001064132
-0.0016088497
-0.00065272832
-0.0013725401
-0.00030817957
-0.0010367112
-7.8375625e-05
-0.00062220236
-0.00018136375
-5.9382733e-05
0.00060935856
-0.00023978496
0.0016749415
-0.00053924223
0.0026447774
-0.00094852573
0.0035293624
-0.001449639
0.004310416
-0.002015891
0.0049752082
-0.0026099785
0.0055086986
-0.0031881895
0.0058973129
-0.0036786794
0.0060986917
-0.0040389026
0.0061479984
-0.0044737119
0.0039144982
-0.0050101139
0.0027525936
-0.005518568
0.0023606189
-0.0059944446
0.0018659741
-0.0064326992
0.0013125948
-0.0068209696
0.00069591822
-0.0071071051
3.7361574e-07
-0.0073134617
-0.00067992778
-0.0074076548
-0.0014033629
-0.007379563
-0.0021238114
-0.0072238473
-0.0028158874
-0.0069418025
-0.0034527087
-0.0065416511
-0.0040075671
-0.0060382753
-0.0044552543
-0.0054524356
-0.0047713933
-0.0048076124
-0.0049360889
-0.0041186262
-0.0049698683
-0.0037755066
-0.0025815489
-0.0038411554
-0.00049457137
-0.0038373479
-0.00097885907
-0.0037414686
-0.0013781339
-0.0035344219
-0.0017241568
-0.0032083634
-0.0020044377
-0.0027674804
-0.002196639
-0.0022308199
-0.0022726341
-0.0016353115
-0.0022043581
-0.0010367445
-0.0019711072
-0.00050790895
-0.0015655467
-0.00013546928
-0.00099464203
-0.00031683303
-3.6896131e-05
-0.00019345302
-0.00049298998
-0.00092620645
-0.0014683048
-0.002070408
-0.0026515302
-0.0030899409
-0.0033162539
-0.0029934204
-0.0032608902
-0.0038499831
-0.0044033249
-0.0050015809
-0.0056055276
-0.0061870889
-0.0067365106
-0.0071650118
-0.0074892022
-0.0076754054
-0.007705047
-0.0075692992
-0.0072700764
-0.0068206743
-0.0062465018
-0.0055876954
-0.0048951288
-0.0045820597
-0.004826789
-0.0049859552
-0.0050098511
-0.0048720212
-0.0045539364
-0.0040491984
-0.0033705291
-0.0025582696
-0.0016873754
-0.00086814836
-0.00024486963
)
;

boundaryField
{
    movingWall
    {
        type            calculated;
        value           uniform 0;
    }
    fixedWalls
    {
        type            calculated;
        value           uniform 0;
    }
    front
    {
        type            empty;
        value           nonuniform List<scalar> 0();
    }
    back
    {
        type            empty;
        value           nonuniform List<scalar> 0();
    }
}


// ************************************************************************* //
