/*--------------------------------*- C++ -*----------------------------------*\
| =========                 |                                                 |
| \\      /  F ield         | OpenFOAM: The Open Source CFD Toolbox           |
|  \\    /   O peration     | Version:  2112                                  |
|   \\  /    A nd           | Website:  www.openfoam.com                      |
|    \\/     M anipulation  |                                                 |
\*---------------------------------------------------------------------------*/
FoamFile
{
    version     2.0;
    format      ascii;
    arch        "LSB;label=32;scalar=64";
    note        "nPoints:10852  nCells:5250  nFaces:21175  nInternalFaces:10325";
    class       labelList;
    location    "constant/polyMesh";
    object      neighbour;
}
// * * * * * * * * * * * * * * * * * * * * * * * * * * * * * * * * * * * * * //


10325
(
1
25
2
26
3
27
4
28
5
29
6
30
7
31
8
32
9
33
10
34
11
35
12
36
13
37
14
38
15
39
16
40
17
41
18
42
19
43
20
44
21
45
22
46
23
47
24
48
49
26
50
27
51
28
52
29
53
30
54
31
55
32
56
33
57
34
58
35
59
36
60
37
61
38
62
39
63
40
64
41
65
42
66
43
67
44
68
45
69
46
70
47
71
48
72
49
73
74
51
75
52
76
53
77
54
78
55
79
56
80
57
81
58
82
59
83
60
84
61
85
62
86
63
87
64
88
65
89
66
90
67
91
68
92
69
93
70
94
71
95
72
96
73
97
74
98
99
76
100
77
101
78
102
79
103
80
104
81
105
82
106
83
107
84
108
85
109
86
110
87
111
88
112
89
113
90
114
91
115
92
116
93
117
94
118
95
119
96
120
97
121
98
122
99
123
124
101
125
102
126
103
127
104
128
105
129
106
130
107
131
108
132
109
133
110
134
111
135
112
136
113
137
114
138
115
139
116
140
117
141
118
142
119
143
120
144
121
145
122
146
123
147
124
148
149
126
150
127
151
128
152
129
153
130
154
131
155
132
156
133
157
134
158
135
159
136
160
137
161
138
162
139
163
140
164
141
165
142
166
143
167
144
168
145
169
146
170
147
171
148
172
149
173
174
151
175
152
176
153
177
154
178
155
179
156
180
157
181
158
182
159
183
160
184
161
185
162
186
163
187
164
188
165
189
166
190
167
191
168
192
169
193
170
194
171
195
172
196
173
197
174
198
199
176
200
177
201
178
202
179
203
180
204
181
205
182
206
183
207
184
208
185
209
186
210
187
211
188
212
189
213
190
214
191
215
192
216
193
217
194
218
195
219
196
220
197
221
198
222
199
223
224
201
225
202
226
203
227
204
228
205
229
206
230
207
231
208
232
209
233
210
234
211
235
212
236
213
237
214
238
215
239
216
240
217
241
218
242
219
243
220
244
221
245
222
246
223
247
224
248
249
226
250
227
251
228
252
229
253
230
254
231
255
232
256
233
257
234
258
235
259
236
260
237
261
238
262
239
263
240
264
241
265
242
266
243
267
244
268
245
269
246
270
247
271
248
272
249
273
274
251
275
252
276
253
277
254
278
255
279
256
280
257
281
258
282
259
283
260
284
261
285
262
286
263
287
264
288
265
289
266
290
267
291
268
292
269
293
270
294
271
295
272
296
273
297
274
298
299
1250
276
300
277
301
278
302
279
303
280
304
281
305
282
306
283
307
284
308
285
309
286
310
287
311
288
312
289
313
290
314
291
315
292
316
293
317
294
318
295
319
296
320
297
321
298
322
299
323
324
1350
301
325
302
326
303
327
304
328
305
329
306
330
307
331
308
332
309
333
310
334
311
335
312
336
313
337
314
338
315
339
316
340
317
341
318
342
319
343
320
344
321
345
322
346
323
347
324
348
349
1450
326
350
327
351
328
352
329
353
330
354
331
355
332
356
333
357
334
358
335
359
336
360
337
361
338
362
339
363
340
364
341
365
342
366
343
367
344
368
345
369
346
370
347
371
348
372
349
373
374
1550
351
375
352
376
353
377
354
378
355
379
356
380
357
381
358
382
359
383
360
384
361
385
362
386
363
387
364
388
365
389
366
390
367
391
368
392
369
393
370
394
371
395
372
396
373
397
374
398
399
1650
376
400
377
401
378
402
379
403
380
404
381
405
382
406
383
407
384
408
385
409
386
410
387
411
388
412
389
413
390
414
391
415
392
416
393
417
394
418
395
419
396
420
397
421
398
422
399
423
424
1750
401
425
402
426
403
427
404
428
405
429
406
430
407
431
408
432
409
433
410
434
411
435
412
436
413
437
414
438
415
439
416
440
417
441
418
442
419
443
420
444
421
445
422
446
423
447
424
448
449
1850
426
450
427
451
428
452
429
453
430
454
431
455
432
456
433
457
434
458
435
459
436
460
437
461
438
462
439
463
440
464
441
465
442
466
443
467
444
468
445
469
446
470
447
471
448
472
449
473
474
1950
451
475
452
476
453
477
454
478
455
479
456
480
457
481
458
482
459
483
460
484
461
485
462
486
463
487
464
488
465
489
466
490
467
491
468
492
469
493
470
494
471
495
472
496
473
497
474
498
499
2050
476
500
477
501
478
502
479
503
480
504
481
505
482
506
483
507
484
508
485
509
486
510
487
511
488
512
489
513
490
514
491
515
492
516
493
517
494
518
495
519
496
520
497
521
498
522
499
523
524
2150
501
525
502
526
503
527
504
528
505
529
506
530
507
531
508
532
509
533
510
534
511
535
512
536
513
537
514
538
515
539
516
540
517
541
518
542
519
543
520
544
521
545
522
546
523
547
524
548
549
2250
526
550
527
551
528
552
529
553
530
554
531
555
532
556
533
557
534
558
535
559
536
560
537
561
538
562
539
563
540
564
541
565
542
566
543
567
544
568
545
569
546
570
547
571
548
572
549
573
574
2350
551
575
552
576
553
577
554
578
555
579
556
580
557
581
558
582
559
583
560
584
561
585
562
586
563
587
564
588
565
589
566
590
567
591
568
592
569
593
570
594
571
595
572
596
573
597
574
598
599
2450
576
600
577
601
578
602
579
603
580
604
581
605
582
606
583
607
584
608
585
609
586
610
587
611
588
612
589
613
590
614
591
615
592
616
593
617
594
618
595
619
596
620
597
621
598
622
599
623
624
2550
601
625
602
626
603
627
604
628
605
629
606
630
607
631
608
632
609
633
610
634
611
635
612
636
613
637
614
638
615
639
616
640
617
641
618
642
619
643
620
644
621
645
622
646
623
647
624
648
649
2650
626
650
627
651
628
652
629
653
630
654
631
655
632
656
633
657
634
658
635
659
636
660
637
661
638
662
639
663
640
664
641
665
642
666
643
667
644
668
645
669
646
670
647
671
648
672
649
673
674
2750
651
675
652
676
653
677
654
678
655
679
656
680
657
681
658
682
659
683
660
684
661
685
662
686
663
687
664
688
665
689
666
690
667
691
668
692
669
693
670
694
671
695
672
696
673
697
674
698
699
2850
676
700
677
701
678
702
679
703
680
704
681
705
682
706
683
707
684
708
685
709
686
710
687
711
688
712
689
713
690
714
691
715
692
716
693
717
694
718
695
719
696
720
697
721
698
722
699
723
724
2950
701
725
702
726
703
727
704
728
705
729
706
730
707
731
708
732
709
733
710
734
711
735
712
736
713
737
714
738
715
739
716
740
717
741
718
742
719
743
720
744
721
745
722
746
723
747
724
748
749
3050
726
750
727
751
728
752
729
753
730
754
731
755
732
756
733
757
734
758
735
759
736
760
737
761
738
762
739
763
740
764
741
765
742
766
743
767
744
768
745
769
746
770
747
771
748
772
749
773
774
3150
751
775
752
776
753
777
754
778
755
779
756
780
757
781
758
782
759
783
760
784
761
785
762
786
763
787
764
788
765
789
766
790
767
791
768
792
769
793
770
794
771
795
772
796
773
797
774
798
799
3250
776
800
777
801
778
802
779
803
780
804
781
805
782
806
783
807
784
808
785
809
786
810
787
811
788
812
789
813
790
814
791
815
792
816
793
817
794
818
795
819
796
820
797
821
798
822
799
823
824
3350
801
825
802
826
803
827
804
828
805
829
806
830
807
831
808
832
809
833
810
834
811
835
812
836
813
837
814
838
815
839
816
840
817
841
818
842
819
843
820
844
821
845
822
846
823
847
824
848
849
3450
826
850
827
851
828
852
829
853
830
854
831
855
832
856
833
857
834
858
835
859
836
860
837
861
838
862
839
863
840
864
841
865
842
866
843
867
844
868
845
869
846
870
847
871
848
872
849
873
874
3550
851
875
852
876
853
877
854
878
855
879
856
880
857
881
858
882
859
883
860
884
861
885
862
886
863
887
864
888
865
889
866
890
867
891
868
892
869
893
870
894
871
895
872
896
873
897
874
898
899
3650
876
900
877
901
878
902
879
903
880
904
881
905
882
906
883
907
884
908
885
909
886
910
887
911
888
912
889
913
890
914
891
915
892
916
893
917
894
918
895
919
896
920
897
921
898
922
899
923
924
3750
901
925
902
926
903
927
904
928
905
929
906
930
907
931
908
932
909
933
910
934
911
935
912
936
913
937
914
938
915
939
916
940
917
941
918
942
919
943
920
944
921
945
922
946
923
947
924
948
949
3850
926
950
927
951
928
952
929
953
930
954
931
955
932
956
933
957
934
958
935
959
936
960
937
961
938
962
939
963
940
964
941
965
942
966
943
967
944
968
945
969
946
970
947
971
948
972
949
973
974
3950
951
975
952
976
953
977
954
978
955
979
956
980
957
981
958
982
959
983
960
984
961
985
962
986
963
987
964
988
965
989
966
990
967
991
968
992
969
993
970
994
971
995
972
996
973
997
974
998
999
4050
976
1000
977
1001
978
1002
979
1003
980
1004
981
1005
982
1006
983
1007
984
1008
985
1009
986
1010
987
1011
988
1012
989
1013
990
1014
991
1015
992
1016
993
1017
994
1018
995
1019
996
1020
997
1021
998
1022
999
1023
1024
4150
1001
1025
1002
1026
1003
1027
1004
1028
1005
1029
1006
1030
1007
1031
1008
1032
1009
1033
1010
1034
1011
1035
1012
1036
1013
1037
1014
1038
1015
1039
1016
1040
1017
1041
1018
1042
1019
1043
1020
1044
1021
1045
1022
1046
1023
1047
1024
1048
1049
4250
1026
1050
1027
1051
1028
1052
1029
1053
1030
1054
1031
1055
1032
1056
1033
1057
1034
1058
1035
1059
1036
1060
1037
1061
1038
1062
1039
1063
1040
1064
1041
1065
1042
1066
1043
1067
1044
1068
1045
1069
1046
1070
1047
1071
1048
1072
1049
1073
1074
4350
1051
1075
1052
1076
1053
1077
1054
1078
1055
1079
1056
1080
1057
1081
1058
1082
1059
1083
1060
1084
1061
1085
1062
1086
1063
1087
1064
1088
1065
1089
1066
1090
1067
1091
1068
1092
1069
1093
1070
1094
1071
1095
1072
1096
1073
1097
1074
1098
1099
4450
1076
1100
1077
1101
1078
1102
1079
1103
1080
1104
1081
1105
1082
1106
1083
1107
1084
1108
1085
1109
1086
1110
1087
1111
1088
1112
1089
1113
1090
1114
1091
1115
1092
1116
1093
1117
1094
1118
1095
1119
1096
1120
1097
1121
1098
1122
1099
1123
1124
4550
1101
1125
1102
1126
1103
1127
1104
1128
1105
1129
1106
1130
1107
1131
1108
1132
1109
1133
1110
1134
1111
1135
1112
1136
1113
1137
1114
1138
1115
1139
1116
1140
1117
1141
1118
1142
1119
1143
1120
1144
1121
1145
1122
1146
1123
1147
1124
1148
1149
4650
1126
1150
1127
1151
1128
1152
1129
1153
1130
1154
1131
1155
1132
1156
1133
1157
1134
1158
1135
1159
1136
1160
1137
1161
1138
1162
1139
1163
1140
1164
1141
1165
1142
1166
1143
1167
1144
1168
1145
1169
1146
1170
1147
1171
1148
1172
1149
1173
1174
4750
1151
1175
1152
1176
1153
1177
1154
1178
1155
1179
1156
1180
1157
1181
1158
1182
1159
1183
1160
1184
1161
1185
1162
1186
1163
1187
1164
1188
1165
1189
1166
1190
1167
1191
1168
1192
1169
1193
1170
1194
1171
1195
1172
1196
1173
1197
1174
1198
1199
4850
1176
1200
1177
1201
1178
1202
1179
1203
1180
1204
1181
1205
1182
1206
1183
1207
1184
1208
1185
1209
1186
1210
1187
1211
1188
1212
1189
1213
1190
1214
1191
1215
1192
1216
1193
1217
1194
1218
1195
1219
1196
1220
1197
1221
1198
1222
1199
1223
1224
4950
1201
1225
1202
1226
1203
1227
1204
1228
1205
1229
1206
1230
1207
1231
1208
1232
1209
1233
1210
1234
1211
1235
1212
1236
1213
1237
1214
1238
1215
1239
1216
1240
1217
1241
1218
1242
1219
1243
1220
1244
1221
1245
1222
1246
1223
1247
1224
1248
1249
5050
1226
1227
1228
1229
1230
1231
1232
1233
1234
1235
1236
1237
1238
1239
1240
1241
1242
1243
1244
1245
1246
1247
1248
1249
5150
1251
1350
1252
1351
1253
1352
1254
1353
1255
1354
1256
1355
1257
1356
1258
1357
1259
1358
1260
1359
1261
1360
1262
1361
1263
1362
1264
1363
1265
1364
1266
1365
1267
1366
1268
1367
1269
1368
1270
1369
1271
1370
1272
1371
1273
1372
1274
1373
1275
1374
1276
1375
1277
1376
1278
1377
1279
1378
1280
1379
1281
1380
1282
1381
1283
1382
1284
1383
1285
1384
1286
1385
1287
1386
1288
1387
1289
1388
1290
1389
1291
1390
1292
1391
1293
1392
1294
1393
1295
1394
1296
1395
1297
1396
1298
1397
1299
1398
1300
1399
1301
1400
1302
1401
1303
1402
1304
1403
1305
1404
1306
1405
1307
1406
1308
1407
1309
1408
1310
1409
1311
1410
1312
1411
1313
1412
1314
1413
1315
1414
1316
1415
1317
1416
1318
1417
1319
1418
1320
1419
1321
1420
1322
1421
1323
1422
1324
1423
1325
1424
1326
1425
1327
1426
1328
1427
1329
1428
1330
1429
1331
1430
1332
1431
1333
1432
1334
1433
1335
1434
1336
1435
1337
1436
1338
1437
1339
1438
1340
1439
1341
1440
1342
1441
1343
1442
1344
1443
1345
1444
1346
1445
1347
1446
1348
1447
1349
1448
1449
1351
1450
1352
1451
1353
1452
1354
1453
1355
1454
1356
1455
1357
1456
1358
1457
1359
1458
1360
1459
1361
1460
1362
1461
1363
1462
1364
1463
1365
1464
1366
1465
1367
1466
1368
1467
1369
1468
1370
1469
1371
1470
1372
1471
1373
1472
1374
1473
1375
1474
1376
1475
1377
1476
1378
1477
1379
1478
1380
1479
1381
1480
1382
1481
1383
1482
1384
1483
1385
1484
1386
1485
1387
1486
1388
1487
1389
1488
1390
1489
1391
1490
1392
1491
1393
1492
1394
1493
1395
1494
1396
1495
1397
1496
1398
1497
1399
1498
1400
1499
1401
1500
1402
1501
1403
1502
1404
1503
1405
1504
1406
1505
1407
1506
1408
1507
1409
1508
1410
1509
1411
1510
1412
1511
1413
1512
1414
1513
1415
1514
1416
1515
1417
1516
1418
1517
1419
1518
1420
1519
1421
1520
1422
1521
1423
1522
1424
1523
1425
1524
1426
1525
1427
1526
1428
1527
1429
1528
1430
1529
1431
1530
1432
1531
1433
1532
1434
1533
1435
1534
1436
1535
1437
1536
1438
1537
1439
1538
1440
1539
1441
1540
1442
1541
1443
1542
1444
1543
1445
1544
1446
1545
1447
1546
1448
1547
1449
1548
1549
1451
1550
1452
1551
1453
1552
1454
1553
1455
1554
1456
1555
1457
1556
1458
1557
1459
1558
1460
1559
1461
1560
1462
1561
1463
1562
1464
1563
1465
1564
1466
1565
1467
1566
1468
1567
1469
1568
1470
1569
1471
1570
1472
1571
1473
1572
1474
1573
1475
1574
1476
1575
1477
1576
1478
1577
1479
1578
1480
1579
1481
1580
1482
1581
1483
1582
1484
1583
1485
1584
1486
1585
1487
1586
1488
1587
1489
1588
1490
1589
1491
1590
1492
1591
1493
1592
1494
1593
1495
1594
1496
1595
1497
1596
1498
1597
1499
1598
1500
1599
1501
1600
1502
1601
1503
1602
1504
1603
1505
1604
1506
1605
1507
1606
1508
1607
1509
1608
1510
1609
1511
1610
1512
1611
1513
1612
1514
1613
1515
1614
1516
1615
1517
1616
1518
1617
1519
1618
1520
1619
1521
1620
1522
1621
1523
1622
1524
1623
1525
1624
1526
1625
1527
1626
1528
1627
1529
1628
1530
1629
1531
1630
1532
1631
1533
1632
1534
1633
1535
1634
1536
1635
1537
1636
1538
1637
1539
1638
1540
1639
1541
1640
1542
1641
1543
1642
1544
1643
1545
1644
1546
1645
1547
1646
1548
1647
1549
1648
1649
1551
1650
1552
1651
1553
1652
1554
1653
1555
1654
1556
1655
1557
1656
1558
1657
1559
1658
1560
1659
1561
1660
1562
1661
1563
1662
1564
1663
1565
1664
1566
1665
1567
1666
1568
1667
1569
1668
1570
1669
1571
1670
1572
1671
1573
1672
1574
1673
1575
1674
1576
1675
1577
1676
1578
1677
1579
1678
1580
1679
1581
1680
1582
1681
1583
1682
1584
1683
1585
1684
1586
1685
1587
1686
1588
1687
1589
1688
1590
1689
1591
1690
1592
1691
1593
1692
1594
1693
1595
1694
1596
1695
1597
1696
1598
1697
1599
1698
1600
1699
1601
1700
1602
1701
1603
1702
1604
1703
1605
1704
1606
1705
1607
1706
1608
1707
1609
1708
1610
1709
1611
1710
1612
1711
1613
1712
1614
1713
1615
1714
1616
1715
1617
1716
1618
1717
1619
1718
1620
1719
1621
1720
1622
1721
1623
1722
1624
1723
1625
1724
1626
1725
1627
1726
1628
1727
1629
1728
1630
1729
1631
1730
1632
1731
1633
1732
1634
1733
1635
1734
1636
1735
1637
1736
1638
1737
1639
1738
1640
1739
1641
1740
1642
1741
1643
1742
1644
1743
1645
1744
1646
1745
1647
1746
1648
1747
1649
1748
1749
1651
1750
1652
1751
1653
1752
1654
1753
1655
1754
1656
1755
1657
1756
1658
1757
1659
1758
1660
1759
1661
1760
1662
1761
1663
1762
1664
1763
1665
1764
1666
1765
1667
1766
1668
1767
1669
1768
1670
1769
1671
1770
1672
1771
1673
1772
1674
1773
1675
1774
1676
1775
1677
1776
1678
1777
1679
1778
1680
1779
1681
1780
1682
1781
1683
1782
1684
1783
1685
1784
1686
1785
1687
1786
1688
1787
1689
1788
1690
1789
1691
1790
1692
1791
1693
1792
1694
1793
1695
1794
1696
1795
1697
1796
1698
1797
1699
1798
1700
1799
1701
1800
1702
1801
1703
1802
1704
1803
1705
1804
1706
1805
1707
1806
1708
1807
1709
1808
1710
1809
1711
1810
1712
1811
1713
1812
1714
1813
1715
1814
1716
1815
1717
1816
1718
1817
1719
1818
1720
1819
1721
1820
1722
1821
1723
1822
1724
1823
1725
1824
1726
1825
1727
1826
1728
1827
1729
1828
1730
1829
1731
1830
1732
1831
1733
1832
1734
1833
1735
1834
1736
1835
1737
1836
1738
1837
1739
1838
1740
1839
1741
1840
1742
1841
1743
1842
1744
1843
1745
1844
1746
1845
1747
1846
1748
1847
1749
1848
1849
1751
1850
1752
1851
1753
1852
1754
1853
1755
1854
1756
1855
1757
1856
1758
1857
1759
1858
1760
1859
1761
1860
1762
1861
1763
1862
1764
1863
1765
1864
1766
1865
1767
1866
1768
1867
1769
1868
1770
1869
1771
1870
1772
1871
1773
1872
1774
1873
1775
1874
1776
1875
1777
1876
1778
1877
1779
1878
1780
1879
1781
1880
1782
1881
1783
1882
1784
1883
1785
1884
1786
1885
1787
1886
1788
1887
1789
1888
1790
1889
1791
1890
1792
1891
1793
1892
1794
1893
1795
1894
1796
1895
1797
1896
1798
1897
1799
1898
1800
1899
1801
1900
1802
1901
1803
1902
1804
1903
1805
1904
1806
1905
1807
1906
1808
1907
1809
1908
1810
1909
1811
1910
1812
1911
1813
1912
1814
1913
1815
1914
1816
1915
1817
1916
1818
1917
1819
1918
1820
1919
1821
1920
1822
1921
1823
1922
1824
1923
1825
1924
1826
1925
1827
1926
1828
1927
1829
1928
1830
1929
1831
1930
1832
1931
1833
1932
1834
1933
1835
1934
1836
1935
1837
1936
1838
1937
1839
1938
1840
1939
1841
1940
1842
1941
1843
1942
1844
1943
1845
1944
1846
1945
1847
1946
1848
1947
1849
1948
1949
1851
1950
1852
1951
1853
1952
1854
1953
1855
1954
1856
1955
1857
1956
1858
1957
1859
1958
1860
1959
1861
1960
1862
1961
1863
1962
1864
1963
1865
1964
1866
1965
1867
1966
1868
1967
1869
1968
1870
1969
1871
1970
1872
1971
1873
1972
1874
1973
1875
1974
1876
1975
1877
1976
1878
1977
1879
1978
1880
1979
1881
1980
1882
1981
1883
1982
1884
1983
1885
1984
1886
1985
1887
1986
1888
1987
1889
1988
1890
1989
1891
1990
1892
1991
1893
1992
1894
1993
1895
1994
1896
1995
1897
1996
1898
1997
1899
1998
1900
1999
1901
2000
1902
2001
1903
2002
1904
2003
1905
2004
1906
2005
1907
2006
1908
2007
1909
2008
1910
2009
1911
2010
1912
2011
1913
2012
1914
2013
1915
2014
1916
2015
1917
2016
1918
2017
1919
2018
1920
2019
1921
2020
1922
2021
1923
2022
1924
2023
1925
2024
1926
2025
1927
2026
1928
2027
1929
2028
1930
2029
1931
2030
1932
2031
1933
2032
1934
2033
1935
2034
1936
2035
1937
2036
1938
2037
1939
2038
1940
2039
1941
2040
1942
2041
1943
2042
1944
2043
1945
2044
1946
2045
1947
2046
1948
2047
1949
2048
2049
1951
2050
1952
2051
1953
2052
1954
2053
1955
2054
1956
2055
1957
2056
1958
2057
1959
2058
1960
2059
1961
2060
1962
2061
1963
2062
1964
2063
1965
2064
1966
2065
1967
2066
1968
2067
1969
2068
1970
2069
1971
2070
1972
2071
1973
2072
1974
2073
1975
2074
1976
2075
1977
2076
1978
2077
1979
2078
1980
2079
1981
2080
1982
2081
1983
2082
1984
2083
1985
2084
1986
2085
1987
2086
1988
2087
1989
2088
1990
2089
1991
2090
1992
2091
1993
2092
1994
2093
1995
2094
1996
2095
1997
2096
1998
2097
1999
2098
2000
2099
2001
2100
2002
2101
2003
2102
2004
2103
2005
2104
2006
2105
2007
2106
2008
2107
2009
2108
2010
2109
2011
2110
2012
2111
2013
2112
2014
2113
2015
2114
2016
2115
2017
2116
2018
2117
2019
2118
2020
2119
2021
2120
2022
2121
2023
2122
2024
2123
2025
2124
2026
2125
2027
2126
2028
2127
2029
2128
2030
2129
2031
2130
2032
2131
2033
2132
2034
2133
2035
2134
2036
2135
2037
2136
2038
2137
2039
2138
2040
2139
2041
2140
2042
2141
2043
2142
2044
2143
2045
2144
2046
2145
2047
2146
2048
2147
2049
2148
2149
2051
2150
2052
2151
2053
2152
2054
2153
2055
2154
2056
2155
2057
2156
2058
2157
2059
2158
2060
2159
2061
2160
2062
2161
2063
2162
2064
2163
2065
2164
2066
2165
2067
2166
2068
2167
2069
2168
2070
2169
2071
2170
2072
2171
2073
2172
2074
2173
2075
2174
2076
2175
2077
2176
2078
2177
2079
2178
2080
2179
2081
2180
2082
2181
2083
2182
2084
2183
2085
2184
2086
2185
2087
2186
2088
2187
2089
2188
2090
2189
2091
2190
2092
2191
2093
2192
2094
2193
2095
2194
2096
2195
2097
2196
2098
2197
2099
2198
2100
2199
2101
2200
2102
2201
2103
2202
2104
2203
2105
2204
2106
2205
2107
2206
2108
2207
2109
2208
2110
2209
2111
2210
2112
2211
2113
2212
2114
2213
2115
2214
2116
2215
2117
2216
2118
2217
2119
2218
2120
2219
2121
2220
2122
2221
2123
2222
2124
2223
2125
2224
2126
2225
2127
2226
2128
2227
2129
2228
2130
2229
2131
2230
2132
2231
2133
2232
2134
2233
2135
2234
2136
2235
2137
2236
2138
2237
2139
2238
2140
2239
2141
2240
2142
2241
2143
2242
2144
2243
2145
2244
2146
2245
2147
2246
2148
2247
2149
2248
2249
2151
2250
2152
2251
2153
2252
2154
2253
2155
2254
2156
2255
2157
2256
2158
2257
2159
2258
2160
2259
2161
2260
2162
2261
2163
2262
2164
2263
2165
2264
2166
2265
2167
2266
2168
2267
2169
2268
2170
2269
2171
2270
2172
2271
2173
2272
2174
2273
2175
2274
2176
2275
2177
2276
2178
2277
2179
2278
2180
2279
2181
2280
2182
2281
2183
2282
2184
2283
2185
2284
2186
2285
2187
2286
2188
2287
2189
2288
2190
2289
2191
2290
2192
2291
2193
2292
2194
2293
2195
2294
2196
2295
2197
2296
2198
2297
2199
2298
2200
2299
2201
2300
2202
2301
2203
2302
2204
2303
2205
2304
2206
2305
2207
2306
2208
2307
2209
2308
2210
2309
2211
2310
2212
2311
2213
2312
2214
2313
2215
2314
2216
2315
2217
2316
2218
2317
2219
2318
2220
2319
2221
2320
2222
2321
2223
2322
2224
2323
2225
2324
2226
2325
2227
2326
2228
2327
2229
2328
2230
2329
2231
2330
2232
2331
2233
2332
2234
2333
2235
2334
2236
2335
2237
2336
2238
2337
2239
2338
2240
2339
2241
2340
2242
2341
2243
2342
2244
2343
2245
2344
2246
2345
2247
2346
2248
2347
2249
2348
2349
2251
2350
2252
2351
2253
2352
2254
2353
2255
2354
2256
2355
2257
2356
2258
2357
2259
2358
2260
2359
2261
2360
2262
2361
2263
2362
2264
2363
2265
2364
2266
2365
2267
2366
2268
2367
2269
2368
2270
2369
2271
2370
2272
2371
2273
2372
2274
2373
2275
2374
2276
2375
2277
2376
2278
2377
2279
2378
2280
2379
2281
2380
2282
2381
2283
2382
2284
2383
2285
2384
2286
2385
2287
2386
2288
2387
2289
2388
2290
2389
2291
2390
2292
2391
2293
2392
2294
2393
2295
2394
2296
2395
2297
2396
2298
2397
2299
2398
2300
2399
2301
2400
2302
2401
2303
2402
2304
2403
2305
2404
2306
2405
2307
2406
2308
2407
2309
2408
2310
2409
2311
2410
2312
2411
2313
2412
2314
2413
2315
2414
2316
2415
2317
2416
2318
2417
2319
2418
2320
2419
2321
2420
2322
2421
2323
2422
2324
2423
2325
2424
2326
2425
2327
2426
2328
2427
2329
2428
2330
2429
2331
2430
2332
2431
2333
2432
2334
2433
2335
2434
2336
2435
2337
2436
2338
2437
2339
2438
2340
2439
2341
2440
2342
2441
2343
2442
2344
2443
2345
2444
2346
2445
2347
2446
2348
2447
2349
2448
2449
2351
2450
2352
2451
2353
2452
2354
2453
2355
2454
2356
2455
2357
2456
2358
2457
2359
2458
2360
2459
2361
2460
2362
2461
2363
2462
2364
2463
2365
2464
2366
2465
2367
2466
2368
2467
2369
2468
2370
2469
2371
2470
2372
2471
2373
2472
2374
2473
2375
2474
2376
2475
2377
2476
2378
2477
2379
2478
2380
2479
2381
2480
2382
2481
2383
2482
2384
2483
2385
2484
2386
2485
2387
2486
2388
2487
2389
2488
2390
2489
2391
2490
2392
2491
2393
2492
2394
2493
2395
2494
2396
2495
2397
2496
2398
2497
2399
2498
2400
2499
2401
2500
2402
2501
2403
2502
2404
2503
2405
2504
2406
2505
2407
2506
2408
2507
2409
2508
2410
2509
2411
2510
2412
2511
2413
2512
2414
2513
2415
2514
2416
2515
2417
2516
2418
2517
2419
2518
2420
2519
2421
2520
2422
2521
2423
2522
2424
2523
2425
2524
2426
2525
2427
2526
2428
2527
2429
2528
2430
2529
2431
2530
2432
2531
2433
2532
2434
2533
2435
2534
2436
2535
2437
2536
2438
2537
2439
2538
2440
2539
2441
2540
2442
2541
2443
2542
2444
2543
2445
2544
2446
2545
2447
2546
2448
2547
2449
2548
2549
2451
2550
2452
2551
2453
2552
2454
2553
2455
2554
2456
2555
2457
2556
2458
2557
2459
2558
2460
2559
2461
2560
2462
2561
2463
2562
2464
2563
2465
2564
2466
2565
2467
2566
2468
2567
2469
2568
2470
2569
2471
2570
2472
2571
2473
2572
2474
2573
2475
2574
2476
2575
2477
2576
2478
2577
2479
2578
2480
2579
2481
2580
2482
2581
2483
2582
2484
2583
2485
2584
2486
2585
2487
2586
2488
2587
2489
2588
2490
2589
2491
2590
2492
2591
2493
2592
2494
2593
2495
2594
2496
2595
2497
2596
2498
2597
2499
2598
2500
2599
2501
2600
2502
2601
2503
2602
2504
2603
2505
2604
2506
2605
2507
2606
2508
2607
2509
2608
2510
2609
2511
2610
2512
2611
2513
2612
2514
2613
2515
2614
2516
2615
2517
2616
2518
2617
2519
2618
2520
2619
2521
2620
2522
2621
2523
2622
2524
2623
2525
2624
2526
2625
2527
2626
2528
2627
2529
2628
2530
2629
2531
2630
2532
2631
2533
2632
2534
2633
2535
2634
2536
2635
2537
2636
2538
2637
2539
2638
2540
2639
2541
2640
2542
2641
2543
2642
2544
2643
2545
2644
2546
2645
2547
2646
2548
2647
2549
2648
2649
2551
2650
2552
2651
2553
2652
2554
2653
2555
2654
2556
2655
2557
2656
2558
2657
2559
2658
2560
2659
2561
2660
2562
2661
2563
2662
2564
2663
2565
2664
2566
2665
2567
2666
2568
2667
2569
2668
2570
2669
2571
2670
2572
2671
2573
2672
2574
2673
2575
2674
2576
2675
2577
2676
2578
2677
2579
2678
2580
2679
2581
2680
2582
2681
2583
2682
2584
2683
2585
2684
2586
2685
2587
2686
2588
2687
2589
2688
2590
2689
2591
2690
2592
2691
2593
2692
2594
2693
2595
2694
2596
2695
2597
2696
2598
2697
2599
2698
2600
2699
2601
2700
2602
2701
2603
2702
2604
2703
2605
2704
2606
2705
2607
2706
2608
2707
2609
2708
2610
2709
2611
2710
2612
2711
2613
2712
2614
2713
2615
2714
2616
2715
2617
2716
2618
2717
2619
2718
2620
2719
2621
2720
2622
2721
2623
2722
2624
2723
2625
2724
2626
2725
2627
2726
2628
2727
2629
2728
2630
2729
2631
2730
2632
2731
2633
2732
2634
2733
2635
2734
2636
2735
2637
2736
2638
2737
2639
2738
2640
2739
2641
2740
2642
2741
2643
2742
2644
2743
2645
2744
2646
2745
2647
2746
2648
2747
2649
2748
2749
2651
2750
2652
2751
2653
2752
2654
2753
2655
2754
2656
2755
2657
2756
2658
2757
2659
2758
2660
2759
2661
2760
2662
2761
2663
2762
2664
2763
2665
2764
2666
2765
2667
2766
2668
2767
2669
2768
2670
2769
2671
2770
2672
2771
2673
2772
2674
2773
2675
2774
2676
2775
2677
2776
2678
2777
2679
2778
2680
2779
2681
2780
2682
2781
2683
2782
2684
2783
2685
2784
2686
2785
2687
2786
2688
2787
2689
2788
2690
2789
2691
2790
2692
2791
2693
2792
2694
2793
2695
2794
2696
2795
2697
2796
2698
2797
2699
2798
2700
2799
2701
2800
2702
2801
2703
2802
2704
2803
2705
2804
2706
2805
2707
2806
2708
2807
2709
2808
2710
2809
2711
2810
2712
2811
2713
2812
2714
2813
2715
2814
2716
2815
2717
2816
2718
2817
2719
2818
2720
2819
2721
2820
2722
2821
2723
2822
2724
2823
2725
2824
2726
2825
2727
2826
2728
2827
2729
2828
2730
2829
2731
2830
2732
2831
2733
2832
2734
2833
2735
2834
2736
2835
2737
2836
2738
2837
2739
2838
2740
2839
2741
2840
2742
2841
2743
2842
2744
2843
2745
2844
2746
2845
2747
2846
2748
2847
2749
2848
2849
2751
2850
2752
2851
2753
2852
2754
2853
2755
2854
2756
2855
2757
2856
2758
2857
2759
2858
2760
2859
2761
2860
2762
2861
2763
2862
2764
2863
2765
2864
2766
2865
2767
2866
2768
2867
2769
2868
2770
2869
2771
2870
2772
2871
2773
2872
2774
2873
2775
2874
2776
2875
2777
2876
2778
2877
2779
2878
2780
2879
2781
2880
2782
2881
2783
2882
2784
2883
2785
2884
2786
2885
2787
2886
2788
2887
2789
2888
2790
2889
2791
2890
2792
2891
2793
2892
2794
2893
2795
2894
2796
2895
2797
2896
2798
2897
2799
2898
2800
2899
2801
2900
2802
2901
2803
2902
2804
2903
2805
2904
2806
2905
2807
2906
2808
2907
2809
2908
2810
2909
2811
2910
2812
2911
2813
2912
2814
2913
2815
2914
2816
2915
2817
2916
2818
2917
2819
2918
2820
2919
2821
2920
2822
2921
2823
2922
2824
2923
2825
2924
2826
2925
2827
2926
2828
2927
2829
2928
2830
2929
2831
2930
2832
2931
2833
2932
2834
2933
2835
2934
2836
2935
2837
2936
2838
2937
2839
2938
2840
2939
2841
2940
2842
2941
2843
2942
2844
2943
2845
2944
2846
2945
2847
2946
2848
2947
2849
2948
2949
2851
2950
2852
2951
2853
2952
2854
2953
2855
2954
2856
2955
2857
2956
2858
2957
2859
2958
2860
2959
2861
2960
2862
2961
2863
2962
2864
2963
2865
2964
2866
2965
2867
2966
2868
2967
2869
2968
2870
2969
2871
2970
2872
2971
2873
2972
2874
2973
2875
2974
2876
2975
2877
2976
2878
2977
2879
2978
2880
2979
2881
2980
2882
2981
2883
2982
2884
2983
2885
2984
2886
2985
2887
2986
2888
2987
2889
2988
2890
2989
2891
2990
2892
2991
2893
2992
2894
2993
2895
2994
2896
2995
2897
2996
2898
2997
2899
2998
2900
2999
2901
3000
2902
3001
2903
3002
2904
3003
2905
3004
2906
3005
2907
3006
2908
3007
2909
3008
2910
3009
2911
3010
2912
3011
2913
3012
2914
3013
2915
3014
2916
3015
2917
3016
2918
3017
2919
3018
2920
3019
2921
3020
2922
3021
2923
3022
2924
3023
2925
3024
2926
3025
2927
3026
2928
3027
2929
3028
2930
3029
2931
3030
2932
3031
2933
3032
2934
3033
2935
3034
2936
3035
2937
3036
2938
3037
2939
3038
2940
3039
2941
3040
2942
3041
2943
3042
2944
3043
2945
3044
2946
3045
2947
3046
2948
3047
2949
3048
3049
2951
3050
2952
3051
2953
3052
2954
3053
2955
3054
2956
3055
2957
3056
2958
3057
2959
3058
2960
3059
2961
3060
2962
3061
2963
3062
2964
3063
2965
3064
2966
3065
2967
3066
2968
3067
2969
3068
2970
3069
2971
3070
2972
3071
2973
3072
2974
3073
2975
3074
2976
3075
2977
3076
2978
3077
2979
3078
2980
3079
2981
3080
2982
3081
2983
3082
2984
3083
2985
3084
2986
3085
2987
3086
2988
3087
2989
3088
2990
3089
2991
3090
2992
3091
2993
3092
2994
3093
2995
3094
2996
3095
2997
3096
2998
3097
2999
3098
3000
3099
3001
3100
3002
3101
3003
3102
3004
3103
3005
3104
3006
3105
3007
3106
3008
3107
3009
3108
3010
3109
3011
3110
3012
3111
3013
3112
3014
3113
3015
3114
3016
3115
3017
3116
3018
3117
3019
3118
3020
3119
3021
3120
3022
3121
3023
3122
3024
3123
3025
3124
3026
3125
3027
3126
3028
3127
3029
3128
3030
3129
3031
3130
3032
3131
3033
3132
3034
3133
3035
3134
3036
3135
3037
3136
3038
3137
3039
3138
3040
3139
3041
3140
3042
3141
3043
3142
3044
3143
3045
3144
3046
3145
3047
3146
3048
3147
3049
3148
3149
3051
3150
3052
3151
3053
3152
3054
3153
3055
3154
3056
3155
3057
3156
3058
3157
3059
3158
3060
3159
3061
3160
3062
3161
3063
3162
3064
3163
3065
3164
3066
3165
3067
3166
3068
3167
3069
3168
3070
3169
3071
3170
3072
3171
3073
3172
3074
3173
3075
3174
3076
3175
3077
3176
3078
3177
3079
3178
3080
3179
3081
3180
3082
3181
3083
3182
3084
3183
3085
3184
3086
3185
3087
3186
3088
3187
3089
3188
3090
3189
3091
3190
3092
3191
3093
3192
3094
3193
3095
3194
3096
3195
3097
3196
3098
3197
3099
3198
3100
3199
3101
3200
3102
3201
3103
3202
3104
3203
3105
3204
3106
3205
3107
3206
3108
3207
3109
3208
3110
3209
3111
3210
3112
3211
3113
3212
3114
3213
3115
3214
3116
3215
3117
3216
3118
3217
3119
3218
3120
3219
3121
3220
3122
3221
3123
3222
3124
3223
3125
3224
3126
3225
3127
3226
3128
3227
3129
3228
3130
3229
3131
3230
3132
3231
3133
3232
3134
3233
3135
3234
3136
3235
3137
3236
3138
3237
3139
3238
3140
3239
3141
3240
3142
3241
3143
3242
3144
3243
3145
3244
3146
3245
3147
3246
3148
3247
3149
3248
3249
3151
3250
3152
3251
3153
3252
3154
3253
3155
3254
3156
3255
3157
3256
3158
3257
3159
3258
3160
3259
3161
3260
3162
3261
3163
3262
3164
3263
3165
3264
3166
3265
3167
3266
3168
3267
3169
3268
3170
3269
3171
3270
3172
3271
3173
3272
3174
3273
3175
3274
3176
3275
3177
3276
3178
3277
3179
3278
3180
3279
3181
3280
3182
3281
3183
3282
3184
3283
3185
3284
3186
3285
3187
3286
3188
3287
3189
3288
3190
3289
3191
3290
3192
3291
3193
3292
3194
3293
3195
3294
3196
3295
3197
3296
3198
3297
3199
3298
3200
3299
3201
3300
3202
3301
3203
3302
3204
3303
3205
3304
3206
3305
3207
3306
3208
3307
3209
3308
3210
3309
3211
3310
3212
3311
3213
3312
3214
3313
3215
3314
3216
3315
3217
3316
3218
3317
3219
3318
3220
3319
3221
3320
3222
3321
3223
3322
3224
3323
3225
3324
3226
3325
3227
3326
3228
3327
3229
3328
3230
3329
3231
3330
3232
3331
3233
3332
3234
3333
3235
3334
3236
3335
3237
3336
3238
3337
3239
3338
3240
3339
3241
3340
3242
3341
3243
3342
3244
3343
3245
3344
3246
3345
3247
3346
3248
3347
3249
3348
3349
3251
3350
3252
3351
3253
3352
3254
3353
3255
3354
3256
3355
3257
3356
3258
3357
3259
3358
3260
3359
3261
3360
3262
3361
3263
3362
3264
3363
3265
3364
3266
3365
3267
3366
3268
3367
3269
3368
3270
3369
3271
3370
3272
3371
3273
3372
3274
3373
3275
3374
3276
3375
3277
3376
3278
3377
3279
3378
3280
3379
3281
3380
3282
3381
3283
3382
3284
3383
3285
3384
3286
3385
3287
3386
3288
3387
3289
3388
3290
3389
3291
3390
3292
3391
3293
3392
3294
3393
3295
3394
3296
3395
3297
3396
3298
3397
3299
3398
3300
3399
3301
3400
3302
3401
3303
3402
3304
3403
3305
3404
3306
3405
3307
3406
3308
3407
3309
3408
3310
3409
3311
3410
3312
3411
3313
3412
3314
3413
3315
3414
3316
3415
3317
3416
3318
3417
3319
3418
3320
3419
3321
3420
3322
3421
3323
3422
3324
3423
3325
3424
3326
3425
3327
3426
3328
3427
3329
3428
3330
3429
3331
3430
3332
3431
3333
3432
3334
3433
3335
3434
3336
3435
3337
3436
3338
3437
3339
3438
3340
3439
3341
3440
3342
3441
3343
3442
3344
3443
3345
3444
3346
3445
3347
3446
3348
3447
3349
3448
3449
3351
3450
3352
3451
3353
3452
3354
3453
3355
3454
3356
3455
3357
3456
3358
3457
3359
3458
3360
3459
3361
3460
3362
3461
3363
3462
3364
3463
3365
3464
3366
3465
3367
3466
3368
3467
3369
3468
3370
3469
3371
3470
3372
3471
3373
3472
3374
3473
3375
3474
3376
3475
3377
3476
3378
3477
3379
3478
3380
3479
3381
3480
3382
3481
3383
3482
3384
3483
3385
3484
3386
3485
3387
3486
3388
3487
3389
3488
3390
3489
3391
3490
3392
3491
3393
3492
3394
3493
3395
3494
3396
3495
3397
3496
3398
3497
3399
3498
3400
3499
3401
3500
3402
3501
3403
3502
3404
3503
3405
3504
3406
3505
3407
3506
3408
3507
3409
3508
3410
3509
3411
3510
3412
3511
3413
3512
3414
3513
3415
3514
3416
3515
3417
3516
3418
3517
3419
3518
3420
3519
3421
3520
3422
3521
3423
3522
3424
3523
3425
3524
3426
3525
3427
3526
3428
3527
3429
3528
3430
3529
3431
3530
3432
3531
3433
3532
3434
3533
3435
3534
3436
3535
3437
3536
3438
3537
3439
3538
3440
3539
3441
3540
3442
3541
3443
3542
3444
3543
3445
3544
3446
3545
3447
3546
3448
3547
3449
3548
3549
3451
3550
3452
3551
3453
3552
3454
3553
3455
3554
3456
3555
3457
3556
3458
3557
3459
3558
3460
3559
3461
3560
3462
3561
3463
3562
3464
3563
3465
3564
3466
3565
3467
3566
3468
3567
3469
3568
3470
3569
3471
3570
3472
3571
3473
3572
3474
3573
3475
3574
3476
3575
3477
3576
3478
3577
3479
3578
3480
3579
3481
3580
3482
3581
3483
3582
3484
3583
3485
3584
3486
3585
3487
3586
3488
3587
3489
3588
3490
3589
3491
3590
3492
3591
3493
3592
3494
3593
3495
3594
3496
3595
3497
3596
3498
3597
3499
3598
3500
3599
3501
3600
3502
3601
3503
3602
3504
3603
3505
3604
3506
3605
3507
3606
3508
3607
3509
3608
3510
3609
3511
3610
3512
3611
3513
3612
3514
3613
3515
3614
3516
3615
3517
3616
3518
3617
3519
3618
3520
3619
3521
3620
3522
3621
3523
3622
3524
3623
3525
3624
3526
3625
3527
3626
3528
3627
3529
3628
3530
3629
3531
3630
3532
3631
3533
3632
3534
3633
3535
3634
3536
3635
3537
3636
3538
3637
3539
3638
3540
3639
3541
3640
3542
3641
3543
3642
3544
3643
3545
3644
3546
3645
3547
3646
3548
3647
3549
3648
3649
3551
3650
3552
3651
3553
3652
3554
3653
3555
3654
3556
3655
3557
3656
3558
3657
3559
3658
3560
3659
3561
3660
3562
3661
3563
3662
3564
3663
3565
3664
3566
3665
3567
3666
3568
3667
3569
3668
3570
3669
3571
3670
3572
3671
3573
3672
3574
3673
3575
3674
3576
3675
3577
3676
3578
3677
3579
3678
3580
3679
3581
3680
3582
3681
3583
3682
3584
3683
3585
3684
3586
3685
3587
3686
3588
3687
3589
3688
3590
3689
3591
3690
3592
3691
3593
3692
3594
3693
3595
3694
3596
3695
3597
3696
3598
3697
3599
3698
3600
3699
3601
3700
3602
3701
3603
3702
3604
3703
3605
3704
3606
3705
3607
3706
3608
3707
3609
3708
3610
3709
3611
3710
3612
3711
3613
3712
3614
3713
3615
3714
3616
3715
3617
3716
3618
3717
3619
3718
3620
3719
3621
3720
3622
3721
3623
3722
3624
3723
3625
3724
3626
3725
3627
3726
3628
3727
3629
3728
3630
3729
3631
3730
3632
3731
3633
3732
3634
3733
3635
3734
3636
3735
3637
3736
3638
3737
3639
3738
3640
3739
3641
3740
3642
3741
3643
3742
3644
3743
3645
3744
3646
3745
3647
3746
3648
3747
3649
3748
3749
3651
3750
3652
3751
3653
3752
3654
3753
3655
3754
3656
3755
3657
3756
3658
3757
3659
3758
3660
3759
3661
3760
3662
3761
3663
3762
3664
3763
3665
3764
3666
3765
3667
3766
3668
3767
3669
3768
3670
3769
3671
3770
3672
3771
3673
3772
3674
3773
3675
3774
3676
3775
3677
3776
3678
3777
3679
3778
3680
3779
3681
3780
3682
3781
3683
3782
3684
3783
3685
3784
3686
3785
3687
3786
3688
3787
3689
3788
3690
3789
3691
3790
3692
3791
3693
3792
3694
3793
3695
3794
3696
3795
3697
3796
3698
3797
3699
3798
3700
3799
3701
3800
3702
3801
3703
3802
3704
3803
3705
3804
3706
3805
3707
3806
3708
3807
3709
3808
3710
3809
3711
3810
3712
3811
3713
3812
3714
3813
3715
3814
3716
3815
3717
3816
3718
3817
3719
3818
3720
3819
3721
3820
3722
3821
3723
3822
3724
3823
3725
3824
3726
3825
3727
3826
3728
3827
3729
3828
3730
3829
3731
3830
3732
3831
3733
3832
3734
3833
3735
3834
3736
3835
3737
3836
3738
3837
3739
3838
3740
3839
3741
3840
3742
3841
3743
3842
3744
3843
3745
3844
3746
3845
3747
3846
3748
3847
3749
3848
3849
3751
3850
3752
3851
3753
3852
3754
3853
3755
3854
3756
3855
3757
3856
3758
3857
3759
3858
3760
3859
3761
3860
3762
3861
3763
3862
3764
3863
3765
3864
3766
3865
3767
3866
3768
3867
3769
3868
3770
3869
3771
3870
3772
3871
3773
3872
3774
3873
3775
3874
3776
3875
3777
3876
3778
3877
3779
3878
3780
3879
3781
3880
3782
3881
3783
3882
3784
3883
3785
3884
3786
3885
3787
3886
3788
3887
3789
3888
3790
3889
3791
3890
3792
3891
3793
3892
3794
3893
3795
3894
3796
3895
3797
3896
3798
3897
3799
3898
3800
3899
3801
3900
3802
3901
3803
3902
3804
3903
3805
3904
3806
3905
3807
3906
3808
3907
3809
3908
3810
3909
3811
3910
3812
3911
3813
3912
3814
3913
3815
3914
3816
3915
3817
3916
3818
3917
3819
3918
3820
3919
3821
3920
3822
3921
3823
3922
3824
3923
3825
3924
3826
3925
3827
3926
3828
3927
3829
3928
3830
3929
3831
3930
3832
3931
3833
3932
3834
3933
3835
3934
3836
3935
3837
3936
3838
3937
3839
3938
3840
3939
3841
3940
3842
3941
3843
3942
3844
3943
3845
3944
3846
3945
3847
3946
3848
3947
3849
3948
3949
3851
3950
3852
3951
3853
3952
3854
3953
3855
3954
3856
3955
3857
3956
3858
3957
3859
3958
3860
3959
3861
3960
3862
3961
3863
3962
3864
3963
3865
3964
3866
3965
3867
3966
3868
3967
3869
3968
3870
3969
3871
3970
3872
3971
3873
3972
3874
3973
3875
3974
3876
3975
3877
3976
3878
3977
3879
3978
3880
3979
3881
3980
3882
3981
3883
3982
3884
3983
3885
3984
3886
3985
3887
3986
3888
3987
3889
3988
3890
3989
3891
3990
3892
3991
3893
3992
3894
3993
3895
3994
3896
3995
3897
3996
3898
3997
3899
3998
3900
3999
3901
4000
3902
4001
3903
4002
3904
4003
3905
4004
3906
4005
3907
4006
3908
4007
3909
4008
3910
4009
3911
4010
3912
4011
3913
4012
3914
4013
3915
4014
3916
4015
3917
4016
3918
4017
3919
4018
3920
4019
3921
4020
3922
4021
3923
4022
3924
4023
3925
4024
3926
4025
3927
4026
3928
4027
3929
4028
3930
4029
3931
4030
3932
4031
3933
4032
3934
4033
3935
4034
3936
4035
3937
4036
3938
4037
3939
4038
3940
4039
3941
4040
3942
4041
3943
4042
3944
4043
3945
4044
3946
4045
3947
4046
3948
4047
3949
4048
4049
3951
4050
3952
4051
3953
4052
3954
4053
3955
4054
3956
4055
3957
4056
3958
4057
3959
4058
3960
4059
3961
4060
3962
4061
3963
4062
3964
4063
3965
4064
3966
4065
3967
4066
3968
4067
3969
4068
3970
4069
3971
4070
3972
4071
3973
4072
3974
4073
3975
4074
3976
4075
3977
4076
3978
4077
3979
4078
3980
4079
3981
4080
3982
4081
3983
4082
3984
4083
3985
4084
3986
4085
3987
4086
3988
4087
3989
4088
3990
4089
3991
4090
3992
4091
3993
4092
3994
4093
3995
4094
3996
4095
3997
4096
3998
4097
3999
4098
4000
4099
4001
4100
4002
4101
4003
4102
4004
4103
4005
4104
4006
4105
4007
4106
4008
4107
4009
4108
4010
4109
4011
4110
4012
4111
4013
4112
4014
4113
4015
4114
4016
4115
4017
4116
4018
4117
4019
4118
4020
4119
4021
4120
4022
4121
4023
4122
4024
4123
4025
4124
4026
4125
4027
4126
4028
4127
4029
4128
4030
4129
4031
4130
4032
4131
4033
4132
4034
4133
4035
4134
4036
4135
4037
4136
4038
4137
4039
4138
4040
4139
4041
4140
4042
4141
4043
4142
4044
4143
4045
4144
4046
4145
4047
4146
4048
4147
4049
4148
4149
4051
4150
4052
4151
4053
4152
4054
4153
4055
4154
4056
4155
4057
4156
4058
4157
4059
4158
4060
4159
4061
4160
4062
4161
4063
4162
4064
4163
4065
4164
4066
4165
4067
4166
4068
4167
4069
4168
4070
4169
4071
4170
4072
4171
4073
4172
4074
4173
4075
4174
4076
4175
4077
4176
4078
4177
4079
4178
4080
4179
4081
4180
4082
4181
4083
4182
4084
4183
4085
4184
4086
4185
4087
4186
4088
4187
4089
4188
4090
4189
4091
4190
4092
4191
4093
4192
4094
4193
4095
4194
4096
4195
4097
4196
4098
4197
4099
4198
4100
4199
4101
4200
4102
4201
4103
4202
4104
4203
4105
4204
4106
4205
4107
4206
4108
4207
4109
4208
4110
4209
4111
4210
4112
4211
4113
4212
4114
4213
4115
4214
4116
4215
4117
4216
4118
4217
4119
4218
4120
4219
4121
4220
4122
4221
4123
4222
4124
4223
4125
4224
4126
4225
4127
4226
4128
4227
4129
4228
4130
4229
4131
4230
4132
4231
4133
4232
4134
4233
4135
4234
4136
4235
4137
4236
4138
4237
4139
4238
4140
4239
4141
4240
4142
4241
4143
4242
4144
4243
4145
4244
4146
4245
4147
4246
4148
4247
4149
4248
4249
4151
4250
4152
4251
4153
4252
4154
4253
4155
4254
4156
4255
4157
4256
4158
4257
4159
4258
4160
4259
4161
4260
4162
4261
4163
4262
4164
4263
4165
4264
4166
4265
4167
4266
4168
4267
4169
4268
4170
4269
4171
4270
4172
4271
4173
4272
4174
4273
4175
4274
4176
4275
4177
4276
4178
4277
4179
4278
4180
4279
4181
4280
4182
4281
4183
4282
4184
4283
4185
4284
4186
4285
4187
4286
4188
4287
4189
4288
4190
4289
4191
4290
4192
4291
4193
4292
4194
4293
4195
4294
4196
4295
4197
4296
4198
4297
4199
4298
4200
4299
4201
4300
4202
4301
4203
4302
4204
4303
4205
4304
4206
4305
4207
4306
4208
4307
4209
4308
4210
4309
4211
4310
4212
4311
4213
4312
4214
4313
4215
4314
4216
4315
4217
4316
4218
4317
4219
4318
4220
4319
4221
4320
4222
4321
4223
4322
4224
4323
4225
4324
4226
4325
4227
4326
4228
4327
4229
4328
4230
4329
4231
4330
4232
4331
4233
4332
4234
4333
4235
4334
4236
4335
4237
4336
4238
4337
4239
4338
4240
4339
4241
4340
4242
4341
4243
4342
4244
4343
4245
4344
4246
4345
4247
4346
4248
4347
4249
4348
4349
4251
4350
4252
4351
4253
4352
4254
4353
4255
4354
4256
4355
4257
4356
4258
4357
4259
4358
4260
4359
4261
4360
4262
4361
4263
4362
4264
4363
4265
4364
4266
4365
4267
4366
4268
4367
4269
4368
4270
4369
4271
4370
4272
4371
4273
4372
4274
4373
4275
4374
4276
4375
4277
4376
4278
4377
4279
4378
4280
4379
4281
4380
4282
4381
4283
4382
4284
4383
4285
4384
4286
4385
4287
4386
4288
4387
4289
4388
4290
4389
4291
4390
4292
4391
4293
4392
4294
4393
4295
4394
4296
4395
4297
4396
4298
4397
4299
4398
4300
4399
4301
4400
4302
4401
4303
4402
4304
4403
4305
4404
4306
4405
4307
4406
4308
4407
4309
4408
4310
4409
4311
4410
4312
4411
4313
4412
4314
4413
4315
4414
4316
4415
4317
4416
4318
4417
4319
4418
4320
4419
4321
4420
4322
4421
4323
4422
4324
4423
4325
4424
4326
4425
4327
4426
4328
4427
4329
4428
4330
4429
4331
4430
4332
4431
4333
4432
4334
4433
4335
4434
4336
4435
4337
4436
4338
4437
4339
4438
4340
4439
4341
4440
4342
4441
4343
4442
4344
4443
4345
4444
4346
4445
4347
4446
4348
4447
4349
4448
4449
4351
4450
4352
4451
4353
4452
4354
4453
4355
4454
4356
4455
4357
4456
4358
4457
4359
4458
4360
4459
4361
4460
4362
4461
4363
4462
4364
4463
4365
4464
4366
4465
4367
4466
4368
4467
4369
4468
4370
4469
4371
4470
4372
4471
4373
4472
4374
4473
4375
4474
4376
4475
4377
4476
4378
4477
4379
4478
4380
4479
4381
4480
4382
4481
4383
4482
4384
4483
4385
4484
4386
4485
4387
4486
4388
4487
4389
4488
4390
4489
4391
4490
4392
4491
4393
4492
4394
4493
4395
4494
4396
4495
4397
4496
4398
4497
4399
4498
4400
4499
4401
4500
4402
4501
4403
4502
4404
4503
4405
4504
4406
4505
4407
4506
4408
4507
4409
4508
4410
4509
4411
4510
4412
4511
4413
4512
4414
4513
4415
4514
4416
4515
4417
4516
4418
4517
4419
4518
4420
4519
4421
4520
4422
4521
4423
4522
4424
4523
4425
4524
4426
4525
4427
4526
4428
4527
4429
4528
4430
4529
4431
4530
4432
4531
4433
4532
4434
4533
4435
4534
4436
4535
4437
4536
4438
4537
4439
4538
4440
4539
4441
4540
4442
4541
4443
4542
4444
4543
4445
4544
4446
4545
4447
4546
4448
4547
4449
4548
4549
4451
4550
4452
4551
4453
4552
4454
4553
4455
4554
4456
4555
4457
4556
4458
4557
4459
4558
4460
4559
4461
4560
4462
4561
4463
4562
4464
4563
4465
4564
4466
4565
4467
4566
4468
4567
4469
4568
4470
4569
4471
4570
4472
4571
4473
4572
4474
4573
4475
4574
4476
4575
4477
4576
4478
4577
4479
4578
4480
4579
4481
4580
4482
4581
4483
4582
4484
4583
4485
4584
4486
4585
4487
4586
4488
4587
4489
4588
4490
4589
4491
4590
4492
4591
4493
4592
4494
4593
4495
4594
4496
4595
4497
4596
4498
4597
4499
4598
4500
4599
4501
4600
4502
4601
4503
4602
4504
4603
4505
4604
4506
4605
4507
4606
4508
4607
4509
4608
4510
4609
4511
4610
4512
4611
4513
4612
4514
4613
4515
4614
4516
4615
4517
4616
4518
4617
4519
4618
4520
4619
4521
4620
4522
4621
4523
4622
4524
4623
4525
4624
4526
4625
4527
4626
4528
4627
4529
4628
4530
4629
4531
4630
4532
4631
4533
4632
4534
4633
4535
4634
4536
4635
4537
4636
4538
4637
4539
4638
4540
4639
4541
4640
4542
4641
4543
4642
4544
4643
4545
4644
4546
4645
4547
4646
4548
4647
4549
4648
4649
4551
4650
4552
4651
4553
4652
4554
4653
4555
4654
4556
4655
4557
4656
4558
4657
4559
4658
4560
4659
4561
4660
4562
4661
4563
4662
4564
4663
4565
4664
4566
4665
4567
4666
4568
4667
4569
4668
4570
4669
4571
4670
4572
4671
4573
4672
4574
4673
4575
4674
4576
4675
4577
4676
4578
4677
4579
4678
4580
4679
4581
4680
4582
4681
4583
4682
4584
4683
4585
4684
4586
4685
4587
4686
4588
4687
4589
4688
4590
4689
4591
4690
4592
4691
4593
4692
4594
4693
4595
4694
4596
4695
4597
4696
4598
4697
4599
4698
4600
4699
4601
4700
4602
4701
4603
4702
4604
4703
4605
4704
4606
4705
4607
4706
4608
4707
4609
4708
4610
4709
4611
4710
4612
4711
4613
4712
4614
4713
4615
4714
4616
4715
4617
4716
4618
4717
4619
4718
4620
4719
4621
4720
4622
4721
4623
4722
4624
4723
4625
4724
4626
4725
4627
4726
4628
4727
4629
4728
4630
4729
4631
4730
4632
4731
4633
4732
4634
4733
4635
4734
4636
4735
4637
4736
4638
4737
4639
4738
4640
4739
4641
4740
4642
4741
4643
4742
4644
4743
4645
4744
4646
4745
4647
4746
4648
4747
4649
4748
4749
4651
4750
4652
4751
4653
4752
4654
4753
4655
4754
4656
4755
4657
4756
4658
4757
4659
4758
4660
4759
4661
4760
4662
4761
4663
4762
4664
4763
4665
4764
4666
4765
4667
4766
4668
4767
4669
4768
4670
4769
4671
4770
4672
4771
4673
4772
4674
4773
4675
4774
4676
4775
4677
4776
4678
4777
4679
4778
4680
4779
4681
4780
4682
4781
4683
4782
4684
4783
4685
4784
4686
4785
4687
4786
4688
4787
4689
4788
4690
4789
4691
4790
4692
4791
4693
4792
4694
4793
4695
4794
4696
4795
4697
4796
4698
4797
4699
4798
4700
4799
4701
4800
4702
4801
4703
4802
4704
4803
4705
4804
4706
4805
4707
4806
4708
4807
4709
4808
4710
4809
4711
4810
4712
4811
4713
4812
4714
4813
4715
4814
4716
4815
4717
4816
4718
4817
4719
4818
4720
4819
4721
4820
4722
4821
4723
4822
4724
4823
4725
4824
4726
4825
4727
4826
4728
4827
4729
4828
4730
4829
4731
4830
4732
4831
4733
4832
4734
4833
4735
4834
4736
4835
4737
4836
4738
4837
4739
4838
4740
4839
4741
4840
4742
4841
4743
4842
4744
4843
4745
4844
4746
4845
4747
4846
4748
4847
4749
4848
4849
4751
4850
4752
4851
4753
4852
4754
4853
4755
4854
4756
4855
4757
4856
4758
4857
4759
4858
4760
4859
4761
4860
4762
4861
4763
4862
4764
4863
4765
4864
4766
4865
4767
4866
4768
4867
4769
4868
4770
4869
4771
4870
4772
4871
4773
4872
4774
4873
4775
4874
4776
4875
4777
4876
4778
4877
4779
4878
4780
4879
4781
4880
4782
4881
4783
4882
4784
4883
4785
4884
4786
4885
4787
4886
4788
4887
4789
4888
4790
4889
4791
4890
4792
4891
4793
4892
4794
4893
4795
4894
4796
4895
4797
4896
4798
4897
4799
4898
4800
4899
4801
4900
4802
4901
4803
4902
4804
4903
4805
4904
4806
4905
4807
4906
4808
4907
4809
4908
4810
4909
4811
4910
4812
4911
4813
4912
4814
4913
4815
4914
4816
4915
4817
4916
4818
4917
4819
4918
4820
4919
4821
4920
4822
4921
4823
4922
4824
4923
4825
4924
4826
4925
4827
4926
4828
4927
4829
4928
4830
4929
4831
4930
4832
4931
4833
4932
4834
4933
4835
4934
4836
4935
4837
4936
4838
4937
4839
4938
4840
4939
4841
4940
4842
4941
4843
4942
4844
4943
4845
4944
4846
4945
4847
4946
4848
4947
4849
4948
4949
4851
4950
4852
4951
4853
4952
4854
4953
4855
4954
4856
4955
4857
4956
4858
4957
4859
4958
4860
4959
4861
4960
4862
4961
4863
4962
4864
4963
4865
4964
4866
4965
4867
4966
4868
4967
4869
4968
4870
4969
4871
4970
4872
4971
4873
4972
4874
4973
4875
4974
4876
4975
4877
4976
4878
4977
4879
4978
4880
4979
4881
4980
4882
4981
4883
4982
4884
4983
4885
4984
4886
4985
4887
4986
4888
4987
4889
4988
4890
4989
4891
4990
4892
4991
4893
4992
4894
4993
4895
4994
4896
4995
4897
4996
4898
4997
4899
4998
4900
4999
4901
5000
4902
5001
4903
5002
4904
5003
4905
5004
4906
5005
4907
5006
4908
5007
4909
5008
4910
5009
4911
5010
4912
5011
4913
5012
4914
5013
4915
5014
4916
5015
4917
5016
4918
5017
4919
5018
4920
5019
4921
5020
4922
5021
4923
5022
4924
5023
4925
5024
4926
5025
4927
5026
4928
5027
4929
5028
4930
5029
4931
5030
4932
5031
4933
5032
4934
5033
4935
5034
4936
5035
4937
5036
4938
5037
4939
5038
4940
5039
4941
5040
4942
5041
4943
5042
4944
5043
4945
5044
4946
5045
4947
5046
4948
5047
4949
5048
5049
4951
5050
4952
5051
4953
5052
4954
5053
4955
5054
4956
5055
4957
5056
4958
5057
4959
5058
4960
5059
4961
5060
4962
5061
4963
5062
4964
5063
4965
5064
4966
5065
4967
5066
4968
5067
4969
5068
4970
5069
4971
5070
4972
5071
4973
5072
4974
5073
4975
5074
4976
5075
4977
5076
4978
5077
4979
5078
4980
5079
4981
5080
4982
5081
4983
5082
4984
5083
4985
5084
4986
5085
4987
5086
4988
5087
4989
5088
4990
5089
4991
5090
4992
5091
4993
5092
4994
5093
4995
5094
4996
5095
4997
5096
4998
5097
4999
5098
5000
5099
5001
5100
5002
5101
5003
5102
5004
5103
5005
5104
5006
5105
5007
5106
5008
5107
5009
5108
5010
5109
5011
5110
5012
5111
5013
5112
5014
5113
5015
5114
5016
5115
5017
5116
5018
5117
5019
5118
5020
5119
5021
5120
5022
5121
5023
5122
5024
5123
5025
5124
5026
5125
5027
5126
5028
5127
5029
5128
5030
5129
5031
5130
5032
5131
5033
5132
5034
5133
5035
5134
5036
5135
5037
5136
5038
5137
5039
5138
5040
5139
5041
5140
5042
5141
5043
5142
5044
5143
5045
5144
5046
5145
5047
5146
5048
5147
5049
5148
5149
5051
5150
5052
5151
5053
5152
5054
5153
5055
5154
5056
5155
5057
5156
5058
5157
5059
5158
5060
5159
5061
5160
5062
5161
5063
5162
5064
5163
5065
5164
5066
5165
5067
5166
5068
5167
5069
5168
5070
5169
5071
5170
5072
5171
5073
5172
5074
5173
5075
5174
5076
5175
5077
5176
5078
5177
5079
5178
5080
5179
5081
5180
5082
5181
5083
5182
5084
5183
5085
5184
5086
5185
5087
5186
5088
5187
5089
5188
5090
5189
5091
5190
5092
5191
5093
5192
5094
5193
5095
5194
5096
5195
5097
5196
5098
5197
5099
5198
5100
5199
5101
5200
5102
5201
5103
5202
5104
5203
5105
5204
5106
5205
5107
5206
5108
5207
5109
5208
5110
5209
5111
5210
5112
5211
5113
5212
5114
5213
5115
5214
5116
5215
5117
5216
5118
5217
5119
5218
5120
5219
5121
5220
5122
5221
5123
5222
5124
5223
5125
5224
5126
5225
5127
5226
5128
5227
5129
5228
5130
5229
5131
5230
5132
5231
5133
5232
5134
5233
5135
5234
5136
5235
5137
5236
5138
5237
5139
5238
5140
5239
5141
5240
5142
5241
5143
5242
5144
5243
5145
5244
5146
5245
5147
5246
5148
5247
5149
5248
5249
5151
5152
5153
5154
5155
5156
5157
5158
5159
5160
5161
5162
5163
5164
5165
5166
5167
5168
5169
5170
5171
5172
5173
5174
5175
5176
5177
5178
5179
5180
5181
5182
5183
5184
5185
5186
5187
5188
5189
5190
5191
5192
5193
5194
5195
5196
5197
5198
5199
5200
5201
5202
5203
5204
5205
5206
5207
5208
5209
5210
5211
5212
5213
5214
5215
5216
5217
5218
5219
5220
5221
5222
5223
5224
5225
5226
5227
5228
5229
5230
5231
5232
5233
5234
5235
5236
5237
5238
5239
5240
5241
5242
5243
5244
5245
5246
5247
5248
5249
)


// ************************************************************************* //
