/*--------------------------------*- C++ -*----------------------------------*\
| =========                 |                                                 |
| \\      /  F ield         | OpenFOAM: The Open Source CFD Toolbox           |
|  \\    /   O peration     | Version:  2112                                  |
|   \\  /    A nd           | Website:  www.openfoam.com                      |
|    \\/     M anipulation  |                                                 |
\*---------------------------------------------------------------------------*/
FoamFile
{
    version     2.0;
    format      ascii;
    arch        "LSB;label=32;scalar=64";
    class       volScalarField;
    location    "5";
    object      Ma;
}
// * * * * * * * * * * * * * * * * * * * * * * * * * * * * * * * * * * * * * //

dimensions      [0 0 0 0 0 0 0];

internalField   nonuniform List<scalar> 
5250
(
2.99999
2.99997
2.99988
2.99975
2.99924
2.99852
2.99574
2.99109
2.97588
2.942
2.85748
2.62254
2.17843
1.21959
0.532791
0.259886
0.314891
0.328197
0.292237
0.23638
0.186782
0.147366
0.108025
0.0656937
0.0348785
2.99999
2.99997
2.99988
2.99976
2.99926
2.99854
2.9958
2.99124
2.97626
2.94312
2.85995
2.62938
2.19168
1.24006
0.543964
0.261513
0.317784
0.332111
0.296565
0.24176
0.193372
0.15518
0.117783
0.0798004
0.0560616
2.99999
2.99997
2.99988
2.99976
2.99928
2.99859
2.99591
2.99155
2.977
2.94549
2.86511
2.64412
2.22067
1.28676
0.570296
0.268614
0.32674
0.343236
0.308767
0.256222
0.210117
0.174398
0.140749
0.109101
0.0910042
2.99999
2.99997
2.99989
2.99978
2.99931
2.99865
2.99608
2.992
2.97808
2.949
2.87273
2.66625
2.26486
1.36111
0.61124
0.282637
0.342452
0.362041
0.329011
0.279257
0.235626
0.20246
0.172419
0.145426
0.129866
2.99999
2.99997
2.9999
2.99979
2.99935
2.99874
2.9963
2.99256
2.97946
2.95337
2.88228
2.6942
2.32159
1.46196
0.665364
0.3079
0.367081
0.389049
0.357376
0.310462
0.268662
0.237734
0.210513
0.186684
0.172452
2.99999
2.99998
2.9999
2.99981
2.9994
2.99884
2.99656
2.99319
2.98097
2.95825
2.89281
2.72582
2.38712
1.5879
0.735566
0.351328
0.404607
0.425734
0.39536
0.351341
0.310393
0.280862
0.256017
0.234748
0.221826
3
2.99998
2.99991
2.99982
2.99945
2.99893
2.99683
2.99377
2.98239
2.96236
2.90157
2.75425
2.44118
1.72156
0.797894
0.383232
0.434207
0.455104
0.431255
0.394025
0.356892
0.330045
0.308718
0.291363
0.282124
3
2.99998
2.99992
2.99984
2.99949
2.99901
2.99707
2.99428
2.98356
2.96582
2.90867
2.7792
2.48371
1.80236
0.880742
0.430718
0.457921
0.473123
0.463218
0.435041
0.405175
0.384158
0.36905
0.358802
0.359167
3
2.99998
2.99993
2.99985
2.99954
2.99911
2.99734
2.99482
2.98493
2.9692
2.91638
2.80243
2.52844
1.89191
0.983763
0.490659
0.473342
0.489146
0.491382
0.473531
0.453563
0.441524
0.436344
0.440457
0.465378
3
2.99999
2.99994
2.99987
2.99961
2.99922
2.99771
2.99544
2.98707
2.97264
2.92667
2.8209
2.57867
1.97493
1.09021
0.55804
0.487133
0.506465
0.518455
0.511311
0.503053
0.501244
0.512304
0.546708
0.639423
3
2.99999
2.99996
2.99988
2.99975
2.99929
2.99846
2.99594
2.99022
2.9757
2.93762
2.85325
2.59926
2.135
1.18479
0.637603
0.500182
0.523633
0.544708
0.548053
0.550184
0.562359
0.596698
0.674295
0.844917
3
2.99999
2.99996
2.99991
2.99971
2.99941
2.99828
2.99654
2.99042
2.97901
2.94526
2.8636
2.68087
2.18638
1.38792
0.732057
0.525139
0.548097
0.573461
0.584425
0.596273
0.621601
0.674487
0.77397
0.955282
3
2.99999
2.99996
2.99992
2.99974
2.99949
2.99846
2.997
2.99119
2.98241
2.95094
2.89114
2.72783
2.33818
1.59223
0.839855
0.567757
0.586018
0.607284
0.622709
0.640928
0.677168
0.739367
0.838843
0.99289
3
3
2.99997
2.99993
2.99978
2.99957
2.99871
2.9975
2.99265
2.98544
2.95907
2.91202
2.77337
2.46925
1.80135
0.95735
0.628316
0.632034
0.646869
0.664428
0.685278
0.723899
0.788944
0.879509
1.00822
3
3
2.99998
2.99995
2.99982
2.99965
2.99896
2.99799
2.99411
2.9883
2.96771
2.92765
2.8206
2.54581
2.01016
1.08112
0.697816
0.667255
0.683729
0.70316
0.726876
0.764796
0.82703
0.909423
1.01831
3
3
2.99998
2.99996
2.99986
2.99973
2.99919
2.99842
2.99546
2.9907
2.97485
2.94128
2.85528
2.62347
2.18492
1.27636
0.804305
0.696641
0.711357
0.732395
0.762324
0.7994
0.85518
0.93211
1.02685
3
3
2.99999
2.99997
2.99989
2.99978
2.99935
2.99873
2.99627
2.99262
2.97952
2.95486
2.88505
2.70603
2.3482
1.5284
0.943481
0.740938
0.741339
0.760929
0.79362
0.832952
0.881971
0.949363
1.03378
3.00001
3
2.99999
2.99998
2.99992
2.99983
2.99949
2.99902
2.99711
2.99437
2.98393
2.96671
2.91197
2.78814
2.51352
1.88148
1.11856
0.8165
0.788843
0.799386
0.825586
0.86323
0.909874
0.968256
1.04121
3.00001
3
3
2.99998
2.99994
2.99988
2.99962
2.99926
2.99784
2.99575
2.98802
2.97482
2.93321
2.83818
2.62326
2.07926
1.29007
0.895219
0.830862
0.83921
0.860249
0.893146
0.935541
0.988226
1.05165
3.00001
3
3
2.99999
2.99997
2.99989
2.99978
2.99936
2.99872
2.99647
2.99239
2.98013
2.95175
2.88335
2.69412
2.32888
1.52634
1.02136
0.872561
0.871957
0.890651
0.922274
0.960526
1.00676
1.06237
3.00001
3.00001
3
2.99999
2.99998
2.99992
2.99983
2.9995
2.99903
2.99715
2.99442
2.98416
2.96708
2.91378
2.79446
2.52139
1.92667
1.20266
0.939279
0.915795
0.926401
0.95359
0.990399
1.03018
1.07641
3.00001
3.00001
3
3
2.99998
2.99995
2.99986
2.99971
2.99915
2.99831
2.99519
2.99019
2.97351
2.93982
2.85191
2.6327
2.16743
1.39865
1.02227
0.951697
0.958821
0.98097
1.01521
1.05312
1.095
3.00001
3.00001
3
3
2.99999
2.99996
2.99992
2.99974
2.99949
2.99851
2.99705
2.99165
2.98279
2.95388
2.89308
2.74203
2.37426
1.67584
1.16107
1.00454
0.995228
1.00825
1.03507
1.07152
1.11153
3.00001
3.00001
3.00001
3
2.99999
2.99998
2.99993
2.99986
2.99957
2.99915
2.99755
2.99515
2.98647
2.97165
2.92588
2.82382
2.59143
2.05942
1.35443
1.08087
1.03801
1.04314
1.06203
1.09141
1.12771
3.00001
3.00001
3.00001
3
3
2.99999
2.99995
2.9999
2.9997
2.99941
2.99828
2.99666
2.99054
2.98066
2.9485
2.87881
2.71648
2.2965
1.61628
1.18938
1.0774
1.07346
1.08664
1.11302
1.14669
3.00001
3.00001
3.00001
3.00001
3
2.99999
2.99997
2.99993
2.9998
2.9996
2.99883
2.99772
2.99346
2.987
2.96422
2.92341
2.80579
2.5558
1.9818
1.36975
1.13903
1.10659
1.11235
1.13326
1.16351
3.00001
3.00001
3.00001
3.00001
3
3
2.99999
2.99995
2.99989
2.99968
2.99938
2.99821
2.99645
2.99029
2.9793
2.94674
2.87097
2.70446
2.26275
1.59106
1.22776
1.14692
1.14234
1.15494
1.17843
3.00001
3.00001
3.00001
3.00001
3.00001
3
2.99999
2.99997
2.99993
2.99978
2.99957
2.99875
2.99759
2.99305
2.98631
2.96226
2.91951
2.79812
2.53265
1.9576
1.38512
1.19536
1.17308
1.17973
1.19989
3.00001
3.00001
3.00001
3.00001
3.00001
3
3
2.99998
2.99996
2.99986
2.99972
2.9992
2.99843
2.99551
2.99114
2.9755
2.94828
2.86897
2.69356
2.29154
1.62752
1.28816
1.20963
1.20533
1.21703
3.00001
3.00001
3.00001
3.00001
3.00001
3.00001
3
2.99999
2.99997
2.99993
2.99979
2.99958
2.9988
2.99762
2.99334
2.98653
2.96393
2.92115
2.80514
2.54961
1.99022
1.45374
1.26319
1.23684
1.24012
3.00001
3.00001
3.00001
3.00001
3.00001
3.00001
3
3
2.99998
2.99996
2.99987
2.99973
2.99922
2.99849
2.99569
2.99156
2.9766
2.95127
2.8764
2.71304
2.34109
1.69168
1.36017
1.2738
1.2657
3.00001
3.00001
3.00001
3.00001
3.00001
3.00001
3
3
2.99999
2.99998
2.99992
2.99984
2.99953
2.99908
2.99738
2.9949
2.98582
2.97106
2.92492
2.82615
2.60487
2.09901
1.54807
1.33427
1.30132
3.00001
3.00001
3.00001
3.00001
3.00001
3.00001
3.00001
3
3
2.99999
2.99996
2.99988
2.99976
2.99932
2.99865
2.99623
2.99243
2.9795
2.95639
2.8902
2.74525
2.4019
1.80887
1.44049
1.33835
3.00001
3.00001
3.00001
3.00001
3.00001
3.00001
3.00001
3.00001
3
3
2.99998
2.99994
2.99983
2.99966
2.99903
2.99807
2.99466
2.98915
2.97119
2.93819
2.84374
2.65446
2.17346
1.64141
1.40686
3.00001
3.00001
3.00001
3.00001
3.00001
3.00001
3.00001
3.00001
3
3
2.99999
2.99997
2.9999
2.99979
2.9994
2.99884
2.99668
2.99355
2.98205
2.96345
2.90594
2.78567
2.50713
1.94215
1.54423
3.00001
3.00001
3.00001
3.00001
3.00001
3.00001
3.00001
3.00001
3.00001
3
3
2.99998
2.99994
2.99988
2.99965
2.99932
2.99806
2.99624
2.98945
2.97898
2.94443
2.87637
2.71198
2.32087
1.75941
3.00001
3.00001
3.00001
3.00001
3.00001
3.00001
3.00001
3.00001
3.00001
3
3
2.99999
2.99998
2.99992
2.99984
2.99953
2.99908
2.99744
2.99494
2.98632
2.97144
2.92783
2.8304
2.62307
2.12857
3.00001
3.00001
3.00001
3.00001
3.00001
3.00001
3.00001
3.00001
3.00001
3.00001
3
3
2.99999
2.99996
2.99991
2.99973
2.99947
2.99849
2.99707
2.99193
2.98362
2.95747
2.902
2.77554
2.44351
3.00001
3.00001
3.00001
3.00001
3.00001
3.00001
3.00001
3.00001
3.00001
3.00001
3.00001
3
3
2.99998
2.99994
2.99987
2.99964
2.99929
2.99801
2.99607
2.98927
2.97797
2.9435
2.87126
2.70238
3.00001
3.00001
3.00001
3.00001
3.00001
3.00001
3.00001
3.00001
3.00001
3.00001
3.00001
3
3
2.99999
2.99997
2.99993
2.99979
2.99959
2.99885
2.99777
2.99377
2.98776
2.96727
2.93053
2.83288
3.00001
3.00001
3.00001
3.00001
3.00001
3.00001
3.00001
3.00001
3.00001
3.00001
3.00001
3.00001
3
3
2.99999
2.99996
2.99989
2.99977
2.99935
2.99874
2.99648
2.99307
2.98133
2.96127
2.90237
3.00001
3.00001
3.00001
3.00001
3.00001
3.00001
3.00001
3.00001
3.00001
3.00001
3.00001
3.00001
3.00001
3
3
2.99998
2.99995
2.99985
2.9997
2.99915
2.99831
2.99541
2.99072
2.97563
2.94833
3.00001
3.00001
3.00001
3.00001
3.00001
3.00001
3.00001
3.00001
3.00001
3.00001
3.00001
3.00001
3.00001
3
3
2.99999
2.99997
2.99991
2.99982
2.99949
2.999
2.99721
2.99455
2.98513
2.96996
3.00001
3.00001
3.00001
3.00001
3.00001
3.00001
3.00001
3.00001
3.00001
3.00001
3.00001
3.00001
3.00001
3.00001
3
3
2.99998
2.99994
2.99988
2.99965
2.99931
2.99802
2.99615
2.98919
2.97835
3.00001
3.00001
3.00001
3.00001
3.00001
3.00001
3.00001
3.00001
3.00001
3.00001
3.00001
3.00001
3.00001
3.00001
3
3
2.99999
2.99996
2.99989
2.99977
2.99933
2.99869
2.99625
2.99247
2.97964
3.00001
3.00001
3.00001
3.00001
3.00001
3.00001
3.00001
3.00001
3.00001
3.00001
3.00001
3.00001
3.00001
3.00001
3
3
2.99999
2.99997
2.9999
2.99979
2.99937
2.99879
2.99643
2.99299
2.98037
3.00001
3.00001
3.00001
3.00001
3.00001
3.00001
3.00001
3.00001
3.00001
3.00001
3.00001
3.00001
3.00001
3.00001
3
3
2.99999
2.99997
2.99991
2.99981
2.99944
2.99888
2.99683
2.99331
2.98213
3.00001
3.00001
3.00001
3.00001
3.00001
3.00001
3.00001
3.00001
3.00001
3.00001
3.00001
3.00001
3.00001
3.00001
3.00001
3
2.99999
2.99997
2.99992
2.99977
2.99953
2.99863
2.9972
2.99229
2.98288
3.00001
3.00001
3.00001
3.00001
3.00001
3.00001
3.00001
3.00001
3.00001
3.00001
3.00001
3.00001
3.00001
3.00001
3
3
2.99999
2.99997
2.99991
2.99982
2.99945
2.9989
2.9969
2.9934
2.98237
3.00001
3.00001
3.00001
3.00001
3.00001
3.00001
3.00001
3.00001
3.00001
3.00001
3.00001
3.00001
3.00001
3.00001
3
3
2.99999
2.99997
2.9999
2.99981
2.99942
2.99887
2.99663
2.99333
2.98127
1.06574
1.14365
0.888716
0.396943
0.175082
0.179188
0.300898
0.397553
0.463443
0.496248
0.509839
0.517604
0.52664
0.539127
0.554315
0.570553
0.586958
0.603738
0.621044
0.638158
0.654931
0.672166
0.688911
0.701851
0.708889
0.712355
0.711554
0.701891
0.678908
0.643532
0.598096
0.546898
0.492221
0.436594
0.381396
0.328327
0.277956
0.230576
0.184395
0.140984
0.0997356
0.0610477
0.0311794
0.0311582
0.0603513
0.0933142
0.124727
0.154755
0.183006
0.20948
0.236953
0.264864
0.291821
0.317211
0.342109
0.365886
0.389436
0.41194
0.434307
0.455674
0.47697
0.497299
0.517604
0.536963
0.556334
0.574772
0.593236
0.61078
0.628334
0.64499
0.661592
0.67734
0.69288
0.707645
0.72195
0.73555
0.748437
0.760583
0.77185
0.782209
0.791573
0.79976
0.80659
0.812564
0.818206
0.823164
0.827106
0.830201
0.832685
0.835367
0.837946
0.841156
0.844947
0.849685
0.854792
0.860089
0.865919
0.871695
0.876926
0.883143
1.10472
1.13417
1.00873
0.794586
0.509694
0.412027
0.313758
0.223165
0.129202
0.0546312
0.0948373
0.165873
0.228322
0.278561
0.317957
0.348144
0.371273
0.391802
0.411872
0.43157
0.450835
0.469879
0.488201
0.503155
0.511651
0.515113
0.514128
0.503312
0.477914
0.438485
0.390278
0.337304
0.28278
0.228536
0.176839
0.129661
0.0885901
0.0614087
0.0571947
0.0788748
0.110009
0.14176
0.172676
0.201579
0.230932
0.260021
0.288452
0.315809
0.341912
0.366319
0.390902
0.416063
0.440828
0.464085
0.486729
0.508514
0.530021
0.550738
0.571203
0.590921
0.61043
0.629214
0.647849
0.66575
0.683548
0.700624
0.717615
0.733926
0.750091
0.765633
0.780919
0.795638
0.809984
0.823751
0.83704
0.849692
0.861739
0.873077
0.883653
0.893426
0.902311
0.910184
0.916841
0.922727
0.928352
0.933432
0.93767
0.941183
0.944304
0.947428
0.950571
0.954133
0.958272
0.963146
0.968362
0.973522
0.979311
0.984909
0.989857
0.995621
1.11021
1.16965
1.15695
1.06298
0.913064
0.78472
0.695385
0.616899
0.531148
0.442631
0.356627
0.27875
0.207448
0.143337
0.0881939
0.0528822
0.0647586
0.0998742
0.137529
0.172481
0.205029
0.234846
0.262133
0.283611
0.294518
0.296581
0.292426
0.279871
0.252758
0.21351
0.171234
0.130627
0.102164
0.0942683
0.108415
0.135447
0.166737
0.198935
0.229061
0.259021
0.28879
0.317498
0.345073
0.371191
0.39691
0.422024
0.446765
0.470686
0.49369
0.515187
0.53642
0.558248
0.580272
0.601054
0.621152
0.640565
0.659708
0.678252
0.696596
0.714298
0.731883
0.748821
0.765695
0.781938
0.798128
0.813725
0.829196
0.84414
0.85886
0.873134
0.887091
0.900612
0.913734
0.926369
0.938511
0.950114
0.961116
0.971483
0.981164
0.990092
0.998251
1.00553
1.01175
1.01726
1.02256
1.02744
1.03162
1.03532
1.03869
1.04207
1.04549
1.04915
1.05332
1.05793
1.06273
1.06758
1.07296
1.07809
1.08263
1.08761
1.12091
1.20025
1.23381
1.20994
1.13802
1.05421
0.976495
0.907676
0.841383
0.764523
0.68482
0.60992
0.54031
0.475009
0.413854
0.356836
0.302834
0.252965
0.206833
0.165258
0.127727
0.0931889
0.061972
0.0370897
0.0327402
0.0437018
0.0474699
0.0474693
0.0580071
0.0989154
0.141836
0.184584
0.22612
0.263725
0.298375
0.33052
0.360719
0.388694
0.414853
0.439806
0.464266
0.487734
0.510503
0.532235
0.553585
0.574357
0.594947
0.614896
0.634307
0.652324
0.66995
0.687924
0.706684
0.724597
0.74198
0.758567
0.775111
0.791043
0.807035
0.822388
0.83782
0.852633
0.867501
0.881822
0.896126
0.909972
0.923723
0.937087
0.950287
0.963127
0.975727
0.987956
0.999828
1.01128
1.02228
1.03276
1.04269
1.052
1.0607
1.0687
1.07604
1.08267
1.08846
1.09359
1.09866
1.10341
1.1078
1.11183
1.11579
1.11972
1.12374
1.12784
1.13231
1.13686
1.14162
1.14632
1.15154
1.1563
1.16036
1.16523
1.12528
1.21072
1.26669
1.28435
1.26199
1.21485
1.16239
1.10908
1.05728
1.00194
0.940699
0.878746
0.816429
0.755128
0.69692
0.641768
0.588755
0.53925
0.493036
0.448918
0.406796
0.366952
0.329166
0.294367
0.263155
0.240973
0.231985
0.235066
0.264611
0.307166
0.353686
0.399943
0.440202
0.474469
0.503572
0.529102
0.552062
0.572988
0.59249
0.611139
0.629278
0.646952
0.664212
0.68095
0.697478
0.713739
0.729981
0.746006
0.761777
0.776552
0.790829
0.8052
0.820664
0.835937
0.850925
0.865107
0.87934
0.893065
0.906913
0.920313
0.933751
0.946809
0.959821
0.972526
0.985131
0.997432
1.00962
1.02147
1.03317
1.04453
1.05567
1.06643
1.07687
1.08686
1.0965
1.10558
1.11422
1.12224
1.12979
1.13665
1.14308
1.14883
1.15415
1.1588
1.16347
1.16794
1.17242
1.17667
1.18109
1.18548
1.19008
1.19444
1.19906
1.20359
1.20847
1.21297
1.21777
1.22194
1.22548
1.22972
1.12502
1.21159
1.27724
1.31737
1.32854
1.31053
1.27962
1.24455
1.20677
1.16715
1.12315
1.07683
1.02889
0.977829
0.928038
0.878684
0.831492
0.785802
0.742059
0.699069
0.658543
0.618747
0.579482
0.541902
0.509105
0.482966
0.465247
0.461472
0.481402
0.520325
0.564976
0.608636
0.646595
0.675988
0.697627
0.714208
0.728348
0.740895
0.75313
0.764822
0.776702
0.78833
0.800166
0.811787
0.82366
0.835426
0.847556
0.859639
0.871985
0.883604
0.894854
0.90595
0.918188
0.930821
0.943496
0.95553
0.967622
0.979362
0.991269
1.00296
1.01472
1.02627
1.0378
1.04913
1.06038
1.07144
1.08234
1.09305
1.10353
1.11378
1.1238
1.13343
1.14286
1.15176
1.16039
1.16837
1.17602
1.18293
1.1895
1.19535
1.20096
1.20596
1.21091
1.21536
1.21999
1.22447
1.22935
1.23415
1.23935
1.24442
1.24988
1.2549
1.26026
1.26502
1.27015
1.2746
1.27927
1.28307
1.28624
1.29032
1.1227
1.20563
1.27651
1.3282
1.35805
1.36498
1.35392
1.33319
1.30922
1.28207
1.2516
1.21747
1.18231
1.14401
1.10513
1.06547
1.02434
0.985767
0.947073
0.908864
0.87028
0.832691
0.792198
0.755927
0.719892
0.687171
0.655795
0.643588
0.660977
0.699342
0.74428
0.788271
0.825103
0.853837
0.87111
0.879842
0.884381
0.888034
0.892385
0.897511
0.90361
0.910051
0.917187
0.924493
0.932419
0.940507
0.949202
0.95808
0.967564
0.976715
0.985561
0.994144
1.00368
1.01397
1.02474
1.03514
1.04553
1.05567
1.06591
1.07603
1.0862
1.09627
1.10629
1.11623
1.12605
1.13578
1.1454
1.15486
1.16418
1.1732
1.18201
1.19039
1.19851
1.20609
1.21337
1.22003
1.22636
1.23206
1.23752
1.2424
1.24724
1.25165
1.25625
1.2606
1.26539
1.27006
1.27539
1.28064
1.28663
1.29231
1.29855
1.30414
1.31013
1.31526
1.32064
1.32512
1.32967
1.33315
1.33591
1.33956
1.12126
1.19911
1.26878
1.32741
1.3687
1.39176
1.3975
1.3916
1.37755
1.36092
1.34098
1.31772
1.29223
1.26456
1.23434
1.20577
1.17263
1.14179
1.10871
1.07671
1.04163
1.00616
0.967374
0.930391
0.890123
0.845743
0.800855
0.783012
0.799363
0.836716
0.883474
0.929631
0.967695
0.996736
1.0162
1.02359
1.02132
1.01644
1.0124
1.01052
1.01085
1.01274
1.01586
1.01963
1.02432
1.02933
1.03513
1.04122
1.04805
1.05502
1.0618
1.06839
1.07543
1.08349
1.0923
1.10122
1.1101
1.11892
1.12777
1.13664
1.14555
1.1545
1.16344
1.17237
1.18123
1.18998
1.19863
1.20707
1.21536
1.22331
1.23102
1.23827
1.24526
1.25168
1.25782
1.26337
1.26869
1.27344
1.27808
1.28227
1.28655
1.29065
1.29505
1.29956
1.30454
1.30968
1.31554
1.32143
1.32814
1.33447
1.34144
1.34775
1.35441
1.36026
1.36621
1.37118
1.37609
1.3797
1.38245
1.3859
1.12241
1.19395
1.2613
1.32008
1.36866
1.40217
1.42128
1.42667
1.4234
1.41383
1.4012
1.38709
1.36968
1.35161
1.32845
1.30787
1.28308
1.25969
1.23296
1.20621
1.17444
1.14209
1.1059
1.06737
1.01921
0.956957
0.900665
0.883433
0.901739
0.939036
0.985995
1.03466
1.0768
1.10529
1.1276
1.13916
1.14064
1.13272
1.12174
1.11244
1.10573
1.10208
1.10047
1.10086
1.10243
1.10482
1.10807
1.11183
1.11633
1.12134
1.12654
1.1315
1.13668
1.1427
1.14976
1.15733
1.16495
1.17267
1.18036
1.18814
1.19593
1.20376
1.21163
1.21947
1.22734
1.2351
1.24281
1.25033
1.25768
1.26468
1.27141
1.27766
1.28357
1.2889
1.29392
1.29839
1.30267
1.30657
1.31048
1.31425
1.31825
1.32239
1.32703
1.33191
1.33758
1.34337
1.35013
1.35683
1.36432
1.37137
1.37905
1.38608
1.39348
1.40005
1.40673
1.41236
1.41785
1.42206
1.42497
1.42822
1.12548
1.19123
1.2545
1.31288
1.363
1.40351
1.4314
1.44753
1.45208
1.45041
1.44306
1.43428
1.4229
1.41161
1.39654
1.38146
1.36338
1.346
1.32551
1.30301
1.27483
1.2452
1.21061
1.1673
1.10678
1.02591
0.965204
0.952593
0.973387
1.00987
1.0579
1.11124
1.15574
1.18763
1.20752
1.22267
1.23017
1.22923
1.21998
1.20625
1.19356
1.18304
1.176
1.17177
1.17
1.16982
1.17086
1.17279
1.17534
1.17868
1.18239
1.18616
1.18988
1.19409
1.19936
1.20558
1.21221
1.21896
1.22585
1.2328
1.23982
1.24691
1.25398
1.26109
1.26811
1.27507
1.2819
1.28852
1.29491
1.30092
1.30663
1.31183
1.3167
1.32102
1.32509
1.3287
1.33227
1.33557
1.33914
1.34269
1.34683
1.35117
1.35634
1.36176
1.36817
1.37473
1.38232
1.3896
1.3977
1.40533
1.41357
1.42122
1.42923
1.43644
1.44382
1.45013
1.45637
1.46122
1.46477
1.46794
1.13133
1.19017
1.2497
1.30545
1.35611
1.39943
1.43341
1.45732
1.47062
1.47472
1.4738
1.46845
1.46067
1.45345
1.44371
1.434
1.421
1.40846
1.3916
1.37186
1.34773
1.31945
1.28396
1.23091
1.15015
1.05374
1.0015
0.997791
1.02106
1.05833
1.10981
1.1629
1.20884
1.24299
1.26704
1.28249
1.29347
1.29905
1.29823
1.28982
1.27587
1.26075
1.24764
1.23763
1.23108
1.22707
1.22536
1.22497
1.2258
1.22743
1.22982
1.23259
1.23534
1.23827
1.24191
1.24666
1.2523
1.25825
1.26442
1.27063
1.27696
1.28327
1.28961
1.29589
1.30213
1.30823
1.3142
1.31991
1.32534
1.3304
1.33515
1.33939
1.34331
1.34679
1.35004
1.35309
1.35611
1.35923
1.36264
1.36641
1.37083
1.37576
1.38153
1.38779
1.39499
1.40247
1.41054
1.41857
1.4271
1.43543
1.44413
1.45241
1.46093
1.4688
1.47678
1.48379
1.4907
1.49633
1.5006
1.50403
1.14165
1.19331
1.247
1.3001
1.34898
1.39305
1.43034
1.45923
1.47955
1.49097
1.4945
1.49423
1.48952
1.48481
1.47828
1.47168
1.46381
1.45327
1.43994
1.42044
1.39956
1.36987
1.32817
1.25854
1.15065
1.05265
1.01945
1.02752
1.0521
1.09371
1.14585
1.1984
1.24231
1.27851
1.30582
1.32607
1.33909
1.34786
1.35232
1.35274
1.34587
1.3334
1.31775
1.30304
1.29066
1.28164
1.27563
1.27226
1.27089
1.27092
1.27206
1.27394
1.27618
1.27843
1.28096
1.28435
1.28884
1.29408
1.29956
1.3052
1.31089
1.3166
1.32227
1.32787
1.33337
1.33871
1.34385
1.34866
1.3532
1.35735
1.36113
1.36452
1.36761
1.37044
1.37316
1.37586
1.37875
1.38187
1.3856
1.38983
1.39494
1.40065
1.40738
1.41464
1.42265
1.43077
1.43944
1.44808
1.45718
1.46604
1.47524
1.48402
1.49303
1.5014
1.50989
1.51752
1.52502
1.53134
1.53636
1.54007
1.1547
1.20126
1.24851
1.29716
1.34422
1.38696
1.42536
1.45735
1.48165
1.49898
1.50869
1.51191
1.51189
1.50854
1.50437
1.49913
1.49357
1.48474
1.47277
1.45508
1.43368
1.39938
1.34274
1.24405
1.11966
1.04414
1.03132
1.0457
1.07556
1.12044
1.17229
1.22033
1.26156
1.29725
1.3266
1.3508
1.36895
1.38157
1.38968
1.39382
1.39514
1.39096
1.38076
1.36639
1.35114
1.33744
1.32655
1.31898
1.31433
1.3121
1.31161
1.31241
1.31405
1.31606
1.31807
1.32045
1.3237
1.32797
1.33281
1.33788
1.34301
1.34814
1.3532
1.35811
1.36287
1.36736
1.37158
1.37548
1.37904
1.38221
1.3851
1.38765
1.39013
1.39252
1.39509
1.39775
1.40088
1.4044
1.40872
1.41369
1.41964
1.42635
1.43388
1.44184
1.45027
1.45896
1.46806
1.47722
1.48667
1.49597
1.50548
1.51462
1.52393
1.53268
1.54153
1.54961
1.5576
1.56454
1.57027
1.57432
1.1668
1.20855
1.25298
1.29693
1.34115
1.3829
1.42075
1.45436
1.48186
1.50222
1.51681
1.5248
1.52755
1.52751
1.5247
1.52038
1.51471
1.50636
1.49415
1.47772
1.45009
1.40437
1.3208
1.18949
1.0775
1.04
1.04386
1.06208
1.09533
1.14178
1.18936
1.23262
1.27091
1.3055
1.33544
1.36209
1.38374
1.40225
1.41458
1.42361
1.42801
1.431
1.42998
1.42309
1.41093
1.39636
1.38202
1.36991
1.36097
1.35508
1.35208
1.35105
1.3515
1.35291
1.35475
1.35657
1.35879
1.36177
1.36569
1.37009
1.37466
1.37917
1.38355
1.38773
1.39165
1.39525
1.39854
1.4015
1.40415
1.4065
1.40863
1.41058
1.41265
1.41486
1.41738
1.42021
1.42382
1.42797
1.43322
1.43911
1.44607
1.45341
1.46143
1.46972
1.4786
1.48763
1.49711
1.50656
1.51637
1.52593
1.53578
1.54518
1.5548
1.5638
1.57292
1.5813
1.58958
1.59692
1.60312
1.60742
1.18107
1.21757
1.25744
1.29846
1.33929
1.37963
1.41723
1.45105
1.48071
1.50458
1.52191
1.53416
1.54003
1.5419
1.54081
1.5358
1.52959
1.52076
1.50822
1.48669
1.44831
1.37868
1.25261
1.1173
1.05037
1.04062
1.05135
1.0756
1.1129
1.15706
1.19883
1.23756
1.27313
1.3061
1.33623
1.36397
1.3885
1.41034
1.42793
1.44278
1.45199
1.45894
1.46264
1.46458
1.46161
1.45296
1.43991
1.4261
1.41304
1.4028
1.39556
1.39149
1.3898
1.38984
1.39102
1.39267
1.39452
1.3965
1.39905
1.40226
1.40598
1.40972
1.41331
1.41661
1.4196
1.42213
1.4244
1.42634
1.42802
1.42962
1.43116
1.43291
1.43493
1.43713
1.43978
1.44297
1.44727
1.45239
1.4586
1.46534
1.47281
1.48062
1.48904
1.49773
1.50691
1.51619
1.52586
1.53542
1.54532
1.55488
1.56476
1.57412
1.58375
1.59275
1.60191
1.61037
1.61876
1.62627
1.63279
1.63713
1.1958
1.22946
1.26461
1.30232
1.34034
1.37779
1.41457
1.44847
1.47864
1.50521
1.52537
1.54077
1.55041
1.5541
1.55389
1.548
1.54116
1.5302
1.51291
1.48077
1.42041
1.30762
1.16129
1.06355
1.03812
1.0428
1.05813
1.08685
1.12658
1.16541
1.20249
1.23721
1.27061
1.30203
1.33223
1.36038
1.38693
1.41108
1.43305
1.45246
1.46771
1.48019
1.4881
1.49508
1.49795
1.49917
1.49464
1.48493
1.47133
1.45831
1.44653
1.43818
1.4324
1.42987
1.42895
1.42949
1.43059
1.43201
1.43355
1.43528
1.4375
1.43994
1.4425
1.44471
1.44651
1.44811
1.44944
1.4505
1.45127
1.45207
1.45329
1.45509
1.4572
1.45954
1.46252
1.46635
1.47157
1.47744
1.48416
1.49127
1.49911
1.50723
1.51595
1.5248
1.53412
1.54343
1.55311
1.56264
1.57245
1.58197
1.59172
1.60106
1.61061
1.61963
1.62879
1.63731
1.64581
1.6534
1.66019
1.66455
1.21006
1.24149
1.27358
1.30766
1.34322
1.37869
1.41309
1.44673
1.47687
1.50438
1.52739
1.54466
1.55784
1.56338
1.56331
1.55719
1.54794
1.53341
1.50643
1.45513
1.35751
1.20692
1.08302
1.03783
1.03542
1.04501
1.06712
1.09959
1.13567
1.1699
1.20298
1.23488
1.26622
1.2967
1.32662
1.35529
1.38317
1.40929
1.43415
1.45643
1.47699
1.49441
1.50851
1.51937
1.52776
1.53363
1.53634
1.53568
1.52909
1.51797
1.50445
1.492
1.48136
1.4742
1.46942
1.46741
1.46638
1.46657
1.46701
1.46761
1.4684
1.46933
1.47027
1.47108
1.4717
1.47212
1.47231
1.47238
1.47253
1.47303
1.47445
1.47632
1.47855
1.48126
1.48496
1.48972
1.49544
1.50173
1.50886
1.51641
1.5246
1.53303
1.54191
1.5509
1.56023
1.56956
1.57915
1.58861
1.59826
1.60766
1.61721
1.62639
1.63571
1.64457
1.65353
1.66193
1.67032
1.67795
1.68482
1.68931
1.2274
1.2561
1.28568
1.31594
1.34811
1.38155
1.41431
1.44622
1.47643
1.50351
1.52864
1.54725
1.56274
1.56922
1.56834
1.56098
1.54943
1.52651
1.484
1.40225
1.25742
1.111
1.04285
1.03152
1.03687
1.05262
1.07874
1.11056
1.14169
1.17203
1.20199
1.23201
1.26197
1.292
1.32161
1.35093
1.37954
1.40711
1.43392
1.45891
1.48293
1.50402
1.52359
1.53905
1.5522
1.562
1.57
1.57418
1.57558
1.57257
1.56375
1.55094
1.53741
1.52525
1.51548
1.50844
1.5041
1.50142
1.49986
1.49887
1.498
1.49728
1.49657
1.4959
1.49515
1.4944
1.49365
1.49301
1.49283
1.49367
1.49533
1.49734
1.49993
1.50327
1.50792
1.51313
1.51937
1.5261
1.53364
1.54148
1.54996
1.55855
1.56758
1.57657
1.5859
1.59512
1.6046
1.61392
1.6234
1.63266
1.64198
1.65101
1.66005
1.66878
1.67749
1.68581
1.69396
1.70145
1.70818
1.7125
1.24008
1.26989
1.29835
1.32654
1.35535
1.38596
1.41697
1.44749
1.47722
1.50366
1.52897
1.54885
1.56494
1.57089
1.56724
1.55758
1.54009
1.50414
1.43624
1.30862
1.15282
1.05559
1.03079
1.03271
1.0419
1.06238
1.09006
1.11862
1.14615
1.17414
1.20216
1.23099
1.26011
1.2899
1.31949
1.34946
1.37856
1.40767
1.43539
1.46271
1.48817
1.51257
1.53452
1.55462
1.57163
1.58558
1.59683
1.60586
1.61172
1.6139
1.61337
1.60723
1.59622
1.5822
1.56807
1.5557
1.54588
1.53868
1.53351
1.52976
1.52677
1.52417
1.52179
1.51961
1.51756
1.51581
1.51432
1.51349
1.51365
1.515
1.51687
1.51906
1.52215
1.52614
1.53139
1.5372
1.54393
1.55101
1.55882
1.56681
1.57539
1.58395
1.59297
1.60184
1.61109
1.62009
1.62941
1.63842
1.64767
1.65657
1.66568
1.67444
1.68331
1.69178
1.70024
1.70829
1.7162
1.72347
1.73004
1.73426
1.25807
1.28445
1.31192
1.3392
1.36578
1.39276
1.42132
1.44972
1.47864
1.50456
1.52943
1.54925
1.56427
1.56644
1.55921
1.54544
1.5171
1.45999
1.35271
1.19997
1.08357
1.04105
1.03738
1.04253
1.056
1.07762
1.10322
1.12872
1.1544
1.18051
1.20761
1.23543
1.26415
1.2933
1.32291
1.35257
1.38197
1.41117
1.43951
1.46739
1.49384
1.51947
1.54317
1.56561
1.58548
1.60361
1.61804
1.63053
1.63982
1.6471
1.65022
1.65129
1.64798
1.63888
1.62511
1.60957
1.5946
1.58147
1.57092
1.56261
1.55622
1.55094
1.5466
1.5428
1.53957
1.53707
1.53538
1.5343
1.53541
1.53691
1.53873
1.54117
1.5449
1.5497
1.55558
1.56184
1.5689
1.57616
1.58403
1.592
1.60044
1.60888
1.61766
1.62636
1.63532
1.64415
1.65318
1.66204
1.67107
1.6798
1.68861
1.69702
1.70551
1.71359
1.72172
1.7294
1.73699
1.74394
1.75022
1.75427
1.27392
1.2949
1.32357
1.35057
1.37745
1.40299
1.42945
1.45455
1.48141
1.50627
1.52948
1.54824
1.55787
1.55479
1.54309
1.51989
1.47353
1.3825
1.24272
1.11933
1.06354
1.05255
1.05548
1.06305
1.07777
1.09839
1.12076
1.14356
1.16746
1.19213
1.21824
1.24498
1.27296
1.30134
1.33049
1.35953
1.38876
1.41731
1.44578
1.47311
1.50029
1.52594
1.55116
1.57449
1.59692
1.61687
1.63535
1.65044
1.66334
1.67319
1.68101
1.68539
1.68687
1.68541
1.67846
1.66563
1.64857
1.63052
1.61359
1.59907
1.58731
1.57809
1.57082
1.56542
1.56124
1.5582
1.5568
1.55586
1.55723
1.55889
1.56101
1.56401
1.5685
1.57376
1.58003
1.58652
1.59372
1.60098
1.60883
1.61668
1.62502
1.63329
1.64194
1.65045
1.65929
1.66797
1.67686
1.68548
1.69422
1.70265
1.71116
1.71933
1.72755
1.7354
1.74321
1.7506
1.75781
1.76437
1.77021
1.77396
1.29896
1.31156
1.33441
1.36119
1.38738
1.41223
1.43783
1.46243
1.48679
1.5096
1.52984
1.5438
1.5445
1.53393
1.51434
1.47487
1.39741
1.27218
1.15213
1.09183
1.07547
1.07588
1.0805
1.08898
1.10297
1.12049
1.13962
1.16025
1.18245
1.20615
1.23103
1.25706
1.28393
1.31166
1.33976
1.36825
1.39635
1.42457
1.45206
1.47945
1.50615
1.5323
1.55762
1.582
1.60501
1.62676
1.64668
1.66463
1.68055
1.69324
1.70363
1.71067
1.71522
1.71646
1.71583
1.71053
1.69902
1.68217
1.66212
1.64242
1.62445
1.60984
1.59831
1.5898
1.58443
1.58051
1.57908
1.5796
1.581
1.58275
1.58548
1.58924
1.59423
1.5997
1.60608
1.61264
1.61979
1.627
1.63468
1.64242
1.65052
1.65863
1.66701
1.67538
1.68387
1.6922
1.70063
1.70886
1.71718
1.72524
1.73336
1.74115
1.74898
1.7564
1.7638
1.77069
1.77739
1.78337
1.78859
1.79191
1.32646
1.33198
1.34921
1.37366
1.39845
1.422
1.4459
1.46901
1.49149
1.51163
1.52737
1.531
1.52162
1.50386
1.46849
1.39882
1.2857
1.17567
1.11788
1.10139
1.10038
1.10473
1.1107
1.11949
1.13069
1.14433
1.16013
1.17845
1.19863
1.22102
1.24501
1.27019
1.29629
1.32297
1.34997
1.37752
1.40479
1.43238
1.45939
1.48632
1.51263
1.53856
1.5637
1.58834
1.61165
1.63434
1.65511
1.67487
1.6923
1.70785
1.72061
1.73049
1.7368
1.74014
1.74147
1.74124
1.73661
1.72653
1.711
1.69169
1.67057
1.65084
1.6344
1.62097
1.6123
1.60661
1.60417
1.6047
1.60626
1.60831
1.61144
1.6157
1.62107
1.62665
1.63289
1.63926
1.64625
1.65328
1.66079
1.66829
1.6762
1.68408
1.69218
1.70006
1.70812
1.71596
1.72397
1.73175
1.73967
1.74731
1.75503
1.76241
1.7698
1.77681
1.78366
1.79006
1.79605
1.80139
1.80574
1.80861
1.36103
1.35721
1.36598
1.38439
1.41015
1.43336
1.4559
1.47726
1.49638
1.51206
1.51634
1.5081
1.48976
1.45613
1.3902
1.28568
1.18495
1.13501
1.12139
1.12322
1.12893
1.13617
1.14377
1.15067
1.15837
1.16833
1.18112
1.19705
1.21562
1.23676
1.25977
1.284
1.30919
1.33467
1.36087
1.38713
1.41374
1.44033
1.46668
1.49296
1.51879
1.54429
1.56938
1.59366
1.61744
1.63992
1.66165
1.68172
1.70054
1.71744
1.73234
1.7447
1.75425
1.75953
1.76237
1.76342
1.76248
1.75761
1.74822
1.73481
1.71715
1.69763
1.67865
1.66183
1.6489
1.6398
1.63507
1.63388
1.63522
1.63683
1.6397
1.64384
1.64924
1.65479
1.661
1.6671
1.67375
1.68038
1.6876
1.6949
1.70256
1.71001
1.71768
1.72518
1.73286
1.74037
1.748
1.75543
1.76293
1.77017
1.7774
1.7843
1.79111
1.79748
1.80364
1.80918
1.81429
1.81851
1.82178
1.82384
1.40755
1.38522
1.38594
1.3983
1.41898
1.44256
1.46357
1.48285
1.49752
1.50254
1.49428
1.47533
1.44118
1.37438
1.27495
1.18175
1.13981
1.13153
1.13788
1.14762
1.15972
1.16975
1.1761
1.1805
1.18568
1.19254
1.2026
1.21632
1.2333
1.25304
1.27482
1.29797
1.32231
1.34678
1.37212
1.39734
1.42317
1.44898
1.47478
1.5006
1.52583
1.55105
1.57541
1.59956
1.62283
1.64547
1.66708
1.68761
1.70671
1.72432
1.73992
1.75348
1.76457
1.77253
1.77713
1.77962
1.78061
1.77935
1.7745
1.76732
1.75686
1.7429
1.72656
1.71002
1.69459
1.68228
1.67345
1.66871
1.66766
1.66854
1.67023
1.67313
1.67785
1.68321
1.68919
1.69523
1.70158
1.70791
1.71466
1.72131
1.72828
1.73512
1.74225
1.74913
1.75634
1.76325
1.77048
1.77735
1.78441
1.79105
1.79776
1.80404
1.81021
1.8159
1.82119
1.82587
1.82975
1.83298
1.83497
1.83657
1.49363
1.42425
1.41346
1.41744
1.43103
1.45129
1.47051
1.48501
1.48958
1.48012
1.46021
1.42391
1.35533
1.25585
1.16919
1.13467
1.1314
1.14009
1.15617
1.17586
1.19094
1.19999
1.20504
1.20864
1.21255
1.21794
1.22597
1.23751
1.2524
1.27071
1.29088
1.31288
1.33587
1.35987
1.3843
1.40903
1.43391
1.45888
1.48397
1.50903
1.53395
1.55851
1.58258
1.60608
1.62893
1.6511
1.67233
1.69263
1.71143
1.72889
1.74451
1.75831
1.77
1.7793
1.78592
1.78993
1.79289
1.79437
1.79426
1.79183
1.78789
1.7809
1.77109
1.75885
1.74536
1.73233
1.72054
1.7115
1.70571
1.70389
1.70421
1.70518
1.70774
1.71167
1.71751
1.72329
1.72972
1.73572
1.74215
1.74818
1.75471
1.76096
1.76767
1.7741
1.78091
1.78739
1.79414
1.80052
1.80701
1.81309
1.81909
1.82466
1.82996
1.83471
1.83888
1.84225
1.84472
1.84654
1.84693
1.84759
1.67326
1.47945
1.44379
1.43965
1.44571
1.45852
1.47447
1.47943
1.46869
1.44645
1.40601
1.33293
1.23144
1.15037
1.12133
1.12302
1.13335
1.15506
1.18211
1.20319
1.21697
1.22541
1.23074
1.23478
1.23911
1.24432
1.25137
1.26132
1.27419
1.28997
1.30837
1.32888
1.35086
1.37377
1.39742
1.42148
1.44579
1.47016
1.49452
1.51881
1.54299
1.56687
1.59034
1.61317
1.63537
1.6567
1.67715
1.69657
1.7146
1.73138
1.74634
1.75984
1.77166
1.78154
1.78993
1.79625
1.80123
1.80549
1.80885
1.81155
1.81284
1.81272
1.8095
1.80396
1.79591
1.78598
1.77435
1.76289
1.75299
1.74627
1.74276
1.74207
1.74241
1.74376
1.74713
1.75213
1.7579
1.76377
1.76973
1.77558
1.78155
1.78749
1.79356
1.79962
1.80572
1.8118
1.81782
1.82376
1.82953
1.8351
1.84032
1.84517
1.84943
1.85303
1.85578
1.85753
1.85864
1.85838
1.85704
1.85742
1.9135
1.58142
1.47708
1.46046
1.45877
1.46437
1.4685
1.46033
1.43483
1.38964
1.30821
1.20417
1.12739
1.10324
1.10773
1.12308
1.15028
1.18173
1.20632
1.22418
1.23714
1.24655
1.25397
1.2602
1.26604
1.27217
1.279
1.2876
1.29842
1.31212
1.32815
1.34664
1.36704
1.38891
1.41154
1.43486
1.45838
1.48213
1.50579
1.52931
1.55264
1.57554
1.59814
1.61997
1.64136
1.66166
1.68125
1.69959
1.71669
1.73245
1.74675
1.75967
1.77118
1.78137
1.79084
1.79911
1.80682
1.81407
1.82075
1.82714
1.83302
1.83737
1.83953
1.84037
1.83884
1.83427
1.82632
1.81599
1.80469
1.79433
1.78596
1.78056
1.77805
1.77781
1.77823
1.78012
1.78404
1.78947
1.79519
1.80102
1.80675
1.81254
1.81818
1.8239
1.82945
1.83506
1.84042
1.84581
1.85076
1.85567
1.85981
1.86377
1.86653
1.8688
1.86969
1.87002
1.86878
1.86706
1.86386
1.86324
2.31901
1.78731
1.55399
1.49339
1.47682
1.46847
1.45526
1.42676
1.37192
1.27851
1.17219
1.10325
1.08427
1.09088
1.1111
1.14283
1.17612
1.20331
1.22434
1.2408
1.25464
1.26647
1.27688
1.28598
1.29415
1.30171
1.30917
1.31731
1.32675
1.33833
1.35223
1.36846
1.38667
1.40674
1.42806
1.45034
1.47299
1.49596
1.51884
1.54155
1.56398
1.58591
1.60744
1.62823
1.64839
1.66748
1.68565
1.70259
1.71831
1.73288
1.74589
1.758
1.76896
1.77958
1.78961
1.79959
1.80964
1.81924
1.82947
1.83861
1.84796
1.85566
1.863
1.86765
1.8701
1.86954
1.86729
1.86214
1.85387
1.8427
1.83155
1.82162
1.8142
1.80976
1.8081
1.80811
1.80911
1.81185
1.81652
1.82193
1.82781
1.83348
1.83916
1.84463
1.84998
1.85521
1.8602
1.86505
1.86941
1.87348
1.87662
1.87926
1.88049
1.88106
1.8804
1.87887
1.87635
1.87234
1.86518
1.86176
2.61252
2.15706
1.71195
1.53512
1.49107
1.46441
1.4258
1.35401
1.24289
1.13532
1.07737
1.06513
1.07419
1.09962
1.1357
1.16928
1.19699
1.21909
1.23764
1.25428
1.26985
1.2844
1.29786
1.30989
1.32062
1.33021
1.33885
1.3473
1.3561
1.36614
1.37799
1.39201
1.40812
1.42613
1.44561
1.46634
1.4877
1.50949
1.53128
1.553
1.57437
1.59525
1.61562
1.63512
1.65387
1.67159
1.68806
1.70347
1.71735
1.73044
1.74213
1.75364
1.76423
1.77533
1.78611
1.79775
1.80925
1.82135
1.83329
1.84513
1.85669
1.86701
1.87678
1.88467
1.8908
1.894
1.89453
1.89256
1.88899
1.88265
1.873
1.86151
1.85068
1.84164
1.8355
1.83228
1.83156
1.83215
1.83393
1.83764
1.84298
1.84853
1.85426
1.85976
1.86502
1.87007
1.87463
1.87904
1.88259
1.88578
1.88768
1.88878
1.88853
1.88741
1.88556
1.88211
1.87618
1.86863
1.85866
1.8537
2.78275
2.48771
1.98812
1.63287
1.50515
1.44156
1.34612
1.20764
1.08939
1.04226
1.04119
1.056
1.08819
1.12833
1.16256
1.19005
1.21207
1.23094
1.24902
1.26684
1.28462
1.30172
1.31791
1.33277
1.34608
1.35801
1.36846
1.37805
1.38708
1.39648
1.40667
1.4186
1.4322
1.44796
1.4652
1.48405
1.50361
1.52399
1.54437
1.56487
1.58479
1.60435
1.62301
1.64099
1.65783
1.67362
1.68818
1.7016
1.71385
1.72537
1.73606
1.74682
1.75735
1.76866
1.7801
1.79254
1.80507
1.81831
1.83136
1.84448
1.85715
1.86892
1.88003
1.88998
1.89877
1.90512
1.90953
1.91044
1.90839
1.90522
1.90003
1.89203
1.88096
1.86996
1.85995
1.85263
1.84797
1.84653
1.8471
1.84863
1.85155
1.85591
1.86152
1.86696
1.87241
1.87714
1.8816
1.88503
1.88799
1.88953
1.89039
1.88991
1.88872
1.88606
1.8813
1.87389
1.86498
1.85557
1.84475
1.83951
2.87058
2.71654
2.32233
1.83141
1.5475
1.38732
1.17575
1.03074
0.988284
0.997183
1.02495
1.0668
1.11005
1.14593
1.17427
1.19645
1.21563
1.23433
1.25345
1.27313
1.29291
1.31224
1.33067
1.34788
1.36351
1.37765
1.39012
1.4013
1.41118
1.42077
1.43014
1.4405
1.45191
1.46532
1.48002
1.49643
1.51376
1.53216
1.55082
1.56962
1.58805
1.60569
1.62285
1.63849
1.65361
1.66676
1.6795
1.69033
1.70119
1.71072
1.72097
1.73073
1.74173
1.75284
1.76523
1.7778
1.79128
1.8047
1.8185
1.83188
1.84513
1.85755
1.86947
1.88014
1.89051
1.89873
1.90586
1.91026
1.91283
1.91214
1.90955
1.90578
1.89981
1.89065
1.87984
1.86948
1.8612
1.85565
1.85313
1.85301
1.85474
1.85716
1.86069
1.86548
1.8706
1.87541
1.87928
1.88227
1.88361
1.88431
1.88389
1.88208
1.87843
1.87218
1.86422
1.85452
1.8441
1.83425
1.8241
1.81979
2.92213
2.83297
2.59613
2.17479
1.63698
1.22371
0.953531
0.899924
0.923847
0.967552
1.02594
1.07393
1.11219
1.14226
1.16575
1.18613
1.20607
1.22657
1.24776
1.26943
1.29103
1.3123
1.3324
1.35137
1.36882
1.38478
1.39912
1.41194
1.42324
1.43349
1.44307
1.4525
1.46255
1.47333
1.48567
1.49916
1.51419
1.5298
1.54641
1.56267
1.57937
1.595
1.61023
1.62373
1.63662
1.64763
1.65818
1.66734
1.67668
1.68551
1.69521
1.70513
1.71628
1.72795
1.74063
1.75372
1.76737
1.78114
1.79512
1.80881
1.82243
1.83542
1.84804
1.85964
1.8709
1.88085
1.89001
1.89694
1.90265
1.90538
1.90592
1.90344
1.90067
1.89592
1.88872
1.87848
1.86838
1.8593
1.85311
1.84946
1.84866
1.84944
1.85197
1.85478
1.85838
1.86194
1.86519
1.86664
1.86779
1.86735
1.86506
1.86042
1.85361
1.84454
1.83459
1.82401
1.81385
1.80528
1.79727
1.79461
2.94211
2.87297
2.69402
2.29712
1.62736
0.953301
0.675968
0.726935
0.802377
0.890626
0.961294
1.01291
1.05105
1.08066
1.10654
1.13134
1.15595
1.18054
1.20507
1.22934
1.25324
1.27654
1.29905
1.3202
1.33995
1.35811
1.37483
1.38978
1.4033
1.41512
1.42604
1.43585
1.44561
1.45522
1.46582
1.47716
1.48994
1.50323
1.51724
1.5315
1.5456
1.55956
1.57264
1.58505
1.59557
1.60586
1.61446
1.62369
1.63199
1.64185
1.65135
1.66289
1.67416
1.68749
1.70017
1.7147
1.72811
1.7432
1.75671
1.77177
1.78487
1.79937
1.81169
1.82506
1.8361
1.84806
1.85765
1.86728
1.87446
1.88063
1.88426
1.88538
1.88417
1.88154
1.87819
1.87225
1.86379
1.85383
1.84477
1.83783
1.83334
1.83155
1.83138
1.83255
1.83433
1.83638
1.83773
1.83806
1.8371
1.83438
1.82951
1.82169
1.8126
1.80223
1.79196
1.7824
1.77413
1.76824
1.76301
1.76236
2.95458
2.88637
2.7132
2.36949
1.62297
0.766142
0.411502
0.520374
0.650414
0.756866
0.83212
0.886915
0.930026
0.96733
1.0018
1.03453
1.06582
1.09576
1.12457
1.15218
1.17892
1.2045
1.22937
1.25309
1.27559
1.29643
1.31586
1.33354
1.34966
1.36401
1.37679
1.38829
1.39856
1.40846
1.4182
1.42846
1.43908
1.45077
1.46252
1.47485
1.48697
1.49913
1.51054
1.5217
1.53174
1.54135
1.55051
1.56008
1.56997
1.58092
1.59252
1.60529
1.61862
1.63281
1.6473
1.66226
1.67729
1.69246
1.70748
1.72246
1.73699
1.75147
1.76511
1.7787
1.79096
1.80334
1.8141
1.82494
1.83381
1.84216
1.8483
1.85301
1.85498
1.855
1.85349
1.85129
1.84723
1.84031
1.83106
1.82207
1.81443
1.80894
1.80541
1.8035
1.80244
1.80151
1.80006
1.79765
1.79351
1.78749
1.77925
1.76982
1.7594
1.74944
1.74023
1.73291
1.72723
1.72396
1.72126
1.72192
2.95741
2.89008
2.72156
2.37722
1.59594
0.684658
0.26924
0.408357
0.540319
0.627273
0.691371
0.74471
0.792508
0.836719
0.878198
0.916967
0.953406
0.987775
1.02033
1.0514
1.08106
1.10951
1.13676
1.16279
1.18787
1.21139
1.23342
1.25383
1.27251
1.28943
1.30452
1.31781
1.32971
1.34029
1.3502
1.35949
1.36897
1.37826
1.38831
1.3983
1.40879
1.41888
1.42915
1.43913
1.44909
1.45897
1.46945
1.48048
1.49261
1.50552
1.51957
1.53424
1.54972
1.56551
1.58176
1.59796
1.6144
1.63041
1.64668
1.66208
1.67788
1.69236
1.70743
1.72089
1.73499
1.74729
1.76033
1.77166
1.78349
1.79321
1.80364
1.81097
1.81889
1.82214
1.82523
1.82472
1.82433
1.82132
1.81544
1.80689
1.7971
1.78874
1.78083
1.7751
1.7694
1.76472
1.75882
1.75279
1.74426
1.73515
1.72422
1.71385
1.70317
1.69457
1.68692
1.68203
1.67814
1.67679
1.67506
1.67629
2.95725
2.89423
2.72262
2.38196
1.5927
0.670363
0.246218
0.380001
0.486962
0.547953
0.594746
0.639695
0.684596
0.728546
0.77078
0.811092
0.849424
0.885793
0.920648
0.953893
0.985857
1.01652
1.04612
1.07433
1.10153
1.1274
1.15186
1.17473
1.19584
1.21513
1.23235
1.24764
1.26087
1.27241
1.28218
1.2908
1.29842
1.30572
1.31318
1.32101
1.3292
1.33772
1.34648
1.35574
1.36564
1.37657
1.38859
1.40185
1.41625
1.4317
1.44798
1.46484
1.48213
1.49957
1.51712
1.53453
1.55188
1.56894
1.5859
1.60249
1.6189
1.63506
1.65086
1.66669
1.68189
1.69742
1.71201
1.72715
1.74089
1.75508
1.76705
1.77919
1.78827
1.79683
1.80105
1.80375
1.80366
1.80212
1.79835
1.7911
1.77977
1.76739
1.75425
1.74219
1.73023
1.71928
1.70772
1.69637
1.68393
1.6721
1.66008
1.64993
1.64073
1.63422
1.62891
1.6261
1.62398
1.6237
1.62287
1.62443
2.9553
2.88786
2.73338
2.31692
1.55678
0.603127
0.191791
0.346286
0.448135
0.498698
0.534946
0.572033
0.61167
0.652275
0.692507
0.731765
0.769879
0.806767
0.842484
0.876959
0.910433
0.942703
0.97396
1.00397
1.03301
1.0604
1.08681
1.11138
1.13436
1.15533
1.17429
1.19104
1.20547
1.21769
1.22757
1.23536
1.24154
1.24692
1.25207
1.25777
1.26359
1.27041
1.27739
1.28607
1.29604
1.30815
1.32173
1.33729
1.35379
1.37166
1.38977
1.40872
1.4275
1.44667
1.46545
1.48437
1.50281
1.52136
1.53936
1.55749
1.57504
1.5927
1.60981
1.627
1.64356
1.66012
1.67584
1.69142
1.70598
1.72025
1.73334
1.7456
1.75636
1.7654
1.7721
1.77571
1.77574
1.77475
1.77216
1.76657
1.75565
1.74149
1.72334
1.70534
1.68552
1.66696
1.64763
1.63008
1.61286
1.59828
1.58531
1.57552
1.56777
1.56285
1.55947
1.55803
1.55739
1.5579
1.5581
1.5601
2.95752
2.89497
2.72378
2.38398
1.59512
0.670981
0.249699
0.382363
0.479487
0.518971
0.541649
0.567365
0.59863
0.63298
0.668559
0.704297
0.739839
0.774942
0.809477
0.843348
0.876595
0.908934
0.940544
0.971273
1.00093
1.02944
1.05663
1.08244
1.10622
1.12853
1.14828
1.16606
1.18104
1.19356
1.20322
1.2101
1.21488
1.21866
1.22224
1.22582
1.22959
1.23399
1.23963
1.24753
1.25741
1.27032
1.28499
1.30154
1.31908
1.33778
1.35678
1.37629
1.39564
1.41514
1.4344
1.4536
1.47256
1.49142
1.50992
1.52842
1.54641
1.56456
1.58203
1.59986
1.61678
1.63408
1.6502
1.66663
1.68174
1.69689
1.71057
1.72372
1.73526
1.74519
1.7534
1.75787
1.75966
1.75836
1.75591
1.75088
1.74112
1.72541
1.70548
1.68202
1.65649
1.63016
1.60482
1.58115
1.56098
1.54386
1.53111
1.52109
1.51501
1.51043
1.5087
1.5075
1.50812
1.5089
1.5097
1.512
2.95886
2.89348
2.72697
2.38518
1.59661
0.667915
0.246223
0.384604
0.484342
0.523325
0.5437
0.567224
0.596924
0.630016
0.664509
0.699187
0.733854
0.768138
0.802158
0.835581
0.868578
0.90079
0.932391
0.963204
0.993033
1.02185
1.04932
1.07556
1.09963
1.12242
1.14249
1.16065
1.17581
1.18851
1.19789
1.20435
1.20839
1.21155
1.21417
1.21669
1.21955
1.22287
1.22735
1.2341
1.24401
1.25761
1.27274
1.28973
1.30767
1.32664
1.34581
1.36538
1.38469
1.40415
1.42328
1.44236
1.46118
1.4798
1.49816
1.51629
1.53413
1.55189
1.56921
1.58663
1.6033
1.62024
1.63608
1.65226
1.66707
1.68205
1.69545
1.70851
1.71989
1.72993
1.73816
1.74319
1.74516
1.74357
1.74095
1.73599
1.72633
1.7106
1.6889
1.66264
1.63288
1.6022
1.57234
1.5457
1.52332
1.50542
1.49242
1.48279
1.47701
1.47293
1.47151
1.47055
1.47126
1.47199
1.47272
1.47471
)
;

boundaryField
{
    inlet
    {
        type            calculated;
        value           uniform 3.00001;
    }
    outlet
    {
        type            calculated;
        value           nonuniform List<scalar> 
40
(
0.883143
0.995621
1.08761
1.16523
1.22972
1.29032
1.33956
1.3859
1.42822
1.46794
1.50403
1.54007
1.57432
1.60742
1.63713
1.66455
1.68931
1.7125
1.73426
1.75427
1.77396
1.79191
1.80861
1.82384
1.83657
1.84759
1.85742
1.86324
1.86176
1.8537
1.83951
1.81979
1.79461
1.76236
1.72192
1.67629
1.62443
1.5601
1.512
1.47471
)
;
    }
    bottom
    {
        type            symmetryPlane;
    }
    top
    {
        type            symmetryPlane;
    }
    obstacle
    {
        type            calculated;
        value           uniform 0;
    }
    defaultFaces
    {
        type            empty;
    }
}


// ************************************************************************* //
