/*--------------------------------*- C++ -*----------------------------------*\
| =========                 |                                                 |
| \\      /  F ield         | OpenFOAM: The Open Source CFD Toolbox           |
|  \\    /   O peration     | Version:  2112                                  |
|   \\  /    A nd           | Website:  www.openfoam.com                      |
|    \\/     M anipulation  |                                                 |
\*---------------------------------------------------------------------------*/
FoamFile
{
    version     2.0;
    format      ascii;
    arch        "LSB;label=32;scalar=64";
    class       volScalarField;
    location    "70.5";
    object      p;
}
// * * * * * * * * * * * * * * * * * * * * * * * * * * * * * * * * * * * * * //

dimensions      [0 2 -2 0 0 0 0];

internalField   nonuniform List<scalar> 
8800
(
0.846591
0.798806
0.76012
0.731129
0.710272
0.695452
0.684872
0.677414
0.672627
0.670614
0.67193
0.676161
0.682836
0.692174
0.704969
0.722714
0.747498
0.781444
0.823998
0.8827
0.677833
0.685512
0.692993
0.696305
0.694807
0.689738
0.683264
0.677207
0.672512
0.669708
0.669478
0.672031
0.676557
0.682529
0.689317
0.69561
0.699259
0.698528
0.693115
0.684429
0.656226
0.662387
0.666517
0.669467
0.671525
0.672141
0.671052
0.668972
0.666992
0.666134
0.66715
0.669576
0.672409
0.674615
0.675239
0.674053
0.671721
0.668334
0.663779
0.660018
0.650398
0.653049
0.655806
0.658215
0.659859
0.661033
0.661794
0.66194
0.661684
0.661689
0.662501
0.663721
0.664598
0.66469
0.664101
0.663025
0.66122
0.658657
0.656259
0.654755
0.644993
0.646418
0.648202
0.650241
0.652036
0.653392
0.654403
0.655232
0.655892
0.656519
0.657238
0.65779
0.657933
0.657678
0.657004
0.655773
0.654091
0.652253
0.650951
0.650119
0.639885
0.640806
0.642052
0.643627
0.645271
0.646813
0.648123
0.649227
0.650244
0.651209
0.651977
0.652371
0.65238
0.651979
0.651127
0.649949
0.648638
0.64739
0.646573
0.646021
0.634939
0.635609
0.636576
0.637888
0.639311
0.640789
0.642256
0.643621
0.64488
0.646071
0.646985
0.647431
0.647408
0.646945
0.646174
0.645253
0.644261
0.643352
0.642772
0.642366
0.630107
0.630623
0.631412
0.632554
0.633847
0.635243
0.636721
0.638242
0.639739
0.641173
0.642288
0.642853
0.6429
0.642572
0.642012
0.641319
0.640572
0.639905
0.639477
0.639159
0.625316
0.625727
0.626388
0.627407
0.62863
0.629983
0.631466
0.633077
0.634778
0.636489
0.637863
0.638632
0.638884
0.638784
0.638453
0.637977
0.637439
0.636967
0.636651
0.636392
0.620478
0.620813
0.621386
0.622327
0.623504
0.624846
0.626369
0.628086
0.629985
0.631998
0.633707
0.634786
0.635327
0.63549
0.635398
0.635153
0.634815
0.634506
0.634275
0.634056
0.615504
0.615781
0.616294
0.61719
0.618352
0.619723
0.621325
0.62319
0.62533
0.627694
0.629824
0.631301
0.63219
0.632655
0.632825
0.632815
0.632676
0.632511
0.632348
0.632159
0.610302
0.610535
0.611009
0.611891
0.613078
0.614521
0.616246
0.618314
0.62076
0.623561
0.626205
0.628159
0.629456
0.630269
0.630734
0.630965
0.631032
0.631001
0.630894
0.630725
0.604779
0.604976
0.605431
0.606328
0.607582
0.609142
0.611045
0.613384
0.61622
0.619565
0.622833
0.625356
0.62713
0.628341
0.629139
0.629634
0.62992
0.630015
0.629956
0.6298
0.598829
0.598997
0.59945
0.600392
0.601754
0.603482
0.60563
0.608321
0.61165
0.615666
0.619689
0.622892
0.62523
0.626901
0.628079
0.62889
0.629398
0.629616
0.629598
0.62945
0.59233
0.592475
0.592941
0.593957
0.595473
0.597429
0.5999
0.603038
0.606985
0.611825
0.61676
0.620775
0.623783
0.625997
0.627611
0.628771
0.62953
0.629876
0.629895
0.62975
0.585141
0.585262
0.585756
0.586877
0.588599
0.590852
0.593735
0.597441
0.602154
0.607999
0.614035
0.619019
0.622817
0.625673
0.627801
0.629358
0.630405
0.630884
0.630937
0.630791
0.577071
0.57718
0.577714
0.578974
0.580958
0.583588
0.586997
0.591415
0.597075
0.604146
0.611506
0.617643
0.622373
0.625982
0.628729
0.630757
0.632121
0.632738
0.632823
0.632672
0.567894
0.567993
0.568586
0.57001
0.572327
0.575447
0.579522
0.584829
0.59166
0.600223
0.60917
0.616672
0.622505
0.626999
0.630476
0.633054
0.634777
0.635541
0.635654
0.635494
0.557286
0.557365
0.558048
0.559697
0.562453
0.566199
0.57111
0.577532
0.585813
0.596191
0.607032
0.616143
0.623269
0.628807
0.633116
0.636349
0.638474
0.639389
0.639525
0.639353
0.544865
0.544931
0.545714
0.547674
0.550989
0.555535
0.561517
0.569351
0.579433
0.592016
0.605107
0.616097
0.62472
0.631472
0.636755
0.640735
0.643296
0.644361
0.644512
0.644324
0.530063
0.530117
0.531044
0.533421
0.537477
0.543077
0.550451
0.560092
0.572424
0.587681
0.603422
0.616586
0.626916
0.635055
0.641464
0.64628
0.649297
0.650498
0.650654
0.650447
0.512097
0.51214
0.513281
0.516246
0.521317
0.52834
0.53757
0.549558
0.564717
0.583203
0.60203
0.617665
0.629924
0.639621
0.647262
0.653009
0.656477
0.657784
0.657928
0.657701
0.489787
0.489828
0.491319
0.495172
0.501704
0.510733
0.522506
0.53759
0.556303
0.578656
0.601021
0.619406
0.633787
0.6452
0.65418
0.660891
0.664758
0.666116
0.666229
0.665981
0.461354
0.461416
0.463504
0.468788
0.477601
0.489575
0.504935
0.524132
0.547285
0.574196
0.600534
0.621901
0.638543
0.651775
0.662187
0.66981
0.673961
0.675286
0.675346
0.675081
0.423714
0.423882
0.427197
0.435126
0.447784
0.464271
0.484745
0.509344
0.537924
0.570078
0.60075
0.625249
0.644234
0.659318
0.671169
0.679548
0.683785
0.684974
0.68496
0.684686
0.370955
0.371963
0.378565
0.39194
0.41129
0.434764
0.462297
0.493722
0.528693
0.566656
0.601876
0.629548
0.650865
0.667753
0.680907
0.689761
0.693821
0.69477
0.694679
0.694405
0.294014
0.301452
0.316737
0.340331
0.369647
0.402478
0.438636
0.477912
0.519954
0.564184
0.604239
0.635268
0.659069
0.677875
0.692216
0.701296
0.705009
0.705709
0.705569
0.705331
0.211361
0.228935
0.253697
0.288126
0.32781
0.370124
0.414945
0.462226
0.511679
0.562775
0.608458
0.64351
0.670216
0.691191
0.706776
0.715571
0.718526
0.718937
0.718824
0.718662
0.142432
0.16314
0.195718
0.23935
0.288169
0.339408
0.392626
0.447748
0.504454
0.562189
0.613181
0.651918
0.68117
0.703842
0.719808
0.727931
0.730359
0.730709
0.730652
0.730527
0.0859736
0.108355
0.14651
0.196645
0.252679
0.311429
0.372075
0.434393
0.497908
0.561953
0.617958
0.660127
0.691646
0.715595
0.731876
0.739694
0.741888
0.742215
0.742197
0.742102
0.0390044
0.0625705
0.104549
0.15984
0.221674
0.286627
0.353649
0.422363
0.492121
0.562084
0.622859
0.668275
0.701959
0.72726
0.744019
0.751636
0.753763
0.754114
0.754128
0.754057
-0.000750156
0.0234652
0.0683375
0.127702
0.194413
0.264649
0.33722
0.411637
0.487104
0.562609
0.627949
0.67654
0.712384
0.739032
0.756333
0.764197
0.766353
0.766653
0.766693
0.766637
-0.0353405
-0.0107148
0.0364279
0.0991611
0.17
0.244839
0.322339
0.401915
0.482659
0.563402
0.633141
0.684844
0.722833
0.750862
0.768978
0.777187
0.779405
0.779715
0.779747
0.77971
-0.0662857
-0.0413097
0.00768063
0.0732867
0.147695
0.226575
0.308509
0.392815
0.478492
0.564227
0.638231
0.692995
0.733145
0.7626
0.781524
0.790145
0.792533
0.792847
0.792873
0.792851
-0.0945796
-0.0692975
-0.0187322
0.0493617
0.126905
0.209383
0.295321
0.38398
0.474293
0.564822
0.643006
0.700801
0.743064
0.77394
0.793638
0.802687
0.805265
0.805617
0.805624
0.805611
-0.121047
-0.0954186
-0.0434436
0.0268318
0.107182
0.192878
0.282445
0.375125
0.469817
0.564987
0.647293
0.708083
0.752415
0.784653
0.805111
0.814547
0.817285
0.817661
0.817639
0.81762
-0.146082
-0.120107
-0.0668044
0.00531919
0.0881894
0.176779
0.269647
0.36605
0.464883
0.564558
0.65096
0.714743
0.761108
0.794616
0.815729
0.825453
0.828307
0.82868
0.82863
0.828597
-0.170149
-0.14375
-0.0894456
-0.0154168
0.0696908
0.160885
0.256763
0.356606
0.459341
0.563394
0.653911
0.720739
0.76912
0.80381
0.825411
0.835312
0.838213
0.838571
0.838497
0.838441
-0.193389
-0.166521
-0.111265
-0.0355653
0.0515373
0.145074
0.243679
0.346689
0.453097
0.561409
0.656084
0.726057
0.776487
0.812245
0.834185
0.84413
0.846973
0.847309
0.847194
0.847126
-0.215957
-0.188683
-0.132393
-0.0552465
0.0336488
0.129278
0.230338
0.336243
0.446088
0.558518
0.657405
0.730701
0.783298
0.820093
0.842197
0.851967
0.854714
0.854988
0.854854
0.85477
-0.237989
-0.210229
-0.152962
-0.0745153
0.0159748
0.113471
0.216732
0.32526
0.43828
0.554658
0.657812
0.734673
0.789674
0.827524
0.849605
0.859016
0.861524
0.861717
0.861562
0.861468
-0.259556
-0.231202
-0.173051
-0.0933851
-0.0014748
0.0976599
0.202878
0.313752
0.429672
0.549781
0.657233
0.737952
0.79571
0.834767
0.85666
0.865426
0.867528
0.867597
0.867419
0.867319
-0.280514
-0.251599
-0.192597
-0.111849
-0.0186873
0.0818901
0.188815
0.301771
0.4203
0.543883
0.655584
0.74048
0.801461
0.842068
0.863713
0.871462
0.872849
0.872705
0.872524
0.872429
-0.300853
-0.271399
-0.211598
-0.129872
-0.0356224
0.066205
0.174618
0.289378
0.410219
0.536967
0.652796
0.74214
0.806904
0.849638
0.871263
0.877684
0.877812
0.877174
0.877032
0.876978
-0.320644
-0.290578
-0.230047
-0.147437
-0.0522279
0.050676
0.160362
0.276662
0.399503
0.529075
0.648799
0.742773
0.8119
0.857529
0.879842
0.885076
0.883274
0.881404
0.881091
0.88141
-0.339734
-0.309125
-0.247895
-0.164495
-0.0684539
0.0353773
0.14613
0.263721
0.388255
0.520283
0.643553
0.742178
0.816187
0.865502
0.889669
0.894868
0.891341
0.88712
0.885358
0.885465
-0.358216
-0.327038
-0.265165
-0.181085
-0.0843363
0.020265
0.131869
0.250503
0.376412
0.51052
0.636924
0.740077
0.819487
0.87314
0.90036
0.907603
0.904399
0.897082
0.889711
0.876409
-0.376025
-0.344303
-0.281972
-0.197403
-0.100153
0.00501982
0.11718
0.236548
0.363469
0.499194
0.62832
0.735768
0.821357
0.879933
0.910566
0.921702
0.91922
0.905362
0.884326
0.874364
-0.392997
-0.361082
-0.298135
-0.213262
-0.115549
-0.0100217
0.102278
0.222167
0.34971
0.486527
0.617736
0.728675
0.820808
0.884629
0.916256
0.927506
0.926444
0.900794
0.833758
0.803953
-0.408477
-0.378653
-0.313351
-0.228188
-0.129723
-0.0243574
0.0874835
0.207587
0.335347
0.472628
0.605063
0.718398
0.816196
0.886368
0.911945
0.918139
0.902273
0.845392
0.775968
0.733519
-0.462992
-0.394131
-0.327092
-0.243313
-0.14435
-0.0394904
0.0727205
0.192513
0.319989
0.457002
0.589627
0.704139
0.803386
0.880638
0.880666
0.878531
0.822709
0.748893
0.671036
0.627727
-0.424688
-0.408762
-0.347582
-0.262693
-0.165999
-0.0611648
0.0500254
0.169222
0.295813
0.431627
0.562708
0.676186
0.768737
0.851976
0.832983
0.712601
0.60312
0.526999
0.452013
0.480473
-0.454817
-0.425833
-0.363789
-0.279752
-0.183106
-0.0783887
0.033094
0.151677
0.277245
0.411346
0.53978
0.649133
0.731852
0.775912
0.722957
0.567528
0.435616
0.341473
0.241354
0.28943
-0.478007
-0.446112
-0.382971
-0.298816
-0.202054
-0.0974477
0.0139582
0.131717
0.255906
0.387646
0.512405
0.615477
0.689048
0.698069
0.586205
0.408893
0.252804
0.131421
-0.00118218
0.0305639
-0.500635
-0.467274
-0.403027
-0.31798
-0.221152
-0.11671
-0.00583868
0.110955
0.233554
0.362515
0.482569
0.577499
0.635279
0.612476
0.448699
0.248733
0.0559098
-0.113819
-0.30329
-0.323268
-0.522662
-0.488896
-0.423812
-0.338021
-0.241081
-0.136882
-0.0266818
0.0890094
0.209738
0.335482
0.45004
0.536611
0.574422
0.514199
0.317604
0.103971
-0.11523
-0.305723
-0.548171
-0.843891
-0.544979
-0.511234
-0.445657
-0.359423
-0.262331
-0.15833
-0.0487381
0.065801
0.184529
0.306747
0.415403
0.493384
0.509077
0.397037
0.203328
-0.00946284
-0.215689
-0.389214
-0.45972
-0.537931
-0.568527
-0.53475
-0.468912
-0.382498
-0.285392
-0.181691
-0.0728079
0.0403933
0.156782
0.274902
0.3772
0.443811
0.433877
0.287986
0.101535
-0.0921771
-0.257172
-0.351436
-0.375807
-0.391596
-0.593612
-0.559737
-0.493746
-0.407319
-0.310393
-0.207172
-0.0992488
0.0122986
0.125908
0.239249
0.334689
0.386517
0.358544
0.186551
0.00914058
-0.159359
-0.287888
-0.327643
-0.340448
-0.341748
-0.620432
-0.586367
-0.520223
-0.433884
-0.337285
-0.234781
-0.128082
-0.0185348
0.0918413
0.199805
0.287407
0.324427
0.275823
0.0928521
-0.0754633
-0.226369
-0.303784
-0.320876
-0.322281
-0.322105
-0.649047
-0.614704
-0.548373
-0.462194
-0.366088
-0.264508
-0.159312
-0.0521233
0.0545918
0.156647
0.2355
0.260512
0.175101
0.00733644
-0.152603
-0.276984
-0.314051
-0.312435
-0.311542
-0.310962
-0.679174
-0.644578
-0.578098
-0.492166
-0.39672
-0.296305
-0.192914
-0.0884418
0.0141999
0.10989
0.179859
0.187533
0.0837811
-0.0718658
-0.213642
-0.291386
-0.3015
-0.303986
-0.304604
-0.304323
-0.710271
-0.675533
-0.609144
-0.523581
-0.428998
-0.330017
-0.228737
-0.12736
-0.0291467
0.0598998
0.121012
0.113551
0.00209913
-0.138892
-0.258315
-0.290318
-0.298749
-0.300042
-0.299721
-0.299397
-0.741877
-0.707038
-0.641058
-0.55605
-0.462586
-0.365333
-0.266508
-0.168591
-0.0751602
0.00736991
0.0580252
0.0435018
-0.0723975
-0.193088
-0.288117
-0.306142
-0.297027
-0.295905
-0.295783
-0.295522
-0.773096
-0.738389
-0.673004
-0.588977
-0.496951
-0.401787
-0.305784
-0.211663
-0.123368
-0.047042
-0.00622314
-0.0204093
-0.1369
-0.233704
-0.290251
-0.29919
-0.295667
-0.294123
-0.293445
-0.293165
-0.802413
-0.768419
-0.70401
-0.621456
-0.531341
-0.438693
-0.345923
-0.2559
-0.172967
-0.102744
-0.0654254
-0.0905929
-0.187696
-0.268994
-0.276063
-0.292216
-0.294967
-0.292854
-0.292101
-0.291629
-0.828214
-0.795283
-0.732964
-0.652334
-0.564737
-0.475133
-0.386076
-0.30046
-0.222849
-0.158888
-0.121409
-0.158125
-0.230542
-0.281563
-0.305359
-0.299027
-0.297396
-0.297046
-0.296717
-0.296242
-0.848396
-0.817197
-0.757754
-0.68022
-0.595871
-0.509995
-0.425178
-0.344332
-0.271907
-0.214115
-0.17888
-0.213116
-0.264926
-0.30544
-0.331852
-0.316039
-0.309252
-0.308706
-0.307882
-0.307352
-0.860759
-0.832259
-0.776614
-0.703215
-0.623274
-0.541982
-0.462055
-0.386338
-0.319084
-0.266856
-0.234372
-0.260004
-0.292096
-0.323036
-0.312633
-0.314505
-0.315967
-0.315535
-0.314938
-0.31509
-0.862714
-0.838242
-0.787556
-0.719564
-0.645276
-0.5697
-0.495409
-0.425247
-0.363232
-0.315774
-0.280558
-0.299727
-0.320159
-0.353002
-0.337312
-0.322615
-0.316256
-0.313294
-0.312614
-0.312336
-0.852019
-0.832336
-0.788426
-0.727706
-0.660442
-0.591705
-0.523934
-0.459785
-0.403121
-0.359641
-0.318795
-0.325371
-0.324443
-0.364792
-0.346426
-0.319971
-0.310727
-0.308412
-0.307365
-0.306618
-0.826815
-0.812062
-0.777455
-0.726408
-0.667792
-0.607035
-0.546492
-0.488677
-0.437394
-0.397603
-0.350392
-0.320658
-0.263048
-0.22617
-0.233591
-0.268604
-0.289184
-0.29798
-0.300783
-0.301311
-0.789677
-0.780185
-0.755505
-0.71583
-0.667325
-0.615438
-0.562478
-0.510922
-0.464754
-0.42862
-0.393522
-0.336098
-0.243395
-0.154355
-0.200818
-0.265068
-0.305215
-0.32244
-0.329365
-0.331885
-0.747302
-0.741907
-0.727401
-0.69879
-0.660969
-0.617699
-0.572018
-0.526207
-0.483946
-0.451023
-0.423575
-0.400694
-0.415593
-0.482976
-0.540923
-0.514592
-0.462325
-0.437706
-0.433395
-0.433807
-0.709402
-0.706133
-0.699265
-0.680655
-0.65159
-0.615649
-0.57611
-0.534634
-0.494353
-0.46255
-0.440797
-0.468976
-0.555352
-0.643028
-0.600858
-0.520074
-0.499376
-0.504428
-0.500863
-0.500053
-0.682363
-0.680355
-0.676863
-0.665575
-0.642952
-0.612179
-0.576551
-0.536977
-0.49618
-0.457299
-0.434745
-0.417519
-0.450909
-0.515706
-0.643857
-0.739239
-0.791964
-0.76018
-0.661207
-0.632412
-0.661906
-0.66116
-0.660009
-0.654456
-0.637563
-0.610032
-0.575189
-0.535355
-0.49082
-0.443606
-0.410494
-0.372039
-0.351507
-0.361806
-0.419133
-0.472106
-0.482157
-0.46583
-0.367333
-0.336849
-0.650126
-0.649834
-0.649211
-0.646718
-0.635037
-0.60916
-0.573483
-0.531315
-0.482601
-0.428393
-0.380079
-0.344317
-0.234055
-0.0666475
0.112411
0.270495
0.319366
0.326129
0.32317
0.322862
-0.642336
-0.64222
-0.641831
-0.641169
-0.634089
-0.610031
-0.572657
-0.526613
-0.472779
-0.407363
-0.339916
-0.266467
-0.10213
0.143793
0.372378
0.537669
0.624058
0.669956
0.697208
0.70793
-0.636808
-0.636888
-0.637009
-0.637639
-0.633066
-0.612121
-0.57329
-0.523136
-0.461775
-0.388167
-0.300674
-0.206909
-0.0132932
0.228509
0.460274
0.6496
0.780342
0.886849
0.965883
0.999989
-0.631694
-0.631653
-0.631354
-0.630574
-0.629234
-0.614453
-0.57587
-0.521242
-0.454117
-0.3727
-0.272214
-0.174777
0.0309761
0.316813
0.608073
0.872098
1.08394
1.2293
1.3131
1.34225
-0.62906
-0.629197
-0.629269
-0.628492
-0.627793
-0.619438
-0.580381
-0.522565
-0.452529
-0.364643
-0.262944
-0.160779
0.0126912
0.302453
0.624865
0.917172
1.16127
1.31597
1.38797
1.40732
-0.628604
-0.629856
-0.633471
-0.640809
-0.648331
-0.632467
-0.587057
-0.529508
-0.458425
-0.367956
-0.268574
-0.169275
-0.0397232
0.233897
0.520776
0.773548
0.980639
1.10539
1.15938
1.17216
-0.635952
-0.637294
-0.638017
-0.634839
-0.632069
-0.618063
-0.588631
-0.542239
-0.471035
-0.378859
-0.28354
-0.188269
-0.0854362
0.118698
0.355902
0.553677
0.708827
0.797392
0.834165
0.841332
-0.67326
-0.672517
-0.659475
-0.612373
-0.555137
-0.55441
-0.586576
-0.563331
-0.490372
-0.395526
-0.301696
-0.217182
-0.14048
0.00994443
0.189274
0.335731
0.447604
0.508098
0.531708
0.535224
-0.731731
-0.72893
-0.724678
-0.702334
-0.681594
-0.66989
-0.674138
-0.610441
-0.516269
-0.41225
-0.321548
-0.248267
-0.191359
-0.0806732
0.048253
0.152184
0.228163
0.267885
0.28261
0.28425
-0.857901
-0.873421
-0.921044
-0.98061
-0.995622
-0.956139
-0.850536
-0.689975
-0.547209
-0.426621
-0.335718
-0.270661
-0.224549
-0.145923
-0.0594095
0.00907237
0.0555356
0.0786686
0.0870305
0.0865454
-1.00034
-1.02938
-1.08548
-1.13376
-1.14746
-1.10022
-0.950618
-0.737967
-0.560853
-0.429208
-0.340885
-0.283508
-0.243782
-0.188673
-0.138524
-0.102183
-0.0805794
-0.071913
-0.0691545
-0.0693365
-0.991338
-1.01178
-1.05182
-1.08703
-1.09674
-1.04833
-0.892789
-0.695434
-0.531
-0.409352
-0.33111
-0.282089
-0.245431
-0.211675
-0.186773
-0.174018
-0.170858
-0.172357
-0.172288
-0.172081
-0.775637
-0.796485
-0.833431
-0.872711
-0.8881
-0.844305
-0.713247
-0.572524
-0.45306
-0.364433
-0.307416
-0.27282
-0.246224
-0.22477
-0.211551
-0.209658
-0.213954
-0.21681
-0.216131
-0.215542
-0.426621
-0.44149
-0.47049
-0.505994
-0.531573
-0.522488
-0.473768
-0.410533
-0.351804
-0.304013
-0.273604
-0.25883
-0.248189
-0.229873
-0.216594
-0.210189
-0.20941
-0.208693
-0.207351
-0.207251
-0.0996723
-0.107771
-0.127249
-0.159403
-0.197083
-0.228468
-0.247466
-0.253111
-0.248306
-0.237546
-0.233022
-0.239106
-0.243504
-0.223909
-0.202427
-0.188755
-0.181099
-0.176655
-0.175205
-0.175781
0.0997072
0.0951408
0.0812445
0.0529289
0.00848107
-0.0450116
-0.0942081
-0.132837
-0.158422
-0.17371
-0.186605
-0.204331
-0.214156
-0.193648
-0.172554
-0.15763
-0.147273
-0.142332
-0.141607
-0.142629
0.17555
0.172681
0.162258
0.138606
0.0988004
0.047088
-0.006999
-0.0549747
-0.0916513
-0.117267
-0.135114
-0.150361
-0.154905
-0.14331
-0.132265
-0.1242
-0.117934
-0.115198
-0.115169
-0.116183
0.182557
0.180585
0.173071
0.155488
0.12511
0.0843061
0.0386179
-0.00553705
-0.0428727
-0.0699314
-0.0848564
-0.089975
-0.0884489
-0.0888702
-0.0910075
-0.0927546
-0.0929276
-0.0932816
-0.0940324
-0.0950263
0.161506
0.160282
0.155284
0.143252
0.121991
0.0924519
0.0572746
0.0218116
-0.00941499
-0.0317217
-0.0394962
-0.035395
-0.0296788
-0.0410106
-0.0556684
-0.066677
-0.0734014
-0.077358
-0.0791787
-0.0799693
0.132455
0.131781
0.128675
0.12088
0.106685
0.0863117
0.061025
0.0345771
0.010754
-0.00501932
-0.00697268
0.00185382
0.00774513
-0.00933662
-0.0297716
-0.0458065
-0.0569986
-0.0637473
-0.0663549
-0.0668503
0.102735
0.102519
0.100724
0.0959383
0.0868818
0.0734227
0.0561634
0.0378475
0.0212339
0.0115498
0.0135513
0.0226804
0.0255942
0.00863247
-0.0117083
-0.0280018
-0.0401627
-0.0476683
-0.0502915
-0.0505317
0.0752135
0.0750887
0.0741592
0.0713764
0.0658081
0.0573437
0.0462189
0.0343417
0.0239338
0.0194434
0.0248822
0.0343342
0.0347804
0.0188069
0.0021017
-0.011366
-0.0211394
-0.0270401
-0.0290237
-0.0292345
0.0498128
0.0498447
0.0494295
0.0479969
0.0448694
0.0399713
0.0334101
0.0263955
0.0207073
0.019869
0.0276301
0.0393776
0.0400576
0.0251938
0.0117022
0.00207231
-0.00363157
-0.0069908
-0.00820188
-0.00854082
0.0264899
0.0265834
0.0264814
0.0259331
0.0245287
0.0222255
0.0190289
0.0156138
0.0130733
0.0137694
0.0213668
0.034091
0.0368764
0.0233827
0.0130223
0.00804068
0.00594815
0.00543386
0.00457493
0.00401149
0.00473619
0.00481058
0.00480256
0.00495703
0.00509964
0.00485751
0.00423215
0.00346186
0.00282019
0.00272961
0.00366498
0.00682486
0.0100179
0.0122219
0.0074972
0.00478982
0.0030395
0.00170862
0.00164587
0.00152548
-0.0786922
0.0866763
0.279325
0.447372
0.581014
0.685466
0.771383
0.844607
0.878223
0.85502
0.219425
0.338847
0.46716
0.577761
0.670636
0.747191
0.809121
0.85315
0.875193
0.887422
0.435149
0.516921
0.604577
0.681774
0.748036
0.803436
0.847519
0.879783
0.903207
0.921293
0.593914
0.65254
0.713115
0.769508
0.818434
0.860011
0.894209
0.921547
0.944161
0.962524
0.71792
0.76048
0.805945
0.84923
0.887503
0.920956
0.949629
0.973537
0.993813
1.01169
0.821346
0.853899
0.891679
0.926901
0.959264
0.988303
1.0137
1.03508
1.05286
1.07023
0.913341
0.941849
0.975599
1.00755
1.03733
1.06438
1.08803
1.10768
1.12314
1.14022
1.0016
1.03069
1.06456
1.09649
1.126
1.15251
1.17531
1.19375
1.20709
1.22413
1.09671
1.12985
1.16641
1.19993
1.22991
1.25605
1.27796
1.29521
1.30706
1.32446
1.21159
1.24937
1.28797
1.32218
1.35149
1.3762
1.39655
1.41242
1.42387
1.44194
1.35646
1.39498
1.43109
1.46175
1.48741
1.50948
1.52852
1.54404
1.55646
1.57445
1.53149
1.5631
1.58926
1.6117
1.63166
1.65037
1.66807
1.68454
1.69989
1.71795
1.72008
1.73727
1.7523
1.76852
1.78442
1.79894
1.81214
1.82607
1.8436
1.86376
1.90178
1.91132
1.92285
1.93366
1.94294
1.95252
1.9633
1.97466
1.98602
2.00137
2.10901
2.11267
2.09772
2.08291
2.07663
2.0823
2.10078
2.13109
2.16326
2.18992
2.41533
2.28046
2.20382
2.16143
2.144
2.14797
2.17537
2.23178
2.3344
2.55876
0.737188
0.73506
0.730578
0.721957
0.709738
0.697617
0.687399
0.679521
0.673927
0.670706
0.670391
0.673167
0.678301
0.685545
0.694947
0.706496
0.719154
0.730193
0.736308
0.739364
0.661631
0.667478
0.673813
0.67831
0.680786
0.68047
0.677745
0.673952
0.670468
0.668242
0.668137
0.670375
0.674068
0.678379
0.682202
0.684096
0.683167
0.679692
0.674531
0.667911
0.653188
0.655485
0.658891
0.661891
0.663973
0.665479
0.666248
0.665951
0.664953
0.664108
0.664328
0.665798
0.667647
0.668977
0.669175
0.668297
0.666757
0.664428
0.661169
0.65825
0.647652
0.648738
0.650574
0.652957
0.654989
0.656427
0.657463
0.658237
0.65867
0.658935
0.659477
0.660333
0.660968
0.661062
0.66067
0.659836
0.658378
0.656302
0.654222
0.652841
0.642415
0.643077
0.644188
0.645899
0.64769
0.649335
0.650648
0.651689
0.652608
0.653447
0.654235
0.654843
0.655079
0.654945
0.654403
0.653366
0.651952
0.650419
0.649107
0.648329
0.637396
0.637856
0.638645
0.63995
0.641448
0.642979
0.644465
0.645792
0.646969
0.648082
0.649066
0.6497
0.649896
0.649661
0.648993
0.648026
0.646918
0.645798
0.644891
0.644376
0.632514
0.632858
0.633472
0.634548
0.635854
0.637245
0.638707
0.640187
0.641607
0.642953
0.644145
0.644914
0.645153
0.644925
0.644362
0.643614
0.642785
0.641935
0.641272
0.640895
0.627714
0.627981
0.628477
0.629394
0.630578
0.631893
0.633315
0.634842
0.636438
0.638034
0.639478
0.640441
0.640817
0.640755
0.640408
0.639883
0.639262
0.638644
0.638163
0.637876
0.622911
0.623123
0.623536
0.624344
0.625449
0.62672
0.628136
0.629716
0.631451
0.633296
0.635042
0.636281
0.636911
0.637101
0.636993
0.636696
0.636288
0.635865
0.635527
0.635302
0.618017
0.618187
0.618541
0.619277
0.620338
0.621591
0.62304
0.62471
0.626612
0.628724
0.63083
0.632445
0.633413
0.633903
0.634058
0.634001
0.633812
0.633567
0.633346
0.633168
0.61294
0.613077
0.61339
0.614083
0.61513
0.61641
0.617931
0.619735
0.621858
0.624296
0.626842
0.628923
0.630297
0.631136
0.631592
0.631792
0.631821
0.631751
0.63163
0.631487
0.60759
0.6077
0.607986
0.608659
0.609727
0.611081
0.612718
0.61471
0.617122
0.619973
0.623061
0.625701
0.627556
0.6288
0.629596
0.630077
0.630339
0.630443
0.630411
0.630294
0.601867
0.601954
0.602223
0.602903
0.604028
0.605497
0.607306
0.609555
0.612336
0.615706
0.619457
0.622769
0.625194
0.626909
0.628091
0.628902
0.629422
0.629694
0.62974
0.629644
0.595659
0.595725
0.595988
0.596697
0.597916
0.599548
0.601592
0.604179
0.607428
0.611444
0.616002
0.620123
0.623226
0.625495
0.627124
0.628304
0.629112
0.629566
0.629687
0.629608
0.588835
0.58888
0.589145
0.589904
0.591258
0.59311
0.595463
0.598478
0.60232
0.607131
0.612671
0.617763
0.621671
0.624596
0.626751
0.62835
0.629487
0.630139
0.630334
0.630269
0.581238
0.581261
0.581527
0.582362
0.583894
0.58603
0.588778
0.59234
0.596921
0.602708
0.609439
0.615692
0.620555
0.624251
0.627032
0.629129
0.630642
0.631508
0.631777
0.631721
0.572641
0.572654
0.572935
0.573869
0.575637
0.578118
0.581375
0.585624
0.591124
0.598111
0.60628
0.613919
0.619913
0.624518
0.628035
0.630734
0.632675
0.633774
0.634116
0.634066
0.562764
0.562747
0.563079
0.564157
0.566215
0.569158
0.573058
0.57817
0.584813
0.593272
0.603177
0.612463
0.619789
0.625465
0.629846
0.633243
0.635682
0.637037
0.637452
0.637404
0.551291
0.55125
0.551631
0.552902
0.55533
0.558866
0.563581
0.569786
0.577858
0.588125
0.600118
0.611349
0.620231
0.62716
0.632554
0.636754
0.639764
0.641388
0.641871
0.641821
0.537729
0.53766
0.538121
0.539647
0.542561
0.546867
0.552639
0.560243
0.570117
0.582608
0.597102
0.610614
0.621291
0.629657
0.636235
0.641358
0.644996
0.646896
0.647436
0.647377
0.521407
0.52131
0.521899
0.52378
0.527347
0.532683
0.539855
0.549285
0.561449
0.576683
0.594151
0.610301
0.623028
0.633023
0.640934
0.647101
0.651418
0.653582
0.654158
0.654083
0.501371
0.501247
0.502041
0.504441
0.508928
0.515696
0.52478
0.536641
0.551749
0.570355
0.591327
0.610482
0.625504
0.637313
0.646678
0.654002
0.659009
0.661394
0.661977
0.661878
0.476169
0.47603
0.477163
0.480369
0.486252
0.495117
0.506914
0.522082
0.540988
0.563712
0.58875
0.611258
0.628774
0.642548
0.653494
0.662029
0.667666
0.67019
0.670735
0.670606
0.443447
0.443332
0.445085
0.449691
0.457897
0.470039
0.485817
0.505525
0.529289
0.556955
0.586609
0.612755
0.63291
0.648743
0.661324
0.671058
0.677177
0.679705
0.680163
0.679999
0.398976
0.399032
0.402155
0.409682
0.422199
0.439686
0.461369
0.487196
0.517008
0.550432
0.585161
0.615119
0.637973
0.65588
0.670083
0.680875
0.687198
0.689545
0.689869
0.689673
0.334834
0.336079
0.343722
0.357776
0.37819
0.404189
0.434189
0.467814
0.50478
0.544609
0.58468
0.618485
0.643981
0.66388
0.679522
0.691026
0.697226
0.699155
0.699305
0.699092
0.258849
0.26068
0.275317
0.29947
0.33094
0.366975
0.40603
0.447933
0.492517
0.539334
0.585491
0.623918
0.652681
0.674992
0.692218
0.704313
0.710118
0.711685
0.711782
0.711649
0.18051
0.18684
0.208454
0.242978
0.284943
0.330731
0.378793
0.429011
0.481272
0.535148
0.587498
0.630606
0.662594
0.687243
0.706188
0.71826
0.723172
0.724219
0.724262
0.724201
0.116391
0.12509
0.151308
0.192933
0.24312
0.297205
0.353379
0.411371
0.470951
0.531607
0.58985
0.637316
0.672235
0.698822
0.718552
0.730408
0.734908
0.735852
0.735938
0.735935
0.0642488
0.07355
0.103355
0.150267
0.206654
0.267425
0.330457
0.395312
0.461568
0.528567
0.592395
0.64397
0.681601
0.709929
0.730514
0.742416
0.746661
0.747508
0.74764
0.74769
0.0206596
0.0302428
0.0625165
0.113455
0.174934
0.241253
0.310102
0.380961
0.453235
0.526104
0.595211
0.650735
0.690995
0.721102
0.742647
0.754634
0.758745
0.759761
0.759934
0.760027
-0.0167524
-0.00706747
0.0270469
0.0812059
0.146901
0.217958
0.291888
0.368079
0.445816
0.524138
0.598265
0.65762
0.700486
0.732346
0.754853
0.767292
0.771654
0.772699
0.772871
0.772984
-0.0496813
-0.0399771
-0.00445813
0.0524166
0.12165
0.1968
0.275232
0.356233
0.439006
0.522452
0.601391
0.664476
0.709913
0.743552
0.767194
0.780235
0.784846
0.785977
0.786144
0.786236
-0.0794337
-0.069711
-0.0330466
0.0261711
0.0984397
0.17718
0.259629
0.345015
0.432459
0.52076
0.604345
0.671096
0.719086
0.75453
0.779267
0.79295
0.797867
0.799042
0.799186
0.799258
-0.106922
-0.0971734
-0.0595301
0.00175662
0.0767048
0.158633
0.244688
0.334076
0.425871
0.518801
0.606923
0.677289
0.727787
0.764949
0.790782
0.805041
0.81032
0.811544
0.811653
0.811696
-0.132732
-0.122934
-0.0843971
-0.0213599
0.0560127
0.140795
0.230104
0.323157
0.419021
0.516383
0.608953
0.682914
0.735894
0.774724
0.801553
0.816335
0.821887
0.823137
0.82321
0.823218
-0.157364
-0.147456
-0.108032
-0.0435101
0.0360677
0.123402
0.215661
0.312077
0.411745
0.513343
0.610296
0.687883
0.74334
0.783779
0.811524
0.826666
0.832352
0.833621
0.833665
0.833638
-0.181118
-0.171016
-0.130856
-0.0648658
0.0166668
0.106282
0.20121
0.300705
0.403909
0.509566
0.610863
0.692143
0.75013
0.792124
0.820612
0.835981
0.841721
0.84293
0.842958
0.842904
-0.204111
-0.193822
-0.152994
-0.0855752
-0.00232532
0.0893402
0.186664
0.288958
0.395443
0.504962
0.610567
0.695659
0.756285
0.799843
0.828935
0.844366
0.849994
0.851161
0.851131
0.851062
-0.226545
-0.215995
-0.17444
-0.105765
-0.0209779
0.0725153
0.17198
0.276808
0.386311
0.499478
0.609328
0.698393
0.761874
0.807089
0.836666
0.85194
0.857338
0.858384
0.858321
0.858227
-0.248384
-0.237582
-0.195348
-0.125493
-0.039316
0.0557974
0.15717
0.264262
0.376504
0.493074
0.607084
0.700296
0.766949
0.81402
0.844018
0.858908
0.863879
0.864731
0.864614
0.864506
-0.269693
-0.258619
-0.215669
-0.144758
-0.0573369
0.0391999
0.142252
0.251355
0.366052
0.485749
0.603774
0.701296
0.771521
0.820805
0.851281
0.865506
0.869739
0.870273
0.870095
0.869981
-0.290347
-0.279062
-0.235399
-0.16353
-0.0750111
0.0227777
0.127277
0.238142
0.355009
0.477537
0.599354
0.701304
0.775541
0.827564
0.858808
0.872174
0.875223
0.875138
0.87485
0.874768
-0.310477
-0.298875
-0.254542
-0.1818
-0.0923197
0.00655809
0.112325
0.22469
0.343447
0.468497
0.593809
0.700201
0.778881
0.834306
0.866946
0.879616
0.88102
0.879657
0.879028
0.879028
-0.329933
-0.318042
-0.273079
-0.199539
-0.109192
-0.00938236
0.0974661
0.211109
0.331461
0.458678
0.587157
0.69786
0.781338
0.840865
0.875819
0.888655
0.888501
0.88505
0.883017
0.882509
-0.348785
-0.336615
-0.290965
-0.216704
-0.125601
-0.024981
0.0827785
0.19747
0.319156
0.448204
0.579447
0.694148
0.78265
0.846876
0.885054
0.899598
0.89945
0.894073
0.887901
0.880266
-0.366954
-0.354554
-0.308295
-0.23345
-0.141752
-0.0405009
0.0679419
0.183397
0.306111
0.436613
0.570196
0.688577
0.782413
0.852144
0.894225
0.912142
0.914568
0.908393
0.897081
0.892774
-0.384396
-0.371781
-0.325057
-0.249753
-0.157658
-0.0559399
0.0529635
0.168864
0.292271
0.423769
0.559181
0.680717
0.779781
0.855869
0.901436
0.922432
0.926815
0.922923
0.884584
0.833092
-0.40084
-0.387518
-0.341102
-0.265546
-0.173425
-0.0714656
0.0377806
0.15398
0.277679
0.409711
0.546288
0.670246
0.773531
0.857329
0.904309
0.922119
0.925376
0.902922
0.845517
0.783984
-0.416587
-0.40246
-0.356393
-0.280156
-0.188528
-0.0866084
0.0221703
0.138793
0.262481
0.394603
0.531528
0.656852
0.762311
0.856734
0.900246
0.932023
0.890672
0.837308
0.764048
0.696791
-0.402444
-0.384264
-0.333587
-0.25296
-0.154891
-0.0500115
0.0642675
0.183869
0.31109
0.447789
0.580184
0.694835
0.792961
0.891321
0.918619
0.832071
0.774637
0.703913
0.628527
0.57937
-0.426523
-0.409986
-0.374006
-0.302909
-0.211709
-0.110999
-0.00186882
0.11422
0.237367
0.368625
0.504414
0.629121
0.734045
0.8208
0.894155
0.873963
0.743172
0.6531
0.585777
0.501869
-0.445766
-0.430154
-0.388505
-0.31603
-0.224343
-0.124049
-0.0160032
0.099199
0.221463
0.351467
0.48589
0.608953
0.710993
0.786434
0.810853
0.722997
0.575943
0.475017
0.396587
0.307828
-0.465523
-0.453073
-0.406917
-0.333384
-0.241619
-0.140853
-0.0328345
0.0821013
0.203527
0.332132
0.463904
0.582546
0.675026
0.736292
0.710222
0.57062
0.412998
0.291506
0.190726
0.0546423
-0.488382
-0.475547
-0.427362
-0.352657
-0.260762
-0.15988
-0.0519995
0.0623819
0.182741
0.309507
0.437925
0.550911
0.633649
0.673376
0.610309
0.421711
0.23669
0.081322
-0.0607641
-0.257655
-0.510221
-0.497763
-0.448463
-0.372499
-0.280214
-0.179404
-0.0719433
0.0415876
0.160596
0.285085
0.409597
0.516068
0.591156
0.594058
0.481067
0.279717
0.0645913
-0.136587
-0.312182
-0.700737
-0.532168
-0.520073
-0.470307
-0.393443
-0.300842
-0.200042
-0.0930224
0.0196178
0.137124
0.259028
0.379153
0.47806
0.541146
0.511163
0.355937
0.152872
-0.0658574
-0.277885
-0.45686
-0.728888
-0.555051
-0.543108
-0.493156
-0.415759
-0.322967
-0.222174
-0.115566
-0.00381374
0.112098
0.231182
0.346536
0.43729
0.484811
0.437392
0.244006
0.0481251
-0.150696
-0.318518
-0.391356
-0.430397
-0.579359
-0.567543
-0.517393
-0.439736
-0.346956
-0.24636
-0.140332
-0.0297162
0.0842468
0.199974
0.309809
0.392006
0.422071
0.338566
0.144225
-0.0394635
-0.205399
-0.312764
-0.350895
-0.35988
-0.605298
-0.5935
-0.543188
-0.465391
-0.372754
-0.272557
-0.167343
-0.0581462
0.053471
0.165298
0.268838
0.342282
0.344795
0.23179
0.0528108
-0.116846
-0.257549
-0.313464
-0.32554
-0.330424
-0.633055
-0.621178
-0.570627
-0.492746
-0.400367
-0.300769
-0.196607
-0.08915
0.0197324
0.127181
0.223704
0.287497
0.265029
0.132113
-0.0321666
-0.191452
-0.29155
-0.320314
-0.316519
-0.316601
-0.662347
-0.650664
-0.599686
-0.521771
-0.429765
-0.330957
-0.228114
-0.122717
-0.0169548
0.0856416
0.174713
0.226616
0.194963
0.0407304
-0.108938
-0.248684
-0.289895
-0.302254
-0.307173
-0.307419
-0.693021
-0.681331
-0.630152
-0.552304
-0.460821
-0.363024
-0.261779
-0.158773
-0.0565282
0.0408554
0.122084
0.162737
0.124818
-0.0369742
-0.176079
-0.273323
-0.318851
-0.305488
-0.302419
-0.302066
-0.724561
-0.712857
-0.661723
-0.584031
-0.493253
-0.396726
-0.297375
-0.197111
-0.0987742
-0.00682288
0.0662834
0.0982397
0.0399496
-0.104221
-0.229198
-0.28264
-0.2972
-0.298009
-0.298066
-0.297788
-0.756232
-0.744591
-0.693525
-0.616408
-0.526608
-0.431654
-0.33455
-0.237378
-0.143314
-0.0569892
0.00863963
0.0261431
-0.0401431
-0.161102
-0.260876
-0.284237
-0.29127
-0.294837
-0.294711
-0.294609
-0.786817
-0.775614
-0.724784
-0.648655
-0.560202
-0.467206
-0.372742
-0.279025
-0.189517
-0.10912
-0.0490615
-0.0449444
-0.108925
-0.208958
-0.279986
-0.331588
-0.30585
-0.29507
-0.292802
-0.292321
-0.814863
-0.804153
-0.75437
-0.679515
-0.593105
-0.502546
-0.411192
-0.321317
-0.236547
-0.162211
-0.106576
-0.107166
-0.171676
-0.242038
-0.295041
-0.288035
-0.292918
-0.294062
-0.293712
-0.29337
-0.838682
-0.828659
-0.780387
-0.707814
-0.624086
-0.536587
-0.44891
-0.363326
-0.283423
-0.214874
-0.16458
-0.16237
-0.22319
-0.270354
-0.291169
-0.302649
-0.302568
-0.302861
-0.302108
-0.301549
-0.855938
-0.846822
-0.800908
-0.731626
-0.651637
-0.568102
-0.484723
-0.403931
-0.329084
-0.265918
-0.221401
-0.21398
-0.262785
-0.295849
-0.298758
-0.311362
-0.314457
-0.314596
-0.313897
-0.313127
-0.864608
-0.856278
-0.81386
-0.749043
-0.673995
-0.595578
-0.517384
-0.441845
-0.372373
-0.314237
-0.273589
-0.260754
-0.297112
-0.317578
-0.32839
-0.32139
-0.317631
-0.314981
-0.314305
-0.314285
-0.860269
-0.853519
-0.817596
-0.75822
-0.68951
-0.617492
-0.545484
-0.47588
-0.412008
-0.358619
-0.320526
-0.300271
-0.321235
-0.344602
-0.366393
-0.336812
-0.320964
-0.313866
-0.311801
-0.311
-0.841837
-0.837194
-0.809113
-0.757841
-0.696922
-0.6326
-0.567787
-0.504749
-0.446683
-0.398177
-0.362598
-0.337082
-0.306922
-0.287013
-0.308852
-0.299225
-0.300938
-0.303182
-0.303624
-0.30329
-0.809788
-0.806447
-0.78748
-0.746952
-0.695731
-0.640342
-0.58352
-0.52738
-0.475172
-0.431381
-0.402222
-0.354641
-0.279653
-0.170563
-0.142115
-0.208587
-0.268231
-0.295149
-0.304608
-0.307686
-0.768806
-0.766685
-0.755945
-0.727703
-0.687051
-0.641218
-0.592651
-0.543336
-0.496405
-0.456921
-0.428085
-0.391877
-0.334282
-0.279427
-0.269712
-0.33392
-0.358977
-0.367478
-0.372769
-0.375479
-0.727468
-0.726217
-0.720908
-0.704495
-0.674513
-0.637053
-0.596116
-0.552833
-0.510131
-0.472814
-0.446507
-0.435807
-0.476484
-0.598815
-0.65997
-0.606928
-0.535224
-0.509334
-0.495643
-0.490681
-0.694535
-0.69388
-0.691198
-0.681816
-0.661045
-0.631097
-0.595767
-0.55679
-0.516314
-0.477659
-0.453339
-0.428358
-0.488841
-0.532324
-0.577768
-0.54977
-0.551746
-0.536414
-0.528071
-0.516251
-0.671289
-0.670585
-0.669175
-0.665421
-0.651173
-0.626415
-0.593977
-0.556852
-0.515461
-0.47228
-0.434105
-0.394447
-0.390274
-0.416952
-0.50908
-0.644817
-0.736101
-0.738824
-0.654021
-0.580328
-0.655419
-0.655163
-0.654557
-0.652637
-0.64489
-0.623954
-0.592786
-0.554571
-0.5109
-0.461951
-0.412454
-0.388151
-0.333768
-0.254146
-0.195119
-0.140172
-0.0826383
-0.0625965
-0.0352177
0.000565424
-0.645825
-0.645762
-0.64541
-0.644782
-0.641161
-0.623691
-0.592334
-0.551705
-0.504205
-0.448651
-0.38914
-0.34073
-0.251482
-0.051297
0.185741
0.416637
0.533276
0.559275
0.560743
0.555066
-0.639379
-0.639417
-0.639347
-0.639294
-0.637961
-0.624817
-0.593253
-0.549412
-0.496454
-0.434518
-0.358893
-0.282359
-0.15516
0.0633405
0.296196
0.487536
0.62158
0.71341
0.785179
0.82801
-0.634085
-0.634185
-0.634236
-0.634245
-0.633251
-0.625645
-0.595522
-0.549097
-0.491341
-0.4209
-0.333699
-0.237589
-0.0969258
0.150766
0.416468
0.662695
0.85875
1.00656
1.11672
1.17584
-0.629899
-0.629953
-0.629743
-0.628988
-0.628118
-0.625016
-0.599681
-0.551154
-0.488846
-0.411725
-0.318961
-0.214358
-0.0848576
0.168021
0.477085
0.784248
1.05432
1.25177
1.3673
1.41427
-0.628565
-0.629086
-0.630171
-0.632496
-0.634685
-0.634088
-0.607668
-0.556291
-0.491664
-0.412227
-0.317169
-0.209555
-0.107089
0.123368
0.434102
0.727388
0.986059
1.17485
1.27458
1.30955
-0.628282
-0.629535
-0.631808
-0.637933
-0.647544
-0.646639
-0.613949
-0.56395
-0.502139
-0.420675
-0.324364
-0.224853
-0.137304
0.0487927
0.314714
0.558633
0.765937
0.909444
0.98179
1.00568
-0.650177
-0.651204
-0.650175
-0.634935
-0.605852
-0.583388
-0.588691
-0.573622
-0.519293
-0.435023
-0.339291
-0.246489
-0.162934
-0.0377017
0.171971
0.360033
0.514868
0.61769
0.666641
0.682134
-0.699486
-0.698275
-0.692313
-0.660774
-0.601447
-0.568284
-0.596955
-0.605161
-0.546044
-0.453933
-0.356249
-0.271484
-0.200962
-0.114109
0.041837
0.17938
0.290436
0.360949
0.393536
0.401271
-0.786064
-0.781168
-0.795479
-0.821864
-0.847699
-0.829722
-0.797557
-0.708746
-0.589621
-0.474602
-0.372639
-0.293458
-0.232578
-0.171208
-0.0606089
0.0371039
0.110735
0.155317
0.175474
0.180849
-0.943304
-0.947168
-0.990517
-1.05896
-1.09836
-1.08239
-1.00396
-0.817457
-0.635646
-0.489657
-0.381192
-0.306816
-0.254283
-0.205691
-0.134735
-0.0748143
-0.0317658
-0.00773335
0.00190687
0.00393416
-1.01951
-1.0307
-1.06954
-1.1149
-1.14498
-1.12943
-1.03783
-0.832506
-0.634558
-0.481874
-0.376092
-0.309412
-0.26225
-0.224483
-0.182777
-0.152805
-0.136282
-0.129347
-0.128276
-0.127501
-0.904685
-0.913511
-0.945354
-0.984275
-1.01155
-0.999175
-0.900539
-0.724443
-0.564153
-0.43866
-0.351592
-0.297308
-0.26043
-0.230335
-0.20891
-0.197295
-0.196588
-0.201665
-0.20297
-0.20186
-0.604924
-0.616325
-0.64313
-0.682152
-0.715798
-0.71431
-0.648231
-0.545249
-0.445496
-0.366835
-0.310913
-0.277399
-0.256647
-0.237471
-0.221823
-0.214042
-0.214563
-0.217021
-0.21664
-0.215685
-0.248261
-0.255193
-0.27264
-0.302086
-0.336872
-0.36146
-0.360512
-0.342698
-0.314162
-0.284539
-0.260792
-0.250746
-0.249711
-0.239006
-0.219117
-0.206034
-0.1989
-0.195888
-0.193535
-0.192832
0.0195793
0.0159649
0.00560222
-0.0173817
-0.0545873
-0.10016
-0.143023
-0.175463
-0.195785
-0.203403
-0.206986
-0.216489
-0.231809
-0.223626
-0.20008
-0.180923
-0.168298
-0.160579
-0.157561
-0.157728
0.150757
0.148443
0.141572
0.123047
0.0882941
0.0378991
-0.0182239
-0.0686611
-0.107617
-0.134641
-0.15281
-0.170014
-0.186625
-0.178312
-0.160899
-0.146584
-0.135908
-0.129514
-0.127596
-0.128225
0.185255
0.183828
0.178885
0.164698
0.136753
0.0948674
0.0454203
-0.00447036
-0.0478222
-0.0805196
-0.101955
-0.115854
-0.122581
-0.118187
-0.113077
-0.109716
-0.106245
-0.103908
-0.103479
-0.104342
0.174212
0.173407
0.170046
0.160092
0.140041
0.109242
0.070938
0.029932
-0.00792078
-0.0383976
-0.0570488
-0.0624593
-0.0591202
-0.059425
-0.0681548
-0.0759414
-0.0810656
-0.0838622
-0.0855271
-0.0865705
0.147428
0.147086
0.144986
0.138471
0.124973
0.103674
0.0760411
0.044902
0.0150129
-0.00893581
-0.0211807
-0.0194383
-0.00977274
-0.0148281
-0.032882
-0.0490548
-0.0607853
-0.0682323
-0.0720662
-0.0732353
0.117395
0.117396
0.116183
0.11218
0.103508
0.0893654
0.0703364
0.0482375
0.0264644
0.00945405
0.00277429
0.00849876
0.0179915
0.010149
-0.0102906
-0.0287024
-0.0431464
-0.0530468
-0.0581771
-0.0592364
0.0885688
0.0885981
0.0880609
0.0857294
0.0804093
0.0714266
0.0589689
0.0441864
0.0296051
0.0188195
0.0170771
0.0249151
0.0322165
0.0238672
0.00446531
-0.0121157
-0.0255167
-0.034738
-0.0394991
-0.0403253
0.0621574
0.0623242
0.0620372
0.0608255
0.0575969
0.0522612
0.0445922
0.035366
0.0264144
0.020636
0.0228846
0.0334734
0.0410248
0.0324017
0.0143411
0.00132898
-0.00817813
-0.0143313
-0.0174025
-0.018172
0.0378225
0.0379891
0.0379202
0.0373781
0.0358614
0.0329976
0.0288178
0.0237638
0.0189664
0.0165595
0.0207286
0.0326528
0.0415646
0.0330811
0.019106
0.00953969
0.00435261
0.00127679
0.000131641
-0.00067884
0.00479926
0.0047935
0.00485204
0.00505947
0.00503816
0.00459309
0.0038442
0.00304727
0.00269883
0.00300913
0.00471394
0.00881914
0.013416
0.00914349
0.0060087
0.00400031
0.00215951
0.0016329
0.00164467
0.00538586
-1.10689
-0.433902
0.0142039
0.271311
0.455394
0.59567
0.703592
0.790224
0.884082
0.975446
-0.065335
0.127381
0.303321
0.451339
0.574667
0.674648
0.755674
0.822033
0.863299
0.866871
0.262971
0.37702
0.488767
0.588037
0.673123
0.744664
0.803208
0.847743
0.876455
0.893858
0.470517
0.548093
0.624978
0.695285
0.756433
0.808624
0.851613
0.885397
0.91117
0.930113
0.62299
0.67549
0.733861
0.786175
0.832076
0.872016
0.905969
0.934199
0.957374
0.974276
0.743741
0.784179
0.829381
0.869021
0.905831
0.938721
0.967559
0.992245
1.01293
1.02711
0.845535
0.879689
0.91633
0.950238
0.982162
1.01151
1.03763
1.06007
1.07863
1.09032
0.938101
0.968937
1.00264
1.03502
1.06555
1.09372
1.1187
1.13986
1.15673
1.16623
1.02866
1.06107
1.09621
1.13007
1.16124
1.1894
1.21387
1.2341
1.24951
1.25769
1.13034
1.16776
1.20594
1.2421
1.27406
1.30184
1.32522
1.34416
1.35826
1.36673
1.25709
1.29941
1.33853
1.37433
1.40467
1.43029
1.4518
1.46938
1.48286
1.49302
1.41851
1.45993
1.49359
1.52311
1.5476
1.56908
1.58864
1.60604
1.62077
1.63345
1.60885
1.63963
1.66084
1.67995
1.69798
1.71519
1.73138
1.74719
1.76369
1.78061
1.80666
1.81805
1.82908
1.84316
1.85743
1.87025
1.88161
1.89245
1.90534
1.92222
1.99243
2.00233
2.01097
2.01341
2.01427
2.01853
2.02931
2.04524
2.06286
2.06746
2.29346
2.23805
2.18722
2.14697
2.12458
2.12052
2.13402
2.16781
2.22425
2.2998
0.879404
0.820711
0.778233
0.744377
0.719724
0.702177
0.689677
0.680762
0.674671
0.671216
0.670861
0.673754
0.679219
0.687175
0.698111
0.713174
0.73419
0.76329
0.802057
0.849884
0.680948
0.689709
0.695245
0.69607
0.692591
0.686553
0.68013
0.674674
0.670858
0.669236
0.670444
0.674067
0.67937
0.685862
0.692641
0.69792
0.699551
0.696319
0.688987
0.681319
0.65797
0.660002
0.664607
0.668122
0.670637
0.672071
0.671791
0.670067
0.667895
0.666352
0.666402
0.668262
0.67101
0.673654
0.675152
0.674827
0.672981
0.670189
0.666144
0.661764
0.65104
0.651907
0.654392
0.65711
0.659125
0.660492
0.661486
0.66195
0.661827
0.661602
0.661991
0.663113
0.664238
0.664742
0.664457
0.663626
0.662228
0.659999
0.657368
0.655404
0.645361
0.645823
0.647221
0.649247
0.651192
0.652775
0.653929
0.654841
0.655584
0.656194
0.656869
0.657555
0.657914
0.657848
0.6574
0.656455
0.654963
0.653149
0.651511
0.650497
0.640143
0.64043
0.64135
0.642824
0.644457
0.646069
0.647505
0.648695
0.649744
0.650736
0.651625
0.652223
0.652421
0.652233
0.651602
0.650562
0.649292
0.647991
0.646913
0.646291
0.635132
0.635334
0.636024
0.637203
0.638594
0.640048
0.641534
0.642958
0.644263
0.645489
0.646572
0.647266
0.647475
0.647222
0.646584
0.645722
0.644764
0.643785
0.643012
0.642575
0.630257
0.630409
0.630958
0.631948
0.633186
0.634536
0.635976
0.637484
0.639
0.64047
0.641782
0.642639
0.642931
0.64277
0.642311
0.641675
0.640952
0.64022
0.639654
0.639327
0.625434
0.625553
0.626004
0.62686
0.628
0.629293
0.63071
0.632259
0.633924
0.635644
0.637232
0.638321
0.63881
0.638867
0.638639
0.638227
0.63771
0.637189
0.636784
0.636532
0.620571
0.620668
0.621049
0.621816
0.622896
0.624155
0.625586
0.627206
0.629018
0.630991
0.632907
0.634323
0.635112
0.635446
0.635468
0.635288
0.634987
0.634653
0.634376
0.634177
0.615578
0.615657
0.615988
0.616699
0.617749
0.619012
0.620495
0.622226
0.624229
0.626495
0.628809
0.630646
0.631807
0.632465
0.632769
0.632834
0.632754
0.632594
0.632425
0.632265
0.61036
0.610426
0.610723
0.611401
0.612454
0.61377
0.615346
0.617236
0.619493
0.622125
0.624928
0.627275
0.628878
0.629912
0.630538
0.630869
0.631014
0.631026
0.630951
0.630822
0.604822
0.604877
0.605152
0.605825
0.606915
0.608326
0.610046
0.612157
0.614741
0.617836
0.621238
0.624199
0.626325
0.627795
0.628784
0.629418
0.629804
0.629989
0.629997
0.629892
0.598859
0.598905
0.599169
0.599859
0.601024
0.602575
0.604497
0.606904
0.609903
0.613578
0.617712
0.621411
0.624157
0.626137
0.627542
0.628531
0.629181
0.629541
0.629625
0.629539
0.592348
0.592386
0.592648
0.593377
0.594655
0.596398
0.598592
0.601379
0.604906
0.609298
0.614323
0.618908
0.622393
0.624977
0.626868
0.628248
0.629201
0.629751
0.629911
0.62984
0.585144
0.585173
0.585442
0.586231
0.587665
0.58966
0.592205
0.595476
0.599665
0.604938
0.611044
0.616691
0.621053
0.62435
0.626817
0.628647
0.629951
0.630709
0.630943
0.630883
0.577064
0.577089
0.577374
0.578242
0.579876
0.58219
0.585184
0.589068
0.594081
0.600436
0.607851
0.614769
0.620169
0.624303
0.627451
0.629826
0.631531
0.632513
0.632821
0.632768
0.567868
0.567891
0.568204
0.569175
0.571069
0.573784
0.577352
0.582005
0.588043
0.595726
0.604723
0.613151
0.619782
0.624901
0.628849
0.631868
0.634035
0.635264
0.635645
0.635597
0.557242
0.557257
0.557609
0.558726
0.56095
0.564201
0.568491
0.574113
0.581427
0.590742
0.601643
0.611863
0.619936
0.626216
0.631102
0.634859
0.637566
0.639059
0.639512
0.639465
0.5448
0.54481
0.545205
0.546517
0.549174
0.553108
0.558325
0.56518
0.574097
0.585417
0.598604
0.610934
0.620681
0.628305
0.63429
0.638901
0.642212
0.643982
0.644499
0.644446
0.529972
0.529977
0.530435
0.532015
0.535248
0.540087
0.546515
0.554964
0.56591
0.579699
0.595616
0.610403
0.622075
0.631227
0.638487
0.644064
0.648034
0.650078
0.650645
0.650579
0.511973
0.511974
0.512527
0.514492
0.518523
0.524593
0.532648
0.543197
0.556736
0.573567
0.592718
0.610327
0.624175
0.635055
0.643702
0.650381
0.655045
0.657338
0.657928
0.657843
0.489617
0.489613
0.490334
0.492899
0.498102
0.505925
0.516242
0.529619
0.546502
0.567064
0.589998
0.61079
0.627042
0.639818
0.64999
0.65785
0.663187
0.665667
0.666244
0.666132
0.461118
0.461115
0.462128
0.465689
0.472759
0.483218
0.496805
0.514057
0.535245
0.560332
0.587612
0.61191
0.630738
0.645533
0.657322
0.666397
0.67231
0.674868
0.675383
0.675238
0.423372
0.423386
0.425038
0.430537
0.440924
0.455569
0.474013
0.49656
0.523193
0.553639
0.585781
0.613822
0.635332
0.652206
0.665646
0.675853
0.682147
0.684623
0.685025
0.684842
0.370437
0.370688
0.374466
0.384441
0.40101
0.422551
0.448063
0.477584
0.510847
0.547407
0.584786
0.616674
0.640875
0.6598
0.674813
0.68594
0.692306
0.694518
0.694769
0.694555
0.294579
0.296959
0.308035
0.327625
0.354534
0.385689
0.420217
0.457973
0.498701
0.541932
0.584896
0.620857
0.647913
0.669025
0.685645
0.697474
0.703688
0.705551
0.705669
0.705456
0.213873
0.22036
0.240029
0.269907
0.307665
0.348728
0.392309
0.438381
0.486813
0.537172
0.586456
0.627268
0.657711
0.681349
0.699745
0.712041
0.717565
0.718867
0.718894
0.718756
0.144637
0.151516
0.177893
0.216508
0.263482
0.313631
0.365881
0.420076
0.476057
0.533362
0.588692
0.634012
0.667505
0.693249
0.712799
0.724773
0.729589
0.730642
0.730691
0.730594
0.088045
0.0951826
0.125639
0.170477
0.224322
0.281915
0.34165
0.403182
0.46618
0.53006
0.59113
0.640674
0.676976
0.70449
0.724802
0.736715
0.741202
0.742142
0.742221
0.742158
0.0410673
0.048515
0.081486
0.13106
0.190351
0.253999
0.320034
0.38798
0.457315
0.527301
0.593801
0.647365
0.686316
0.715577
0.736814
0.748789
0.753079
0.754027
0.754141
0.754104
0.00127881
0.00888652
0.0436054
0.0967319
0.160589
0.229357
0.300812
0.374405
0.449467
0.525104
0.596746
0.654198
0.695767
0.726781
0.748929
0.761247
0.76573
0.76657
0.766701
0.766679
-0.0333532
-0.0256522
0.0103133
0.0663899
0.134039
0.207206
0.283441
0.362091
0.442388
0.523306
0.599861
0.661091
0.705246
0.73801
0.761171
0.77408
0.778752
0.779632
0.779748
0.779739
-0.0643382
-0.0565494
-0.0195757
0.0390158
0.109883
0.186876
0.267363
0.350602
0.43575
0.521651
0.602928
0.667851
0.714568
0.749131
0.773452
0.786863
0.791825
0.792764
0.792875
0.792865
-0.0926558
-0.0847946
-0.0469699
0.0138026
0.0874635
0.167836
0.252129
0.339557
0.429211
0.51985
0.605713
0.674278
0.723526
0.759845
0.78521
0.799254
0.804478
0.805529
0.805632
0.805618
-0.119095
-0.11114
-0.0725067
-0.00990718
0.0662885
0.149679
0.237393
0.328651
0.422513
0.51768
0.608036
0.680199
0.73194
0.76995
0.796344
0.810965
0.816426
0.81758
0.817658
0.817626
-0.144135
-0.136065
-0.096668
-0.0325186
0.0459948
0.132086
0.222899
0.31767
0.415465
0.514967
0.609733
0.6855
0.739716
0.779362
0.806684
0.821769
0.8274
0.828613
0.828662
0.828606
-0.168171
-0.159941
-0.119727
-0.0542579
0.026337
0.11484
0.208464
0.306453
0.407919
0.511569
0.610698
0.690121
0.746833
0.788059
0.816211
0.831562
0.837289
0.838518
0.838537
0.838458
-0.191376
-0.182984
-0.142212
-0.0752714
0.00714867
0.0978169
0.19397
0.294898
0.399774
0.507385
0.610841
0.694012
0.753299
0.796069
0.824886
0.840353
0.846083
0.847273
0.84725
0.84715
-0.213936
-0.205356
-0.16395
-0.0957157
-0.0116689
0.0809329
0.179353
0.282949
0.390979
0.502345
0.610083
0.697139
0.75916
0.803533
0.832889
0.848286
0.853859
0.854977
0.85492
0.854802
-0.23592
-0.227185
-0.185064
-0.115676
-0.0301659
0.06416
0.164605
0.270599
0.3815
0.496398
0.608345
0.699462
0.764487
0.810599
0.840394
0.855522
0.86076
0.861732
0.861635
0.861506
-0.257364
-0.248446
-0.20566
-0.13518
-0.0483532
0.0474993
0.14973
0.257862
0.371362
0.489536
0.605574
0.700923
0.769312
0.817437
0.847661
0.862261
0.866924
0.867649
0.867499
0.867359
-0.278236
-0.26915
-0.225666
-0.154206
-0.0662074
0.0309746
0.13478
0.244788
0.360608
0.481761
0.601713
0.701441
0.77362
0.824198
0.855007
0.868819
0.872533
0.872819
0.872598
0.872469
-0.298511
-0.289244
-0.245086
-0.172733
-0.0837029
0.0146426
0.119805
0.231447
0.349294
0.473125
0.596726
0.700908
0.777322
0.830956
0.862803
0.875769
0.878048
0.87744
0.877049
0.876993
-0.318191
-0.308731
-0.26392
-0.190742
-0.100806
-0.00143569
0.104886
0.21792
0.337505
0.463681
0.590628
0.699201
0.780251
0.83764
0.871318
0.883915
0.884473
0.882148
0.881094
0.881213
-0.337216
-0.327565
-0.282133
-0.208204
-0.117458
-0.017215
0.0900955
0.20429
0.32534
0.453517
0.583431
0.696189
0.782174
0.843982
0.880459
0.893933
0.893502
0.888995
0.885973
0.885138
-0.355618
-0.345783
-0.299717
-0.225125
-0.133689
-0.0327109
0.0754129
0.19053
0.312779
0.442607
0.575069
0.691653
0.782804
0.849648
0.88974
0.90578
0.90668
0.900983
0.893108
0.878223
-0.373426
-0.363388
-0.316775
-0.241684
-0.149741
-0.0482196
0.0604694
0.176195
0.299293
0.430348
0.56492
0.68496
0.781499
0.854271
0.898252
0.917829
0.921676
0.913498
0.904221
0.860169
-0.390902
-0.379992
-0.333213
-0.257758
-0.165533
-0.0636549
0.0454229
0.161487
0.285085
0.416907
0.552985
0.675839
0.777251
0.856922
0.90363
0.923753
0.926951
0.92008
0.86852
0.809241
-0.409029
-0.394547
-0.3488
-0.273196
-0.181275
-0.0792531
0.0300032
0.1464
0.27013
0.402254
0.539109
0.663913
0.768649
0.857239
0.90289
0.909634
0.913621
0.877172
0.810543
0.746289
-0.426918
-0.429563
-0.369598
-0.285675
-0.193695
-0.0920678
0.0148396
0.131597
0.255174
0.387174
0.523919
0.649378
0.755167
0.856588
0.865499
0.879495
0.852767
0.786188
0.709906
0.639215
-0.402875
-0.401512
-0.342585
-0.258921
-0.161848
-0.0570019
0.0548464
0.174303
0.301246
0.437557
0.569479
0.683877
0.780212
0.877249
0.881818
0.777944
0.690219
0.620254
0.545877
0.403831
-0.442852
-0.416852
-0.355056
-0.270519
-0.173908
-0.0691042
0.0421872
0.161105
0.287249
0.422309
0.552178
0.663913
0.751163
0.813991
0.779496
0.643312
0.520181
0.435786
0.350647
0.189512
-0.46662
-0.43589
-0.373241
-0.289301
-0.192567
-0.0879262
0.0236002
0.141789
0.266696
0.39966
0.526396
0.632789
0.711087
0.738804
0.655845
0.488885
0.347178
0.242033
0.126069
-0.105995
-0.489782
-0.456765
-0.392971
-0.308365
-0.211565
-0.107027
0.00415788
0.12145
0.244867
0.375265
0.49778
0.596896
0.663442
0.65562
0.517153
0.327742
0.15505
0.0119585
-0.148347
-0.527904
-0.511977
-0.47815
-0.413344
-0.327847
-0.230969
-0.126637
-0.0161029
0.100154
0.221853
0.349256
0.466639
0.557337
0.605285
0.567764
0.381972
0.173235
-0.0405209
-0.21934
-0.465673
-1.00653
-0.533978
-0.500113
-0.434643
-0.348562
-0.251535
-0.147445
-0.0375609
0.0775484
0.197287
0.321282
0.432912
0.515175
0.54296
0.455021
0.258054
0.0427913
-0.174215
-0.374217
-0.540603
-1.12165
-0.556922
-0.522997
-0.457158
-0.370757
-0.27362
-0.169746
-0.0604915
0.0534207
0.171028
0.291283
0.396789
0.469352
0.471933
0.341184
0.151161
-0.0538356
-0.241278
-0.369899
-0.403455
-0.450118
-0.58123
-0.547256
-0.481204
-0.394712
-0.297654
-0.194171
-0.0857316
0.0266853
0.141731
0.257539
0.356477
0.415761
0.396021
0.236321
0.0543589
-0.125768
-0.271047
-0.332823
-0.355492
-0.36121
-0.607251
-0.573068
-0.506875
-0.420412
-0.323609
-0.220716
-0.113369
-0.00278456
0.109267
0.219978
0.311617
0.355502
0.320279
0.138616
-0.0340383
-0.19215
-0.302028
-0.328662
-0.3298
-0.330181
-0.635077
-0.600581
-0.53422
-0.447849
-0.351457
-0.249389
-0.143408
-0.0349952
0.0736026
0.178668
0.261896
0.293121
0.225847
0.0490872
-0.114799
-0.254234
-0.301094
-0.315372
-0.316656
-0.316259
-0.664605
-0.629737
-0.563207
-0.477018
-0.381189
-0.280165
-0.175834
-0.069955
0.0347658
0.133685
0.207922
0.225169
0.127382
-0.0335499
-0.183267
-0.293045
-0.306555
-0.306377
-0.30747
-0.307149
-0.695376
-0.660334
-0.593657
-0.507752
-0.412676
-0.312948
-0.210575
-0.107604
-0.00713251
0.0852405
0.150632
0.150188
0.0421261
-0.106477
-0.237698
-0.277122
-0.298785
-0.301914
-0.302193
-0.301937
-0.727046
-0.691692
-0.625218
-0.53976
-0.445667
-0.347513
-0.247422
-0.147729
-0.0518595
0.0338811
0.0897251
0.0778825
-0.0366335
-0.166699
-0.273213
-0.313909
-0.301983
-0.298443
-0.297898
-0.297661
-0.758685
-0.723356
-0.65735
-0.572551
-0.479723
-0.38347
-0.286018
-0.189959
-0.0990547
-0.0196551
0.02521
0.0116777
-0.106513
-0.212326
-0.291737
-0.289187
-0.293642
-0.294662
-0.294677
-0.294519
-0.7893
-0.75449
-0.688929
-0.605404
-0.514211
-0.420253
-0.32582
-0.23371
-0.148083
-0.0747966
-0.0369652
-0.0546891
-0.163837
-0.251956
-0.278583
-0.298605
-0.29569
-0.293555
-0.292494
-0.292125
-0.817307
-0.783468
-0.719111
-0.637264
-0.548242
-0.457057
-0.366091
-0.278232
-0.197965
-0.130861
-0.0937918
-0.125857
-0.209492
-0.274896
-0.286397
-0.29134
-0.293947
-0.293897
-0.293554
-0.293063
-0.841024
-0.808645
-0.74618
-0.666885
-0.580688
-0.492856
-0.405866
-0.32259
-0.247563
-0.186741
-0.150254
-0.187227
-0.248417
-0.288795
-0.323524
-0.310297
-0.303094
-0.302444
-0.301822
-0.301232
-0.858158
-0.827917
-0.768199
-0.692558
-0.610171
-0.526449
-0.443995
-0.365688
-0.295816
-0.240912
-0.207978
-0.237437
-0.277972
-0.314292
-0.316512
-0.313754
-0.314807
-0.314308
-0.313364
-0.313108
-0.866386
-0.838811
-0.783297
-0.712418
-0.635073
-0.556493
-0.479283
-0.40629
-0.341637
-0.291902
-0.259299
-0.281177
-0.305669
-0.330978
-0.321923
-0.318326
-0.315747
-0.314519
-0.314247
-0.314407
-0.862768
-0.839475
-0.789653
-0.724716
-0.65381
-0.581514
-0.510375
-0.443165
-0.383807
-0.338422
-0.300684
-0.315787
-0.32616
-0.367405
-0.346906
-0.326111
-0.31579
-0.312556
-0.311324
-0.310696
-0.843988
-0.82665
-0.785431
-0.728172
-0.665121
-0.600269
-0.53603
-0.475012
-0.421064
-0.379388
-0.343863
-0.328187
-0.291185
-0.301565
-0.298279
-0.29873
-0.3022
-0.303682
-0.303492
-0.302999
-0.811655
-0.799694
-0.769256
-0.722207
-0.668388
-0.612123
-0.555334
-0.500672
-0.452043
-0.414353
-0.377484
-0.324177
-0.227915
-0.126771
-0.161455
-0.243901
-0.284823
-0.301219
-0.306622
-0.308079
-0.770412
-0.762992
-0.744011
-0.708352
-0.664569
-0.617277
-0.568035
-0.519441
-0.475521
-0.441088
-0.411212
-0.363495
-0.309146
-0.2559
-0.308155
-0.348542
-0.364081
-0.370347
-0.374411
-0.376169
-0.72868
-0.724497
-0.714362
-0.690864
-0.656457
-0.617138
-0.574674
-0.531328
-0.490361
-0.458626
-0.434039
-0.447446
-0.52761
-0.655479
-0.639762
-0.564212
-0.521167
-0.500741
-0.492598
-0.489362
-0.695252
-0.693054
-0.687752
-0.672787
-0.647047
-0.613791
-0.576724
-0.536589
-0.49659
-0.462335
-0.442943
-0.456413
-0.509778
-0.561688
-0.566863
-0.552311
-0.544852
-0.53267
-0.519971
-0.519808
-0.670992
-0.669981
-0.668011
-0.659782
-0.639875
-0.610985
-0.576048
-0.536722
-0.494038
-0.450221
-0.421815
-0.387185
-0.399089
-0.453188
-0.577536
-0.700008
-0.751809
-0.700842
-0.612831
-0.568098
-0.655348
-0.654881
-0.654101
-0.65011
-0.635962
-0.609475
-0.574388
-0.533578
-0.486813
-0.436682
-0.396978
-0.361106
-0.298194
-0.219957
-0.168034
-0.107848
-0.0712841
-0.0507027
-0.0174856
0.00805258
-0.645819
-0.645621
-0.64506
-0.643763
-0.634486
-0.609288
-0.573096
-0.528666
-0.477781
-0.418361
-0.360934
-0.308773
-0.162799
0.0663566
0.305684
0.494643
0.550904
0.561998
0.557646
0.553976
-0.639412
-0.639392
-0.639265
-0.63943
-0.633624
-0.610884
-0.572647
-0.524358
-0.467178
-0.396988
-0.319398
-0.232256
-0.0563094
0.183205
0.398975
0.560259
0.671187
0.751839
0.811427
0.836861
-0.634144
-0.634208
-0.634269
-0.634401
-0.631817
-0.613032
-0.573978
-0.521738
-0.457367
-0.38024
-0.284339
-0.187779
0.0200276
0.282149
0.543855
0.769675
0.936896
1.06698
1.1536
1.18689
-0.629954
-0.629885
-0.629449
-0.628091
-0.626749
-0.615909
-0.57766
-0.521273
-0.452481
-0.367056
-0.265313
-0.166501
0.0280555
0.318207
0.634328
0.924793
1.16407
1.31932
1.39828
1.4219
-0.628816
-0.629503
-0.631214
-0.633726
-0.635801
-0.625023
-0.583872
-0.52547
-0.454526
-0.365213
-0.264197
-0.161645
-0.0137725
0.276544
0.58507
0.861349
1.09226
1.23502
1.29838
1.31426
-0.628974
-0.630393
-0.634194
-0.642608
-0.650792
-0.634058
-0.589938
-0.535311
-0.463927
-0.372406
-0.275324
-0.178143
-0.0618174
0.177859
0.441198
0.667211
0.847566
0.953503
0.998423
1.00833
-0.650845
-0.651219
-0.645169
-0.621672
-0.593872
-0.587315
-0.584718
-0.551079
-0.479793
-0.386952
-0.292342
-0.201443
-0.112396
0.0624642
0.270803
0.441515
0.57412
0.64779
0.677354
0.681665
-0.699123
-0.697317
-0.68044
-0.631719
-0.578384
-0.576852
-0.609713
-0.581638
-0.502508
-0.403881
-0.311633
-0.233479
-0.167779
-0.0382474
0.114087
0.238299
0.331858
0.380952
0.399864
0.401607
-0.782824
-0.7853
-0.807251
-0.839635
-0.842036
-0.812563
-0.763574
-0.649081
-0.531899
-0.420188
-0.329815
-0.260579
-0.209929
-0.116676
-0.00899694
0.0765673
0.136581
0.168314
0.179067
0.179623
-0.939806
-0.96465
-1.02553
-1.08374
-1.09858
-1.05414
-0.917608
-0.722912
-0.558143
-0.430129
-0.339653
-0.27868
-0.23639
-0.169336
-0.10295
-0.0509853
-0.0172495
-0.00177306
0.00370419
0.00317599
-1.02076
-1.04724
-1.09277
-1.13224
-1.14454
-1.09627
-0.942493
-0.728936
-0.552547
-0.422599
-0.338113
-0.284604
-0.245452
-0.202673
-0.166028
-0.143007
-0.131774
-0.128534
-0.127805
-0.127844
-0.906326
-0.928207
-0.964779
-1.00078
-1.01212
-0.964561
-0.81293
-0.641555
-0.496831
-0.389635
-0.320766
-0.27794
-0.245285
-0.21829
-0.201821
-0.195495
-0.199576
-0.202826
-0.202432
-0.201836
-0.609378
-0.627563
-0.661854
-0.700996
-0.721193
-0.690319
-0.59792
-0.493711
-0.403658
-0.335451
-0.291624
-0.26646
-0.247381
-0.229154
-0.216049
-0.213895
-0.215959
-0.217107
-0.216066
-0.215743
-0.251071
-0.262319
-0.28609
-0.319656
-0.351248
-0.363914
-0.353733
-0.328687
-0.299414
-0.270935
-0.253932
-0.250106
-0.247451
-0.228541
-0.212123
-0.201403
-0.197343
-0.194523
-0.192962
-0.193126
0.0178184
0.0121028
-0.00416449
-0.0342958
-0.0770104
-0.12241
-0.160588
-0.187159
-0.200696
-0.204862
-0.210519
-0.224256
-0.233187
-0.21183
-0.189443
-0.17407
-0.163769
-0.158515
-0.157388
-0.158298
0.149514
0.146065
0.134072
0.107814
0.0647019
0.00980678
-0.0444326
-0.0895792
-0.122259
-0.144426
-0.160946
-0.179151
-0.186957
-0.170163
-0.15298
-0.140899
-0.132072
-0.128074
-0.127729
-0.128758
0.184556
0.182159
0.173231
0.152593
0.117286
0.0707047
0.0201705
-0.0271758
-0.0653932
-0.0925314
-0.109579
-0.120349
-0.122419
-0.115329
-0.111417
-0.108012
-0.104828
-0.103503
-0.103807
-0.104819
0.173866
0.172289
0.16611
0.151452
0.125851
0.0908538
0.0503756
0.010448
-0.0242344
-0.0494965
-0.0615586
-0.0611225
-0.0553298
-0.0637891
-0.0722939
-0.078965
-0.0826217
-0.0848292
-0.0860691
-0.0869647
0.147316
0.146409
0.142435
0.132697
0.115239
0.0905856
0.0605566
0.029623
0.00202137
-0.0169362
-0.0217368
-0.0147016
-0.00778711
-0.0232433
-0.0414899
-0.055575
-0.0649863
-0.0705829
-0.0728768
-0.0735232
0.117422
0.117007
0.114645
0.108506
0.0971016
0.0804454
0.059417
0.0372132
0.0170987
0.00442802
0.00445167
0.0136664
0.0178901
0.000398356
-0.0198856
-0.0364937
-0.048647
-0.056297
-0.0590413
-0.0593851
0.0886641
0.0884572
0.087188
0.0835027
0.0763753
0.0656369
0.0516798
0.0367949
0.0234891
0.0164863
0.0202163
0.0293054
0.030576
0.0143644
-0.00411356
-0.0193485
-0.0306126
-0.03779
-0.0401925
-0.0403825
0.0622743
0.062238
0.0616044
0.0596217
0.0552424
0.0487207
0.0400327
0.0307714
0.0229325
0.0204907
0.0275498
0.0384297
0.0388312
0.0229532
0.00732891
-0.00376538
-0.0117322
-0.0162446
-0.0179455
-0.0182483
0.0379308
0.0379921
0.0377461
0.0367569
0.0346217
0.031078
0.0263118
0.0212755
0.0172965
0.0175747
0.0261213
0.0386654
0.0397699
0.0252523
0.0135925
0.00656317
0.00236583
0.000691325
-0.000323005
-0.000818316
0.0155434
0.0156849
0.0157094
0.0155623
0.0150612
0.0140186
0.0123814
0.0103388
0.00847323
0.00822645
0.0111094
0.0193689
0.0280019
0.0240782
0.0136224
0.0077549
0.00600906
0.00606572
0.00595336
0.00516859
-0.725536
-0.164139
0.154665
0.367598
0.529554
0.652173
0.749556
0.832888
0.940455
0.939346
0.0759814
0.221811
0.380553
0.516255
0.627463
0.717118
0.790788
0.847092
0.87017
0.874527
0.336084
0.434272
0.540301
0.632321
0.710539
0.775563
0.827406
0.863931
0.88682
0.904049
0.520641
0.588237
0.661379
0.726985
0.783663
0.831282
0.869631
0.899101
0.922419
0.941206
0.65924
0.709747
0.760832
0.809907
0.852791
0.889728
0.92078
0.946317
0.967814
0.986215
0.771626
0.808478
0.849431
0.887902
0.922779
0.953644
0.980441
1.003
1.02201
1.03982
0.868406
0.898391
0.933537
0.966481
0.997204
1.025
1.04935
1.06979
1.0864
1.10378
0.957449
0.985788
1.01906
1.05053
1.07998
1.10665
1.1298
1.14882
1.16321
1.18034
1.04757
1.07846
1.11346
1.14599
1.17574
1.20213
1.22455
1.24243
1.25496
1.27221
1.15099
1.18667
1.22452
1.25858
1.28849
1.31409
1.33526
1.35181
1.36335
1.38119
1.28001
1.31901
1.35711
1.39013
1.41802
1.44153
1.4611
1.47656
1.48835
1.5066
1.44105
1.47705
1.5091
1.53584
1.55862
1.57909
1.59767
1.61368
1.62737
1.64524
1.62569
1.65073
1.67058
1.68907
1.7067
1.72343
1.73928
1.75526
1.77238
1.79151
1.81235
1.82319
1.8359
1.85044
1.86404
1.8761
1.887
1.89834
1.91374
1.93317
1.99422
2.00765
2.01271
2.01373
2.01569
2.02305
2.03674
2.05433
2.06807
2.07941
2.26308
2.2125
2.16503
2.13345
2.12039
2.12493
2.14818
2.19323
2.25992
2.35404
0.736028
0.733021
0.726963
0.716041
0.703555
0.692252
0.683204
0.676464
0.672022
0.67016
0.671425
0.675444
0.681631
0.689933
0.700446
0.712773
0.725133
0.733848
0.738362
0.74053
0.664322
0.67097
0.67622
0.679842
0.680961
0.679334
0.675892
0.672118
0.66916
0.667883
0.669004
0.672078
0.676193
0.680439
0.683483
0.684024
0.681713
0.677341
0.671049
0.665225
0.654194
0.657157
0.660524
0.663018
0.664785
0.665979
0.666219
0.665492
0.664457
0.664044
0.664951
0.666729
0.668431
0.669243
0.668846
0.667608
0.665719
0.662858
0.659527
0.65724
0.648119
0.649544
0.651761
0.65404
0.65577
0.656977
0.657883
0.658492
0.658796
0.659153
0.6599
0.660708
0.661091
0.66092
0.660322
0.659201
0.657406
0.655193
0.65345
0.652365
0.64272
0.643539
0.645008
0.64679
0.648541
0.650031
0.651188
0.652157
0.653032
0.653854
0.654583
0.655011
0.65506
0.654736
0.65395
0.652695
0.651196
0.649692
0.648681
0.648014
0.637619
0.638174
0.639262
0.640685
0.64221
0.643732
0.645148
0.64639
0.647529
0.64861
0.649443
0.649852
0.649838
0.64938
0.648539
0.647487
0.646349
0.645291
0.644609
0.64414
0.632684
0.6331
0.633971
0.635192
0.636537
0.637967
0.639447
0.640904
0.642285
0.643593
0.644601
0.645099
0.645094
0.644678
0.644006
0.643205
0.642345
0.641564
0.641067
0.640709
0.627846
0.628173
0.628893
0.629967
0.63122
0.632588
0.634064
0.635632
0.637237
0.638806
0.640042
0.640696
0.640833
0.640611
0.640165
0.639579
0.638942
0.638378
0.63801
0.637724
0.623016
0.623281
0.623895
0.62487
0.626066
0.627406
0.628903
0.630563
0.632361
0.63422
0.635751
0.636663
0.637053
0.637078
0.636864
0.636502
0.63607
0.635682
0.63541
0.635173
0.618099
0.618321
0.618861
0.619777
0.62094
0.622287
0.623844
0.625629
0.627643
0.629823
0.631731
0.632999
0.63371
0.634015
0.634051
0.633925
0.633689
0.633453
0.633258
0.633055
0.613005
0.613194
0.613685
0.614572
0.61574
0.617136
0.618793
0.620752
0.623037
0.625608
0.627982
0.629688
0.630775
0.631404
0.631718
0.631828
0.631793
0.631698
0.631564
0.631386
0.60764
0.607804
0.608267
0.609155
0.610369
0.611858
0.613663
0.615859
0.61849
0.621548
0.624489
0.626715
0.628244
0.629245
0.629871
0.630228
0.63041
0.630444
0.630362
0.6302
0.601903
0.602049
0.602503
0.603421
0.604722
0.606351
0.608367
0.610872
0.613942
0.617606
0.621233
0.624081
0.626129
0.627556
0.628535
0.629193
0.629588
0.629744
0.629706
0.629554
0.595683
0.595816
0.596275
0.597254
0.598684
0.600509
0.602808
0.60571
0.609333
0.613741
0.618198
0.621789
0.624453
0.626376
0.62776
0.628748
0.629385
0.629665
0.629665
0.629519
0.588846
0.588968
0.589448
0.590518
0.592127
0.594212
0.596876
0.600283
0.604594
0.609912
0.615373
0.61985
0.623242
0.625755
0.627606
0.628974
0.629878
0.630288
0.630323
0.630178
0.58124
0.581343
0.581856
0.583053
0.584895
0.587313
0.590442
0.594486
0.59965
0.606079
0.612746
0.618281
0.622532
0.625739
0.628152
0.629958
0.631162
0.631707
0.631775
0.631627
0.572622
0.572743
0.573299
0.574662
0.576791
0.579635
0.583357
0.588198
0.594415
0.602196
0.610313
0.617103
0.622369
0.626391
0.62948
0.631799
0.633337
0.634024
0.634121
0.633966
0.562728
0.562853
0.563501
0.565069
0.567578
0.570972
0.57544
0.581276
0.588795
0.598223
0.608075
0.616347
0.62281
0.627791
0.631668
0.634585
0.636503
0.637339
0.637462
0.637296
0.551237
0.551365
0.552131
0.553972
0.556961
0.561057
0.56647
0.57356
0.582694
0.594122
0.606041
0.616052
0.62391
0.630019
0.634797
0.638419
0.640755
0.641741
0.641884
0.641704
0.537651
0.537796
0.538724
0.540928
0.544542
0.549547
0.55618
0.564864
0.57601
0.589868
0.604232
0.616268
0.625725
0.633131
0.63897
0.643383
0.646165
0.647294
0.647447
0.64725
0.521301
0.521486
0.522648
0.525346
0.529795
0.536014
0.544251
0.554991
0.568658
0.585457
0.602684
0.617041
0.628319
0.637193
0.644222
0.649523
0.652763
0.654013
0.654163
0.653946
0.501229
0.501493
0.503008
0.506411
0.512028
0.51992
0.530323
0.543755
0.560593
0.58093
0.601469
0.618439
0.631749
0.642257
0.650581
0.65684
0.66051
0.661841
0.661969
0.661732
0.475984
0.476396
0.478471
0.482955
0.490315
0.500618
0.514037
0.531038
0.551854
0.576401
0.600702
0.620545
0.636051
0.648336
0.658053
0.665262
0.66928
0.670623
0.670708
0.670453
0.443209
0.443927
0.446986
0.453323
0.463492
0.477443
0.495147
0.516876
0.542619
0.572073
0.600541
0.623455
0.641269
0.655389
0.666566
0.674621
0.678829
0.68009
0.680112
0.679844
0.398697
0.400147
0.405317
0.41531
0.430379
0.449983
0.473739
0.501581
0.53325
0.568255
0.601186
0.627268
0.647429
0.663386
0.675962
0.684636
0.688775
0.689847
0.689792
0.689523
0.334575
0.339144
0.349957
0.367186
0.390608
0.418679
0.450513
0.485845
0.524307
0.565314
0.602835
0.632061
0.654497
0.672172
0.685877
0.694811
0.698582
0.699338
0.699209
0.698956
0.258371
0.266642
0.286377
0.314356
0.348493
0.386072
0.42655
0.469824
0.515584
0.563276
0.606184
0.639258
0.664498
0.684185
0.699054
0.707953
0.711256
0.711807
0.71172
0.711584
0.181942
0.195617
0.224623
0.263144
0.307431
0.354402
0.40353
0.454799
0.507926
0.562384
0.610767
0.647694
0.67567
0.697398
0.713248
0.721474
0.723958
0.724281
0.724227
0.72417
0.118437
0.136011
0.170751
0.217184
0.269737
0.324948
0.382032
0.440862
0.501048
0.561991
0.615527
0.656009
0.686396
0.70958
0.725574
0.733402
0.735603
0.735928
0.735937
0.735914
0.0663529
0.0860089
0.12525
0.177542
0.23656
0.298572
0.362537
0.428157
0.494871
0.561929
0.620351
0.664157
0.69674
0.721236
0.737646
0.745286
0.747274
0.747601
0.747674
0.74768
0.0227364
0.0436544
0.086254
0.143199
0.207559
0.275266
0.345159
0.416808
0.489488
0.562269
0.625353
0.672363
0.707118
0.732994
0.749937
0.757374
0.75946
0.75988
0.75999
0.760034
-0.0147186
0.00698998
0.0522605
0.112979
0.181835
0.254463
0.329575
0.406637
0.484794
0.562956
0.630516
0.680672
0.717583
0.744825
0.762403
0.770173
0.772408
0.772809
0.77294
0.773002
-0.0476977
-0.0254466
0.0219847
0.085877
0.158568
0.235502
0.315283
0.397277
0.480532
0.563801
0.635688
0.688926
0.727989
0.756682
0.775065
0.783277
0.785658
0.786094
0.786194
0.786264
-0.0774472
-0.0548163
-0.00555302
0.0610637
0.137092
0.217834
0.301823
0.388356
0.476388
0.564543
0.640647
0.696933
0.738148
0.768294
0.787463
0.796194
0.798698
0.799152
0.799222
0.79929
-0.104981
-0.0819519
-0.0311198
0.0379057
0.116892
0.201031
0.28883
0.379543
0.472077
0.564949
0.645201
0.704495
0.747792
0.779343
0.799324
0.808524
0.8112
0.811636
0.81167
0.811729
-0.130829
-0.107399
-0.055135
0.0159263
0.0975763
0.184763
0.276021
0.370603
0.467398
0.564837
0.649194
0.711476
0.756829
0.789696
0.810405
0.81998
0.822801
0.823213
0.823203
0.823245
-0.155459
-0.131569
-0.0781584
-0.00516301
0.0788583
0.168789
0.263203
0.361363
0.462177
0.564059
0.652512
0.717807
0.76518
0.799287
0.820621
0.830398
0.833293
0.833691
0.833634
0.833656
-0.179173
-0.154814
-0.100408
-0.0255807
0.0605516
0.152954
0.250232
0.351694
0.456295
0.562496
0.655086
0.72347
0.772864
0.80809
0.829854
0.839753
0.842645
0.843001
0.842914
0.842911
-0.202164
-0.177324
-0.121886
-0.0454788
0.0425414
0.137157
0.237024
0.34152
0.44968
0.560069
0.656842
0.72845
0.779939
0.816211
0.838247
0.848075
0.850881
0.851202
0.851084
0.851058
-0.224543
-0.199218
-0.142737
-0.0649442
0.0247661
0.12136
0.223554
0.330807
0.442275
0.556699
0.657716
0.732757
0.786519
0.823828
0.845933
0.855528
0.858151
0.858393
0.858253
0.858214
-0.246312
-0.220535
-0.163074
-0.084011
0.00720622
0.10555
0.20982
0.31956
0.434062
0.552338
0.657637
0.736386
0.792717
0.831135
0.853134
0.862252
0.864567
0.864702
0.864538
0.864486
-0.267526
-0.241279
-0.182896
-0.102675
-0.0101267
0.0897521
0.195856
0.307806
0.42507
0.546954
0.656537
0.739303
0.798608
0.838378
0.860138
0.868434
0.870219
0.870196
0.870015
0.869957
-0.288132
-0.261421
-0.202167
-0.120923
-0.0272071
0.0740206
0.181719
0.295609
0.415339
0.540541
0.65433
0.741416
0.804215
0.845793
0.86737
0.874471
0.875306
0.874968
0.874767
0.874749
-0.30816
-0.280931
-0.220897
-0.138717
-0.043981
0.0584079
0.167485
0.283053
0.404926
0.533131
0.650945
0.742586
0.809458
0.853533
0.875378
0.881127
0.880353
0.879218
0.878966
0.879105
-0.327518
-0.299822
-0.239048
-0.156027
-0.0604046
0.0429847
0.153221
0.270203
0.393928
0.524783
0.646326
0.74263
0.814139
0.861518
0.884597
0.889581
0.886765
0.883786
0.882609
0.882736
-0.346287
-0.318074
-0.256582
-0.172812
-0.0764107
0.0278288
0.139041
0.257189
0.382459
0.515569
0.640454
0.741336
0.817942
0.86933
0.894885
0.900793
0.897055
0.891027
0.884712
0.868666
-0.364403
-0.335678
-0.273636
-0.189275
-0.0922875
0.0126237
0.124544
0.243576
0.370042
0.505016
0.632852
0.738212
0.820638
0.876716
0.905748
0.914776
0.912328
0.904209
0.890111
0.905548
-0.38199
-0.352624
-0.290152
-0.20539
-0.107958
-0.00257558
0.109734
0.229385
0.356658
0.493003
0.62327
0.732582
0.821418
0.88257
0.914207
0.926228
0.925703
0.91446
0.853609
0.838734
-0.399626
-0.369541
-0.30589
-0.220839
-0.122839
-0.0173214
0.0948217
0.214872
0.342584
0.479711
0.611657
0.723926
0.819114
0.885917
0.915472
0.926909
0.917132
0.878505
0.81121
0.771049
-0.41797
-0.38739
-0.320448
-0.235359
-0.136561
-0.0314793
0.0801978
0.200205
0.32789
0.465125
0.597807
0.711911
0.811099
0.885051
0.931956
0.901702
0.868162
0.800324
0.727506
0.68369
0.008511
0.125118
0.248572
0.38035
0.516544
0.641419
0.746443
0.566031
-0.437787
-0.418933
-0.380808
-0.309193
-0.217823
-0.117528
-0.00905955
0.106466
0.229164
0.359815
0.495098
0.619426
0.723721
0.805481
0.857045
0.804389
0.655512
0.562961
0.491109
-0.454528
-0.441608
-0.397231
-0.324212
-0.232435
-0.131888
-0.0239189
0.0911335
0.212996
0.342336
0.47555
0.59664
0.694819
0.763727
0.758457
0.646308
0.496003
0.38586
0.294147
-0.476831
-0.464264
-0.416967
-0.342938
-0.251155
-0.150297
-0.0422927
0.0724292
0.19336
0.321109
0.451272
0.567209
0.654252
0.705895
0.663924
0.495957
0.325967
0.189444
0.0692209
-0.499266
-0.486578
-0.437769
-0.362463
-0.27039
-0.169546
-0.0618567
0.0521245
0.171827
0.297504
0.424047
0.53387
0.613508
0.636491
0.546351
0.349487
0.148907
-0.031733
-0.199748
-0.52091
-0.50874
-0.459192
-0.382784
-0.290354
-0.18955
-0.082326
0.0307514
0.149023
0.27224
0.394593
0.497476
0.567353
0.550752
0.416999
0.213206
-0.00724537
-0.215267
-0.403034
-0.543153
-0.53127
-0.481467
-0.404368
-0.311666
-0.210845
-0.104024
0.00819284
0.124947
0.245513
0.363357
0.458277
0.513785
0.475171
0.298631
0.0987311
-0.113631
-0.312147
-0.434958
-0.474905
-0.566709
-0.554972
-0.504961
-0.427508
-0.33473
-0.234007
-0.127667
-0.0164446
0.0985391
0.216018
0.328721
0.415316
0.454479
0.391274
0.192724
0.00160236
-0.179756
-0.316248
-0.362882
-0.386525
-0.591711
-0.580105
-0.52994
-0.452316
-0.35962
-0.25921
-0.153546
-0.0436047
0.0692339
0.18308
0.289877
0.367924
0.385448
0.284224
0.0978873
-0.0786606
-0.232198
-0.316155
-0.336524
-0.341855
-0.618478
-0.606872
-0.556525
-0.478807
-0.386324
-0.28641
-0.181684
-0.0733246
0.036979
0.146684
0.246798
0.315905
0.303742
0.181342
0.00952448
-0.156296
-0.277074
-0.321628
-0.32134
-0.322472
-0.646916
-0.635407
-0.584759
-0.506991
-0.41484
-0.315609
-0.212078
-0.105606
0.00176563
0.106851
0.199705
0.258156
0.228556
0.0847484
-0.0719217
-0.226013
-0.292773
-0.310548
-0.311629
-0.311354
-0.676877
-0.665376
-0.614541
-0.536785
-0.445084
-0.34676
-0.244675
-0.140426
-0.0363816
0.0636474
0.148865
0.194989
0.161734
0.000956221
-0.145573
-0.26192
-0.311752
-0.304804
-0.304534
-0.304525
-0.707875
-0.696302
-0.64561
-0.567943
-0.476871
-0.379685
-0.279339
-0.177656
-0.0773162
0.0173689
0.0945901
0.131244
0.0833334
-0.0719287
-0.20558
-0.286107
-0.302017
-0.300077
-0.299892
-0.299568
-0.739393
-0.727762
-0.677361
-0.600058
-0.509832
-0.414057
-0.315779
-0.217012
-0.12077
-0.0316024
0.0376687
0.0633789
-0.0016586
-0.13396
-0.251257
-0.271745
-0.289085
-0.295324
-0.295893
-0.295669
-0.770461
-0.758864
-0.708976
-0.632462
-0.543405
-0.449386
-0.353542
-0.258043
-0.166233
-0.0828384
-0.020153
-0.0100543
-0.0751524
-0.187471
-0.2694
-0.318291
-0.301391
-0.295656
-0.293708
-0.29329
-0.799291
-0.788504
-0.739524
-0.664138
-0.576783
-0.484951
-0.39197
-0.30011
-0.212963
-0.135612
-0.0776152
-0.0773616
-0.140736
-0.22851
-0.295141
-0.305641
-0.297648
-0.293684
-0.292356
-0.291912
-0.825082
-0.814602
-0.767595
-0.693875
-0.608882
-0.519787
-0.430188
-0.342385
-0.26004
-0.188662
-0.135357
-0.135316
-0.199178
-0.257353
-0.293311
-0.291749
-0.296272
-0.297231
-0.296876
-0.296527
-0.8452
-0.83539
-0.790874
-0.720254
-0.638351
-0.552739
-0.467106
-0.383843
-0.306443
-0.240652
-0.193147
-0.188641
-0.243628
-0.286594
-0.295543
-0.31047
-0.309774
-0.309026
-0.30829
-0.307548
-0.857682
-0.848934
-0.807704
-0.741141
-0.663532
-0.582419
-0.501519
-0.423268
-0.35107
-0.29048
-0.247972
-0.237924
-0.280563
-0.306861
-0.312456
-0.313686
-0.315513
-0.315882
-0.315177
-0.314902
-0.859929
-0.852822
-0.816028
-0.754778
-0.682673
-0.607299
-0.532064
-0.459402
-0.392714
-0.336967
-0.297287
-0.281331
-0.311608
-0.336443
-0.352814
-0.331866
-0.320437
-0.314313
-0.312837
-0.312473
-0.8501
-0.844401
-0.813469
-0.759307
-0.694333
-0.625925
-0.557399
-0.491019
-0.430039
-0.379056
-0.341817
-0.31593
-0.32167
-0.339441
-0.375306
-0.333261
-0.314917
-0.309256
-0.307805
-0.307002
-0.825028
-0.821018
-0.797528
-0.753331
-0.697499
-0.637365
-0.576474
-0.516871
-0.461758
-0.415642
-0.380818
-0.334756
-0.290265
-0.242057
-0.225421
-0.255619
-0.280436
-0.29477
-0.299777
-0.301232
-0.788051
-0.785567
-0.770305
-0.737094
-0.692273
-0.641548
-0.588844
-0.536187
-0.486703
-0.445122
-0.41502
-0.370485
-0.290208
-0.194092
-0.162491
-0.236431
-0.289258
-0.315532
-0.326747
-0.330889
-0.745867
-0.744279
-0.736741
-0.714478
-0.680872
-0.639625
-0.594939
-0.548841
-0.504166
-0.466078
-0.438124
-0.412752
-0.400785
-0.449442
-0.51735
-0.536999
-0.487467
-0.446104
-0.434478
-0.433325
-0.708396
-0.707369
-0.70389
-0.691667
-0.667162
-0.634122
-0.596206
-0.55533
-0.514056
-0.476418
-0.452274
-0.441224
-0.510966
-0.606559
-0.636376
-0.552233
-0.503596
-0.503799
-0.502635
-0.500443
-0.681752
-0.681197
-0.678897
-0.672831
-0.655478
-0.628384
-0.594827
-0.557129
-0.516331
-0.475914
-0.445661
-0.40758
-0.434222
-0.4721
-0.578655
-0.697487
-0.769381
-0.792047
-0.707316
-0.633478
-0.662046
-0.661617
-0.66073
-0.658373
-0.64765
-0.624894
-0.593151
-0.555816
-0.513496
-0.46766
-0.42309
-0.390979
-0.362038
-0.346012
-0.386965
-0.454277
-0.476447
-0.484985
-0.426048
-0.341703
-0.65016
-0.650021
-0.649589
-0.648104
-0.642895
-0.623593
-0.592366
-0.553126
-0.507927
-0.455644
-0.401775
-0.371559
-0.297361
-0.152196
0.0200143
0.202229
0.306345
0.3245
0.324501
0.321909
-0.64232
-0.642309
-0.642088
-0.641919
-0.639616
-0.624227
-0.592595
-0.550656
-0.500441
-0.441567
-0.374002
-0.308913
-0.201718
0.0205953
0.26241
0.467483
0.587516
0.650433
0.685072
0.704097
-0.636761
-0.636846
-0.636938
-0.637096
-0.635916
-0.625526
-0.59439
-0.549316
-0.493568
-0.427528
-0.345486
-0.258134
-0.119974
0.106187
0.349453
0.561649
0.720662
0.835576
0.931323
0.988162
-0.631639
-0.631701
-0.631556
-0.631028
-0.630428
-0.625003
-0.597706
-0.550084
-0.489681
-0.415265
-0.324454
-0.223122
-0.0865133
0.17278
0.463819
0.745023
0.985999
1.16446
1.27874
1.33254
-0.628957
-0.629135
-0.62925
-0.629094
-0.628412
-0.627089
-0.603445
-0.553175
-0.489293
-0.410755
-0.316813
-0.209311
-0.0900357
0.149308
0.46571
0.775484
1.04908
1.24991
1.36055
1.40125
-0.628122
-0.629086
-0.631232
-0.636785
-0.644571
-0.644128
-0.61238
-0.55928
-0.496043
-0.415726
-0.319702
-0.215612
-0.125995
0.0893294
0.38196
0.651138
0.886074
1.05322
1.1393
1.16868
-0.63519
-0.636559
-0.638146
-0.636651
-0.633095
-0.62784
-0.605377
-0.567879
-0.509887
-0.42704
-0.331175
-0.235276
-0.147844
0.00507629
0.242765
0.45921
0.638958
0.760837
0.820663
0.840043
-0.67296
-0.67316
-0.669059
-0.639026
-0.579304
-0.54271
-0.574744
-0.583733
-0.531008
-0.444195
-0.347768
-0.258652
-0.181602
-0.0776005
0.104219
0.265993
0.398056
0.483425
0.523215
0.534855
-0.733356
-0.730185
-0.727779
-0.715695
-0.69248
-0.672867
-0.678491
-0.648848
-0.565379
-0.464221
-0.364891
-0.28358
-0.218207
-0.145722
-0.0130235
0.103248
0.194735
0.251845
0.277752
0.285082
-0.861334
-0.8605
-0.893772
-0.954759
-0.995927
-0.980724
-0.916982
-0.769164
-0.615677
-0.48384
-0.378258
-0.30109
-0.244714
-0.190646
-0.101234
-0.0222451
0.035196
0.0694412
0.0839373
0.0875929
-1.0018
-1.01015
-1.05536
-1.11261
-1.1471
-1.13145
-1.04444
-0.841485
-0.64316
-0.4897
-0.3807
-0.30989
-0.259652
-0.217531
-0.162015
-0.118412
-0.0891903
-0.0751235
-0.0701139
-0.0688359
-0.98836
-0.998653
-1.03078
-1.07119
-1.09711
-1.08256
-0.988318
-0.790616
-0.607603
-0.464857
-0.36638
-0.304727
-0.262073
-0.227758
-0.197875
-0.178903
-0.171626
-0.171336
-0.172643
-0.171902
-0.772098
-0.783646
-0.81365
-0.854247
-0.885688
-0.876792
-0.784578
-0.641081
-0.50849
-0.405009
-0.332759
-0.288219
-0.258757
-0.234048
-0.217224
-0.20933
-0.211414
-0.215997
-0.216705
-0.215602
-0.423225
-0.432182
-0.454392
-0.48842
-0.521659
-0.532996
-0.501294
-0.442999
-0.379557
-0.326307
-0.286682
-0.264847
-0.253767
-0.239253
-0.221787
-0.212838
-0.209276
-0.209316
-0.207949
-0.207081
-0.0974377
-0.102499
-0.115883
-0.141923
-0.17851
-0.214185
-0.239598
-0.251855
-0.252105
-0.242989
-0.234065
-0.235007
-0.243436
-0.234721
-0.212739
-0.194552
-0.184452
-0.178533
-0.175598
-0.175322
0.101065
0.0981972
0.0897729
0.0691425
0.0325668
-0.0181261
-0.0709185
-0.115194
-0.1474
-0.167167
-0.179793
-0.194986
-0.212928
-0.204423
-0.182711
-0.164375
-0.151802
-0.144192
-0.141604
-0.142054
0.17646
0.174668
0.16883
0.152428
0.120667
0.0737763
0.0196684
-0.0323711
-0.074982
-0.105888
-0.126757
-0.14311
-0.155315
-0.148305
-0.137134
-0.128102
-0.120672
-0.11614
-0.114936
-0.115688
0.183066
0.181967
0.177843
0.165824
0.141905
0.105607
0.0616365
0.0158749
-0.0254767
-0.0579524
-0.0787867
-0.0882703
-0.0899735
-0.0886988
-0.0897405
-0.0920466
-0.0929202
-0.0930313
-0.0935968
-0.0945748
0.161719
0.161166
0.158478
0.150364
0.133807
0.108058
0.0752988
0.0392189
0.00530348
-0.0220902
-0.0374427
-0.0387379
-0.0324921
-0.0347707
-0.0486819
-0.0616932
-0.0704242
-0.0756798
-0.0784819
-0.0796238
0.132478
0.132289
0.130683
0.125519
0.114626
0.097177
0.0741144
0.0476913
0.0219273
0.00144526
-0.00778777
-0.00346798
0.00660214
0.000140912
-0.0201248
-0.038392
-0.0519756
-0.0608668
-0.06548
-0.0666291
0.102698
0.102724
0.101895
0.0988114
0.0919921
0.0806568
0.0651539
0.0469387
0.0289503
0.0151515
0.0110729
0.0179324
0.0263797
0.0185437
-0.00206076
-0.0203465
-0.0346766
-0.044448
-0.0495046
-0.0504409
0.0750964
0.0752254
0.0747964
0.0730749
0.0689598
0.0619197
0.0520408
0.0402396
0.0286412
0.020577
0.0210051
0.0298895
0.037309
0.0276613
0.0100119
-0.00512119
-0.016696
-0.024596
-0.0284353
-0.0291873
0.0497027
0.0498689
0.04971
0.0488905
0.0466798
0.0426345
0.0368596
0.0298813
0.0231359
0.0193082
0.0227256
0.0337117
0.041739
0.0345138
0.0179139
0.00629259
-0.00120851
-0.00565131
-0.00778445
-0.00844714
0.0263922
0.0265523
0.0265721
0.0262898
0.0253393
0.0234917
0.0207144
0.0172965
0.0140602
0.0127699
0.0163213
0.027535
0.0380073
0.0298944
0.0176089
0.0102249
0.00658821
0.00571218
0.0049893
0.00419475
0.015639
0.0157024
0.0156663
0.0153715
0.0146144
0.0132819
0.0113793
0.00930805
0.00810538
0.00915686
0.0145154
0.0248053
0.0288718
0.0184477
0.0100065
0.00649153
0.00603398
0.00608374
0.00570224
0.00160548
-0.374376
-0.0353256
0.180308
0.367073
0.517355
0.636177
0.730171
0.809909
0.868328
0.863585
0.116622
0.266189
0.405196
0.524702
0.626399
0.710772
0.78
0.833874
0.866645
0.878666
0.374704
0.469533
0.561706
0.644576
0.716263
0.777093
0.826951
0.865075
0.892182
0.910876
0.551388
0.614584
0.68123
0.742353
0.794883
0.840141
0.878021
0.908654
0.93333
0.951129
0.686188
0.731814
0.783059
0.828209
0.86898
0.904825
0.935884
0.962158
0.984092
0.999482
0.796138
0.833169
0.873192
0.909606
0.943476
0.974217
1.00148
1.0249
1.04446
1.05722
0.892556
0.924567
0.958927
0.991825
1.02274
1.05124
1.07667
1.09837
1.11605
1.12645
0.982835
1.01387
1.04779
1.08082
1.11158
1.13967
1.16441
1.18511
1.20124
1.20978
1.07714
1.11177
1.14838
1.18363
1.21537
1.24349
1.26755
1.28721
1.30195
1.30988
1.18967
1.22991
1.26903
1.30572
1.33741
1.3644
1.3869
1.40508
1.41872
1.42777
1.33333
1.37595
1.41354
1.44715
1.4751
1.49883
1.5194
1.53676
1.55059
1.5617
1.51107
1.54863
1.5766
1.6009
1.62188
1.64114
1.65936
1.67649
1.69236
1.70687
1.70869
1.7297
1.74458
1.76035
1.7766
1.79189
1.80559
1.81883
1.83432
1.85267
1.89926
1.90643
1.91696
1.92849
1.9384
1.94759
1.95782
1.96891
1.98052
1.98937
2.11227
2.11404
2.1061
2.08959
2.07844
2.07786
2.09001
2.1146
2.14872
2.17325
2.53191
2.33803
2.23697
2.17909
2.14994
2.14331
2.1585
2.19932
2.27517
2.41812
-0.402211
-0.406694
-0.367031
-0.294194
-0.202034
-0.100813
0.84223
0.906306
0.890301
0.802548
0.723892
0.647735
0.420659
0.20124
-0.0663857
-0.420206
-0.765772
)
;

boundaryField
{
    wall-4
    {
        type            zeroGradient;
    }
    pressure-outlet-7
    {
        type            fixedValue;
        value           uniform 0;
    }
    velocity-inlet-6
    {
        type            zeroGradient;
    }
    velocity-inlet-5
    {
        type            zeroGradient;
    }
    frontAndBackPlanes
    {
        type            empty;
    }
}


// ************************************************************************* //
