/*--------------------------------*- C++ -*----------------------------------*\
| =========                 |                                                 |
| \\      /  F ield         | OpenFOAM: The Open Source CFD Toolbox           |
|  \\    /   O peration     | Version:  2112                                  |
|   \\  /    A nd           | Website:  www.openfoam.com                      |
|    \\/     M anipulation  |                                                 |
\*---------------------------------------------------------------------------*/
FoamFile
{
    version     2.0;
    format      ascii;
    arch        "LSB;label=32;scalar=64";
    class       volScalarField;
    location    "12.5";
    object      p;
}
// * * * * * * * * * * * * * * * * * * * * * * * * * * * * * * * * * * * * * //

dimensions      [0 2 -2 0 0 0 0];

internalField   nonuniform List<scalar> 
8800
(
0.434106
0.386356
0.347748
0.318828
0.298054
0.283334
0.272867
0.265502
0.26074
0.258613
0.259649
0.26351
0.269817
0.278823
0.291351
0.308896
0.333532
0.367365
0.409793
0.468492
0.26522
0.27291
0.28051
0.283904
0.282504
0.277579
0.271262
0.265322
0.260681
0.257821
0.257384
0.25959
0.26374
0.269352
0.275808
0.281807
0.28524
0.284384
0.278786
0.270002
0.243491
0.249712
0.253959
0.257083
0.259302
0.260063
0.259117
0.257171
0.255235
0.254234
0.254944
0.256954
0.259345
0.261154
0.261451
0.259976
0.257373
0.253765
0.249086
0.245298
0.237368
0.240093
0.24313
0.245846
0.247768
0.249173
0.250115
0.250373
0.250116
0.249967
0.25043
0.251213
0.251645
0.251288
0.250273
0.248781
0.246558
0.243596
0.24094
0.239439
0.231928
0.233402
0.235544
0.238015
0.240203
0.241871
0.243076
0.244001
0.244683
0.245162
0.245462
0.245478
0.245105
0.244368
0.243176
0.241394
0.239131
0.236756
0.235154
0.234359
0.226943
0.22785
0.229715
0.232035
0.234342
0.236489
0.238245
0.239502
0.240376
0.240996
0.241363
0.24133
0.240801
0.23967
0.237944
0.235878
0.233675
0.231539
0.230298
0.22987
0.223643
0.224124
0.225554
0.227432
0.229231
0.23086
0.232424
0.233913
0.235168
0.236088
0.236458
0.236228
0.235491
0.234426
0.233171
0.231673
0.229933
0.228262
0.227398
0.227223
0.222048
0.222312
0.223171
0.22441
0.22576
0.227212
0.228673
0.23002
0.231238
0.232233
0.232754
0.232701
0.232214
0.231358
0.230279
0.229161
0.22804
0.227057
0.226574
0.226485
0.220354
0.220502
0.220939
0.221604
0.222469
0.223571
0.224732
0.226034
0.22733
0.228473
0.229151
0.229251
0.228927
0.228405
0.227785
0.227134
0.226624
0.226181
0.225951
0.225894
0.217796
0.217887
0.218191
0.218703
0.219329
0.220061
0.221074
0.222235
0.223491
0.224739
0.22565
0.226061
0.226098
0.225918
0.225691
0.225429
0.225139
0.224887
0.224764
0.224727
0.214617
0.214664
0.21491
0.215381
0.215989
0.216692
0.217661
0.218831
0.220175
0.221612
0.222803
0.223509
0.223814
0.223844
0.223883
0.223769
0.223563
0.223391
0.22333
0.223313
0.211145
0.211171
0.211369
0.211784
0.212338
0.213094
0.214013
0.215194
0.216653
0.218337
0.219884
0.220965
0.221635
0.222042
0.222144
0.222201
0.222138
0.222071
0.22206
0.222051
0.207382
0.207406
0.207575
0.207943
0.208491
0.209239
0.210243
0.211567
0.213254
0.215292
0.217276
0.218761
0.219761
0.220397
0.220765
0.220957
0.221028
0.221057
0.22108
0.221071
0.203182
0.20321
0.203371
0.203724
0.204282
0.205083
0.20621
0.207742
0.209757
0.21227
0.214797
0.216763
0.218132
0.219058
0.219653
0.220014
0.220221
0.220337
0.220386
0.220376
0.198424
0.19845
0.198642
0.199015
0.19963
0.200549
0.201871
0.203712
0.206175
0.209299
0.212492
0.215014
0.216842
0.218091
0.218923
0.219456
0.219785
0.219973
0.220046
0.220034
0.192992
0.193021
0.193245
0.193698
0.194418
0.19552
0.197126
0.199387
0.202441
0.20635
0.210385
0.213619
0.215953
0.217571
0.218662
0.219376
0.219826
0.220083
0.220181
0.220166
0.186727
0.186763
0.187041
0.187595
0.188496
0.189862
0.191858
0.194678
0.198503
0.203412
0.208494
0.212573
0.215527
0.217588
0.218983
0.2199
0.220481
0.220812
0.220937
0.22092
0.179417
0.17946
0.179809
0.180516
0.181669
0.183403
0.185923
0.189479
0.194301
0.200478
0.20686
0.211976
0.215682
0.218272
0.220028
0.221184
0.221914
0.22233
0.222487
0.222466
0.170779
0.170837
0.171292
0.172205
0.173687
0.175898
0.179119
0.183659
0.189767
0.197546
0.205542
0.211929
0.21655
0.219779
0.221971
0.223413
0.224323
0.224838
0.225033
0.225006
0.160414
0.160491
0.161086
0.162278
0.164209
0.167087
0.171256
0.177064
0.184824
0.194626
0.204616
0.212554
0.218285
0.222291
0.225013
0.226807
0.22794
0.228583
0.228819
0.22878
0.147783
0.147892
0.148679
0.150266
0.152818
0.156602
0.162017
0.16951
0.179412
0.19175
0.204183
0.214001
0.221074
0.226019
0.229388
0.231616
0.23302
0.233804
0.234103
0.234054
0.132102
0.132258
0.133322
0.13548
0.138921
0.143956
0.151105
0.16086
0.173511
0.188994
0.20438
0.216443
0.225124
0.231205
0.235366
0.238135
0.239891
0.240865
0.241222
0.241159
0.112183
0.112404
0.11391
0.11696
0.121734
0.128619
0.138216
0.150988
0.167149
0.186483
0.205373
0.220072
0.230655
0.238105
0.243237
0.246685
0.248896
0.250127
0.250562
0.25048
0.0861542
0.0864974
0.0887712
0.0933162
0.100214
0.109907
0.122987
0.139815
0.160422
0.184381
0.207333
0.225057
0.23785
0.246941
0.253284
0.257608
0.260423
0.262008
0.262568
0.262456
0.050891
0.0515262
0.0553445
0.0626693
0.0731565
0.0872206
0.105289
0.127478
0.15356
0.182905
0.210421
0.231513
0.24681
0.257837
0.265697
0.271199
0.274877
0.276974
0.2777
0.277546
0.000152507
0.00206873
0.00989828
0.0229608
0.0397633
0.0605797
0.0855353
0.114481
0.147003
0.182357
0.214787
0.239475
0.257499
0.270725
0.280436
0.287516
0.29249
0.295491
0.296547
0.296331
-0.0761667
-0.0660419
-0.0481001
-0.0247799
0.00155852
0.0313601
0.0647097
0.101428
0.141097
0.183021
0.220833
0.24956
0.270789
0.286756
0.298947
0.308388
0.315604
0.320464
0.322511
0.322687
-0.157443
-0.135019
-0.106459
-0.072845
-0.0368172
0.00203724
0.0438252
0.08847
0.135668
0.184872
0.22908
0.26291
0.288334
0.307955
0.323478
0.336018
0.346138
0.354706
0.358828
0.359158
-0.220591
-0.195918
-0.159074
-0.117297
-0.0727854
-0.0256249
0.0241275
0.0763418
0.130725
0.186764
0.236767
0.274974
0.303764
0.3261
0.343847
0.358206
0.369773
0.379076
0.382847
0.38345
-0.271559
-0.244769
-0.203345
-0.155709
-0.104743
-0.0508339
0.00578249
0.0647774
0.125708
0.187967
0.243066
0.284806
0.315965
0.339859
0.358583
0.373545
0.385526
0.394671
0.398743
0.399337
-0.312751
-0.285358
-0.240524
-0.188537
-0.132603
-0.0732937
-0.0109833
0.0538406
0.120569
0.188363
0.247858
0.292467
0.325367
0.350278
0.369547
0.384722
0.39671
0.405661
0.409979
0.410574
-0.347669
-0.319968
-0.272764
-0.217315
-0.157358
-0.0935584
-0.0263949
0.0435206
0.115409
0.188246
0.251801
0.298979
0.333347
0.359018
0.378584
0.393761
0.405634
0.414349
0.418696
0.419301
-0.378211
-0.350453
-0.301464
-0.243188
-0.179848
-0.112201
-0.0408148
0.0336356
0.11025
0.187771
0.255078
0.304614
0.340316
0.36666
0.386501
0.401719
0.413502
0.422012
0.426352
0.426969
-0.405876
-0.378051
-0.327604
-0.26702
-0.200833
-0.129869
-0.0547322
0.0238147
0.104749
0.186656
0.257645
0.309596
0.346702
0.373798
0.393981
0.409293
0.421023
0.429426
0.433679
0.434316
-0.431549
-0.403643
-0.351956
-0.289385
-0.220743
-0.146891
-0.0684617
0.0137579
0.0987391
0.184944
0.259671
0.314166
0.352816
0.380784
0.401405
0.416887
0.428624
0.436923
0.441055
0.441765
-0.455852
-0.42774
-0.375032
-0.310711
-0.23994
-0.163563
-0.0821885
0.00341693
0.0922038
0.182585
0.261121
0.318365
0.358783
0.387807
0.409004
0.424751
0.436556
0.444789
0.448788
0.449513
-0.479037
-0.450709
-0.39705
-0.331321
-0.25865
-0.180025
-0.0960137
-0.00734287
0.0849874
0.179442
0.261922
0.322178
0.364654
0.394973
0.416922
0.433056
0.445003
0.453207
0.457061
0.457749
-0.501477
-0.472819
-0.418351
-0.351351
-0.277014
-0.196425
-0.110075
-0.0186318
0.0770091
0.175419
0.26196
0.325521
0.3704
0.402316
0.425238
0.441907
0.454091
0.462318
0.466016
0.466618
-0.523193
-0.494233
-0.439163
-0.370903
-0.295127
-0.212826
-0.124405
-0.0304538
0.0682364
0.170445
0.2611
0.32826
0.375912
0.409785
0.433956
0.451351
0.463887
0.472189
0.475769
0.476203
-0.544257
-0.514958
-0.459339
-0.390009
-0.312991
-0.229194
-0.138971
-0.0428124
0.0586492
0.164443
0.259208
0.330207
0.380999
0.417229
0.442992
0.461362
0.474406
0.482833
0.486318
0.486553
-0.564732
-0.535116
-0.478909
-0.408675
-0.330599
-0.245515
-0.153745
-0.055665
0.0482637
0.157366
0.256146
0.331137
0.385433
0.424473
0.452251
0.471884
0.485606
0.494204
0.49758
0.497616
-0.584667
-0.554672
-0.497905
-0.426888
-0.347903
-0.261743
-0.16866
-0.0689461
0.0371265
0.149207
0.251792
0.330816
0.388959
0.431321
0.46162
0.482862
0.49741
0.506182
0.509335
0.5092
-0.603894
-0.573549
-0.516278
-0.444603
-0.364852
-0.277793
-0.183637
-0.0825596
0.0253222
0.140006
0.246075
0.329029
0.391208
0.437388
0.470852
0.49424
0.509785
0.518631
0.521451
0.521111
-0.622418
-0.591742
-0.53401
-0.461767
-0.381381
-0.293602
-0.19858
-0.0964163
0.0129512
0.129816
0.238956
0.325595
0.391773
0.44215
0.479588
0.506009
0.522901
0.531434
0.533537
0.532977
-0.64026
-0.609188
-0.551078
-0.478343
-0.397434
-0.309089
-0.213401
-0.110402
0.000124639
0.118745
0.23044
0.320385
0.390326
0.444975
0.487186
0.518044
0.537392
0.545106
0.545219
0.544316
-0.657292
-0.625915
-0.567433
-0.494273
-0.412957
-0.324177
-0.228003
-0.124402
-0.0130224
0.106928
0.220622
0.313318
0.386606
0.445147
0.492531
0.529592
0.554104
0.562236
0.557804
0.555099
-0.673616
-0.641903
-0.583096
-0.509583
-0.427982
-0.338914
-0.242443
-0.138474
-0.0265511
0.0943032
0.209402
0.304198
0.380324
0.441899
0.493856
0.538424
0.572074
0.588002
0.581815
0.558623
-0.689177
-0.657168
-0.598182
-0.524439
-0.442775
-0.353603
-0.257109
-0.153076
-0.0409932
0.0802235
0.19608
0.292149
0.370574
0.433999
0.487916
0.538639
0.580051
0.597635
0.584218
0.556632
-0.703853
-0.6719
-0.612529
-0.538593
-0.457067
-0.367919
-0.271778
-0.167886
-0.0560163
0.0650256
0.180893
0.277128
0.357012
0.42131
0.470901
0.520111
0.555303
0.560566
0.493544
0.448628
-0.717056
-0.686819
-0.625728
-0.551489
-0.470223
-0.381436
-0.28618
-0.182694
-0.0714002
0.0488992
0.163928
0.259149
0.339078
0.404682
0.444733
0.472102
0.492522
0.452418
0.375724
0.325013
-0.769281
-0.698656
-0.637611
-0.564632
-0.483594
-0.395446
-0.300398
-0.197741
-0.0874403
0.0315176
0.144805
0.237993
0.314993
0.385072
0.398853
0.401371
0.373525
0.306416
0.218006
0.168889
-0.726426
-0.712546
-0.654176
-0.583287
-0.502569
-0.415211
-0.321615
-0.220335
-0.111916
0.00434161
0.113522
0.201695
0.27057
0.326938
0.332401
0.207494
0.0874398
0.00492579
-0.0818343
-0.034188
-0.753365
-0.726359
-0.668703
-0.597436
-0.517464
-0.430728
-0.337371
-0.237217
-0.130392
-0.0165814
0.0888627
0.171796
0.232953
0.261088
0.203355
0.028956
-0.131465
-0.243357
-0.365603
-0.290889
-0.773308
-0.742742
-0.68504
-0.613346
-0.533743
-0.447486
-0.354719
-0.255884
-0.150974
-0.0401312
0.0609142
0.13745
0.18802
0.188213
0.0615811
-0.171894
-0.373393
-0.526707
-0.702442
-0.635287
-0.792001
-0.760078
-0.701558
-0.629345
-0.549904
-0.464126
-0.372312
-0.274919
-0.172093
-0.0644982
0.0315975
0.101245
0.13829
0.0988532
-0.105182
-0.378973
-0.64067
-0.873792
-1.13413
-1.11078
-0.809246
-0.777356
-0.718353
-0.645779
-0.566505
-0.481283
-0.390527
-0.294685
-0.194113
-0.090015
0.000757868
0.0634157
0.0843386
-0.00280389
-0.267467
-0.572523
-0.890255
-1.17869
-1.52654
-1.90116
-0.826127
-0.794666
-0.735545
-0.662931
-0.583839
-0.499177
-0.409453
-0.315179
-0.216906
-0.116422
-0.0310673
0.0241669
0.0272645
-0.109862
-0.413899
-0.727067
-1.0506
-1.32941
-1.45158
-1.64228
-0.843248
-0.812231
-0.753397
-0.680954
-0.602186
-0.518206
-0.429644
-0.337121
-0.241483
-0.145028
-0.0656151
-0.018416
-0.0340193
-0.236289
-0.545357
-0.84447
-1.11007
-1.28817
-1.32667
-1.35866
-0.860864
-0.830291
-0.771842
-0.699788
-0.621504
-0.538389
-0.451231
-0.360795
-0.268179
-0.17633
-0.10326
-0.0646811
-0.109838
-0.357684
-0.664897
-0.947389
-1.15554
-1.24464
-1.27541
-1.27945
-0.879107
-0.848892
-0.790762
-0.719242
-0.641586
-0.55956
-0.474074
-0.386064
-0.296844
-0.210093
-0.143751
-0.115095
-0.191712
-0.470363
-0.775405
-1.06386
-1.2214
-1.24652
-1.25503
-1.25733
-0.89775
-0.867882
-0.81011
-0.739106
-0.662236
-0.581491
-0.497947
-0.412684
-0.327321
-0.246201
-0.187068
-0.170615
-0.278276
-0.576259
-0.871533
-1.18945
-1.32428
-1.28914
-1.27261
-1.26852
-0.916487
-0.886972
-0.829597
-0.759112
-0.683124
-0.603864
-0.522543
-0.440415
-0.359382
-0.284282
-0.233342
-0.227055
-0.368046
-0.671969
-0.927198
-1.26085
-1.41172
-1.3149
-1.26559
-1.25085
-0.934621
-0.905387
-0.848751
-0.778772
-0.703828
-0.626256
-0.547449
-0.468949
-0.392713
-0.323833
-0.281902
-0.281666
-0.471094
-0.757567
-0.896394
-1.02799
-1.18157
-1.18561
-1.19072
-1.18547
-0.951567
-0.92282
-0.866748
-0.797449
-0.723608
-0.647957
-0.572095
-0.49751
-0.426535
-0.364133
-0.332084
-0.337476
-0.593603
-0.877531
-0.871118
-0.646251
-0.891136
-1.1259
-1.23872
-1.25708
-0.966591
-0.938359
-0.882886
-0.814218
-0.741629
-0.66812
-0.59547
-0.525488
-0.460061
-0.404504
-0.382208
-0.398987
-0.751414
-1.18819
-1.36159
-1.17223
-1.27578
-1.46524
-1.5982
-1.63402
-0.978388
-0.95086
-0.896003
-0.827948
-0.756738
-0.685603
-0.616699
-0.55176
-0.492184
-0.443258
-0.427507
-0.470196
-0.960145
-1.70936
-2.59784
-2.9152
-2.87703
-2.59226
-2.39357
-2.35326
-0.985586
-0.958927
-0.904756
-0.837353
-0.767656
-0.699216
-0.634574
-0.575565
-0.52297
-0.479372
-0.466308
-0.536027
-1.07277
-2.08167
-3.49324
-4.41404
-4.40451
-3.99533
-3.46681
-3.20531
-0.986374
-0.960708
-0.907412
-0.840829
-0.772869
-0.707475
-0.64768
-0.59605
-0.552794
-0.514147
-0.497997
-0.575529
-0.980243
-1.76283
-2.68569
-3.40469
-3.48441
-3.29186
-2.96785
-2.78311
-0.979074
-0.954432
-0.902173
-0.836718
-0.770806
-0.708831
-0.654886
-0.613344
-0.585008
-0.556388
-0.527338
-0.558104
-0.698336
-0.913221
-1.02939
-1.07303
-0.993036
-0.877924
-0.74502
-0.648228
-0.96173
-0.938152
-0.887301
-0.823505
-0.760027
-0.702038
-0.65536
-0.627304
-0.624884
-0.630924
-0.593897
-0.508937
-0.400337
-0.126421
0.256293
0.69398
1.05387
1.26047
1.36022
1.40042
-0.932633
-0.91021
-0.861352
-0.800002
-0.739481
-0.685998
-0.647847
-0.639221
-0.68369
-0.796362
-0.845484
-0.604269
-0.247347
0.274186
0.937138
1.50281
1.94683
2.20017
2.30135
2.33286
-0.890966
-0.869665
-0.823506
-0.765473
-0.708455
-0.659662
-0.630902
-0.647798
-0.772825
-1.12804
-1.39965
-0.954675
-0.332371
0.343115
1.05301
1.62198
2.03234
2.25314
2.33925
2.36325
-0.835333
-0.815544
-0.77326
-0.719455
-0.666282
-0.621586
-0.600108
-0.640461
-0.86436
-1.54265
-2.23591
-1.47911
-0.591043
0.22205
0.904707
1.40032
1.72326
1.88016
1.94728
1.96298
-0.765825
-0.748039
-0.710217
-0.661313
-0.611988
-0.569839
-0.549451
-0.59042
-0.825217
-1.53585
-2.21226
-1.50902
-0.653253
0.146291
0.722608
1.09005
1.30339
1.41349
1.46661
1.47115
-0.682523
-0.666472
-0.633953
-0.590777
-0.544873
-0.502574
-0.474353
-0.488609
-0.623911
-1.00913
-1.2456
-0.79361
-0.208624
0.303733
0.641731
0.849277
0.97425
1.05001
1.08982
1.10192
-0.589396
-0.578001
-0.54829
-0.509747
-0.467373
-0.424347
-0.386059
-0.364548
-0.384644
-0.458405
-0.425706
-0.125927
0.178817
0.414342
0.571372
0.674536
0.745475
0.792569
0.818046
0.824697
-0.476117
-0.470015
-0.449054
-0.41835
-0.382415
-0.34281
-0.301293
-0.261687
-0.228742
-0.192339
-0.095228
0.102036
0.278039
0.403163
0.493002
0.554304
0.596856
0.626661
0.643597
0.646585
-0.368312
-0.365251
-0.350439
-0.327262
-0.298999
-0.26562
-0.227109
-0.1836
-0.133644
-0.0669592
0.0343453
0.168843
0.281227
0.35947
0.415218
0.453084
0.478359
0.493916
0.501156
0.502579
-0.270544
-0.268891
-0.259539
-0.242952
-0.221709
-0.195372
-0.162816
-0.12265
-0.0717197
-0.00235445
0.0867168
0.180993
0.256932
0.309992
0.346442
0.370203
0.384777
0.39294
0.396443
0.396529
-0.182143
-0.181748
-0.176502
-0.16625
-0.152058
-0.132995
-0.107627
-0.0740017
-0.0291068
0.0320626
0.104978
0.173712
0.22736
0.264829
0.28962
0.304931
0.313505
0.317646
0.319032
0.318715
-0.10555
-0.105971
-0.104595
-0.100312
-0.0924544
-0.0800734
-0.0617619
-0.0355805
0.00101497
0.0512037
0.108908
0.160061
0.1988
0.225458
0.242535
0.252475
0.257527
0.259589
0.260085
0.259704
-0.0464443
-0.0472374
-0.0483232
-0.0481878
-0.0452498
-0.0382087
-0.0257206
-0.00620169
0.0222921
0.0617839
0.10628
0.144383
0.172637
0.191692
0.203511
0.210144
0.213231
0.214209
0.214304
0.213948
-0.00566614
-0.00649874
-0.00847782
-0.0102089
-0.00999686
-0.00665746
0.00123831
0.015157
0.0365983
0.0668833
0.100766
0.129158
0.149757
0.16346
0.171811
0.176237
0.178042
0.178411
0.178309
0.178
0.0201067
0.01942
0.0174918
0.0154149
0.0146617
0.0161851
0.0210687
0.0306774
0.0463843
0.0691295
0.0945804
0.115672
0.130799
0.140621
0.146317
0.149156
0.150131
0.150093
0.149866
0.149608
0.0353932
0.0348999
0.0333939
0.0315862
0.0306112
0.0313068
0.0345588
0.0413206
0.0526901
0.0695127
0.0884701
0.104023
0.114885
0.121775
0.125701
0.127509
0.127928
0.127653
0.127372
0.127166
0.0440009
0.0436661
0.042618
0.0412803
0.0404391
0.0406857
0.0427691
0.0475576
0.0558645
0.0682271
0.0821193
0.0934557
0.101349
0.106298
0.108975
0.110074
0.110178
0.109816
0.109541
0.109382
0.0486029
0.0483738
0.0476644
0.0467236
0.0461048
0.0462373
0.0476301
0.0509261
0.0568502
0.0658843
0.0761161
0.084429
0.0900971
0.0935278
0.0953084
0.0959578
0.0958919
0.0955218
0.0952794
0.0951566
0.0506719
0.0505068
0.0499943
0.0492972
0.0488126
0.0488577
0.0498285
0.0521987
0.0564664
0.0629937
0.070392
0.0763541
0.0803814
0.0827879
0.083982
0.0843488
0.0842073
0.0838726
0.0836698
0.0835737
0.0509197
0.0507972
0.0504034
0.0498544
0.0494516
0.0494212
0.0500438
0.0516803
0.0547247
0.0594363
0.0647879
0.0690883
0.071958
0.0736239
0.0744061
0.074597
0.0744311
0.0741439
0.0739781
0.0739027
0.0497723
0.0496812
0.0493775
0.0489417
0.048607
0.0485416
0.0489497
0.0500874
0.0522387
0.0556061
0.0594414
0.0625011
0.064512
0.0656501
0.066152
0.0662309
0.066059
0.065814
0.0656785
0.0656196
0.0475733
0.0475046
0.0472717
0.0469267
0.0466479
0.046559
0.0468088
0.0475859
0.0490999
0.0514911
0.0542186
0.0563831
0.0577865
0.0585572
0.0588693
0.0588799
0.0587156
0.0585102
0.0584007
0.0583548
0.0446099
0.0445574
0.0443812
0.0441146
0.04389
0.0437976
0.0439446
0.044468
0.0455203
0.0472059
0.0491331
0.0506507
0.0516168
0.0521278
0.0523115
0.0522821
0.0521321
0.0519618
0.0518735
0.0518375
0.0411105
0.0410697
0.0409365
0.0407325
0.0405544
0.0404671
0.0405476
0.0408953
0.0416201
0.042797
0.0441441
0.0451965
0.0458534
0.0461846
0.0462837
0.0462339
0.0461024
0.0459635
0.0458926
0.0458643
0.0372399
0.0372077
0.0371061
0.0369502
0.0368093
0.0367301
0.0367676
0.0369928
0.0374851
0.0382977
0.0392314
0.0399531
0.040392
0.0406004
0.0406454
0.0405871
0.0404739
0.0403609
0.0403039
0.0402817
0.0331115
0.0330861
0.0330078
0.0328875
0.0327755
0.0327052
0.0327152
0.0328563
0.0331849
0.0337388
0.0343767
0.0348644
0.0351526
0.0352775
0.0352886
0.0352288
0.0351331
0.0350418
0.0349961
0.0349786
0.0288016
0.0287815
0.0287205
0.0286268
0.028537
0.0284749
0.0284677
0.0285514
0.0287662
0.0291383
0.0295679
0.0298916
0.030075
0.0301448
0.0301355
0.0300783
0.029998
0.0299242
0.0298876
0.029874
0.0243624
0.0243465
0.0242988
0.0242256
0.0241533
0.0240992
0.0240824
0.024128
0.0242643
0.0245091
0.0247933
0.0250032
0.0251153
0.0251486
0.0251283
0.025076
0.0250094
0.0249501
0.024921
0.0249105
0.0198319
0.0198196
0.0197824
0.0197248
0.0196666
0.0196202
0.019599
0.0196205
0.0197037
0.0198601
0.0200429
0.020175
0.0202402
0.0202518
0.020227
0.0201809
0.0201263
0.0200791
0.0200563
0.0200482
0.0152349
0.0152256
0.0151969
0.0151519
0.0151059
0.0150676
0.015046
0.0150526
0.0151005
0.0151977
0.0153122
0.0153925
0.0154279
0.0154271
0.0154019
0.0153628
0.0153184
0.0152809
0.0152632
0.0152573
0.0105882
0.0105814
0.0105596
0.0105257
0.0104914
0.0104624
0.0104443
0.0104443
0.0104701
0.0105266
0.0105939
0.0106394
0.0106565
0.0106508
0.0106297
0.0105995
0.0105657
0.010537
0.0105237
0.0105194
0.00590358
0.00589894
0.0058844
0.00586262
0.00584109
0.00582323
0.00581185
0.0058105
0.00582304
0.00585132
0.00588493
0.00590661
0.00591309
0.00590777
0.00589417
0.00587504
0.00585327
0.00583435
0.0058253
0.00582238
0.00118958
0.00118942
0.00118921
0.00118395
0.00117765
0.00117267
0.00116881
0.00116642
0.0011661
0.0011683
0.00117277
0.0011768
0.00117831
0.00117746
0.00117459
0.00117034
0.00116488
0.00115866
0.00115569
0.00115587
-0.812538
-0.565607
-0.288818
-0.0651579
0.116439
0.263503
0.388557
0.494442
0.54409
0.521521
-0.370335
-0.203652
-0.0308534
0.117454
0.243462
0.349465
0.436167
0.498534
0.531214
0.542111
-0.0719875
0.037645
0.152481
0.254614
0.342823
0.416972
0.476024
0.519183
0.54916
0.565953
0.134151
0.209016
0.289359
0.36167
0.424667
0.477997
0.52145
0.555499
0.58203
0.599575
0.288399
0.342215
0.398833
0.452421
0.499613
0.540465
0.574949
0.603094
0.625778
0.643164
0.410784
0.450076
0.494421
0.536415
0.574438
0.608126
0.637193
0.661229
0.68058
0.697714
0.513882
0.546276
0.584721
0.620719
0.654067
0.684046
0.710015
0.731356
0.747876
0.76489
0.609117
0.64061
0.677389
0.711847
0.743543
0.771898
0.796182
0.815705
0.829777
0.846836
0.708523
0.743146
0.78147
0.816534
0.847875
0.875157
0.89801
0.915959
0.928337
0.945801
0.826012
0.864719
0.904337
0.939473
0.969628
0.995081
1.01603
1.03237
1.04419
1.06232
0.972444
1.0115
1.04825
1.0795
1.10567
1.1282
1.14762
1.16343
1.17609
1.19416
1.14846
1.1804
1.20693
1.22972
1.25
1.26898
1.28691
1.30356
1.31906
1.33718
1.33763
1.35499
1.37025
1.3867
1.40279
1.41747
1.4308
1.44482
1.46245
1.48265
1.51967
1.5293
1.54095
1.55183
1.56116
1.57086
1.58181
1.59327
1.60468
1.62006
1.72717
1.73086
1.71591
1.70112
1.69499
1.70075
1.71925
1.74961
1.78183
1.80851
2.03345
1.8986
1.8221
1.7799
1.76246
1.76644
1.79389
1.85029
1.95292
2.1773
0.3247
0.322618
0.318134
0.309567
0.297441
0.285435
0.275338
0.26757
0.262044
0.258789
0.258279
0.260696
0.265446
0.272331
0.281429
0.29273
0.305189
0.316081
0.322158
0.325141
0.248924
0.25479
0.261239
0.265876
0.268497
0.268332
0.265771
0.262126
0.258714
0.256431
0.256097
0.25799
0.261286
0.2652
0.268661
0.270254
0.269076
0.265379
0.260021
0.253326
0.240337
0.24265
0.246186
0.249389
0.251683
0.25339
0.254345
0.254192
0.253259
0.252345
0.25232
0.253411
0.254836
0.255741
0.255537
0.254293
0.252417
0.249777
0.246288
0.243261
0.234552
0.235612
0.237675
0.240426
0.242804
0.244523
0.24576
0.246677
0.247204
0.24746
0.247747
0.248102
0.248211
0.24782
0.246983
0.245699
0.24377
0.241212
0.238722
0.237224
0.22936
0.229964
0.231381
0.233672
0.236051
0.238235
0.239961
0.241182
0.242075
0.24272
0.243166
0.243353
0.243134
0.242493
0.241318
0.239537
0.237356
0.235073
0.233177
0.232275
0.224985
0.225259
0.22637
0.228425
0.230577
0.232588
0.234479
0.236142
0.237439
0.238383
0.238968
0.239065
0.238629
0.237633
0.236186
0.234479
0.232556
0.230503
0.228867
0.228323
0.222759
0.222877
0.223578
0.224999
0.226593
0.228128
0.229585
0.230978
0.232282
0.233397
0.234121
0.234256
0.233871
0.233122
0.232136
0.230936
0.229564
0.228146
0.227086
0.226788
0.22129
0.221354
0.221737
0.222535
0.22354
0.224818
0.226174
0.22756
0.228892
0.23008
0.230944
0.231237
0.231005
0.230414
0.229555
0.22851
0.227698
0.226952
0.226424
0.226267
0.219184
0.219225
0.219446
0.219915
0.220549
0.221219
0.222191
0.223333
0.224586
0.225834
0.226861
0.227378
0.227412
0.227151
0.226766
0.226504
0.226109
0.225741
0.225489
0.225402
0.216256
0.216275
0.216432
0.21683
0.217405
0.218056
0.218894
0.219998
0.221238
0.22257
0.2238
0.224607
0.224945
0.224973
0.224858
0.224706
0.224479
0.224228
0.224072
0.224031
0.212908
0.212908
0.213021
0.213354
0.213853
0.214487
0.215398
0.216392
0.217667
0.219155
0.220657
0.221799
0.22247
0.222832
0.222946
0.222921
0.222878
0.222741
0.222668
0.222658
0.209309
0.209309
0.209399
0.209689
0.210168
0.210806
0.211645
0.212743
0.214144
0.215855
0.217718
0.219265
0.220303
0.220957
0.221342
0.221513
0.221557
0.221535
0.221531
0.221535
0.205344
0.205337
0.205429
0.205691
0.20614
0.206789
0.207693
0.208922
0.210545
0.2126
0.214923
0.216943
0.218382
0.219341
0.219956
0.220325
0.220524
0.220625
0.220682
0.220695
0.200881
0.200872
0.200972
0.201236
0.201705
0.202411
0.20343
0.204862
0.206802
0.209316
0.212227
0.214841
0.216703
0.218039
0.218919
0.219486
0.219835
0.22004
0.220146
0.220168
0.195804
0.195792
0.195905
0.196216
0.196744
0.197562
0.198771
0.200498
0.202873
0.205992
0.209648
0.212957
0.21541
0.217126
0.2183
0.219074
0.219569
0.21987
0.220021
0.220051
0.189976
0.189961
0.190102
0.190474
0.191123
0.192113
0.193591
0.195724
0.198679
0.20258
0.207178
0.211367
0.214478
0.216676
0.218186
0.219194
0.219846
0.220246
0.220443
0.220483
0.18322
0.183201
0.183382
0.183854
0.184657
0.185893
0.187743
0.190423
0.194139
0.199045
0.204829
0.210099
0.214011
0.216788
0.218698
0.219978
0.220813
0.221326
0.221578
0.221626
0.175288
0.175264
0.175499
0.176097
0.177116
0.178696
0.181065
0.184471
0.189168
0.195354
0.202624
0.209228
0.21412
0.217594
0.219986
0.221592
0.222644
0.223294
0.22361
0.223671
0.165852
0.165823
0.166134
0.166915
0.168234
0.170276
0.17332
0.177667
0.183653
0.191481
0.200606
0.20885
0.214936
0.219255
0.222228
0.224226
0.225541
0.226359
0.226755
0.226829
0.154431
0.154394
0.154815
0.155856
0.157591
0.16026
0.164212
0.169843
0.177508
0.187414
0.198842
0.209084
0.216619
0.22196
0.225637
0.228109
0.229737
0.230752
0.231237
0.231334
0.140351
0.140306
0.140896
0.142311
0.144641
0.148196
0.153427
0.16077
0.170613
0.183154
0.197415
0.210073
0.219348
0.225923
0.230458
0.233512
0.235525
0.236789
0.237406
0.23752
0.122647
0.1226
0.123459
0.125429
0.128627
0.133468
0.140479
0.150141
0.162859
0.178729
0.196436
0.211971
0.223314
0.23137
0.236953
0.240731
0.24323
0.244804
0.245583
0.245725
0.0998662
0.0998447
0.101148
0.10398
0.108517
0.115285
0.124871
0.137762
0.154246
0.174245
0.196058
0.214947
0.228701
0.238516
0.24538
0.250076
0.253212
0.255199
0.256183
0.256363
0.0695569
0.0696172
0.07174
0.076118
0.0829346
0.0928075
0.106257
0.123604
0.144925
0.169926
0.196493
0.219178
0.235673
0.247537
0.255955
0.261822
0.265815
0.268384
0.269652
0.26988
0.0272912
0.0276293
0.0316353
0.0392267
0.0502803
0.0653164
0.0845028
0.107863
0.135224
0.166086
0.197964
0.224794
0.244296
0.258482
0.268761
0.27613
0.281307
0.284759
0.286475
0.286759
-0.0350233
-0.0330935
-0.0236871
-0.00924358
0.00969526
0.0329391
0.0601481
0.0911684
0.125674
0.163075
0.200625
0.231786
0.254449
0.271147
0.283548
0.292786
0.299597
0.304324
0.306835
0.307162
-0.10944
-0.106269
-0.0888998
-0.063298
-0.0337731
-0.00104368
0.0349198
0.0740975
0.116251
0.160893
0.205098
0.241756
0.268766
0.289156
0.304837
0.317061
0.326714
0.333623
0.336321
0.337506
-0.185929
-0.176373
-0.150585
-0.114917
-0.0758635
-0.0339862
0.0105777
0.0578091
0.107555
0.15942
0.210305
0.252445
0.283685
0.307584
0.326348
0.341359
0.353455
0.362588
0.367492
0.369457
-0.24375
-0.232991
-0.202204
-0.160047
-0.11366
-0.0642664
-0.0121928
0.0423941
0.099209
0.157796
0.21476
0.26164
0.296243
0.322604
0.343168
0.359462
0.372449
0.382372
0.388136
0.39033
-0.290276
-0.279067
-0.244907
-0.198105
-0.146327
-0.0910844
-0.0328401
0.0280355
0.0910868
0.155718
0.218075
0.268894
0.305993
0.333904
0.355401
0.372245
0.385527
0.395614
0.401467
0.403645
-0.328494
-0.317319
-0.281156
-0.230761
-0.174763
-0.114864
-0.0515483
0.0146938
0.0832262
0.153238
0.220406
0.274698
0.31389
0.343006
0.365133
0.382228
0.395531
0.405575
0.411421
0.413527
-0.361496
-0.350444
-0.312786
-0.259641
-0.200177
-0.136334
-0.0686738
0.00222207
0.0756291
0.150581
0.222247
0.279718
0.320752
0.350854
0.373427
0.390652
0.40391
0.413875
0.419767
0.421741
-0.390766
-0.379837
-0.341158
-0.285767
-0.223441
-0.156263
-0.0848191
-0.00976234
0.0680885
0.147589
0.223439
0.28395
0.326792
0.357889
0.380947
0.398357
0.411639
0.421532
0.427437
0.429303
-0.417591
-0.406735
-0.36722
-0.309944
-0.24521
-0.175163
-0.100407
-0.0216451
0.0602233
0.143997
0.223989
0.287628
0.332389
0.364584
0.388213
0.40587
0.419227
0.429101
0.435022
0.436779
-0.442723
-0.431909
-0.391658
-0.332726
-0.265908
-0.193366
-0.115718
-0.0336456
0.0519613
0.139838
0.223948
0.290836
0.337696
0.37116
0.395494
0.413497
0.426986
0.436851
0.442793
0.444437
-0.466545
-0.455734
-0.414821
-0.354508
-0.285888
-0.211152
-0.130918
-0.0458336
0.0432202
0.13499
0.223201
0.293546
0.342765
0.377742
0.402967
0.421445
0.435149
0.445073
0.450975
0.452556
-0.489453
-0.47859
-0.437057
-0.375559
-0.305336
-0.228657
-0.146134
-0.0583608
0.033853
0.129341
0.221663
0.295689
0.34758
0.384356
0.410707
0.429826
0.443849
0.453874
0.459728
0.461284
-0.511647
-0.500643
-0.458482
-0.396034
-0.324364
-0.246015
-0.161479
-0.0712953
0.0238194
0.122827
0.219238
0.297135
0.352042
0.390961
0.418721
0.438695
0.453187
0.463401
0.4692
0.47074
-0.533134
-0.521975
-0.479324
-0.415966
-0.343043
-0.263237
-0.176939
-0.0846218
0.0131015
0.115378
0.21579
0.297729
0.355995
0.397462
0.426981
0.448062
0.463191
0.473696
0.479465
0.480947
-0.554043
-0.542669
-0.499602
-0.435357
-0.361377
-0.280308
-0.19249
-0.0983205
0.00172082
0.10699
0.211226
0.297294
0.35923
0.403707
0.435394
0.457881
0.473828
0.484712
0.490487
0.491845
-0.574301
-0.562743
-0.519253
-0.454243
-0.379348
-0.297203
-0.208089
-0.112334
-0.0102768
0.0976686
0.205485
0.295652
0.361479
0.409386
0.443733
0.468032
0.485044
0.496405
0.502197
0.503367
-0.593959
-0.582176
-0.538249
-0.472592
-0.396915
-0.313866
-0.22367
-0.126583
-0.0228195
0.0874523
0.198514
0.292632
0.362446
0.414123
0.451735
0.478394
0.496777
0.508642
0.514343
0.515286
-0.612847
-0.600935
-0.556566
-0.490352
-0.414018
-0.330213
-0.239152
-0.140981
-0.0358117
0.0764244
0.190325
0.288095
0.361868
0.417588
0.459077
0.488859
0.509086
0.521426
0.526751
0.527343
-0.631094
-0.618976
-0.574192
-0.507502
-0.430617
-0.346203
-0.254441
-0.155432
-0.0491442
0.0646948
0.18097
0.281974
0.359486
0.41932
0.465206
0.499141
0.522199
0.535025
0.539204
0.539072
-0.648562
-0.636234
-0.591114
-0.523993
-0.446638
-0.361756
-0.269459
-0.169816
-0.0626945
0.0523616
0.170538
0.274253
0.3551
0.418771
0.469256
0.508514
0.536327
0.55077
0.5524
0.549896
-0.665306
-0.652806
-0.607284
-0.539781
-0.462049
-0.376809
-0.284126
-0.18405
-0.0763423
0.0395894
0.159171
0.264942
0.348608
0.415516
0.470118
0.515426
0.550625
0.570751
0.571439
0.559976
-0.681263
-0.668621
-0.622805
-0.554995
-0.477035
-0.391627
-0.298761
-0.198526
-0.0905417
0.0258517
0.146275
0.253396
0.339291
0.408819
0.466139
0.516971
0.561299
0.591529
0.596129
0.588349
-0.696414
-0.683539
-0.637687
-0.569604
-0.491594
-0.406215
-0.313339
-0.213248
-0.105309
0.0110877
0.131746
0.239421
0.326622
0.398132
0.455364
0.507252
0.554231
0.586611
0.574965
0.508267
-0.710586
-0.69699
-0.651863
-0.583632
-0.505874
-0.420701
-0.327901
-0.228092
-0.120558
-0.00459239
0.115623
0.223024
0.310126
0.383284
0.437968
0.478753
0.519087
0.528764
0.478905
0.406124
-0.723833
-0.710691
-0.665149
-0.596653
-0.51956
-0.434613
-0.342617
-0.242987
-0.136119
-0.0209815
0.098033
0.204132
0.289347
0.364763
0.416616
0.459213
0.444365
0.415856
0.342626
0.26328
-0.706522
-0.689595
-0.644047
-0.573783
-0.4928
-0.404799
-0.308277
-0.206068
-0.096364
0.0217658
0.133941
0.225948
0.300736
0.374679
0.446056
0.356843
0.306283
0.239989
0.155622
0.0990099
-0.729607
-0.711429
-0.679422
-0.616939
-0.540611
-0.456512
-0.364912
-0.266479
-0.161071
-0.0480137
0.0679033
0.169949
0.249831
0.317577
0.379604
0.378663
0.257563
0.161257
0.0901557
-0.0100728
-0.745973
-0.730301
-0.691272
-0.627853
-0.551526
-0.468255
-0.378071
-0.280898
-0.176922
-0.0658194
0.0476149
0.146157
0.221714
0.276974
0.294104
0.216921
0.0437948
-0.0719135
-0.161988
-0.270518
-0.762669
-0.75067
-0.706698
-0.642321
-0.566042
-0.482993
-0.39327
-0.296893
-0.194275
-0.085148
0.0248743
0.118011
0.185766
0.226702
0.194247
0.0339828
-0.166053
-0.316906
-0.441321
-0.609581
-0.781819
-0.769273
-0.723752
-0.6584
-0.582161
-0.499384
-0.410188
-0.314865
-0.2138
-0.107036
-0.000912065
0.0864317
0.14549
0.16785
0.0847389
-0.150181
-0.397024
-0.601473
-0.790035
-1.04013
-0.799461
-0.787302
-0.741097
-0.674673
-0.598374
-0.515939
-0.427517
-0.333471
-0.234203
-0.130162
-0.0282639
0.0530464
0.103372
0.10101
-0.0461885
-0.331741
-0.62885
-0.9194
-1.16357
-1.69521
-0.816301
-0.804805
-0.758511
-0.691494
-0.615231
-0.533132
-0.445526
-0.352776
-0.255422
-0.154259
-0.056741
0.018136
0.0589519
0.0176775
-0.19311
-0.496261
-0.819327
-1.14143
-1.42461
-1.93314
-0.833204
-0.82215
-0.776198
-0.709001
-0.632885
-0.551168
-0.464381
-0.372957
-0.277589
-0.179388
-0.0864578
-0.0182731
0.0125171
-0.069538
-0.329752
-0.634334
-0.941743
-1.22105
-1.35448
-1.39583
-0.850616
-0.839934
-0.794301
-0.727297
-0.651518
-0.570359
-0.484569
-0.39474
-0.301679
-0.206953
-0.119253
-0.0583392
-0.0398232
-0.155175
-0.457501
-0.755787
-1.01726
-1.21438
-1.28386
-1.30332
-0.86856
-0.858257
-0.812917
-0.746262
-0.670926
-0.590512
-0.505954
-0.417992
-0.327635
-0.236899
-0.154872
-0.101642
-0.0959719
-0.2526
-0.571844
-0.870992
-1.10812
-1.22544
-1.25018
-1.26116
-0.887078
-0.877
-0.832008
-0.765708
-0.690923
-0.61144
-0.528342
-0.442579
-0.355354
-0.26892
-0.193133
-0.147815
-0.159009
-0.36466
-0.673971
-0.983281
-1.22523
-1.24916
-1.25567
-1.26092
-0.9058
-0.896026
-0.851332
-0.785405
-0.711252
-0.63287
-0.551486
-0.468245
-0.384506
-0.302816
-0.23403
-0.196549
-0.237663
-0.473269
-0.760496
-1.07462
-1.36135
-1.3739
-1.30034
-1.27154
-0.924303
-0.914817
-0.870536
-0.805007
-0.731594
-0.654425
-0.575015
-0.494641
-0.41482
-0.338316
-0.276967
-0.247221
-0.31616
-0.576547
-0.823966
-1.04776
-1.32805
-1.29647
-1.24583
-1.22642
-0.942102
-0.932853
-0.888969
-0.823939
-0.751316
-0.675592
-0.598402
-0.521227
-0.445617
-0.374809
-0.320954
-0.300482
-0.39722
-0.689719
-0.862634
-0.827864
-0.866114
-1.0625
-1.16343
-1.19181
-0.958337
-0.949398
-0.90594
-0.841409
-0.769684
-0.695515
-0.620886
-0.547319
-0.476382
-0.411699
-0.365246
-0.358091
-0.483219
-0.860076
-1.0544
-0.843157
-0.804088
-1.08987
-1.31514
-1.39553
-0.972088
-0.963512
-0.920531
-0.856412
-0.785629
-0.713228
-0.641416
-0.571928
-0.506605
-0.448094
-0.408008
-0.420754
-0.575268
-1.14271
-1.72183
-1.97213
-1.93741
-1.90629
-1.92118
-1.93824
-0.982002
-0.973818
-0.931444
-0.867757
-0.797982
-0.727541
-0.658868
-0.594077
-0.535293
-0.483257
-0.449145
-0.481888
-0.658015
-1.48163
-2.54424
-3.65479
-3.86021
-3.63349
-3.17873
-2.86816
-0.98648
-0.978726
-0.937049
-0.873977
-0.805316
-0.737031
-0.671989
-0.613074
-0.561771
-0.517078
-0.485754
-0.523641
-0.731645
-1.49666
-2.64027
-3.95178
-4.33947
-4.142
-3.72724
-3.3726
-0.983608
-0.976318
-0.935598
-0.873301
-0.806015
-0.740179
-0.679368
-0.627053
-0.585244
-0.550954
-0.52043
-0.528361
-0.651121
-1.10808
-1.61367
-2.06194
-2.28636
-2.24608
-2.07389
-1.86189
-0.971667
-0.964883
-0.925222
-0.864084
-0.798506
-0.735524
-0.679603
-0.635745
-0.608505
-0.593143
-0.57252
-0.53242
-0.501336
-0.525063
-0.41321
-0.195917
0.0653254
0.27078
0.385316
0.468763
-0.9488
-0.942504
-0.904215
-0.844827
-0.7815
-0.721818
-0.671592
-0.639144
-0.636249
-0.666268
-0.707886
-0.62904
-0.444893
-0.11157
0.405143
0.95971
1.44759
1.78363
1.94314
2.00053
-0.913758
-0.907875
-0.871223
-0.81443
-0.754138
-0.698143
-0.654221
-0.636007
-0.671721
-0.809527
-1.03636
-0.963986
-0.499049
0.0126166
0.711054
1.35336
1.8692
2.2149
2.37001
2.41925
-0.865655
-0.860481
-0.825789
-0.772382
-0.715787
-0.663693
-0.625654
-0.621963
-0.707111
-1.03956
-1.66566
-1.62383
-0.800139
-0.095197
0.66647
1.28923
1.74619
2.02757
2.14876
2.19019
-0.804284
-0.799555
-0.767491
-0.718187
-0.665795
-0.617308
-0.582842
-0.586058
-0.702827
-1.16988
-2.17291
-2.16511
-1.10993
-0.227486
0.509487
1.04951
1.40202
1.59409
1.68419
1.72126
-0.728755
-0.724603
-0.69599
-0.651286
-0.603456
-0.557601
-0.522561
-0.51798
-0.607942
-0.967303
-1.66685
-1.54864
-0.827236
-0.105342
0.462936
0.831893
1.054
1.18038
1.25113
1.29276
-0.639312
-0.635258
-0.610088
-0.572237
-0.529298
-0.485206
-0.445608
-0.422934
-0.448276
-0.587716
-0.805797
-0.611284
-0.194759
0.21524
0.507381
0.692181
0.810759
0.891549
0.948122
0.976023
-0.535417
-0.532018
-0.515137
-0.483708
-0.445873
-0.404705
-0.362535
-0.324156
-0.299097
-0.297799
-0.268323
-0.11229
0.14345
0.339494
0.478829
0.572814
0.637236
0.681742
0.711742
0.72749
-0.420854
-0.41968
-0.409374
-0.386182
-0.356562
-0.32223
-0.283444
-0.241534
-0.19825
-0.151182
-0.075508
0.0614404
0.222178
0.338269
0.421816
0.479992
0.519898
0.547268
0.563395
0.568852
-0.318096
-0.318001
-0.311649
-0.294898
-0.272455
-0.245199
-0.212428
-0.173452
-0.12693
-0.0678041
0.0151705
0.12306
0.228794
0.305389
0.359135
0.395818
0.419904
0.434801
0.442865
0.445657
-0.224712
-0.225179
-0.221508
-0.210815
-0.195201
-0.175166
-0.149473
-0.116703
-0.0744397
-0.0183308
0.0563726
0.139962
0.213098
0.266535
0.30328
0.327314
0.342039
0.350292
0.354159
0.355068
-0.141463
-0.14227
-0.141017
-0.135737
-0.126701
-0.113647
-0.0952083
-0.0696823
-0.0347401
0.0129226
0.0748313
0.139173
0.191978
0.2302
0.255894
0.272019
0.281177
0.285687
0.287427
0.287625
-0.0731417
-0.0739412
-0.074444
-0.0737374
-0.0703499
-0.063185
-0.0509705
-0.0322345
-0.00495578
0.0333223
0.0825599
0.131617
0.170265
0.197812
0.215886
0.226731
0.232521
0.235023
0.235739
0.235677
-0.0235609
-0.0242425
-0.0255449
-0.0272059
-0.0272466
-0.024285
-0.0169768
-0.00387101
0.0165997
0.0461574
0.0841355
0.121236
0.149758
0.169676
0.182464
0.189971
0.19372
0.195077
0.19529
0.195135
0.00906249
0.00855388
0.00716237
0.00486056
0.00350495
0.00425506
0.00827764
0.0169792
0.0318331
0.0541354
0.0830019
0.110822
0.131802
0.146296
0.155424
0.160498
0.162812
0.163441
0.16334
0.163144
0.0289702
0.0286174
0.0274834
0.0254019
0.0238161
0.0237774
0.0261574
0.0319767
0.0425009
0.0589143
0.0804929
0.101285
0.116757
0.127156
0.13346
0.13684
0.138217
0.138365
0.138072
0.137867
0.0404523
0.0402101
0.0394036
0.0378383
0.0364815
0.0361277
0.0375425
0.0416113
0.049239
0.0612824
0.0772179
0.09248
0.103658
0.111092
0.115552
0.117802
0.11855
0.118426
0.118056
0.117868
0.0467736
0.0465996
0.0460587
0.0449746
0.0439788
0.0436337
0.0444653
0.0471708
0.0525746
0.0613623
0.0730652
0.0842876
0.0924846
0.0978393
0.10091
0.102356
0.102729
0.102487
0.102123
0.101965
0.0499636
0.0498346
0.0494611
0.0487011
0.047979
0.0477062
0.0482823
0.0501975
0.0540316
0.0603622
0.0689067
0.0770785
0.082952
0.0867059
0.0888098
0.0897354
0.0898818
0.0895996
0.0892753
0.0891455
0.0510435
0.0509481
0.0506701
0.0500917
0.0495242
0.0492659
0.0496056
0.0509257
0.0536728
0.0582414
0.0644053
0.070296
0.0745128
0.0771783
0.0786217
0.0792035
0.0792288
0.0789597
0.0786881
0.0785831
0.0505342
0.0504641
0.0502533
0.0498009
0.0493447
0.0491109
0.049305
0.0501961
0.0521167
0.0553798
0.0598292
0.064074
0.0670754
0.0689308
0.0698994
0.0702501
0.0702058
0.0699605
0.0697347
0.0696498
0.048813
0.0487608
0.0486013
0.0482465
0.0478768
0.0476643
0.0477604
0.0483633
0.0497122
0.0520274
0.0551972
0.0582159
0.0603321
0.0616173
0.0622606
0.0624596
0.0623786
0.0621608
0.0619747
0.0619066
0.0461922
0.0461524
0.0460319
0.0457581
0.0454644
0.0452788
0.0453108
0.0457042
0.046634
0.0482655
0.0505151
0.0526528
0.0541353
0.0550145
0.0554312
0.0555307
0.0554331
0.0552447
0.055093
0.0550386
0.0429312
0.0429001
0.0428088
0.0426009
0.0423725
0.0422174
0.0422147
0.0424678
0.0431041
0.0442416
0.0458222
0.0473208
0.0483462
0.0489382
0.0491996
0.0492365
0.049136
0.0489763
0.0488535
0.0488098
0.0392258
0.0392014
0.0391315
0.0389737
0.038797
0.0386689
0.0386462
0.038803
0.0392316
0.040017
0.0411182
0.042158
0.0428591
0.0432504
0.0434074
0.0434066
0.0433113
0.0431786
0.0430797
0.0430446
0.0352124
0.0351933
0.0351391
0.0350184
0.0348811
0.0347759
0.0347428
0.0348352
0.0351188
0.0356545
0.0364125
0.0371252
0.0375973
0.03785
0.0379374
0.0379151
0.0378285
0.0377189
0.0376394
0.0376111
0.030983
0.0309679
0.0309255
0.0308323
0.0307249
0.0306383
0.0306008
0.03065
0.0308325
0.0311915
0.031706
0.0321885
0.0325011
0.0326582
0.0327
0.0326661
0.0325892
0.0324992
0.0324353
0.0324128
0.0266015
0.0265899
0.0265566
0.0264837
0.0263986
0.0263268
0.0262881
0.026309
0.0264224
0.0266587
0.0270024
0.0273225
0.027524
0.0276171
0.0276304
0.0275923
0.0275256
0.0274519
0.0274007
0.0273829
0.0221119
0.022103
0.0220767
0.0220195
0.0219518
0.0218923
0.0218549
0.0218582
0.0219251
0.0220764
0.022301
0.0225089
0.0226345
0.0226857
0.0226823
0.0226443
0.0225875
0.0225275
0.0224866
0.0224726
0.017544
0.0175371
0.0175165
0.0174718
0.0174186
0.0173704
0.0173367
0.0173304
0.0173671
0.0174605
0.0176037
0.017735
0.0178105
0.0178352
0.0178228
0.0177872
0.0177397
0.0176915
0.017659
0.0176481
0.0129191
0.0129139
0.0128983
0.0128645
0.0128237
0.0127858
0.0127575
0.0127475
0.0127655
0.0128205
0.0129076
0.0129868
0.0130298
0.0130392
0.0130243
0.012994
0.0129562
0.0129187
0.0128937
0.0128853
0.00825158
0.00824787
0.008237
0.00821291
0.00818397
0.00815735
0.00813708
0.00812794
0.00813582
0.00816558
0.00821421
0.0082578
0.00827933
0.00828083
0.00826789
0.00824575
0.00821875
0.00819198
0.0081744
0.00816858
0.00118905
0.00118988
0.0011871
0.00118068
0.00117501
0.00117059
0.00116736
0.00116588
0.00116694
0.00117075
0.00117532
0.00117785
0.00117812
0.00117622
0.00117262
0.00116779
0.00116168
0.0011565
0.00115605
0.00348922
-2.14349
-1.1844
-0.641136
-0.309329
-0.0612753
0.131418
0.285942
0.41777
0.548679
0.650159
-0.778623
-0.498913
-0.254399
-0.0545169
0.111383
0.249305
0.364221
0.458977
0.519756
0.531107
-0.305853
-0.14902
-0.000787465
0.13143
0.245408
0.342404
0.422484
0.483756
0.52392
0.546287
-0.0228797
0.0788241
0.177952
0.269332
0.349368
0.417854
0.474133
0.518062
0.550892
0.572783
0.1719
0.242117
0.31274
0.378304
0.436316
0.486565
0.52882
0.563393
0.590919
0.609758
0.319897
0.367819
0.422965
0.471771
0.516315
0.555683
0.589752
0.618443
0.641842
0.65737
0.4381
0.476521
0.520004
0.559235
0.596079
0.629526
0.658935
0.683909
0.704215
0.71685
0.540556
0.574423
0.612098
0.647874
0.681394
0.712131
0.739195
0.761975
0.779989
0.790161
0.637521
0.671765
0.709223
0.74517
0.778191
0.807946
0.833718
0.854994
0.871153
0.879826
0.743057
0.781566
0.821113
0.858515
0.891593
0.92037
0.944568
0.964193
0.978812
0.987629
0.872063
0.915044
0.954968
0.99151
1.02255
1.0488
1.07081
1.08885
1.10268
1.11306
1.03484
1.07669
1.11083
1.14079
1.16569
1.18756
1.20744
1.22511
1.24006
1.2529
1.22606
1.25706
1.27855
1.29793
1.31623
1.33365
1.35002
1.366
1.38263
1.39964
1.42435
1.43585
1.44705
1.46129
1.47568
1.48862
1.50009
1.51105
1.52405
1.54099
1.61048
1.62043
1.62912
1.63157
1.63239
1.63675
1.64771
1.66377
1.68145
1.68608
1.91168
1.85632
1.80549
1.7652
1.74295
1.739
1.75247
1.78629
1.84279
1.91836
0.466918
0.408222
0.365829
0.332037
0.307462
0.290007
0.277616
0.26881
0.262784
0.259302
0.258742
0.261291
0.26638
0.273983
0.284616
0.299448
0.320296
0.349266
0.387911
0.43568
0.268342
0.277161
0.282813
0.283711
0.280356
0.274475
0.268192
0.262825
0.259016
0.257274
0.258183
0.26144
0.266371
0.272517
0.278978
0.283998
0.285459
0.282099
0.274567
0.266882
0.245233
0.247285
0.251986
0.255651
0.258336
0.259922
0.259784
0.258204
0.256135
0.254553
0.25437
0.255854
0.258163
0.260382
0.26152
0.260891
0.258767
0.255713
0.251505
0.24704
0.237985
0.238872
0.241563
0.244588
0.246902
0.248523
0.249723
0.250341
0.250274
0.249983
0.250117
0.250825
0.251509
0.25156
0.250838
0.24959
0.247774
0.245134
0.242148
0.240058
0.232253
0.232723
0.234361
0.236805
0.239172
0.241111
0.242523
0.24357
0.244376
0.244942
0.245335
0.245513
0.245336
0.24478
0.243834
0.242355
0.240292
0.237908
0.23582
0.234687
0.227116
0.22737
0.228651
0.230872
0.233205
0.235454
0.237437
0.238937
0.239981
0.240715
0.241215
0.241402
0.241129
0.240311
0.238864
0.236928
0.23478
0.232565
0.230764
0.230046
0.223707
0.223816
0.224719
0.226479
0.228361
0.230068
0.231649
0.233193
0.234582
0.235682
0.236348
0.236407
0.235912
0.234981
0.233817
0.232452
0.230821
0.229059
0.227693
0.227292
0.222075
0.222134
0.222663
0.223763
0.225085
0.226468
0.227959
0.229367
0.230651
0.231776
0.232562
0.23279
0.232502
0.231822
0.230826
0.229722
0.228599
0.227514
0.226737
0.226518
0.22037
0.220405
0.220683
0.221254
0.221964
0.223042
0.224116
0.225376
0.226697
0.227935
0.22888
0.229262
0.229125
0.228678
0.228131
0.227417
0.226887
0.226384
0.226032
0.225917
0.217805
0.217825
0.218009
0.218425
0.219011
0.219655
0.220552
0.22164
0.222858
0.224128
0.225248
0.225911
0.226114
0.226024
0.225791
0.225572
0.225285
0.225
0.224806
0.224745
0.214616
0.214623
0.214756
0.215124
0.215661
0.216331
0.217145
0.218223
0.219485
0.220894
0.222252
0.223214
0.223702
0.223851
0.223866
0.223847
0.223674
0.223465
0.223348
0.223324
0.211141
0.211142
0.211241
0.211553
0.212051
0.212694
0.213524
0.21457
0.215891
0.217475
0.219146
0.220484
0.221342
0.221862
0.222114
0.222184
0.222177
0.222097
0.222061
0.22206
0.207373
0.207382
0.207464
0.207736
0.208196
0.208836
0.209705
0.210862
0.212364
0.214235
0.216314
0.218086
0.219316
0.220116
0.220609
0.22088
0.221001
0.221043
0.221071
0.22108
0.20317
0.203175
0.20327
0.203525
0.203974
0.204647
0.205599
0.20692
0.208687
0.210957
0.213556
0.215858
0.217517
0.218646
0.21939
0.219857
0.220132
0.220287
0.22037
0.220387
0.198409
0.198415
0.198523
0.198802
0.19929
0.200046
0.201152
0.20272
0.204862
0.207659
0.210922
0.213863
0.215995
0.217527
0.218552
0.21922
0.219641
0.219894
0.220022
0.220049
0.192972
0.192979
0.193106
0.193443
0.194017
0.194915
0.196251
0.198166
0.20081
0.204294
0.208395
0.212119
0.214897
0.216838
0.218172
0.219058
0.219628
0.219975
0.220148
0.220184
0.186702
0.18671
0.186869
0.18728
0.187996
0.18911
0.19077
0.193153
0.196458
0.200829
0.205985
0.210687
0.214178
0.216654
0.218356
0.219491
0.220225
0.220674
0.220896
0.220942
0.179384
0.179394
0.179593
0.180114
0.181029
0.182453
0.184549
0.187556
0.191724
0.197229
0.20371
0.209612
0.213989
0.217098
0.219238
0.220668
0.221593
0.222157
0.222435
0.222494
0.170737
0.17075
0.17101
0.171687
0.172865
0.174687
0.177362
0.181208
0.186508
0.19346
0.2016
0.208979
0.214438
0.218315
0.220984
0.22277
0.223923
0.224624
0.224968
0.22504
0.160359
0.160377
0.160718
0.1616
0.163139
0.165509
0.168989
0.173935
0.180691
0.189489
0.1997
0.208891
0.215667
0.220474
0.223787
0.226006
0.227442
0.228314
0.228743
0.228825
0.147713
0.147739
0.148193
0.149361
0.15141
0.154533
0.159077
0.16548
0.174155
0.185305
0.19808
0.209475
0.217842
0.223775
0.22787
0.230622
0.232405
0.233479
0.234005
0.23411
0.132011
0.13205
0.132664
0.134249
0.137029
0.141208
0.147233
0.155637
0.166826
0.180941
0.196848
0.210888
0.221157
0.228444
0.233488
0.236896
0.239121
0.240464
0.241106
0.24123
0.112057
0.112113
0.112977
0.115225
0.119121
0.124874
0.133048
0.144192
0.15866
0.176481
0.196155
0.213308
0.225814
0.234716
0.240916
0.245139
0.247923
0.249621
0.250422
0.25057
0.0859742
0.0860593
0.0873634
0.0907494
0.0964612
0.104671
0.116001
0.130934
0.149682
0.172065
0.196171
0.216904
0.231989
0.242794
0.250405
0.255661
0.25918
0.261355
0.262391
0.262573
0.0506146
0.0507742
0.0529964
0.0585961
0.0675114
0.0797139
0.0957536
0.115897
0.140094
0.167929
0.19709
0.221812
0.239783
0.252782
0.262107
0.268703
0.273244
0.27611
0.277474
0.277701
-0.000292425
0.000252312
0.00526574
0.0159127
0.030893
0.0496758
0.0725716
0.0995674
0.130382
0.164447
0.199133
0.228119
0.249192
0.264625
0.275959
0.284265
0.290249
0.29424
0.296219
0.296551
-0.0752618
-0.0719945
-0.0579908
-0.0367959
-0.0119812
0.0160574
0.0476531
0.0827333
0.121006
0.161922
0.202622
0.236318
0.260956
0.27933
0.293257
0.303969
0.312276
0.318359
0.321804
0.322762
-0.154722
-0.146594
-0.121675
-0.0899066
-0.0551081
-0.0176828
0.0226402
0.0658882
0.111874
0.160168
0.207778
0.247266
0.276494
0.298759
0.316159
0.330082
0.341377
0.350629
0.357579
0.359052
-0.21835
-0.210382
-0.178525
-0.138455
-0.0952997
-0.0494436
-0.000969514
0.0500445
0.103403
0.158699
0.212699
0.257303
0.29034
0.315616
0.335473
0.351411
0.364335
0.374693
0.381709
0.383298
-0.269238
-0.260657
-0.225153
-0.179879
-0.130521
-0.0780403
-0.0227335
0.0351282
0.0951654
0.156855
0.216602
0.265543
0.301474
0.328681
0.349779
0.366479
0.379913
0.390463
0.397415
0.399213
-0.310532
-0.301809
-0.264287
-0.214984
-0.160912
-0.103239
-0.0423606
0.0212835
0.087157
0.15455
0.219354
0.271939
0.310116
0.338662
0.360518
0.377584
0.391106
0.40157
0.40852
0.410472
-0.345496
-0.336721
-0.2979
-0.245598
-0.187728
-0.125793
-0.0602292
0.00840854
0.0794303
0.151956
0.221416
0.277334
0.317467
0.34709
0.36945
0.386648
0.400091
0.4104
0.417193
0.419215
-0.376113
-0.367355
-0.327688
-0.272984
-0.211971
-0.146404
-0.0767971
-0.00376832
0.0719048
0.149177
0.222959
0.281945
0.32387
0.354458
0.377266
0.394606
0.407996
0.418184
0.424812
0.426906
-0.403825
-0.395063
-0.354736
-0.298039
-0.234437
-0.165782
-0.0926318
-0.0156679
0.0642365
0.145882
0.223801
0.285869
0.329652
0.361283
0.384615
0.402155
0.415561
0.425655
0.432146
0.434267
-0.429527
-0.420755
-0.379871
-0.321456
-0.255627
-0.184297
-0.108052
-0.0276025
0.0561664
0.142011
0.224059
0.289313
0.335097
0.367898
0.391861
0.409689
0.423174
0.433239
0.43954
0.441683
-0.453798
-0.444978
-0.40357
-0.343681
-0.275939
-0.202274
-0.123305
-0.0396847
0.0476825
0.137534
0.223683
0.292278
0.340283
0.374465
0.399217
0.417451
0.43109
0.441156
0.447311
0.449444
-0.476982
-0.468094
-0.426228
-0.365091
-0.295642
-0.219905
-0.138494
-0.0520273
0.0386376
0.132288
0.222564
0.294713
0.345231
0.381064
0.406814
0.425598
0.439492
0.449606
0.455646
0.457704
-0.499382
-0.490382
-0.448029
-0.385844
-0.314871
-0.237331
-0.153771
-0.0647606
0.0289348
0.12621
0.220593
0.296522
0.349885
0.3877
0.414709
0.434225
0.448492
0.458726
0.464689
0.466596
-0.521047
-0.511951
-0.46906
-0.406055
-0.333724
-0.254625
-0.169182
-0.0778944
0.018561
0.119234
0.217658
0.297563
0.354117
0.394286
0.422878
0.443359
0.458151
0.468584
0.474527
0.476243
-0.542096
-0.532841
-0.489647
-0.425711
-0.352233
-0.271778
-0.184692
-0.0914128
0.00751052
0.111316
0.213667
0.29767
0.357731
0.400652
0.431205
0.452948
0.468466
0.479208
0.485142
0.486669
-0.562562
-0.553129
-0.50959
-0.444845
-0.370392
-0.288767
-0.200274
-0.105277
-0.00419635
0.102452
0.208516
0.29665
0.360494
0.406586
0.439561
0.462919
0.479393
0.490548
0.496467
0.497835
-0.58239
-0.572861
-0.528901
-0.463472
-0.388173
-0.305555
-0.21588
-0.119426
-0.0164819
0.0926768
0.20216
0.294325
0.362142
0.411858
0.447781
0.473202
0.490868
0.502512
0.508346
0.509488
-0.601571
-0.591888
-0.547542
-0.481537
-0.405518
-0.322075
-0.231419
-0.133766
-0.0292596
0.0820425
0.194583
0.290561
0.362383
0.416081
0.455536
0.483651
0.502875
0.515013
0.520636
0.521477
-0.620017
-0.610258
-0.565498
-0.499001
-0.422373
-0.338255
-0.246816
-0.148202
-0.0424368
0.0706481
0.185793
0.285248
0.360928
0.418747
0.462358
0.494072
0.515547
0.528114
0.533052
0.533394
-0.637801
-0.62791
-0.582768
-0.515828
-0.438693
-0.354027
-0.261984
-0.162631
-0.0558973
0.058596
0.175886
0.27832
0.357557
0.419369
0.46755
0.504024
0.52917
0.542539
0.545632
0.544713
-0.654816
-0.64477
-0.599318
-0.531976
-0.45442
-0.369339
-0.276843
-0.176959
-0.0695161
0.0460215
0.164962
0.269792
0.352125
0.417495
0.47015
0.512439
0.543642
0.560266
0.56077
0.55588
-0.671079
-0.660941
-0.615142
-0.547447
-0.469573
-0.384215
-0.291418
-0.19122
-0.0833249
0.0328974
0.152971
0.259509
0.34439
0.412683
0.468876
0.517192
0.557097
0.582539
0.587115
0.570875
-0.68666
-0.676326
-0.630358
-0.562385
-0.484365
-0.398945
-0.306061
-0.205855
-0.0978565
0.0185931
0.139217
0.246724
0.333411
0.404015
0.461637
0.513843
0.561676
0.591105
0.600486
0.550511
-0.701817
-0.690561
-0.644913
-0.576698
-0.498727
-0.413449
-0.320603
-0.22064
-0.112864
0.00337356
0.123894
0.231543
0.3189
0.391272
0.447386
0.495497
0.54028
0.567975
0.532126
0.460479
-0.717372
-0.703172
-0.658695
-0.590432
-0.51295
-0.427884
-0.335267
-0.23556
-0.128328
-0.0127302
0.106981
0.213878
0.300286
0.374364
0.427766
0.454632
0.487537
0.479461
0.41534
0.339455
-0.732116
-0.736644
-0.673252
-0.601246
-0.524441
-0.439714
-0.349488
-0.25
-0.143546
-0.0289604
0.0891581
0.194123
0.27779
0.355395
0.395323
0.367568
0.393552
0.34266
0.26354
0.179747
-0.705817
-0.705909
-0.650192
-0.579758
-0.498877
-0.411184
-0.316854
-0.215076
-0.106005
0.0112103
0.122026
0.212375
0.284199
0.35335
0.394802
0.287177
0.198565
0.127801
0.0434441
-0.1375
-0.742946
-0.719295
-0.660915
-0.589796
-0.509466
-0.422427
-0.328977
-0.228234
-0.120553
-0.00543992
0.101942
0.187607
0.252905
0.294865
0.266427
0.122338
-0.0201858
-0.116732
-0.217671
-0.425858
-0.763592
-0.734423
-0.676865
-0.605376
-0.525629
-0.439157
-0.346028
-0.246518
-0.140624
-0.0282646
0.0750672
0.154906
0.210849
0.226068
0.13806
-0.0703857
-0.248541
-0.377237
-0.521024
-0.819162
-0.783178
-0.751556
-0.693313
-0.621337
-0.541821
-0.455793
-0.363468
-0.265341
-0.161456
-0.0522115
0.0464175
0.119518
0.163593
0.146064
-0.0215048
-0.27558
-0.505774
-0.691605
-0.910094
-1.39394
-0.801037
-0.768872
-0.709939
-0.637475
-0.55812
-0.472607
-0.381321
-0.284694
-0.182975
-0.0771042
0.0163721
0.0825653
0.112015
0.0487246
-0.187333
-0.478536
-0.77555
-1.04251
-1.35971
-2.29959
-0.817983
-0.786163
-0.726928
-0.654272
-0.575084
-0.490145
-0.39991
-0.30486
-0.205431
-0.103145
-0.0150814
0.0438727
0.0556066
-0.0543676
-0.343538
-0.654809
-0.982441
-1.28801
-1.57341
-2.71598
-0.834983
-0.803578
-0.744403
-0.671838
-0.592885
-0.50854
-0.419377
-0.325937
-0.228928
-0.130392
-0.0479482
0.00322277
-0.00176001
-0.172381
-0.481612
-0.789321
-1.08917
-1.31351
-1.36557
-1.43572
-0.852382
-0.821376
-0.762607
-0.690285
-0.611739
-0.528168
-0.440274
-0.348751
-0.254586
-0.160381
-0.0841124
-0.0413328
-0.0712259
-0.298694
-0.606744
-0.89515
-1.12714
-1.2678
-1.30088
-1.30742
-0.870388
-0.839735
-0.781297
-0.709464
-0.631469
-0.54887
-0.462512
-0.373255
-0.282278
-0.192916
-0.123188
-0.0894988
-0.15001
-0.414808
-0.721762
-1.00186
-1.18709
-1.23268
-1.25753
-1.26234
-0.88892
-0.858585
-0.800477
-0.729138
-0.651863
-0.570456
-0.48591
-0.399237
-0.311878
-0.227906
-0.165054
-0.142454
-0.234699
-0.524443
-0.826822
-1.12217
-1.26816
-1.2508
-1.25969
-1.26063
-0.907736
-0.877723
-0.819956
-0.749128
-0.672686
-0.59266
-0.510181
-0.426433
-0.343177
-0.26503
-0.209931
-0.199648
-0.32166
-0.624905
-0.907389
-1.24107
-1.38676
-1.31906
-1.27788
-1.26797
-0.926238
-0.896625
-0.839365
-0.769036
-0.693548
-0.615103
-0.535
-0.454632
-0.375938
-0.303974
-0.257426
-0.254744
-0.417319
-0.71513
-0.923926
-1.19534
-1.36698
-1.26748
-1.23264
-1.22134
-0.944006
-0.914778
-0.858015
-0.788305
-0.713893
-0.637262
-0.55987
-0.483297
-0.409624
-0.343932
-0.306862
-0.309526
-0.529036
-0.806939
-0.856626
-0.831583
-0.982726
-1.12295
-1.18476
-1.19109
-0.960208
-0.931556
-0.875192
-0.806168
-0.732926
-0.65832
-0.584012
-0.511635
-0.443416
-0.384426
-0.357307
-0.367698
-0.665761
-0.996484
-1.00762
-0.692119
-0.945486
-1.2175
-1.3715
-1.39994
-0.97391
-0.945982
-0.88994
-0.821553
-0.749641
-0.677282
-0.606432
-0.538955
-0.476395
-0.424247
-0.405373
-0.436288
-0.852741
-1.43541
-1.93936
-1.94499
-1.92179
-1.91346
-1.92962
-1.94681
-0.983786
-0.956728
-0.900978
-0.833303
-0.762836
-0.693004
-0.62616
-0.564038
-0.50767
-0.461649
-0.448312
-0.502103
-1.04341
-1.95645
-3.18303
-3.84474
-3.79533
-3.41269
-2.99083
-2.84708
-0.988157
-0.962032
-0.906924
-0.839953
-0.771103
-0.70414
-0.641829
-0.586439
-0.537878
-0.496669
-0.484461
-0.566935
-1.05639
-2.0219
-3.31933
-4.28025
-4.27629
-3.95036
-3.51493
-3.30281
-0.985262
-0.9602
-0.905872
-0.839836
-0.772877
-0.709124
-0.652069
-0.604927
-0.568286
-0.533166
-0.510606
-0.573333
-0.848875
-1.36658
-1.84637
-2.22164
-2.28894
-2.17256
-1.96512
-1.81023
-0.973245
-0.94934
-0.896062
-0.831362
-0.766618
-0.706546
-0.656087
-0.620686
-0.603454
-0.586952
-0.550622
-0.528884
-0.544716
-0.477085
-0.320231
-0.0660796
0.181776
0.335962
0.430316
0.496799
-0.950108
-0.92759
-0.875877
-0.81315
-0.751049
-0.695264
-0.652682
-0.633503
-0.651096
-0.696655
-0.684762
-0.529959
-0.285046
0.121334
0.683405
1.21666
1.63897
1.88346
1.9793
2.01184
-0.914774
-0.893623
-0.844133
-0.784193
-0.725348
-0.674203
-0.640741
-0.644329
-0.724209
-0.937227
-1.07445
-0.742958
-0.273461
0.34582
1.04807
1.62797
2.0684
2.31228
2.40345
2.42635
-0.866691
-0.846985
-0.800275
-0.74398
-0.688847
-0.642229
-0.617637
-0.647604
-0.824388
-1.35198
-1.82131
-1.23001
-0.444231
0.293543
0.996881
1.53764
1.91163
2.10314
2.17622
2.19561
-0.805276
-0.786996
-0.743787
-0.691973
-0.640736
-0.597541
-0.577431
-0.622084
-0.869164
-1.63403
-2.40455
-1.63627
-0.727513
0.171667
0.807612
1.24202
1.51552
1.64794
1.70876
1.7265
-0.729808
-0.713793
-0.674325
-0.627571
-0.580017
-0.538022
-0.514057
-0.544828
-0.739351
-1.30856
-1.77146
-1.19181
-0.464531
0.204586
0.67063
0.95777
1.12605
1.22143
1.27426
1.29861
-0.640623
-0.625448
-0.592048
-0.551281
-0.507222
-0.464438
-0.431073
-0.426756
-0.499662
-0.707692
-0.771606
-0.416083
0.0209393
0.3787
0.611007
0.757841
0.854502
0.922537
0.966706
0.978501
-0.534418
-0.525857
-0.500516
-0.465397
-0.425643
-0.383636
-0.342533
-0.309326
-0.295646
-0.295219
-0.220949
0.0236026
0.249858
0.415431
0.530519
0.607977
0.661577
0.698315
0.721625
0.72935
-0.420661
-0.416324
-0.398766
-0.37199
-0.340041
-0.303383
-0.262846
-0.22008
-0.175883
-0.119338
-0.0164391
0.146127
0.285535
0.383162
0.453621
0.501797
0.534939
0.556874
0.567238
0.569295
-0.318171
-0.316211
-0.304133
-0.284282
-0.259507
-0.229589
-0.193801
-0.151343
-0.0995595
-0.0294186
0.0668138
0.178781
0.270582
0.334532
0.379287
0.409208
0.428349
0.439591
0.444842
0.445457
-0.225189
-0.224139
-0.216894
-0.203523
-0.185827
-0.163123
-0.134106
-0.0969869
-0.0485665
0.0174296
0.0984884
0.178665
0.242201
0.286686
0.316661
0.335664
0.346838
0.352688
0.35491
0.354728
-0.14199
-0.142069
-0.138861
-0.131658
-0.120755
-0.105198
-0.0834673
-0.0535754
-0.0127605
0.0429655
0.108038
0.167292
0.212839
0.244418
0.26499
0.277333
0.283893
0.286818
0.287673
0.287301
-0.0735985
-0.07425
-0.0743266
-0.0724446
-0.0673145
-0.0577731
-0.0425265
-0.0198119
0.0126483
0.0573882
0.108202
0.152323
0.185358
0.207907
0.222079
0.23015
0.234093
0.235527
0.23578
0.235408
-0.0239194
-0.0247664
-0.0264582
-0.0275133
-0.0262014
-0.0212485
-0.0112274
0.00534302
0.0301366
0.0647831
0.103659
0.136593
0.16073
0.176849
0.186784
0.19224
0.194622
0.195261
0.195248
0.194914
0.00881001
0.00803659
0.00600649
0.00398809
0.00356433
0.00579071
0.011965
0.0235606
0.041984
0.0683122
0.0977146
0.122157
0.139803
0.151459
0.158392
0.161935
0.163282
0.163426
0.163252
0.162968
0.0287996
0.0282109
0.0264728
0.0244809
0.0235611
0.0246159
0.0285752
0.0365787
0.0499174
0.0694954
0.091507
0.109688
0.122547
0.130751
0.135458
0.137736
0.138401
0.138224
0.137962
0.13773
0.0403344
0.0399267
0.0386588
0.0370843
0.0361467
0.0365674
0.039198
0.0449313
0.0546666
0.0690966
0.0853298
0.098575
0.107801
0.11365
0.116913
0.118328
0.118563
0.118229
0.117945
0.117764
0.0466864
0.0464107
0.0455505
0.0444284
0.0437036
0.0438702
0.0455401
0.0494922
0.0565186
0.0671003
0.0790289
0.0887668
0.0954909
0.0996223
0.101802
0.102652
0.102658
0.102286
0.102026
0.101886
0.0498973
0.0497041
0.0491083
0.0483081
0.0477692
0.047865
0.0490434
0.0518403
0.0568592
0.0645442
0.0732628
0.0803036
0.0850692
0.0879366
0.0893967
0.0898871
0.0897731
0.0894166
0.0891935
0.0890851
0.0509939
0.0508517
0.0504035
0.0497864
0.0493442
0.0493432
0.0501201
0.0520971
0.0557125
0.06126
0.0675475
0.0726143
0.0760231
0.0780326
0.0790023
0.0792718
0.079115
0.0788047
0.0786214
0.0785363
0.0504974
0.050392
0.0500463
0.0495577
0.0491914
0.049142
0.0496473
0.0510092
0.0535674
0.0575569
0.0620977
0.0657304
0.0681335
0.0695106
0.0701389
0.0702671
0.0700962
0.0698305
0.0696804
0.0696137
0.0487855
0.0487067
0.0484404
0.0480515
0.0477447
0.0476647
0.0479868
0.0489314
0.0507393
0.0535782
0.0568128
0.0593876
0.0610693
0.062008
0.0624059
0.0624466
0.0622775
0.0620528
0.0619308
0.0618788
0.0461714
0.0461115
0.0459087
0.0456046
0.0453535
0.0452611
0.045454
0.0460919
0.0473554
0.0493657
0.0516616
0.053477
0.0546434
0.0552724
0.0555135
0.055501
0.0553432
0.0551561
0.0550578
0.0550171
0.0429152
0.042869
0.0427158
0.0424825
0.0422825
0.0421924
0.0423028
0.0427308
0.0436052
0.0450147
0.0466277
0.0478934
0.0486915
0.0491042
0.049241
0.0491994
0.0490582
0.0489042
0.0488251
0.0487933
0.0392134
0.0391772
0.039061
0.0388828
0.0387245
0.038641
0.0386975
0.0389777
0.0395761
0.0405556
0.0416788
0.0425516
0.0430898
0.0433539
0.043423
0.0433679
0.0432457
0.0431204
0.0430569
0.0430318
0.0352029
0.0351743
0.0350852
0.0349484
0.0348228
0.0347479
0.0347699
0.0349492
0.0353527
0.0360251
0.0367978
0.0373919
0.0377486
0.0379113
0.0379373
0.0378778
0.0377737
0.037672
0.037621
0.0376013
0.0309755
0.0309529
0.0308839
0.0307779
0.0306778
0.0306117
0.0306122
0.0307219
0.0309882
0.031443
0.0319679
0.0323666
0.0325972
0.0326914
0.0326906
0.0326316
0.0325437
0.0324614
0.0324205
0.0324052
0.0265959
0.0265781
0.026524
0.0264409
0.0263602
0.0263021
0.0262894
0.0263521
0.0265241
0.0268267
0.0271769
0.0274384
0.0275828
0.0276322
0.0276165
0.0275615
0.027488
0.0274216
0.027389
0.0273771
0.0221076
0.0220937
0.0220512
0.0219856
0.0219204
0.02187
0.0218503
0.0218823
0.0219895
0.0221862
0.022415
0.0225822
0.0226685
0.0226897
0.0226667
0.0226175
0.0225567
0.0225032
0.0224773
0.0224682
0.0175407
0.0175298
0.0174966
0.0174453
0.0173934
0.0173512
0.0173294
0.0173425
0.0174063
0.0175304
0.0176762
0.01778
0.0178286
0.0178329
0.0178073
0.0177644
0.0177148
0.0176722
0.0176517
0.0176447
0.0129166
0.0129084
0.0128832
0.0128443
0.0128041
0.0127701
0.0127498
0.0127524
0.0127881
0.012863
0.0129517
0.013013
0.0130383
0.0130343
0.0130107
0.0129757
0.0129367
0.0129038
0.0128881
0.0128828
0.00824978
0.00824405
0.00822628
0.00819851
0.0081702
0.00814622
0.00813083
0.00812945
0.00814783
0.00818934
0.00823879
0.00827145
0.00828232
0.00827589
0.00825776
0.00823268
0.00820485
0.00818147
0.00817052
0.00816677
0.00354822
0.00354617
0.00354126
0.00352851
0.00351408
0.00350183
0.00349247
0.00348767
0.00349012
0.00350178
0.00352099
0.00353809
0.00354573
0.00354511
0.00353862
0.00352822
0.00351489
0.00350067
0.00349159
0.00348793
-1.54611
-0.859875
-0.462982
-0.179417
0.0395864
0.211381
0.354778
0.480392
0.616014
0.602427
-0.58062
-0.368246
-0.14937
0.0324237
0.18367
0.309258
0.414399
0.495236
0.53155
0.535228
-0.206526
-0.073123
0.0677524
0.190626
0.295994
0.384607
0.455701
0.506302
0.537633
0.553448
0.0401674
0.129333
0.225075
0.310794
0.3851
0.447547
0.497608
0.53569
0.564064
0.581802
0.216739
0.279322
0.346446
0.408282
0.462437
0.508679
0.547035
0.577971
0.602486
0.620269
0.352927
0.399003
0.447652
0.494704
0.536659
0.573379
0.604782
0.630749
0.65167
0.669138
0.464037
0.499172
0.539877
0.578037
0.613278
0.64476
0.672011
0.694614
0.712494
0.729733
0.561888
0.59335
0.630267
0.664934
0.697171
0.726159
0.75116
0.771579
0.786826
0.80394
0.657476
0.690334
0.727545
0.762049
0.793524
0.821363
0.844952
0.863737
0.876877
0.894177
0.764254
0.801161
0.840334
0.875578
0.906539
0.933054
0.954968
0.972124
0.984106
1.00201
0.895263
0.935056
0.973932
1.00767
1.03623
1.06031
1.08035
1.09622
1.1083
1.12661
1.05756
1.09406
1.12656
1.15373
1.17691
1.19773
1.21661
1.23287
1.24675
1.26468
1.243
1.2683
1.28842
1.30719
1.32506
1.34198
1.35801
1.37415
1.39137
1.41055
1.43008
1.44108
1.45394
1.46863
1.48235
1.49452
1.50554
1.517
1.53248
1.55195
1.6123
1.62578
1.63088
1.63185
1.63384
1.64136
1.65522
1.6729
1.68668
1.69804
1.88132
1.83078
1.78327
1.75173
1.73883
1.74341
1.76663
1.81175
1.87847
1.9726
0.323546
0.320584
0.314533
0.303694
0.291314
0.28013
0.2712
0.264555
0.260138
0.258171
0.259139
0.262781
0.268591
0.27656
0.286798
0.298901
0.311091
0.3197
0.324198
0.326298
0.251615
0.25832
0.263718
0.26748
0.268744
0.267277
0.263997
0.260339
0.257397
0.255968
0.256806
0.259498
0.263212
0.267073
0.269784
0.270053
0.267506
0.262926
0.256493
0.250638
0.241334
0.244381
0.247914
0.250622
0.252597
0.253985
0.254394
0.253778
0.25275
0.252178
0.252764
0.254133
0.255406
0.255803
0.255021
0.253434
0.251221
0.248076
0.244571
0.242262
0.234982
0.236498
0.239044
0.241687
0.243735
0.245181
0.246257
0.246987
0.247344
0.247589
0.247933
0.248213
0.248085
0.247453
0.246415
0.244833
0.242556
0.239875
0.23785
0.236791
0.229608
0.230526
0.232479
0.234859
0.23718
0.239161
0.24062
0.241659
0.242423
0.242969
0.243308
0.243298
0.242873
0.24199
0.240499
0.238483
0.236223
0.234008
0.232627
0.232023
0.225092
0.225653
0.227352
0.22951
0.231591
0.233546
0.235343
0.236834
0.237946
0.238732
0.239086
0.238921
0.238203
0.236958
0.235363
0.233555
0.231528
0.229559
0.228487
0.228212
0.222799
0.223112
0.224244
0.225798
0.227369
0.228862
0.230285
0.231642
0.232869
0.233828
0.234268
0.23412
0.233537
0.232661
0.231567
0.230265
0.228843
0.227523
0.226864
0.226743
0.22131
0.221485
0.2221
0.223013
0.224152
0.225496
0.226864
0.228233
0.229507
0.230578
0.231171
0.231178
0.230753
0.230013
0.22903
0.22808
0.227313
0.226644
0.22631
0.226242
0.219197
0.219302
0.219653
0.22023
0.220866
0.221669
0.222745
0.22395
0.225216
0.226405
0.227194
0.227446
0.227308
0.226973
0.22662
0.226318
0.225915
0.225596
0.225429
0.225381
0.216261
0.216326
0.216602
0.217099
0.217733
0.218403
0.219428
0.220601
0.221896
0.223231
0.224273
0.224825
0.22499
0.224907
0.224816
0.224597
0.22435
0.224134
0.224043
0.224017
0.212905
0.212943
0.213159
0.213594
0.214113
0.214978
0.215852
0.216998
0.218387
0.219938
0.221298
0.222185
0.222679
0.222923
0.222916
0.222926
0.222807
0.222692
0.222661
0.222649
0.209301
0.209334
0.209516
0.209907
0.210462
0.211199
0.212159
0.213403
0.214962
0.216808
0.218562
0.21984
0.220672
0.221181
0.221443
0.221551
0.221549
0.221529
0.221535
0.221526
0.205332
0.205371
0.205535
0.205892
0.206437
0.207205
0.208262
0.209679
0.211516
0.213777
0.216017
0.217728
0.218907
0.219686
0.220166
0.220442
0.220583
0.220658
0.220695
0.220685
0.200867
0.200903
0.20108
0.201445
0.202024
0.202875
0.204088
0.205762
0.207984
0.210783
0.213625
0.21586
0.217439
0.218524
0.219236
0.219683
0.219952
0.220105
0.220166
0.220155
0.195786
0.19583
0.196034
0.19645
0.197112
0.198111
0.199561
0.201597
0.204335
0.207826
0.211415
0.214275
0.216349
0.217772
0.218728
0.219351
0.219741
0.219963
0.220048
0.220035
0.189954
0.190008
0.190255
0.190762
0.191567
0.192781
0.194565
0.197088
0.200505
0.204884
0.209414
0.213051
0.215675
0.217505
0.218743
0.219557
0.220074
0.220369
0.220479
0.220462
0.183192
0.183262
0.18358
0.18421
0.185212
0.186727
0.188966
0.192139
0.196435
0.201944
0.207641
0.212213
0.215524
0.217836
0.219405
0.220443
0.221105
0.221483
0.221623
0.2216
0.175251
0.175343
0.17575
0.176549
0.177824
0.179767
0.182622
0.186642
0.192065
0.199001
0.20615
0.211872
0.216013
0.218905
0.220871
0.222176
0.223014
0.223492
0.223666
0.223638
0.165805
0.165928
0.166463
0.167501
0.169148
0.171656
0.175308
0.180435
0.187327
0.196066
0.205012
0.21214
0.217289
0.220885
0.223329
0.224955
0.226006
0.226607
0.226825
0.226788
0.154369
0.154537
0.155256
0.156629
0.158789
0.162051
0.166793
0.1734
0.18217
0.19317
0.204323
0.213159
0.219529
0.223976
0.227
0.229011
0.230313
0.231056
0.231325
0.231284
0.140268
0.140506
0.1415
0.14335
0.146238
0.150574
0.156806
0.165353
0.176537
0.19036
0.2042
0.215091
0.22293
0.228409
0.23214
0.234627
0.236241
0.237178
0.237511
0.237458
0.122537
0.122897
0.124308
0.126856
0.130808
0.136671
0.144944
0.156094
0.170396
0.187712
0.204778
0.218107
0.227698
0.234426
0.239032
0.242115
0.244121
0.245292
0.245716
0.245648
0.0997243
0.100308
0.102379
0.106008
0.111582
0.11969
0.130871
0.145535
0.163807
0.185362
0.206218
0.222384
0.234033
0.242264
0.247958
0.251809
0.254336
0.255815
0.256352
0.256266
0.0693754
0.0703945
0.0736608
0.0791858
0.0874477
0.0990544
0.114418
0.133753
0.156968
0.183534
0.208716
0.228088
0.2421
0.252115
0.259161
0.264019
0.267264
0.26918
0.269866
0.269758
0.0270847
0.0291308
0.0350428
0.0442775
0.0572728
0.0743707
0.0956401
0.121031
0.150217
0.182501
0.212444
0.235313
0.25195
0.264037
0.272758
0.278956
0.283239
0.285843
0.286752
0.286602
-0.0351419
-0.0291836
-0.0169894
-0.000359458
0.0207855
0.0460211
0.0751525
0.107963
0.143998
0.182514
0.217467
0.243989
0.263417
0.277799
0.288504
0.296463
0.302222
0.305881
0.307234
0.306915
-0.109265
-0.0991719
-0.0767182
-0.0489915
-0.0178638
0.0164696
0.0540456
0.094745
0.138209
0.183817
0.224885
0.256237
0.279642
0.297488
0.311312
0.322161
0.330689
0.335421
0.337029
0.337519
-0.183662
-0.165367
-0.133341
-0.0958211
-0.0553398
-0.0121252
0.0337733
0.0822868
0.133147
0.185843
0.233037
0.269154
0.296379
0.317494
0.33425
0.347724
0.35854
0.365386
0.369034
0.369601
-0.241272
-0.219646
-0.181889
-0.13736
-0.0893988
-0.0386583
0.0146914
0.0704286
0.12819
0.187429
0.240078
0.280166
0.310261
0.333487
0.351766
0.366319
0.377885
0.38574
0.389834
0.39043
-0.287822
-0.264263
-0.222403
-0.172802
-0.119201
-0.0624318
-0.00282885
0.0591881
0.123108
0.188224
0.24559
0.288813
0.320883
0.345315
0.364313
0.379278
0.391013
0.399104
0.402984
0.403709
-0.326122
-0.301836
-0.256947
-0.203414
-0.145375
-0.0837285
-0.0188924
0.048574
0.117952
0.188308
0.249871
0.295804
0.329472
0.35479
0.374209
0.389292
0.400976
0.409093
0.412881
0.413584
-0.359245
-0.334473
-0.287312
-0.230623
-0.168884
-0.103078
-0.0337345
0.0385099
0.112819
0.188048
0.253512
0.301879
0.336914
0.362915
0.382597
0.397709
0.409298
0.417435
0.421154
0.421794
-0.388589
-0.363516
-0.314692
-0.255376
-0.190543
-0.121173
-0.047848
0.0287108
0.107543
0.187278
0.256412
0.307142
0.343534
0.370242
0.390239
0.405442
0.417005
0.425081
0.428781
0.429329
-0.415423
-0.390171
-0.339916
-0.278409
-0.210938
-0.138474
-0.0616343
0.0187945
0.101779
0.18586
0.258707
0.311906
0.349762
0.377276
0.397658
0.413007
0.424598
0.432644
0.436336
0.436729
-0.440623
-0.415095
-0.363619
-0.300197
-0.230445
-0.155287
-0.0753479
0.00860507
0.0955209
0.183841
0.260459
0.316288
0.35579
0.384262
0.405147
0.42072
0.432369
0.440397
0.444069
0.444346
-0.464481
-0.438715
-0.386137
-0.321132
-0.249375
-0.171837
-0.0891006
-0.00192042
0.0886698
0.181089
0.261591
0.320301
0.361709
0.391353
0.412899
0.428801
0.440576
0.448597
0.452237
0.452427
-0.487391
-0.46134
-0.407787
-0.341431
-0.267892
-0.188248
-0.103027
-0.012934
0.0810781
0.177526
0.26202
0.323899
0.367522
0.398605
0.421012
0.437375
0.449349
0.457372
0.460989
0.461128
-0.509539
-0.483172
-0.428837
-0.361212
-0.286121
-0.204644
-0.117226
-0.0244897
0.0727118
0.173048
0.261635
0.326967
0.373156
0.405995
0.429512
0.446518
0.458813
0.466907
0.470424
0.470563
-0.531024
-0.5043
-0.449331
-0.380536
-0.304108
-0.221032
-0.131676
-0.0365829
0.0635338
0.167562
0.26028
0.329334
0.378489
0.413467
0.438397
0.456253
0.469003
0.477228
0.480638
0.480753
-0.551895
-0.524826
-0.4692
-0.399413
-0.321844
-0.237376
-0.146347
-0.0491926
0.0535404
0.161025
0.257817
0.330793
0.383329
0.420902
0.447598
0.466544
0.479881
0.488289
0.491584
0.491626
-0.572105
-0.544747
-0.48849
-0.417854
-0.339303
-0.253658
-0.161201
-0.0622644
0.0427722
0.153412
0.254124
0.331129
0.387367
0.428019
0.456946
0.477313
0.491404
0.500037
0.5032
0.503079
-0.591702
-0.564002
-0.507181
-0.435821
-0.356437
-0.269807
-0.176157
-0.0757245
0.0312967
0.144725
0.249102
0.33011
0.39025
0.434476
0.46626
0.48848
0.503487
0.512278
0.515225
0.514938
-0.610528
-0.582589
-0.52523
-0.453269
-0.373184
-0.285742
-0.191126
-0.0894751
0.0191973
0.13502
0.242678
0.327525
0.391687
0.439925
0.475298
0.500048
0.516197
0.52492
0.527413
0.526938
-0.628721
-0.600426
-0.542633
-0.470143
-0.38948
-0.301397
-0.206017
-0.1034
0.00657802
0.124378
0.234861
0.32321
0.391309
0.443823
0.483585
0.511994
0.529885
0.538015
0.539355
0.538652
-0.646103
-0.617545
-0.559347
-0.486398
-0.405275
-0.316693
-0.220747
-0.117414
-0.0064256
0.112917
0.225686
0.317076
0.388762
0.445452
0.490238
0.523945
0.545427
0.552858
0.55099
0.549364
-0.66281
-0.633922
-0.575331
-0.501987
-0.420504
-0.331555
-0.235202
-0.13138
-0.0196776
0.100778
0.215254
0.309088
0.383831
0.444032
0.493855
0.53448
0.563086
0.573527
0.566427
0.546725
-0.678737
-0.649557
-0.590715
-0.517087
-0.435435
-0.346295
-0.249778
-0.145748
-0.0336969
0.0873985
0.20296
0.298518
0.375866
0.43856
0.49213
0.540111
0.579571
0.597878
0.585372
0.600085
-0.694053
-0.664496
-0.605458
-0.531638
-0.450023
-0.360847
-0.264458
-0.160477
-0.0484622
0.072736
0.188697
0.284998
0.364275
0.428192
0.481103
0.532321
0.571489
0.594417
0.538981
0.505089
-0.709292
-0.679201
-0.619302
-0.545227
-0.463826
-0.374806
-0.279044
-0.175313
-0.0636821
0.0570507
0.17261
0.268473
0.348609
0.413356
0.458368
0.501303
0.530352
0.511529
0.440776
0.390059
-0.724932
-0.693768
-0.631721
-0.557666
-0.476541
-0.388085
-0.293218
-0.190103
-0.0792557
0.0404423
0.154713
0.249063
0.328043
0.395396
0.435776
0.445468
0.437703
0.382032
0.300338
0.249829
-0.355504
-0.256368
-0.150333
-0.0363741
0.0805268
0.183681
0.264903
0.0765911
-0.739547
-0.719491
-0.684943
-0.62227
-0.545975
-0.462403
-0.37162
-0.273913
-0.169235
-0.0571548
0.0576507
0.15828
0.236623
0.298501
0.339051
0.304266
0.14588
0.0439967
-0.0358689
-0.753332
-0.740687
-0.698587
-0.634643
-0.558319
-0.475172
-0.385278
-0.288511
-0.1852
-0.0750609
0.0367509
0.13272
0.204667
0.253401
0.246614
0.125182
-0.0582221
-0.191087
-0.300338
-0.77226
-0.759902
-0.715136
-0.650326
-0.574078
-0.491161
-0.401655
-0.305753
-0.203878
-0.0958767
0.0122421
0.102503
0.166005
0.198099
0.139962
-0.0576695
-0.278921
-0.453756
-0.608303
-0.790669
-0.778203
-0.732397
-0.66649
-0.590219
-0.507612
-0.418785
-0.324084
-0.223901
-0.118464
-0.0144128
0.069957
0.124712
0.135893
0.0236975
-0.242492
-0.514709
-0.75874
-0.995794
-0.807784
-0.795942
-0.749724
-0.682991
-0.606708
-0.524433
-0.436429
-0.343038
-0.244717
-0.142119
-0.0424097
0.0357179
0.0815675
0.0615519
-0.120775
-0.417438
-0.732989
-1.04066
-1.32083
-0.824447
-0.813241
-0.767214
-0.700131
-0.623924
-0.541989
-0.454781
-0.362669
-0.266267
-0.166528
-0.0712067
0.00040538
0.0365352
-0.0260973
-0.261682
-0.567505
-0.888765
-1.20299
-1.40966
-1.49046
-0.841592
-0.830748
-0.785071
-0.718052
-0.64209
-0.560623
-0.474312
-0.383648
-0.289393
-0.192853
-0.102444
-0.0378031
-0.0126858
-0.112376
-0.395042
-0.696435
-0.982612
-1.21744
-1.31622
-1.34669
-0.859146
-0.848746
-0.803419
-0.736696
-0.661131
-0.580326
-0.495113
-0.406182
-0.31442
-0.221637
-0.136712
-0.0795544
-0.0670862
-0.201207
-0.515964
-0.81341
-1.06198
-1.21624
-1.27081
-1.27839
-0.877364
-0.86718
-0.82228
-0.755926
-0.680857
-0.60089
-0.517028
-0.430128
-0.341286
-0.252651
-0.173635
-0.12434
-0.125989
-0.3078
-0.624415
-0.927879
-1.16767
-1.22476
-1.24504
-1.25649
-0.895971
-0.885976
-0.841521
-0.775507
-0.701062
-0.622103
-0.539829
-0.455285
-0.369757
-0.285624
-0.21326
-0.171809
-0.196602
-0.420219
-0.718549
-1.03659
-1.293
-1.32275
-1.28509
-1.27072
-0.914526
-0.904834
-0.86079
-0.795223
-0.721449
-0.643644
-0.563228
-0.48137
-0.399537
-0.320389
-0.255255
-0.221468
-0.277313
-0.524992
-0.797018
-1.08582
-1.39883
-1.36733
-1.28482
-1.25567
-0.932505
-0.923109
-0.879745
-0.814553
-0.741563
-0.66511
-0.586749
-0.507915
-0.430185
-0.356469
-0.298841
-0.273394
-0.355908
-0.629206
-0.84047
-0.952781
-1.08259
-1.1728
-1.19094
-1.18783
-0.949381
-0.940292
-0.897494
-0.832878
-0.760712
-0.685735
-0.609838
-0.534384
-0.461011
-0.393232
-0.343121
-0.328692
-0.439258
-0.763672
-0.926458
-0.752314
-0.770235
-1.02391
-1.19785
-1.2547
-0.964385
-0.955557
-0.91339
-0.849252
-0.778015
-0.704703
-0.631438
-0.559844
-0.491576
-0.429984
-0.386873
-0.389057
-0.527275
-0.986379
-1.32646
-1.25513
-1.20629
-1.36742
-1.54559
-1.62601
-0.976254
-0.967711
-0.926271
-0.862591
-0.792317
-0.720872
-0.650585
-0.583351
-0.52112
-0.465874
-0.428837
-0.451638
-0.617476
-1.32819
-2.15835
-2.84797
-2.91688
-2.74554
-2.48058
-2.33803
-0.983665
-0.975438
-0.934769
-0.871593
-0.802355
-0.732957
-0.666026
-0.603969
-0.548816
-0.50025
-0.467776
-0.511515
-0.708821
-1.5394
-2.74724
-4.13991
-4.46074
-4.23668
-3.71053
-3.28685
-0.984612
-0.97674
-0.937046
-0.874563
-0.806568
-0.739469
-0.676467
-0.620831
-0.574007
-0.533761
-0.502985
-0.528178
-0.71219
-1.34526
-2.21669
-3.12591
-3.49405
-3.41182
-3.14172
-2.84978
-0.977628
-0.970061
-0.931308
-0.869805
-0.803349
-0.738884
-0.680426
-0.632017
-0.596502
-0.569907
-0.541592
-0.525895
-0.563305
-0.821408
-0.986139
-1.05906
-1.04359
-0.934958
-0.813174
-0.691135
-0.960555
-0.953315
-0.915688
-0.855693
-0.791237
-0.729842
-0.676667
-0.638095
-0.621534
-0.623821
-0.622955
-0.55569
-0.483377
-0.278944
0.0578361
0.477054
0.892258
1.17383
1.31989
1.38461
-0.931496
-0.92467
-0.888636
-0.830927
-0.769125
-0.711253
-0.664143
-0.638537
-0.652979
-0.726369
-0.842702
-0.765553
-0.429476
-0.0203641
0.614627
1.23328
1.74487
2.09791
2.26258
2.32247
-0.889811
-0.883383
-0.849261
-0.794742
-0.736321
-0.682303
-0.641507
-0.630865
-0.690955
-0.917614
-1.31035
-1.2505
-0.621906
-0.0164419
0.716808
1.35626
1.84831
2.16529
2.30653
2.35638
-0.834264
-0.828008
-0.796957
-0.746694
-0.692256
-0.642059
-0.606224
-0.607676
-0.714137
-1.13522
-2.03049
-1.98784
-0.972056
-0.190201
0.584932
1.17768
1.58438
1.81744
1.92083
1.96256
-0.764707
-0.75918
-0.731601
-0.686197
-0.636195
-0.58919
-0.555456
-0.556143
-0.666033
-1.10753
-2.02873
-1.9718
-1.05375
-0.227928
0.461452
0.928857
1.21365
1.36712
1.44828
1.47075
-0.68134
-0.676594
-0.652213
-0.61301
-0.567581
-0.522708
-0.485436
-0.472673
-0.531915
-0.781558
-1.22035
-1.05935
-0.504652
0.0672589
0.491501
0.757857
0.919734
1.01668
1.0738
1.09968
-0.588183
-0.585497
-0.565038
-0.529658
-0.488726
-0.445599
-0.403944
-0.371814
-0.36695
-0.41855
-0.480103
-0.281355
0.0321542
0.306854
0.501114
0.627838
0.713257
0.771887
0.807772
0.823355
-0.476582
-0.474578
-0.461462
-0.434497
-0.400852
-0.362942
-0.322013
-0.280816
-0.244121
-0.213801
-0.152921
-0.0047562
0.197142
0.34555
0.452518
0.526489
0.577463
0.613181
0.636934
0.64645
-0.368318
-0.367819
-0.359581
-0.339539
-0.313704
-0.282911
-0.246949
-0.205923
-0.159688
-0.103857
-0.0214946
0.100508
0.230228
0.323651
0.390065
0.43602
0.467037
0.487247
0.498419
0.502423
-0.270216
-0.270293
-0.265472
-0.251912
-0.232868
-0.209227
-0.179907
-0.143797
-0.0988234
-0.0400788
0.0397931
0.134878
0.222239
0.285892
0.33009
0.359666
0.378429
0.38951
0.395188
0.396841
-0.181624
-0.182343
-0.179895
-0.17191
-0.159668
-0.143211
-0.121191
-0.0919941
-0.0531858
-0.000985973
0.0674763
0.140851
0.202764
0.24791
0.278605
0.298267
0.309888
0.315998
0.318594
0.319057
-0.105052
-0.105879
-0.105617
-0.102875
-0.096869
-0.0869203
-0.0717683
-0.0497927
-0.0187688
0.0241813
0.0796498
0.135939
0.181081
0.213483
0.235031
0.248236
0.255471
0.258821
0.259963
0.26
-0.0460328
-0.0467856
-0.0478023
-0.0485384
-0.0471594
-0.0423363
-0.0327523
-0.0169591
0.00679218
0.0405537
0.0838926
0.126559
0.159755
0.183196
0.19836
0.207354
0.212029
0.21389
0.214312
0.214193
-0.00536324
-0.00595812
-0.00737046
-0.00951551
-0.0104268
-0.00882506
-0.00338596
0.00733857
0.0248402
0.0505916
0.0837818
0.115966
0.140408
0.157367
0.168203
0.174421
0.177381
0.178335
0.178377
0.178198
0.020315
0.019888
0.018603
0.0163482
0.0148016
0.0150667
0.0181128
0.0251774
0.0376877
0.0568635
0.0818507
0.105901
0.123959
0.136299
0.143893
0.148017
0.149817
0.150181
0.149968
0.149764
0.0355337
0.0352428
0.0342747
0.0324397
0.0309299
0.0306867
0.0325481
0.0374235
0.0463557
0.0604053
0.0789876
0.0968566
0.110008
0.118756
0.124045
0.126817
0.127844
0.12783
0.127485
0.127286
0.0441016
0.0438975
0.0432357
0.041927
0.0407531
0.0403757
0.0414369
0.0447625
0.0512226
0.0615328
0.075178
0.0882379
0.0978067
0.104148
0.107871
0.109677
0.110214
0.110018
0.109645
0.109472
0.0486788
0.0485293
0.0480841
0.0471838
0.046342
0.0460413
0.0467338
0.0489884
0.0535137
0.0609743
0.0710006
0.0806137
0.087574
0.0920523
0.0945852
0.0957429
0.095987
0.0957159
0.095369
0.0952256
0.0507293
0.0506183
0.0502984
0.0496409
0.0490056
0.0487417
0.0491944
0.0508026
0.054063
0.0594421
0.0666961
0.0736247
0.0785935
0.0817592
0.0835077
0.0842444
0.0843209
0.0840419
0.0837439
0.0836269
0.0509625
0.0508806
0.0506384
0.0501268
0.049618
0.0493709
0.0496267
0.0507059
0.0530017
0.0568694
0.0621136
0.0671237
0.0706908
0.0729193
0.0741031
0.0745575
0.0745434
0.0742858
0.0740383
0.0739439
0.0498041
0.0497437
0.0495602
0.0491594
0.0487491
0.0485267
0.048669
0.0494063
0.0510178
0.053767
0.0575259
0.0611077
0.0636285
0.0651735
0.0659644
0.0662311
0.066165
0.0659328
0.0657273
0.0656513
0.0475972
0.0475516
0.0474129
0.0471003
0.0467696
0.0465695
0.0466286
0.0471159
0.0482377
0.0501839
0.0528563
0.0553991
0.0571731
0.0582387
0.0587587
0.0589026
0.0588112
0.0586081
0.05844
0.0583792
0.0446281
0.044593
0.0444883
0.0442496
0.0439902
0.0438198
0.0438318
0.0441483
0.0449183
0.0462824
0.048171
0.049963
0.0511974
0.0519201
0.0522518
0.0523163
0.052216
0.0520419
0.0519052
0.0518563
0.0411246
0.0410971
0.0410174
0.0408362
0.0406353
0.0404941
0.0404798
0.0406802
0.0412039
0.0421504
0.0434714
0.044721
0.0455705
0.046053
0.0462567
0.0462723
0.0461738
0.0460282
0.0459181
0.0458789
0.0372508
0.0372291
0.0371676
0.0370298
0.0368743
0.0367582
0.0367295
0.0368512
0.0372007
0.0378506
0.0387654
0.0396285
0.0402047
0.0405202
0.0406387
0.0406254
0.0405341
0.0404132
0.0403244
0.0402929
0.0331199
0.0331029
0.033055
0.0329491
0.0328279
0.0327325
0.0326968
0.0327654
0.0329936
0.033433
0.0340586
0.034646
0.0350314
0.0352319
0.0352939
0.0352648
0.0351831
0.0350838
0.0350126
0.0349873
0.0288081
0.0287948
0.0287572
0.028675
0.0285795
0.0285007
0.028462
0.0284953
0.02864
0.0289321
0.0293538
0.0297475
0.0299993
0.0301216
0.0301475
0.0301109
0.0300393
0.029958
0.0299008
0.0298806
0.0243674
0.024357
0.0243275
0.0242634
0.0241879
0.0241227
0.0240844
0.0240954
0.0241831
0.0243728
0.0246517
0.0249106
0.0250704
0.0251399
0.0251433
0.0251048
0.0250433
0.0249771
0.0249315
0.0249156
0.0198357
0.0198278
0.0198048
0.0197546
0.0196948
0.0196411
0.0196053
0.019603
0.0196532
0.0197725
0.0199519
0.0201175
0.0202152
0.0202514
0.0202427
0.0202056
0.0201538
0.0201005
0.0200645
0.0200521
0.0152377
0.0152318
0.0152142
0.0151752
0.0151282
0.0150852
0.0150539
0.0150448
0.0150705
0.0151428
0.0152553
0.015358
0.0154153
0.0154311
0.0154167
0.0153834
0.0153406
0.0152978
0.0152695
0.0152601
0.0105902
0.010586
0.0105728
0.0105432
0.0105081
0.0104758
0.0104515
0.0104415
0.0104535
0.0104944
0.0105605
0.0106201
0.0106512
0.0106559
0.0106416
0.0106153
0.0105826
0.0105499
0.0105283
0.0105214
0.00590496
0.00590207
0.00589311
0.00587378
0.0058515
0.00583148
0.00581648
0.00580963
0.00581483
0.00583514
0.00586815
0.00589769
0.00591154
0.00591161
0.00590176
0.00588509
0.0058642
0.00584295
0.00582847
0.00582376
0.00354694
0.00354466
0.00353562
0.00352115
0.00350765
0.00349674
0.00348937
0.00348779
0.00349481
0.00351136
0.00353083
0.00354307
0.00354629
0.0035425
0.00353385
0.0035219
0.0035076
0.00349507
0.00349001
0.00115641
-1.19412
-0.741864
-0.423777
-0.172397
0.0294756
0.193307
0.328272
0.444518
0.529141
0.531809
-0.516032
-0.301564
-0.113957
0.0462767
0.18313
0.298803
0.395352
0.470961
0.518458
0.536881
-0.152366
-0.0245715
0.0963578
0.205326
0.300461
0.381678
0.448478
0.499511
0.535563
0.558054
0.0814989
0.165926
0.249603
0.326709
0.39436
0.452554
0.500952
0.539555
0.56965
0.589916
0.250256
0.307127
0.36988
0.426446
0.476818
0.520828
0.558501
0.589782
0.615134
0.632138
0.382078
0.423821
0.472516
0.515854
0.55596
0.591835
0.623264
0.649838
0.67155
0.685458
0.490546
0.526167
0.565824
0.603022
0.637772
0.669515
0.697579
0.72128
0.740356
0.751566
0.588925
0.622254
0.659213
0.694958
0.728075
0.758182
0.784593
0.806573
0.823604
0.832736
0.688204
0.724194
0.762578
0.79948
0.832687
0.862046
0.887157
0.907638
0.92298
0.931341
0.803665
0.84478
0.884888
0.922568
0.955146
0.982929
1.0061
1.02481
1.03887
1.04821
0.949073
0.992191
1.03038
1.06462
1.09311
1.11733
1.13832
1.15602
1.17011
1.18142
1.12789
1.16575
1.19408
1.21875
1.24007
1.25962
1.27808
1.29541
1.31146
1.32609
1.32617
1.34733
1.3624
1.37842
1.39488
1.41033
1.42418
1.43754
1.45312
1.47155
1.51712
1.52436
1.535
1.54663
1.5566
1.56586
1.57626
1.58747
1.59915
1.60805
1.73044
1.73221
1.72431
1.70777
1.69671
1.69628
1.70846
1.7331
1.76727
1.79183
2.15003
1.95615
1.85515
1.79749
1.7684
1.76176
1.777
1.81784
1.89369
2.03665
-0.706133
-0.71102
-0.67351
-0.608689
-0.532117
-0.447532
0.337704
0.407894
0.408863
0.330642
0.25522
0.174699
-0.119136
-0.414096
-0.782161
-1.27668
-1.87651
)
;

boundaryField
{
    wall-4
    {
        type            zeroGradient;
    }
    pressure-outlet-7
    {
        type            fixedValue;
        value           uniform 0;
    }
    velocity-inlet-6
    {
        type            zeroGradient;
    }
    velocity-inlet-5
    {
        type            zeroGradient;
    }
    frontAndBackPlanes
    {
        type            empty;
    }
}


// ************************************************************************* //
