/*--------------------------------*- C++ -*----------------------------------*\
| =========                 |                                                 |
| \\      /  F ield         | OpenFOAM: The Open Source CFD Toolbox           |
|  \\    /   O peration     | Version:  2112                                  |
|   \\  /    A nd           | Website:  www.openfoam.com                      |
|    \\/     M anipulation  |                                                 |
\*---------------------------------------------------------------------------*/
FoamFile
{
    version     2.0;
    format      ascii;
    arch        "LSB;label=32;scalar=64";
    class       volScalarField;
    location    "1.5";
    object      T;
}
// * * * * * * * * * * * * * * * * * * * * * * * * * * * * * * * * * * * * * //

dimensions      [0 0 0 1 0 0 0];

internalField   nonuniform List<scalar> 
7000
(
1
1
1
1
1
1
1
1
1
1.00001
1.00001
1.00005
1.00007
1.00056
1.00086
1.00327
1.00735
1.01151
1.06209
1.13465
1.49779
2.18003
2.62264
2.72177
2.70373
2.67548
2.67557
2.67674
2.68503
2.69501
2.70237
2.70575
2.71093
2.72286
2.73353
2.73554
2.73899
2.75553
2.7755
2.78179
2.78304
2.79424
2.80966
2.81288
2.80775
2.8043
2.81016
2.83017
2.81807
2.92875
1
1
1
1
1
1
1
1
1
1
1.00001
1.00005
1.00006
1.00051
1.00077
1.00296
1.00702
1.00693
1.06224
1.12368
1.48518
2.14011
2.60408
2.71788
2.69928
2.67163
2.67267
2.67647
2.68739
2.69832
2.70601
2.70985
2.71555
2.72759
2.73775
2.73939
2.74299
2.75912
2.7777
2.7828
2.78279
2.79405
2.81022
2.81362
2.80869
2.80516
2.81247
2.83104
2.81966
2.93873
1
1
1
1
1
1
1
1
1
1
1.00001
1.00004
1.00005
1.00047
1.00066
1.00268
1.00694
1.00721
1.05828
1.12708
1.4567
2.11253
2.58375
2.71321
2.69556
2.66919
2.66916
2.67626
2.68853
2.69891
2.7056
2.70972
2.71647
2.72844
2.73727
2.73858
2.74341
2.76043
2.77861
2.78316
2.78301
2.79433
2.81013
2.8129
2.80787
2.80473
2.81291
2.83221
2.82145
2.94561
1
1
1
1
1
1
1
1
1
1
1
1.00004
1.00005
1.00042
1.0006
1.00242
1.00659
1.00498
1.05762
1.11874
1.4316
2.07446
2.54953
2.70622
2.6912
2.66752
2.66784
2.67776
2.68956
2.6993
2.70576
2.7102
2.7174
2.72914
2.73734
2.7385
2.74384
2.76126
2.7792
2.78339
2.78322
2.79475
2.81031
2.81277
2.80804
2.80494
2.81347
2.83049
2.8207
2.94993
1
1
1
1
1
1
1
1
1
1
1
1.00004
1.00005
1.0004
1.00059
1.00223
1.00634
1.00669
1.05217
1.12222
1.39285
2.04427
2.49641
2.70013
2.68701
2.66851
2.66882
2.67982
2.68901
2.69834
2.70508
2.71005
2.7175
2.72895
2.73659
2.73744
2.74303
2.76087
2.77865
2.78239
2.78262
2.79479
2.81017
2.812
2.80712
2.80357
2.81244
2.83062
2.82133
2.95243
1
1
1
1
1
1
1
1
1
1
1
1.00004
1.00005
1.00036
1.00062
1.00189
1.00646
1.00655
1.04687
1.11163
1.36929
1.9974
2.44154
2.69899
2.68303
2.67514
2.67183
2.68006
2.68742
2.69695
2.7044
2.71013
2.71766
2.72836
2.73531
2.73609
2.74179
2.75963
2.77768
2.78186
2.78178
2.7934
2.8089
2.81096
2.80627
2.80358
2.8131
2.82941
2.82037
2.95449
1
1
1
1
1
1
1
1
1
1
1
1.00003
1.00004
1.00032
1.00046
1.00176
1.00542
1.00503
1.04679
1.10901
1.34217
1.92432
2.40247
2.693
2.6851
2.67742
2.6723
2.68006
2.68541
2.69557
2.70424
2.71041
2.71703
2.72678
2.73347
2.73423
2.74005
2.75825
2.77605
2.77962
2.78
2.79294
2.80893
2.81113
2.80611
2.80302
2.81272
2.82779
2.82003
2.95384
1
1
1
1
1
1
1
1
1
1
1
1.00003
1.00004
1.00032
1.00043
1.00172
1.00507
1.00172
1.04475
1.10003
1.31814
1.84521
2.35912
2.68374
2.68595
2.67993
2.67335
2.67924
2.68457
2.69512
2.70363
2.70962
2.71609
2.72513
2.73121
2.73223
2.73827
2.75628
2.7744
2.77865
2.77832
2.79012
2.80558
2.80763
2.80332
2.79892
2.81026
2.82707
2.81797
2.95446
1
1
1
1
1
1
1
1
1
1
1
1.00003
1.00003
1.00027
1.00041
1.00156
1.0045
1.00503
1.03901
1.09221
1.28962
1.76852
2.30633
2.66717
2.68897
2.68259
2.67453
2.67832
2.68512
2.69384
2.70315
2.71014
2.71556
2.7229
2.72871
2.72992
2.73569
2.75348
2.77191
2.77662
2.77624
2.78793
2.80371
2.80646
2.80191
2.79988
2.80767
2.82228
2.81695
2.95276
1
1
1
1
1
1
1
1
1
1
1
1.00002
1.00003
1.00024
1.00037
1.00131
1.00382
1.00299
1.03437
1.08484
1.26102
1.6827
2.23968
2.64677
2.69535
2.68641
2.67532
2.67606
2.68482
2.69389
2.70362
2.70895
2.71184
2.71778
2.72442
2.72717
2.73294
2.75018
2.76889
2.77397
2.77339
2.78511
2.80127
2.80436
2.80019
2.79457
2.80638
2.82183
2.81455
2.94786
1
1
1
1
1
1
1
1
1
1
1
1.00002
1.00005
1.00027
1.00044
1.00151
1.00396
1.00278
1.03305
1.06977
1.235
1.59723
2.16013
2.6191
2.70146
2.69086
2.67627
2.67534
2.68341
2.68993
2.69841
2.70376
2.70648
2.71275
2.72091
2.72539
2.73205
2.74861
2.76597
2.77058
2.76905
2.77984
2.79671
2.80139
2.79765
2.79339
2.80334
2.81567
2.80863
2.94544
1
1
1
1
1
1
1
1
1
1
1
1.00003
1.00005
1.00028
1.00043
1.00149
1.00365
1.00445
1.02724
1.06125
1.20072
1.50261
2.06053
2.59056
2.70812
2.69097
2.67058
2.66872
2.67635
2.68403
2.69353
2.70052
2.70434
2.71087
2.71974
2.7249
2.73126
2.74699
2.76356
2.76808
2.7662
2.77544
2.79081
2.79519
2.79107
2.78549
2.79138
2.81423
2.81174
2.93774
1
1
1
1
1
1
1
1
1
1
1
1.00003
1.00005
1.00024
1.0004
1.00124
1.00312
1.00215
1.02418
1.0454
1.17164
1.42303
1.94506
2.5326
2.69892
2.68384
2.66578
2.66305
2.67182
2.67934
2.69007
2.69819
2.70226
2.70913
2.71968
2.72589
2.73015
2.74259
2.7579
2.76265
2.76124
2.77044
2.78616
2.79095
2.78737
2.78228
2.79196
2.80156
2.79557
2.93353
1
1
1
1
1
1
1
1
1
1
1.00001
1.00002
1.00012
1.00019
1.00078
1.00106
1.00452
1.00411
1.0178
1.03157
1.13993
1.35471
1.83168
2.55024
2.70632
2.68516
2.66585
2.661
2.67049
2.67675
2.68849
2.69788
2.70099
2.70626
2.71604
2.72142
2.72522
2.73673
2.74996
2.75367
2.75213
2.75978
2.77788
2.78454
2.78161
2.77534
2.7797
2.79848
2.79572
2.9188
1
1
1
1
1
1
1
1
1
1
1.00001
1.00002
1.00009
1.00015
1.00056
1.00084
1.00326
1.00262
1.01385
1.01336
1.11655
1.29692
1.80667
2.57907
2.71744
2.68264
2.67552
2.66678
2.67552
2.67867
2.68767
2.6963
2.70018
2.70558
2.71393
2.71737
2.7184
2.72682
2.7401
2.74535
2.74426
2.74877
2.76734
2.7764
2.77421
2.76773
2.76831
2.78386
2.77861
2.90807
1
1
1
1
1
1
1
1
1
1
1
1.00003
1.00006
1.0002
1.00042
1.00083
1.00301
1.00206
1.02019
1.0055
1.10798
1.24787
1.76997
2.54539
2.70004
2.69359
2.67855
2.66868
2.67558
2.67882
2.68548
2.69139
2.69405
2.6997
2.70824
2.71202
2.71257
2.71861
2.73158
2.73694
2.73624
2.73868
2.75307
2.7633
2.76343
2.75696
2.75447
2.76807
2.76972
2.88474
1
1
1
1
1
1
1
1
1
1
1.00001
1.00004
1.00007
1.0002
1.00041
1.00094
1.00153
1.00643
1.00512
1.03714
1.07915
1.27822
1.7182
2.30463
2.66363
2.69535
2.68462
2.67241
2.67321
2.67771
2.68361
2.68881
2.68997
2.69343
2.70007
2.70317
2.70377
2.70846
2.72127
2.72861
2.7287
2.73108
2.74332
2.74798
2.74534
2.73943
2.73889
2.75023
2.74251
2.86421
1
1
1
1
1
1
1
1
1
1
1.00001
1.00004
1.00006
1.00025
1.00038
1.00127
1.00186
1.00846
1.00885
1.03017
1.06235
1.2297
1.57244
2.17949
2.5909
2.68727
2.68108
2.67544
2.67571
2.67952
2.68382
2.68739
2.6882
2.69103
2.69501
2.69624
2.69593
2.69732
2.70603
2.71251
2.7132
2.71489
2.72715
2.73651
2.73504
2.71852
2.70965
2.72158
2.72459
2.82409
1
1
1
1
1
1
1
1
1
1
1.00001
1.00001
1.00004
1.00006
1.00017
1.00047
1.00067
1.00434
1.00145
1.02542
1.04509
1.18477
1.43771
2.02342
2.51092
2.65396
2.64532
2.64653
2.64892
2.65994
2.66959
2.67619
2.67902
2.68278
2.68736
2.68909
2.68914
2.69055
2.69628
2.69912
2.69793
2.69586
2.69949
2.71084
2.71178
2.70412
2.6857
2.68165
2.6678
2.76984
1
1
1
1
1
1
1
1
1
1
1.00001
1.00001
1.00002
1.00005
1.00006
1.00035
1.00058
1.00287
1.00311
1.01616
1.02175
1.12591
1.32112
1.80809
2.50415
2.65862
2.63509
2.63119
2.62491
2.63263
2.64055
2.64962
2.65553
2.66125
2.66758
2.67126
2.67261
2.67583
2.68352
2.68763
2.68673
2.68289
2.68059
2.68095
2.67852
2.66488
2.63897
2.62858
2.6032
2.63124
1
1
1
1
1
1
1
1
1
1
1
1
1.00002
1.00001
1.00011
1.00013
1.00088
1.00101
1.00791
1.0034
1.04305
1.09794
1.30631
1.80422
2.32829
2.6416
2.64591
2.63689
2.62375
2.62377
2.62711
2.63169
2.63624
2.64032
2.64467
2.64624
2.64606
2.64625
2.64862
2.65324
2.65302
2.65069
2.64708
2.64463
2.63819
2.62192
2.57543
2.53098
2.42913
2.36932
1
1
1
1
1
1
1
1
1
1
1
1
1.00001
1.00001
1.00007
1.00006
1.00051
1.00065
1.00515
1.00313
1.03013
1.0631
1.22761
1.56192
2.14637
2.53354
2.61592
2.60973
2.61129
2.61075
2.61403
2.61756
2.62229
2.62705
2.63069
2.63172
2.63074
2.62723
2.62461
2.62246
2.6188
2.60884
2.59922
2.58406
2.57373
2.55729
2.51843
2.46585
2.35824
2.23664
1
1
1
1
1
1
1
1
1
1
1
1
1
1.00001
1.00004
1.00003
1.0003
1.00042
1.00258
1.00214
1.01811
1.03087
1.13178
1.33938
1.78347
2.40298
2.60972
2.60294
2.58654
2.57464
2.57532
2.57923
2.58495
2.59135
2.59871
2.60241
2.60184
2.59976
2.5959
2.59196
2.5879
2.5803
2.56487
2.5476
2.51671
2.49402
2.44742
2.40144
2.31649
2.22487
1
1
1
1
1
1
1
1
1
1
1
1
1
1.00001
1.00004
1.00002
1.0003
1.00043
1.00265
1.00239
1.01966
1.00524
1.09821
1.23723
1.689
2.42616
2.60284
2.61607
2.59752
2.57635
2.56764
2.56792
2.5678
2.56837
2.56989
2.56871
2.56639
2.56133
2.5557
2.54824
2.53852
2.53101
2.515
2.50232
2.47611
2.44935
2.41206
2.36163
2.30172
2.22645
1
1
1
1
1
1
1
1
1
1
1
1
1
1
1.00003
1.00003
1.00022
1.00025
1.00171
1.00187
1.01347
1.00174
1.07659
1.14758
1.57012
2.28002
2.48605
2.57836
2.56944
2.56648
2.55874
2.55791
2.55791
2.5574
2.55617
2.55376
2.54869
2.54352
2.53337
2.52554
2.51019
2.49808
2.47987
2.45729
2.43344
2.40091
2.36805
2.32535
2.2731
2.22121
1
1
1
1
1
1
1
1
1
1
1
1
1
1.00001
1.00001
1.00007
1.00007
1.00057
1.00068
1.00451
1.0023
1.02505
1.00671
1.10923
1.27786
1.7333
2.41856
2.54766
2.54714
2.54128
2.53148
2.52977
2.53074
2.53024
2.52801
2.52534
2.51973
2.51575
2.50678
2.49913
2.48592
2.47102
2.45516
2.43464
2.41149
2.38255
2.34874
2.31119
2.26298
2.21457
1
1
1
1
1
1
1
1
1
1
1
1
1
1
1
1.00004
1.00002
1.0003
1.00034
1.00249
1.00112
1.01516
1.0022
1.0762
1.16426
1.55728
2.24648
2.47617
2.54832
2.53397
2.52742
2.51712
2.51223
2.50988
2.50601
2.50247
2.4967
2.49027
2.48241
2.47322
2.46243
2.44597
2.42849
2.40859
2.38427
2.35939
2.32813
2.29523
2.25762
2.21623
1
1
1
1
1
1
1
1
1
1
1
1
1
1
1
1.00002
1.00002
1.00015
1.0002
1.00127
1.00133
1.00951
1.0045
1.04431
1.10511
1.31299
1.83374
2.25858
2.49947
2.51264
2.50576
2.49795
2.49164
2.48765
2.48342
2.47619
2.46994
2.46152
2.45556
2.44595
2.43903
2.42878
2.41423
2.39657
2.37482
2.35034
2.3225
2.28931
2.25336
2.21691
1
1
1
1
1
1
1
1
1
1
1
1
1
1
1
1.00001
1.00001
1.00004
1.00003
1.00042
1.00051
1.00407
1.00278
1.02738
1.04359
1.19031
1.47815
1.97654
2.36991
2.46611
2.47555
2.4747
2.47328
2.47252
2.47021
2.46433
2.45623
2.44345
2.43139
2.41897
2.4061
2.39514
2.38216
2.36999
2.35355
2.3346
2.31343
2.28505
2.25335
2.21975
1
1
1
1
1
1
1
1
1
1
1
1
1
1
1
1
1.00002
1.00001
1.00014
1.00015
1.00103
1.0011
1.00847
0.999624
1.04136
1.08589
1.25908
1.71652
2.116
2.38031
2.4167
2.41887
2.42489
2.42888
2.43809
2.44128
2.43945
2.43318
2.42165
2.40905
2.39395
2.37724
2.36171
2.34315
2.32752
2.30573
2.28827
2.26541
2.24205
2.21563
1
1
1
1
1
1
1
1
1
1
1
1
1
1
1
1
1.00001
1.00001
1.00008
1.00006
1.00043
1.00052
1.00309
1.00402
1.01476
1.02731
1.12362
1.27976
1.71995
2.2016
2.39406
2.39909
2.39744
2.39234
2.38848
2.3888
2.391
2.3939
2.39261
2.38814
2.37868
2.36473
2.35008
2.33247
2.31507
2.29397
2.27233
2.24919
2.2232
2.19843
1
1
1
1
1
1
1
1
1
1
1
1
1
1
1
1
1
1.00001
1.00001
1.00005
1.00005
1.0004
1.00043
1.00348
1.00224
1.0245
1.04268
1.15853
1.45758
1.85124
2.27499
2.39354
2.39329
2.38698
2.37737
2.36761
2.35693
2.35134
2.34513
2.34099
2.33711
2.33123
2.32298
2.31054
2.29752
2.28075
2.26178
2.24063
2.21636
2.1921
1
1
1
1
1
1
1
1
1
1
1
1
1
1
1
1
1
1
1.00001
1.00002
1.00009
1.00012
1.00073
1.0008
1.00627
1.00014
1.03495
1.06296
1.2119
1.61704
1.97064
2.2953
2.36935
2.37699
2.3708
2.36141
2.3493
2.3359
2.32461
2.31171
2.30303
2.2915
2.28284
2.27128
2.25986
2.24793
2.23395
2.21829
2.19906
2.17926
1
1
1
1
1
1
1
1
1
1
1
1
1
1
1
1
1
1
1
1.00002
1.00002
1.00012
1.00011
1.00097
1.00113
1.00452
1.01317
1.03698
1.08172
1.25028
1.71205
2.02696
2.28128
2.31291
2.33401
2.33565
2.33394
2.32738
2.31858
2.30622
2.29516
2.28328
2.27013
2.25676
2.24183
2.22733
2.21153
2.19545
2.17669
2.15864
1
1
1
1
1
1
1
1
1
1
1
1
1
1
1
1
1
1
1
1.00002
1.00002
1.00016
1.00014
1.00055
1.00065
1.00415
1.00152
1.0242
1.00745
1.10748
1.26539
1.62853
2.13826
2.28392
2.28527
2.28354
2.27924
2.27661
2.27536
2.274
2.27086
2.26657
2.2582
2.24829
2.23589
2.22192
2.20741
2.1908
2.17329
2.15432
1
1
1
1
1
1
1
1
1
1
1
1
1
1
1
1
1
1
1
1.00001
1.00001
1.00003
1.00006
1.0002
1.00032
1.00109
1.00238
1.00199
1.02015
1.01668
1.1235
1.26877
1.6511
2.08173
2.29312
2.30173
2.296
2.28133
2.26591
2.25268
2.24309
2.23567
2.22982
2.22284
2.21648
2.20675
2.19608
2.18309
2.16732
2.15117
1
1
1
1
1
1
1
1
1
1
1
1
1
1
1
1
1
1
1
1
1
1.00002
1.00002
1.00007
1.00017
1.00016
1.0013
1.00136
1.00997
0.999467
1.05475
1.08614
1.34242
1.82641
2.12176
2.27164
2.28824
2.28162
2.26856
2.25294
2.23868
2.22648
2.21764
2.20858
2.20022
2.1914
2.1808
2.16978
2.15568
2.14206
1
1
1
1
1
1
1
1
1
1
1
1
1
1
1
1
1
1
1
1
1
1
1.00001
1.00003
1.00003
1.00018
1.0002
1.0011
1.00128
1.00812
1.00561
1.05159
1.07863
1.35299
1.84042
2.11509
2.23597
2.25546
2.2521
2.24548
2.23376
2.22035
2.21009
2.20094
2.19248
2.18458
2.17491
2.16488
2.15202
2.13916
1
1
1
1
1
1
1
1
1
1
1
1
1
1
1
1
1
1
1
1
1
1
1.00001
1.00001
1.00005
1.00006
1.00029
1.00033
1.00146
1.00209
1.0079
1.01459
1.04799
1.11307
1.27821
1.65874
2.03364
2.19535
2.19965
2.19789
2.19302
2.18472
2.17581
2.16821
2.1608
2.15648
2.15088
2.14704
2.13946
2.13099
1
1
1
1
1
1
1
1
1
1
1
1
1
1
1
1
1
1
1
1
1
1
1
1.00001
1.00001
1.00004
1.00006
1.00027
1.0003
1.00149
1.00167
1.0075
1.01259
1.03818
1.10398
1.24518
1.58878
1.97382
2.1808
2.19697
2.19318
2.18437
2.17028
2.15742
2.14487
2.1333
2.12413
2.11426
2.10756
2.0996
1
1
1
1
1
1
1
1
1
1
1
1
1
1
1
1
1
1
1
1
1
1
1
1
1
1.00002
1.00003
1.00011
1.00013
1.00057
1.00073
1.00339
1.00473
1.01713
1.03775
1.07992
1.25094
1.60462
1.90331
2.12871
2.17307
2.17232
2.16803
2.15726
2.14624
2.13057
2.11804
2.10276
2.08982
2.07588
1
1
1
1
1
1
1
1
1
1
1
1
1
1
1
1
1
1
1
1
1
1
1
1
1
1
1.00002
1.00002
1.00009
1.00011
1.00048
1.00059
1.00254
1.00374
1.01262
1.02966
1.0597
1.19236
1.48679
1.76558
2.0283
2.11068
2.14036
2.14313
2.14091
2.13117
2.11894
2.10384
2.08873
2.0721
1
1
1
1
1
1
1
1
1
1
1
1
1
1
1
1
1
1
1
1
1
1
1
1
1
1
1
1.00001
1.00001
1.00004
1.00008
1.00016
1.0006
1.00031
1.00389
1.00749
1.02326
1.0531
1.12149
1.33409
1.66952
1.90895
2.08084
2.105
2.11161
2.11265
2.10949
2.10118
2.08754
2.07157
1
1
1
1
1
1
1
1
1
1
1
1
1
1
1
1
1
1
1
1
1
1
1
1
1
1
1
1
1.00001
1.00001
1.00003
1.00007
1.00013
1.00047
1.00143
1.00178
1.00881
1.01355
1.04713
1.09671
1.21404
1.49064
1.85099
2.01354
2.0657
2.07498
2.08026
2.07937
2.07366
2.06458
1
1
1
1
1
1
1
1
1
1
1
1
1
1
1
1
1
1
1
1
1
1
1
1
1
1
1
1
1
1
1.00001
1.00002
1.00004
1.00015
1.00011
1.00073
0.998154
1.00378
1.00554
1.02567
1.05806
1.12033
1.35136
1.65778
1.88235
2.03459
2.05409
2.053
2.048
2.03847
1
1
1
1
1
1
1
1
1
1
1
1
1
1
1
1
1
1
1
1
1
1
1
1
1
1
1
1
1
1
1
1.00001
1.00001
1.00005
1.00005
1.00018
1.00033
1.00074
1.00244
1.00633
1.0149
1.02155
1.09799
1.18678
1.44573
1.74796
1.93447
2.01742
2.01922
2.01542
1
1
1
1
1
1
1
1
1
1
1
1
1
1
1
1
1
1
1
1
1
1
1
1
1
1
1
1
1
1
1
1
1
1.00002
1.00002
1.00009
1.00009
1.00045
1.00046
1.00242
1.00295
1.01022
1.02037
1.065
1.12353
1.25421
1.47857
1.73666
1.92434
1.96325
1
1
1
1
1
1
1
1
1
1
1
1
1
1
1
1
1
1
1
1
1
1
1
1
1
1
1
1
1
1
1
1
1
1
1.00001
1.00001
1.00003
1.00005
1.00017
1.00012
1.00093
0.997596
1.00456
1.00617
1.02605
1.05267
1.09671
1.26668
1.41416
1.66597
1
1
1
1
1
1
1
1
1
1
1
1
1
1
1
1
1
1
1
1
1
1
1
1
1
1
1
1
1
1
1
1
1
1
1
1
1
1.00001
1.00001
1.00007
0.999957
1.00056
1.00013
1.00374
1.00144
1.02054
0.953809
1.05708
1.10229
1.35857
1
1
1
1
1
1
1
1
1
1
1
1
1
1
1
1
1
1
1
1
1
1
1
1
1
1
1
1
1
1
1
1
1
1
1
1
1
1
1
1.00002
0.999972
0.999988
0.999503
0.999629
0.99656
1.00138
0.969818
1.01336
1.01747
1.15165
1
1
1
1
1
1
1
1
1
1
1
1
1
1
1
1
1
1
1
1
1
1
1
1
1
1
1
1
1
1
1
1
1
1
1
1
1
1
1
1.00001
0.999994
1
0.999862
0.999902
0.999183
1.00166
0.990151
1.0069
1.01368
1.0599
1
1
1
1
1
1
1
1
1
1
1
1
1
1
1
1
1
1
1
1
1
1
1
1
1
1
1
1
1
1
1
1
1
1
1
1
1
1
1
1
0.999997
0.999996
0.999959
0.999999
0.999772
1.00097
0.996185
1.00339
1.00708
1.02795
1
1
1
1
1
1
1
1
1
1
1
1
1
1
1
1
1
1
1
1
1
1
1
1
1
1
1
1
1
1
1
1
1
1
1
1
1
1
1
1
0.999998
1
0.999965
0.999973
0.99979
1.00035
0.997647
1.00164
1.00293
1.01417
1
1
1
1
1
1
1
1
1
1
1
1
1
1
1
1
1
1
1
1
1
1
1
1
1
1
1
1
1
1
1
1
1
1
1
1
1
1
0.999999
0.999999
0.999997
0.999995
0.99998
0.999985
0.999896
1.00018
0.998824
1.00084
1.00153
1.00706
1
1
1
1
1
1
1
1
1
1
1
1
1
1
1
1
1
1
1
1
1
1
1
1
1
1
1
1
1
1
1
1
1
1
1
1
1
1
1
1
0.999999
1
0.999991
0.999993
0.999947
1.00009
0.999418
1.0004
1.00075
1.00345
1
1
1
1
1
1
1
1
1
1
1
1
1
1
1
1
1
1
1
1
1
1
1
1
1
1
1
1
1
1
1
1
1
1
1
1
1
1
1
1
1
1
0.999996
0.999997
0.999976
1.00005
0.999716
1.0002
1.00036
1.0017
1
1
1
1
1
1
1
1
1
1
1
1
1
1
1
1
1
1
1
1
1
1
1
1
1
1
1
1
1
1
1
1
1
1
1
1
1
1
1
1
1
1
1
1
1.00001
1.00002
1.00008
1.00006
1.00032
1.00041
1
1
1
1
1
1
1
1
1
1
1
1
1
1
1
1
1
1
1
1
1
1
1
1
1
1
1
1
1
1
1
1
1
1
1
1
1
1
1
1
1
1
1
1
1.00001
1.00001
1.00004
1.00003
1.00015
1.00021
1
1
1
1
1
1
1
1
1
1
1
1
1
1
1
1
1
1
1
1
1
1
1
1
1
1
1
1
1
1
1
1
1
1
1
1
1
1
1
1
1
1
1
1
0.999998
1.00001
0.99997
1.00003
1.00004
1.00019
1
1
1
1
1
1
1
1
1
1
1
1
1
1
1
1
1
1
1
1
1
1
1
1
1
1
1
1
1
1
1
1
1
1
1
1
1
1
1
1
1
1
1
1
1
1
1.00001
1.00001
1.00005
1.00005
2.03146
1.93947
1.94577
2.02758
2.1338
2.25285
2.32981
2.41123
2.43323
2.43603
2.43101
2.4307
2.43176
2.43289
2.43825
2.44057
2.44633
2.44611
2.4472
2.45015
2.45588
2.4635
2.47191
2.48005
2.48753
2.49406
2.49929
2.50234
2.50432
2.50597
2.50746
2.5086
2.50922
2.50936
2.5093
2.50901
2.50824
2.50678
2.50486
2.50263
2.50024
2.4979
2.49579
2.49405
2.49266
2.49162
2.49169
2.49315
2.49602
2.50172
2.51098
2.52548
2.54507
2.58536
2.65473
2.75751
2.89693
3.04765
3.16395
3.23958
3.25994
3.24457
3.23177
3.2154
3.19476
3.18009
3.17398
3.16648
3.15957
3.15029
3.14019
3.12776
3.10938
3.09436
3.08149
3.07301
3.0647
3.06002
3.0552
3.05085
3.04527
3.04026
3.03131
3.02333
3.01199
3.00286
2.99239
2.9838
2.97416
2.96691
2.95705
2.95169
2.94159
2.93687
2.92723
2.92264
2.91328
2.9096
2.90226
2.90524
2.00643
1.94099
1.92175
1.92262
1.92052
1.89746
1.87362
1.86306
1.8792
1.90645
1.9378
1.96013
1.96542
1.96264
1.95883
1.95525
1.95526
1.95608
1.95871
1.9601
1.9611
1.96188
1.96326
1.9648
1.9659
1.96663
1.96763
1.96872
1.9695
1.97002
1.97066
1.97173
1.97324
1.97491
1.97644
1.97763
1.97843
1.97879
1.97882
1.97865
1.97805
1.9766
1.97433
1.97161
1.96856
1.96523
1.96249
1.96148
1.96172
1.96317
1.96776
1.97822
2.00338
2.05392
2.13453
2.22282
2.27914
2.32067
2.36578
2.41886
2.48046
2.53312
2.57036
2.57571
2.57146
2.5585
2.5275
2.50076
2.47951
2.46503
2.45869
2.46091
2.46679
2.47244
2.4744
2.47199
2.46565
2.45511
2.44289
2.43114
2.41999
2.41109
2.40424
2.40074
2.39879
2.39812
2.39767
2.39735
2.39704
2.3969
2.39649
2.39612
2.39573
2.3951
2.39478
2.3941
2.39422
2.39506
2.3963
2.40846
2.04311
1.96474
1.91703
1.86026
1.79831
1.73854
1.70356
1.6954
1.69897
1.71237
1.73309
1.7582
1.77288
1.78422
1.78619
1.78764
1.78682
1.78684
1.78702
1.78743
1.78791
1.7886
1.78981
1.79151
1.79299
1.79417
1.79509
1.79586
1.79612
1.79608
1.79595
1.79595
1.79607
1.79635
1.79655
1.7966
1.79658
1.79646
1.79613
1.79524
1.79429
1.79262
1.79112
1.78924
1.78754
1.78626
1.78641
1.78732
1.79012
1.79515
1.80917
1.83959
1.90102
1.98366
2.07356
2.10531
2.10288
2.10402
2.11011
2.12699
2.15348
2.18998
2.23553
2.28697
2.32873
2.35814
2.34831
2.3425
2.33449
2.31464
2.29208
2.27553
2.26334
2.2549
2.24976
2.2471
2.2455
2.24196
2.23519
2.22566
2.21541
2.20482
2.19513
2.18625
2.17835
2.17156
2.1658
2.16121
2.15721
2.15385
2.151
2.14792
2.14549
2.14311
2.14091
2.13949
2.13784
2.13774
2.13802
2.14767
2.08428
1.99619
1.92544
1.86607
1.80924
1.76096
1.71679
1.68223
1.65585
1.64652
1.6431
1.64844
1.65649
1.67326
1.682
1.69459
1.69723
1.70189
1.7015
1.70171
1.70214
1.70297
1.70423
1.70554
1.70701
1.70854
1.70962
1.71039
1.71109
1.71145
1.71145
1.71137
1.71112
1.71079
1.71022
1.70952
1.70833
1.70691
1.70498
1.70291
1.70059
1.69837
1.69631
1.69455
1.69445
1.69491
1.69653
1.70073
1.70876
1.72744
1.76682
1.83988
1.93445
2.01736
2.03917
2.02694
2.02008
2.00634
1.99564
1.98858
1.98907
1.99739
2.01474
2.04102
2.07968
2.12945
2.1847
2.22984
2.26093
2.25459
2.24518
2.23498
2.21513
2.1902
2.17103
2.15537
2.14403
2.13526
2.12929
2.12355
2.11751
2.11035
2.10186
2.09294
2.08437
2.07643
2.0695
2.06298
2.05773
2.0527
2.04824
2.04424
2.03978
2.03643
2.03127
2.02815
2.0225
2.02039
2.01593
2.02107
2.10593
2.03273
1.9569
1.88904
1.8275
1.77537
1.72532
1.68445
1.64424
1.61556
1.59909
1.59319
1.59159
1.59599
1.60185
1.6147
1.62102
1.63328
1.63669
1.64352
1.64455
1.64622
1.64795
1.64972
1.65145
1.65308
1.6545
1.6556
1.65615
1.65619
1.65607
1.65568
1.65495
1.65363
1.65231
1.65044
1.64859
1.64627
1.64394
1.64134
1.63864
1.63635
1.63399
1.63393
1.63434
1.63604
1.63981
1.65035
1.67387
1.72224
1.80393
1.91348
1.97762
1.99579
1.98639
1.97492
1.96358
1.94677
1.92701
1.9115
1.90047
1.89212
1.89403
1.90323
1.92415
1.95337
1.99452
2.03959
2.09793
2.14886
2.19177
2.21189
2.19949
2.1836
2.16732
2.13886
2.11074
2.08608
2.06585
2.05087
2.03922
2.0324
2.02637
2.02292
2.02032
2.01719
2.01354
2.00949
2.00406
1.99984
1.99382
1.98911
1.98186
1.97705
1.96919
1.96474
1.95634
1.95292
1.94571
1.94896
2.11266
2.05024
1.98351
1.92012
1.85686
1.80154
1.74804
1.70233
1.66042
1.62616
1.59361
1.57246
1.55766
1.55373
1.55436
1.55704
1.56267
1.57435
1.58107
1.59363
1.59869
1.60722
1.60995
1.61258
1.61535
1.61778
1.61922
1.62006
1.6205
1.62054
1.62037
1.61973
1.61816
1.61579
1.61285
1.60954
1.60592
1.60188
1.59815
1.59364
1.59068
1.58715
1.58634
1.58681
1.5887
1.59352
1.60688
1.63643
1.69891
1.78585
1.907
1.95052
1.96878
1.964
1.95328
1.93953
1.92487
1.9041
1.88512
1.86496
1.84902
1.84014
1.83685
1.83995
1.84619
1.85744
1.87416
1.89984
1.92966
1.96224
2.01002
2.05194
2.09921
2.13307
2.13803
2.12444
2.10387
2.08734
2.06087
2.03635
2.01598
2.00291
1.99321
1.98831
1.98298
1.98092
1.97804
1.97566
1.97221
1.96759
1.96023
1.95382
1.94466
1.93784
1.92769
1.92157
1.91204
1.9078
1.8996
1.90264
2.1264
2.06845
2.0076
1.94817
1.8878
1.83255
1.77944
1.73226
1.68817
1.64996
1.61478
1.58542
1.56003
1.54607
1.5349
1.53283
1.53428
1.5368
1.54321
1.55318
1.56248
1.57293
1.58086
1.58784
1.59232
1.59431
1.59676
1.59822
1.5985
1.59845
1.59821
1.59753
1.59608
1.59389
1.59088
1.58726
1.58267
1.57817
1.57257
1.56816
1.56396
1.56119
1.5613
1.56275
1.56892
1.58499
1.62076
1.69459
1.79853
1.91474
1.94156
1.95145
1.94832
1.93897
1.92641
1.90529
1.88762
1.86704
1.8487
1.83193
1.82104
1.8137
1.80897
1.80835
1.80828
1.80998
1.81376
1.81843
1.82302
1.83435
1.84893
1.86639
1.89623
1.92411
1.97461
2.01816
2.05705
2.06979
2.06247
2.04838
2.03892
2.02199
2.00122
1.98621
1.97195
1.96419
1.95399
1.9479
1.939
1.93244
1.92418
1.91786
1.90915
1.90262
1.89321
1.88721
1.87777
1.87398
1.86635
1.86895
2.13799
2.08552
2.03062
1.97367
1.91737
1.86274
1.81169
1.76437
1.72063
1.68124
1.64489
1.61366
1.58447
1.55955
1.53931
1.52688
1.51848
1.51865
1.52163
1.52448
1.53157
1.53937
1.54913
1.55574
1.56432
1.56729
1.57255
1.57305
1.57444
1.57505
1.57494
1.57458
1.57377
1.57203
1.5698
1.56639
1.56273
1.55824
1.55365
1.55054
1.54695
1.54625
1.54745
1.55466
1.5739
1.61778
1.70331
1.8136
1.91174
1.93834
1.93978
1.93511
1.92597
1.90946
1.89006
1.86827
1.85012
1.83158
1.8191
1.80836
1.80269
1.79643
1.79317
1.78902
1.78414
1.77987
1.77234
1.76587
1.75549
1.75092
1.74406
1.745
1.75298
1.76837
1.79498
1.82146
1.87259
1.91547
1.97671
2.01786
2.03363
2.02704
2.01308
2.00352
1.98542
1.96507
1.94115
1.92731
1.90978
1.90068
1.88807
1.88061
1.87132
1.86611
1.85907
1.85598
1.85026
1.84761
1.84202
1.84459
2.1487
2.10116
2.05229
1.99877
1.94421
1.89027
1.83904
1.79125
1.74726
1.70726
1.67035
1.63722
1.60697
1.58029
1.55593
1.53684
1.52288
1.51478
1.50961
1.50995
1.51225
1.51392
1.5185
1.52325
1.53053
1.53489
1.54235
1.54471
1.54977
1.55061
1.55205
1.5524
1.55217
1.55148
1.54975
1.54729
1.54451
1.54049
1.53925
1.53656
1.53651
1.53875
1.54804
1.57203
1.62622
1.72353
1.84609
1.91406
1.94156
1.93783
1.93068
1.91677
1.9009
1.87763
1.85806
1.83773
1.82302
1.80997
1.80273
1.79614
1.79096
1.7853
1.77874
1.77086
1.76085
1.74979
1.73509
1.72207
1.70738
1.69698
1.68705
1.68335
1.68393
1.68707
1.69312
1.70704
1.72715
1.74956
1.78814
1.81919
1.87717
1.92735
1.96814
1.98065
1.97083
1.95473
1.94326
1.92582
1.90298
1.88587
1.8658
1.85695
1.84372
1.83889
1.83041
1.82656
1.81984
1.81765
1.81255
1.81517
2.15288
2.11148
2.07039
2.0244
1.97517
1.92366
1.87301
1.8244
1.77903
1.73756
1.69963
1.66531
1.63455
1.60761
1.58291
1.56228
1.54227
1.52678
1.51434
1.50586
1.50038
1.49771
1.49805
1.49887
1.5011
1.50484
1.51108
1.51584
1.52319
1.52577
1.53142
1.53223
1.53346
1.53361
1.53334
1.53252
1.53058
1.53027
1.53003
1.53081
1.5351
1.54798
1.5788
1.64695
1.7548
1.89118
1.93005
1.94516
1.94028
1.92833
1.91408
1.89142
1.86908
1.84552
1.82895
1.81338
1.804
1.79475
1.78865
1.78093
1.77474
1.76597
1.75679
1.74482
1.73221
1.71727
1.70333
1.68961
1.67683
1.66798
1.65862
1.65458
1.64814
1.64639
1.64287
1.64375
1.64556
1.64952
1.6578
1.67357
1.69603
1.71798
1.76305
1.79965
1.86072
1.8978
1.92124
1.90973
1.8971
1.89057
1.87633
1.86151
1.84166
1.82943
1.81321
1.80771
1.79607
1.79199
1.78322
1.7844
2.14687
2.11101
2.07576
2.03777
1.99741
1.95362
1.90838
1.86266
1.81827
1.77593
1.73699
1.70087
1.66816
1.63886
1.61167
1.58786
1.56529
1.54579
1.52664
1.51213
1.49929
1.49093
1.48455
1.48119
1.48124
1.48177
1.48356
1.48839
1.49255
1.49975
1.5043
1.50998
1.51381
1.5159
1.51811
1.51983
1.52168
1.5239
1.52666
1.53402
1.55151
1.59057
1.67545
1.79666
1.92711
1.95067
1.95056
1.9425
1.92985
1.90824
1.88577
1.85925
1.83871
1.82057
1.80974
1.79899
1.79184
1.78224
1.77451
1.7645
1.75473
1.74284
1.73046
1.71691
1.70337
1.69102
1.67938
1.66973
1.66104
1.65332
1.64557
1.63793
1.6287
1.6211
1.61077
1.60575
1.59745
1.59383
1.59137
1.59171
1.59416
1.60126
1.61615
1.63407
1.66492
1.69174
1.74475
1.79268
1.84246
1.87095
1.85868
1.85312
1.84323
1.83247
1.81612
1.80158
1.78285
1.77334
1.75685
1.75726
2.13805
2.10474
2.07394
2.04005
2.00563
1.96911
1.93149
1.89177
1.85216
1.81197
1.77382
1.73694
1.70265
1.67073
1.6412
1.61375
1.58883
1.56492
1.54365
1.52316
1.50502
1.49028
1.47788
1.4701
1.46367
1.46109
1.46132
1.46265
1.46463
1.47015
1.47536
1.48408
1.48945
1.49794
1.50219
1.50718
1.51328
1.51882
1.53022
1.55348
1.6019
1.70176
1.83135
1.93827
1.96132
1.95469
1.94069
1.92306
1.90264
1.87769
1.8551
1.83501
1.82135
1.8083
1.79966
1.78907
1.77996
1.76805
1.75689
1.74364
1.73098
1.71729
1.70461
1.6926
1.68279
1.67365
1.66628
1.65889
1.65112
1.64289
1.63228
1.62171
1.60954
1.59865
1.5874
1.57785
1.56724
1.56049
1.55124
1.54789
1.54191
1.54142
1.54163
1.544
1.54954
1.56171
1.58038
1.59905
1.63717
1.669
1.7317
1.77309
1.81425
1.80952
1.8023
1.7924
1.78035
1.77054
1.75604
1.74746
2.1324
2.09886
2.06759
2.03758
2.0059
1.97324
1.94054
1.90668
1.87215
1.83636
1.8004
1.76501
1.73075
1.69774
1.66631
1.63636
1.6082
1.58144
1.55651
1.53362
1.5126
1.49319
1.47711
1.46358
1.4548
1.44783
1.4445
1.44476
1.44689
1.44943
1.45485
1.46053
1.46878
1.47761
1.4851
1.49515
1.50404
1.51957
1.54822
1.60562
1.7174
1.85687
1.9384
1.9623
1.95502
1.93655
1.91623
1.89466
1.87386
1.85497
1.83927
1.82455
1.81387
1.80274
1.7927
1.77912
1.76598
1.75056
1.73662
1.72163
1.7087
1.69647
1.68688
1.67845
1.67151
1.66457
1.65743
1.64861
1.63854
1.62667
1.61421
1.60205
1.58957
1.5788
1.56688
1.55744
1.54676
1.53815
1.52875
1.52134
1.5119
1.50671
1.49821
1.49497
1.49031
1.48993
1.49144
1.49628
1.50506
1.52059
1.54398
1.5667
1.60921
1.65194
1.71424
1.73789
1.76679
1.75225
1.7449
1.74337
2.11635
2.08928
2.05844
2.02805
1.99934
1.97052
1.94015
1.90939
1.87862
1.84685
1.81439
1.78136
1.74861
1.71607
1.68402
1.65324
1.62375
1.59576
1.56969
1.54566
1.52367
1.50423
1.48613
1.47086
1.45757
1.44826
1.44187
1.43839
1.43865
1.44024
1.44501
1.44868
1.45624
1.46245
1.47337
1.48708
1.50376
1.53838
1.6006
1.72012
1.86401
1.93314
1.95224
1.94411
1.92833
1.90877
1.88811
1.8698
1.85727
1.84463
1.83215
1.81964
1.80843
1.79441
1.77972
1.76247
1.74606
1.72933
1.71456
1.70142
1.69081
1.6822
1.67489
1.66825
1.66105
1.65249
1.64229
1.63017
1.6173
1.60389
1.59096
1.57839
1.56651
1.55546
1.54488
1.53554
1.52531
1.51703
1.50619
1.49758
1.48656
1.47761
1.46712
1.45993
1.45054
1.44705
1.44103
1.43952
1.43958
1.44115
1.44469
1.45209
1.46579
1.48077
1.50737
1.53269
1.58069
1.62914
1.69301
1.69307
2.1143
2.08243
2.05434
2.02348
1.9931
1.96362
1.93543
1.9077
1.87948
1.85088
1.82125
1.79046
1.75955
1.72804
1.69728
1.66704
1.63836
1.61116
1.58572
1.56223
1.54069
1.52097
1.50311
1.48713
1.4732
1.46164
1.4519
1.44643
1.44162
1.44059
1.44162
1.44468
1.45128
1.45664
1.46785
1.48651
1.52501
1.58785
1.70941
1.85496
1.91887
1.93756
1.9279
1.9146
1.90003
1.88543
1.86987
1.85752
1.84764
1.83724
1.82495
1.81047
1.79403
1.77554
1.75744
1.73856
1.72194
1.70651
1.69445
1.68436
1.67643
1.66925
1.66175
1.65339
1.64294
1.6313
1.61786
1.60434
1.59041
1.57728
1.56468
1.5532
1.54265
1.53313
1.52382
1.51503
1.50528
1.49585
1.48474
1.47487
1.46284
1.4536
1.44225
1.43439
1.42486
1.41906
1.41106
1.40764
1.40141
1.39985
1.39644
1.39664
1.39708
1.39918
1.40431
1.41226
1.4286
1.44437
1.483
1.50374
2.11409
2.08342
2.05353
2.02429
1.99387
1.96403
1.93565
1.9083
1.88118
1.854
1.82647
1.79795
1.76922
1.74026
1.71137
1.68341
1.65655
1.63076
1.60677
1.58423
1.56277
1.54377
1.52557
1.50912
1.49523
1.48198
1.47018
1.46178
1.45344
1.44827
1.44723
1.44976
1.45458
1.46281
1.47956
1.51519
1.57787
1.69598
1.8413
1.90189
1.91855
1.91081
1.89802
1.88841
1.8788
1.86559
1.85381
1.84455
1.83446
1.82158
1.80494
1.78602
1.76575
1.74579
1.7273
1.71061
1.69726
1.68606
1.67731
1.66943
1.66162
1.65323
1.64311
1.63187
1.61874
1.60507
1.59073
1.57702
1.56358
1.55178
1.54056
1.53115
1.52189
1.51338
1.50432
1.49509
1.48472
1.47455
1.46299
1.45279
1.44126
1.43235
1.42188
1.41494
1.4058
1.4005
1.39245
1.38824
1.38082
1.37743
1.37051
1.36783
1.36234
1.36089
1.35771
1.3584
1.35969
1.36303
1.37265
1.37681
2.11037
2.08411
2.05553
2.0268
1.99712
1.96736
1.9387
1.91118
1.8847
1.85875
1.83306
1.80753
1.78148
1.75527
1.7295
1.70294
1.6792
1.65375
1.63194
1.60938
1.58876
1.5701
1.55134
1.53501
1.51975
1.50597
1.4918
1.48258
1.47031
1.46215
1.46057
1.46304
1.46808
1.48194
1.51288
1.58008
1.68675
1.82456
1.8895
1.90282
1.89151
1.88161
1.87226
1.86443
1.85218
1.84224
1.83311
1.82228
1.80857
1.79078
1.77081
1.75057
1.73142
1.71447
1.70037
1.6884
1.67914
1.67054
1.66299
1.65463
1.64531
1.63452
1.62189
1.60842
1.59395
1.57985
1.56611
1.55346
1.54202
1.53192
1.52253
1.51414
1.50521
1.49671
1.48693
1.47727
1.46648
1.45612
1.44512
1.4354
1.42503
1.41696
1.40753
1.40124
1.3927
1.38785
1.37998
1.37604
1.36848
1.36478
1.35728
1.35362
1.34613
1.34269
1.33558
1.333
1.32751
1.32636
1.32498
1.3255
2.10972
2.08614
2.06088
2.03309
2.00579
1.97687
1.94796
1.91952
1.89312
1.86772
1.84347
1.81928
1.79552
1.77175
1.74803
1.72444
1.70114
1.67878
1.65619
1.63602
1.61469
1.59616
1.57784
1.56038
1.54368
1.5302
1.51408
1.50088
1.49152
1.47898
1.48027
1.48357
1.49498
1.5222
1.58826
1.69017
1.81169
1.88154
1.89535
1.8801
1.86744
1.86023
1.84931
1.83805
1.82834
1.81775
1.80524
1.78968
1.77225
1.75319
1.7348
1.71763
1.7028
1.69053
1.68048
1.67157
1.66383
1.65527
1.64654
1.63591
1.62408
1.61099
1.59682
1.58296
1.56869
1.55582
1.5434
1.53256
1.52263
1.51347
1.50478
1.49612
1.4871
1.478
1.46799
1.45838
1.44781
1.43827
1.42801
1.41916
1.40976
1.40222
1.39374
1.38788
1.38008
1.37562
1.36811
1.3643
1.35667
1.3528
1.34493
1.34091
1.33276
1.32871
1.32051
1.31662
1.30867
1.30539
1.29851
1.298
2.10757
2.08732
2.06507
2.04131
2.01553
1.98969
1.96197
1.93394
1.90659
1.88103
1.85611
1.83315
1.81021
1.78813
1.76624
1.74405
1.72247
1.70053
1.67929
1.65878
1.63822
1.61942
1.60049
1.58252
1.56685
1.54794
1.53545
1.51939
1.50628
1.5049
1.50634
1.51503
1.53988
1.59968
1.71468
1.82109
1.87623
1.88953
1.88175
1.86539
1.85463
1.84426
1.83226
1.82013
1.80804
1.79373
1.77596
1.75586
1.73667
1.71908
1.70386
1.69066
1.67932
1.66958
1.66057
1.65182
1.64288
1.63279
1.622
1.60968
1.59666
1.58308
1.56911
1.55604
1.54296
1.53189
1.52086
1.51176
1.50238
1.4941
1.48537
1.47701
1.46808
1.45927
1.44981
1.44077
1.43091
1.42215
1.41243
1.40443
1.39554
1.38867
1.38083
1.37519
1.36794
1.36333
1.35602
1.35194
1.34423
1.34018
1.33204
1.32783
1.31935
1.31499
1.30635
1.30185
1.29333
1.2889
1.28096
1.27877
2.09057
2.08149
2.06374
2.0431
2.02127
1.99847
1.9734
1.94644
1.91944
1.8936
1.86896
1.84617
1.824
1.8031
1.78209
1.76133
1.74075
1.7194
1.69919
1.67775
1.65869
1.63806
1.61936
1.60201
1.58109
1.56746
1.54796
1.53445
1.52962
1.53082
1.53828
1.56265
1.62198
1.74209
1.84479
1.88387
1.88772
1.88642
1.87705
1.85834
1.84541
1.83247
1.81891
1.80502
1.7875
1.7676
1.74628
1.72574
1.70679
1.69024
1.67633
1.665
1.65449
1.64504
1.63504
1.62545
1.61496
1.60427
1.59249
1.5803
1.56737
1.55482
1.54209
1.53081
1.51943
1.51006
1.50015
1.4923
1.48347
1.47637
1.4679
1.46076
1.45201
1.4443
1.43511
1.42686
1.41741
1.40921
1.39999
1.39252
1.38398
1.37758
1.36979
1.36426
1.35695
1.35192
1.34455
1.33974
1.33188
1.32704
1.31866
1.31361
1.30494
1.29965
1.29089
1.28553
1.27681
1.27158
1.26341
1.26032
2.05261
2.05363
2.05014
2.03922
2.0211
2.00024
1.97927
1.95486
1.92919
1.9034
1.87898
1.85607
1.83454
1.8141
1.79381
1.77405
1.75331
1.73371
1.71197
1.69251
1.6713
1.65099
1.63279
1.61054
1.59551
1.5746
1.56069
1.55412
1.55531
1.56299
1.58769
1.64877
1.76977
1.87832
1.90479
1.89673
1.89665
1.89138
1.87331
1.85422
1.83812
1.82292
1.8042
1.78444
1.76314
1.74286
1.72191
1.70261
1.68446
1.66909
1.65491
1.64274
1.63075
1.62056
1.60961
1.59955
1.58824
1.57721
1.56499
1.55335
1.54103
1.52996
1.51854
1.50891
1.4989
1.49102
1.48244
1.47589
1.46812
1.462
1.4542
1.44772
1.43925
1.43206
1.42288
1.41515
1.40579
1.39805
1.38909
1.3818
1.37353
1.36688
1.3592
1.35314
1.3457
1.34
1.33242
1.32677
1.31881
1.31309
1.30472
1.29895
1.29032
1.28454
1.27588
1.27016
1.26158
1.25615
1.24808
1.24486
2.03978
2.01727
2.01201
2.01299
2.00893
1.99762
1.97895
1.95802
1.93471
1.91022
1.88623
1.86318
1.84146
1.82031
1.79995
1.77929
1.75917
1.73824
1.71799
1.69703
1.67589
1.65715
1.63456
1.61831
1.59815
1.58366
1.57731
1.57904
1.5881
1.61312
1.67985
1.79805
1.91715
1.9374
1.92126
1.91805
1.91009
1.89235
1.86975
1.85034
1.82975
1.80912
1.78716
1.76548
1.74334
1.7222
1.70239
1.68475
1.66809
1.65307
1.63854
1.62538
1.61235
1.60053
1.58806
1.5766
1.56419
1.55238
1.53988
1.52835
1.51659
1.50635
1.49616
1.48785
1.47939
1.47287
1.46557
1.45995
1.45288
1.44716
1.43953
1.43315
1.42467
1.41761
1.40847
1.40105
1.39169
1.38427
1.37517
1.36805
1.35955
1.35283
1.34498
1.33854
1.331
1.32464
1.31698
1.31063
1.30263
1.29629
1.28797
1.28171
1.27325
1.26715
1.25873
1.25292
1.24461
1.23929
1.23144
1.22842
2.03862
2.00949
1.98777
1.97366
1.97251
1.97284
1.9683
1.95584
1.93543
1.91299
1.88927
1.86593
1.84322
1.82137
1.80032
1.77945
1.75895
1.73814
1.71774
1.69653
1.67704
1.65533
1.63788
1.61919
1.60383
1.59877
1.60142
1.6119
1.63938
1.71583
1.82419
1.95384
1.97351
1.95475
1.94374
1.93043
1.91206
1.88826
1.86488
1.84301
1.82047
1.79675
1.77193
1.74788
1.72568
1.70519
1.68669
1.66942
1.65377
1.63923
1.62497
1.61122
1.59725
1.58359
1.5695
1.55605
1.54223
1.52944
1.51681
1.50549
1.49452
1.48523
1.47618
1.46888
1.46142
1.45552
1.44872
1.4432
1.43618
1.43031
1.42265
1.41622
1.40783
1.40091
1.3919
1.38474
1.37544
1.36836
1.3592
1.35246
1.34374
1.3373
1.32901
1.32261
1.31455
1.308
1.29993
1.29325
1.28496
1.27832
1.26978
1.26333
1.25471
1.24856
1.24006
1.23432
1.22603
1.22085
1.21309
1.21019
2.03651
2.00928
1.98467
1.9625
1.94614
1.93851
1.9377
1.93574
1.92849
1.91158
1.88911
1.86601
1.84287
1.82042
1.79863
1.77737
1.75612
1.73578
1.71418
1.6946
1.67411
1.65518
1.63834
1.62263
1.61894
1.62276
1.63518
1.666
1.75155
1.85309
1.98815
2.01469
1.99167
1.9679
1.94734
1.93094
1.90644
1.88117
1.85643
1.83284
1.80758
1.78254
1.75735
1.73412
1.71238
1.69254
1.67438
1.65734
1.64167
1.62657
1.61195
1.59774
1.58289
1.56823
1.55325
1.53911
1.52496
1.51229
1.49992
1.48928
1.47898
1.47039
1.46175
1.45482
1.4472
1.44107
1.43361
1.42765
1.41992
1.41383
1.40569
1.3993
1.39067
1.38398
1.37495
1.36811
1.35892
1.35217
1.34309
1.33654
1.32768
1.32127
1.31261
1.30617
1.29766
1.29102
1.28256
1.27569
1.26718
1.26029
1.25169
1.24505
1.23648
1.23028
1.2219
1.21622
1.20809
1.20304
1.19542
1.19263
2.02426
2.00637
1.98479
1.96298
1.94368
1.92595
1.91578
1.91179
1.908
1.89997
1.88421
1.86384
1.84186
1.81998
1.79827
1.77654
1.75569
1.7339
1.71352
1.69324
1.67356
1.65697
1.64164
1.63871
1.64385
1.65879
1.69374
1.78822
1.89415
2.01692
2.0472
2.03391
2.00071
1.96457
1.94453
1.9237
1.8978
1.87131
1.84461
1.81934
1.79377
1.76885
1.74476
1.72291
1.70276
1.68416
1.66663
1.64994
1.63378
1.61789
1.60196
1.58633
1.57058
1.5558
1.54095
1.52712
1.51329
1.50105
1.48865
1.47812
1.46736
1.45855
1.44921
1.44161
1.43294
1.42602
1.41768
1.4111
1.40276
1.39628
1.38771
1.38114
1.37224
1.36554
1.35638
1.34968
1.34044
1.33383
1.32472
1.31822
1.30936
1.3029
1.29427
1.28773
1.27922
1.27249
1.26404
1.25713
1.24874
1.24186
1.23355
1.22699
1.21879
1.2128
1.20478
1.19944
1.1916
1.18699
1.17956
1.17721
2.00072
1.99252
1.98037
1.96377
1.94481
1.92689
1.90968
1.89704
1.89183
1.88499
1.87321
1.85779
1.83958
1.81998
1.79871
1.77871
1.75673
1.7353
1.71524
1.69444
1.67756
1.66285
1.66071
1.66723
1.68538
1.72577
1.82808
1.94569
2.04513
2.06922
2.06268
2.03849
1.98819
1.95714
1.93569
1.91312
1.88583
1.85772
1.83012
1.80471
1.78009
1.75743
1.73604
1.71606
1.69712
1.67909
1.66174
1.64464
1.62753
1.61067
1.5936
1.57737
1.56086
1.54573
1.53046
1.51695
1.50337
1.49133
1.47892
1.46827
1.45694
1.4475
1.43718
1.42879
1.41919
1.41143
1.40217
1.39466
1.38553
1.37813
1.36894
1.3616
1.35228
1.34506
1.33569
1.32869
1.31936
1.31263
1.30347
1.29695
1.28806
1.28161
1.27301
1.26651
1.25814
1.25153
1.24333
1.23668
1.22861
1.22211
1.21417
1.20808
1.20029
1.19481
1.18718
1.18239
1.17485
1.1708
1.16357
1.16173
1.97962
1.97548
1.97285
1.96107
1.94536
1.92909
1.91145
1.8942
1.87992
1.87205
1.86417
1.85159
1.83553
1.81774
1.79813
1.77917
1.75772
1.73935
1.71739
1.70115
1.68645
1.68522
1.69307
1.71474
1.76171
1.86957
2.0068
2.07539
2.08394
2.07811
2.06286
2.019
1.97275
1.94378
1.92157
1.89807
1.87002
1.84169
1.81414
1.79035
1.76851
1.74913
1.73018
1.712
1.69416
1.67645
1.65881
1.64098
1.62306
1.60538
1.58755
1.57063
1.55371
1.53825
1.52291
1.50915
1.49538
1.4832
1.47077
1.45969
1.44794
1.4377
1.42653
1.41702
1.40644
1.39765
1.38747
1.37902
1.36908
1.3608
1.35098
1.34292
1.33324
1.32552
1.31598
1.30866
1.29925
1.29237
1.28309
1.27656
1.26748
1.26118
1.25238
1.24617
1.23768
1.23148
1.22329
1.21712
1.20916
1.20319
1.19542
1.18984
1.18223
1.17722
1.16975
1.16536
1.15796
1.15425
1.14714
1.14555
1.94691
1.95618
1.95255
1.95162
1.94254
1.92853
1.91237
1.89535
1.87772
1.86241
1.85079
1.84149
1.83051
1.81464
1.79763
1.77746
1.75888
1.74013
1.72293
1.71026
1.70999
1.71918
1.74406
1.79913
1.90924
2.06691
2.11108
2.09961
2.0843
2.07053
2.03997
1.99212
1.95182
1.92456
1.90251
1.8796
1.8532
1.82645
1.80155
1.78063
1.76152
1.74434
1.72696
1.70984
1.69213
1.67419
1.65597
1.6375
1.61894
1.60056
1.58224
1.56494
1.54779
1.53206
1.51641
1.50213
1.48783
1.47478
1.46159
1.44971
1.43748
1.42654
1.41488
1.40476
1.39364
1.3842
1.37341
1.3644
1.35373
1.34486
1.33436
1.3258
1.31553
1.30736
1.29729
1.28952
1.27967
1.27235
1.26278
1.25595
1.24671
1.24037
1.23154
1.22557
1.21719
1.21146
1.20351
1.19799
1.19039
1.18512
1.1778
1.17285
1.16571
1.16117
1.15411
1.15003
1.14295
1.1394
1.13253
1.13098
1.82471
1.94211
1.94202
1.93658
1.9323
1.92261
1.91008
1.89462
1.8779
1.86119
1.84443
1.83097
1.81938
1.80782
1.79466
1.77726
1.76073
1.74401
1.73447
1.73577
1.74673
1.77505
1.84272
1.94618
2.1188
2.14686
2.12361
2.09072
2.06906
2.04681
2.00817
1.96516
1.92928
1.90372
1.8824
1.86135
1.83861
1.81652
1.79515
1.77608
1.75842
1.74174
1.72477
1.70731
1.68914
1.67035
1.65138
1.63229
1.61337
1.59485
1.57662
1.55913
1.54189
1.52564
1.50953
1.49456
1.47963
1.46588
1.45212
1.43959
1.4269
1.41559
1.40368
1.39313
1.3814
1.37126
1.35967
1.34998
1.33862
1.32927
1.3182
1.30918
1.29835
1.28975
1.2792
1.27113
1.26096
1.25344
1.24371
1.23671
1.22747
1.22098
1.21229
1.20626
1.19811
1.19248
1.1848
1.17953
1.1722
1.16726
1.16017
1.15561
1.14867
1.14456
1.13773
1.13409
1.12735
1.12418
1.11767
1.11669
1.62648
1.88329
1.93094
1.92772
1.92405
1.91073
1.90094
1.88989
1.87643
1.86054
1.84462
1.82804
1.81304
1.79885
1.78725
1.77422
1.76348
1.75621
1.76174
1.77623
1.80873
1.89458
1.98646
2.15983
2.18523
2.15776
2.11118
2.07064
2.04754
2.0196
1.98491
1.94985
1.91837
1.89304
1.87106
1.85156
1.83147
1.81196
1.79201
1.77356
1.75522
1.73781
1.71995
1.70177
1.68293
1.66351
1.64416
1.62474
1.60593
1.58756
1.56958
1.5522
1.53494
1.51836
1.50192
1.48641
1.471
1.45682
1.44256
1.42965
1.41645
1.40467
1.39222
1.38138
1.36935
1.35892
1.34697
1.33681
1.325
1.31517
1.30367
1.29417
1.28305
1.27407
1.26338
1.25499
1.24469
1.23689
1.22698
1.2198
1.21036
1.2038
1.19494
1.18897
1.18074
1.1753
1.16765
1.16268
1.15546
1.15093
1.14399
1.1399
1.13314
1.12944
1.12285
1.11948
1.11304
1.11
1.10374
1.10274
1.33355
1.63218
1.86543
1.90526
1.90803
1.90468
1.89238
1.87748
1.86765
1.85705
1.84372
1.82862
1.81209
1.7979
1.78395
1.77593
1.77402
1.78297
1.80177
1.84093
1.94827
2.03735
2.19509
2.21761
2.1944
2.15025
2.09195
2.05704
2.03013
2.0035
1.97421
1.94432
1.91523
1.88939
1.86629
1.84621
1.82665
1.80785
1.78819
1.76881
1.74913
1.72999
1.71092
1.69195
1.67289
1.65355
1.63437
1.61534
1.59681
1.57883
1.56116
1.5441
1.52701
1.51057
1.49407
1.47838
1.46269
1.44809
1.43338
1.42003
1.40632
1.39406
1.38118
1.36981
1.35743
1.34663
1.33446
1.32379
1.3117
1.3014
1.28969
1.27991
1.26862
1.25945
1.24858
1.24007
1.22962
1.22181
1.21179
1.20467
1.19516
1.18875
1.17984
1.17407
1.16585
1.16061
1.15304
1.14821
1.14115
1.13669
1.12991
1.12584
1.11919
1.1155
1.10898
1.10563
1.09926
1.09631
1.09016
1.08936
1.14817
1.32713
1.68334
1.84312
1.87197
1.88443
1.88378
1.87391
1.85995
1.8461
1.83801
1.82686
1.81295
1.80029
1.78883
1.78858
1.80061
1.8249
1.87179
1.99508
2.10299
2.2338
2.23971
2.22223
2.18595
2.13091
2.0845
2.05039
2.02227
1.99613
1.96919
1.94195
1.91427
1.88795
1.86293
1.84055
1.81944
1.79984
1.77958
1.75949
1.73856
1.71824
1.69814
1.67874
1.65978
1.64101
1.62263
1.60443
1.58663
1.56926
1.55207
1.53536
1.51855
1.50223
1.48574
1.46991
1.454
1.43902
1.42402
1.41017
1.39616
1.38344
1.37026
1.35841
1.34574
1.33452
1.32216
1.31137
1.29923
1.28876
1.27694
1.26709
1.25581
1.24671
1.23595
1.22757
1.21724
1.20949
1.19956
1.19243
1.18298
1.1765
1.16762
1.16181
1.15353
1.14829
1.14057
1.13578
1.12851
1.12407
1.11711
1.11301
1.10631
1.10259
1.09616
1.09285
1.08667
1.08384
1.0779
1.07727
1.06649
1.15785
1.41933
1.72435
1.83447
1.85419
1.86007
1.86263
1.85468
1.84196
1.8288
1.81912
1.81287
1.80492
1.80756
1.82021
1.84847
1.90561
2.03767
2.17467
2.27058
2.25889
2.24112
2.20747
2.15988
2.11673
2.07781
2.04533
2.01623
1.98914
1.96266
1.9371
1.91087
1.8846
1.85786
1.83271
1.80882
1.78715
1.76607
1.74582
1.72513
1.70477
1.68446
1.66483
1.64595
1.62765
1.61009
1.59276
1.57581
1.55901
1.54225
1.52571
1.50905
1.49269
1.47623
1.4603
1.4443
1.42918
1.41396
1.3999
1.38564
1.37269
1.35929
1.34728
1.3345
1.32313
1.31076
1.29988
1.28796
1.27761
1.26609
1.2564
1.2455
1.23653
1.2261
1.21778
1.20765
1.19994
1.19011
1.18302
1.17358
1.16714
1.15823
1.1524
1.14405
1.13874
1.13087
1.12597
1.11848
1.11392
1.1067
1.10251
1.09553
1.09171
1.08504
1.08164
1.07526
1.07237
1.06631
1.0656
1.03303
1.07437
1.19649
1.4689
1.73657
1.81669
1.83623
1.83751
1.83965
1.83473
1.82486
1.81522
1.81416
1.82161
1.83949
1.87596
1.94671
2.0827
2.23987
2.30252
2.27829
2.25218
2.21594
2.17325
2.13571
2.09952
2.06562
2.03426
2.00447
1.97685
1.95061
1.9259
1.90067
1.87532
1.84872
1.82279
1.79703
1.77345
1.75095
1.73037
1.71017
1.69062
1.67107
1.65182
1.6332
1.6151
1.59797
1.58114
1.56476
1.54839
1.53189
1.51548
1.49883
1.48256
1.46613
1.4503
1.43432
1.41923
1.40395
1.38989
1.37563
1.36276
1.34955
1.33765
1.32518
1.31394
1.30191
1.29119
1.27955
1.26947
1.25833
1.24887
1.23821
1.22941
1.21915
1.21091
1.20095
1.19323
1.18354
1.17638
1.16702
1.16048
1.15149
1.14554
1.13696
1.13149
1.12329
1.1182
1.11034
1.10556
1.09802
1.09358
1.08637
1.08236
1.0755
1.07199
1.06547
1.06254
1.05641
1.05575
1.01597
1.03574
1.08982
1.2337
1.51919
1.72877
1.8002
1.81839
1.81941
1.8221
1.81841
1.81635
1.82697
1.85156
1.89758
1.9974
2.13016
2.29451
2.33
2.30343
2.27346
2.22436
2.1785
2.14206
2.10964
2.07873
2.04747
2.01646
1.9863
1.95858
1.93261
1.90827
1.88388
1.85963
1.83449
1.80967
1.78461
1.76101
1.7382
1.7174
1.69743
1.67855
1.65982
1.64125
1.62297
1.60491
1.58758
1.57059
1.55403
1.53765
1.52115
1.5049
1.48842
1.4724
1.45625
1.4407
1.42503
1.41014
1.39517
1.38129
1.36731
1.35466
1.34172
1.33016
1.31798
1.30715
1.29546
1.28511
1.27386
1.26399
1.25327
1.24396
1.23361
1.22487
1.21475
1.20655
1.19659
1.18889
1.17914
1.17195
1.16248
1.15579
1.14667
1.14045
1.13169
1.1259
1.11747
1.11206
1.10395
1.09893
1.09114
1.08654
1.07911
1.07496
1.06792
1.0643
1.05761
1.05462
1.04835
1.04768
1.00775
1.01711
1.04304
1.10298
1.27812
1.53674
1.72321
1.78606
1.8033
1.80689
1.8124
1.82449
1.85447
1.91229
2.04203
2.1769
2.33507
2.35216
2.32233
2.29257
2.23989
2.18928
2.14799
2.11397
2.08413
2.05532
2.02577
1.99617
1.96694
1.93961
1.91356
1.88933
1.86536
1.84208
1.81818
1.7949
1.77142
1.74924
1.72753
1.70732
1.68759
1.66877
1.65016
1.63183
1.61376
1.59576
1.57818
1.56074
1.54364
1.52689
1.51031
1.49429
1.47832
1.46293
1.44745
1.43251
1.41732
1.4029
1.38822
1.3747
1.36099
1.34872
1.33613
1.32496
1.31319
1.30272
1.2914
1.28138
1.2704
1.26077
1.25014
1.24092
1.2306
1.22173
1.2116
1.20317
1.19323
1.18531
1.17557
1.16821
1.15871
1.15186
1.14263
1.13623
1.12733
1.1213
1.11275
1.10711
1.09889
1.09367
1.08577
1.08103
1.07346
1.06921
1.06203
1.05831
1.0515
1.04844
1.04202
1.04138
1.00269
1.00804
1.01968
1.04851
1.11623
1.30068
1.55171
1.7165
1.77442
1.79795
1.81544
1.8534
1.92408
2.07084
2.24304
2.34839
2.35261
2.32747
2.29876
2.25558
2.21197
2.16759
2.12662
2.09158
2.06155
2.03399
2.00676
1.97964
1.95232
1.92577
1.89957
1.87456
1.84996
1.82658
1.80338
1.78131
1.7593
1.73849
1.71775
1.69793
1.67807
1.65883
1.63983
1.62144
1.60373
1.58631
1.56932
1.55219
1.53516
1.51827
1.50158
1.4857
1.47012
1.45547
1.4408
1.42676
1.41231
1.39845
1.38417
1.3709
1.35731
1.34516
1.33253
1.32147
1.30961
1.29923
1.28787
1.27788
1.26691
1.25725
1.24661
1.23731
1.22693
1.21802
1.20782
1.19931
1.18926
1.18124
1.17141
1.16394
1.15439
1.14744
1.13821
1.13173
1.12284
1.11675
1.10821
1.1025
1.09429
1.08901
1.08106
1.07625
1.06858
1.06425
1.05689
1.05307
1.04605
1.04287
1.03626
1.03544
1.00127
1.00404
1.00918
1.02268
1.05266
1.12888
1.30603
1.56514
1.71684
1.78409
1.84253
1.94098
2.10721
2.30007
2.38108
2.363
2.34229
2.29756
2.24722
2.20747
2.17381
2.1407
2.10682
2.07285
2.04015
2.00992
1.98189
1.95578
1.93008
1.90473
1.87898
1.85391
1.82918
1.8058
1.78286
1.76124
1.73989
1.71977
1.69973
1.68059
1.66137
1.64283
1.62458
1.60717
1.59045
1.5743
1.55847
1.5426
1.5265
1.51041
1.49418
1.47864
1.4633
1.44896
1.4346
1.421
1.40685
1.39338
1.37919
1.36607
1.35234
1.34009
1.32721
1.31595
1.30379
1.29324
1.28158
1.2715
1.26028
1.25063
1.23984
1.23058
1.22013
1.21125
1.20101
1.19253
1.18245
1.17444
1.16457
1.15712
1.14752
1.14059
1.1313
1.12482
1.11586
1.10972
1.10106
1.09525
1.08684
1.08141
1.07321
1.06822
1.06028
1.05577
1.04818
1.04422
1.03699
1.03372
1.02693
1.02607
1.00088
1.00189
1.00483
1.01078
1.02606
1.06038
1.14585
1.3462
1.60386
1.77906
1.9313
2.16217
2.35143
2.40166
2.38255
2.36205
2.32135
2.269
2.22337
2.18528
2.15235
2.12139
2.09051
2.0593
2.02865
1.99969
1.97242
1.94667
1.92104
1.8956
1.8698
1.84481
1.82035
1.79733
1.77477
1.7534
1.73216
1.71204
1.69201
1.67296
1.65389
1.63566
1.61765
1.60057
1.58403
1.56815
1.55244
1.53682
1.52082
1.50501
1.48888
1.47359
1.45818
1.44386
1.42916
1.41534
1.40076
1.38707
1.37256
1.35938
1.34546
1.33328
1.32023
1.30904
1.2967
1.28618
1.27435
1.26429
1.25295
1.2433
1.23242
1.22316
1.2126
1.20368
1.19328
1.18472
1.17445
1.16633
1.15627
1.14868
1.13891
1.13184
1.12237
1.11573
1.10656
1.10026
1.0914
1.08543
1.07682
1.07126
1.0629
1.0578
1.04973
1.04514
1.03743
1.0334
1.02606
1.02273
1.01583
1.01488
1.00041
1.00108
1.00299
1.00645
1.01633
1.03603
1.08694
1.2076
1.47064
1.81767
2.15013
2.43267
2.45886
2.43122
2.386
2.33927
2.29998
2.25905
2.21915
2.18084
2.14297
2.10525
2.06985
2.03868
2.01183
1.98752
1.96296
1.93693
1.90915
1.88165
1.85551
1.83212
1.81029
1.78948
1.76766
1.74531
1.7219
1.69931
1.67724
1.65703
1.63753
1.61937
1.60144
1.58437
1.56752
1.55135
1.5353
1.51967
1.50378
1.48836
1.47255
1.45762
1.44233
1.42812
1.41333
1.39954
1.38491
1.3714
1.35705
1.34421
1.33059
1.31882
1.30606
1.29522
1.28306
1.2728
1.26107
1.25122
1.23996
1.23055
1.21975
1.21075
1.20026
1.19156
1.1812
1.17281
1.16255
1.15459
1.14453
1.13709
1.12731
1.1204
1.11094
1.10444
1.09528
1.08911
1.08024
1.07438
1.06575
1.06027
1.05191
1.04686
1.03884
1.03427
1.02663
1.02263
1.01535
1.01206
1.00517
1.00436
)
;

boundaryField
{
    inlet
    {
        type            fixedValue;
        value           uniform 1;
    }
    outlet
    {
        type            zeroGradient;
    }
    bottom
    {
        type            symmetryPlane;
    }
    top
    {
        type            symmetryPlane;
    }
    obstacle
    {
        type            zeroGradient;
    }
    defaultFaces
    {
        type            empty;
    }
}


// ************************************************************************* //
