/*--------------------------------*- C++ -*----------------------------------*\
| =========                 |                                                 |
| \\      /  F ield         | OpenFOAM: The Open Source CFD Toolbox           |
|  \\    /   O peration     | Version:  2112                                  |
|   \\  /    A nd           | Website:  www.openfoam.com                      |
|    \\/     M anipulation  |                                                 |
\*---------------------------------------------------------------------------*/
FoamFile
{
    version     2.0;
    format      ascii;
    arch        "LSB;label=32;scalar=64";
    class       volScalarField;
    location    "50";
    object      T;
}
// * * * * * * * * * * * * * * * * * * * * * * * * * * * * * * * * * * * * * //

dimensions      [0 0 0 1 0 0 0];

internalField   nonuniform List<scalar> 
10000
(
3.78066e-14
3.36496e-14
2.92122e-14
2.55801e-14
2.26637e-14
2.06286e-14
1.95697e-14
1.94701e-14
2.04826e-14
2.20283e-14
2.20058e-13
1.94876e-13
1.68765e-13
1.47133e-13
1.2994e-13
1.18096e-13
1.12066e-13
1.11784e-13
1.17787e-13
1.2729e-13
7.25202e-13
6.36876e-13
5.46813e-13
4.72329e-13
4.14618e-13
3.75796e-13
3.56858e-13
3.58027e-13
3.79886e-13
4.13572e-13
2.12837e-12
1.85871e-12
1.58002e-12
1.35014e-12
1.17622e-12
1.06211e-12
1.00949e-12
1.01903e-12
1.08951e-12
1.19152e-12
5.98195e-12
5.20675e-12
4.38707e-12
3.7108e-12
3.20755e-12
2.88408e-12
2.74214e-12
2.78123e-12
2.99072e-12
3.2782e-12
1.64725e-11
1.43062e-11
1.19681e-11
1.0034e-11
8.60948e-12
7.70684e-12
7.32285e-12
7.44861e-12
8.03751e-12
8.81666e-12
4.48054e-11
3.88523e-11
3.23277e-11
2.69082e-11
2.29356e-11
2.04366e-11
1.93833e-11
1.9732e-11
2.13197e-11
2.33778e-11
1.20766e-10
1.04608e-10
8.67013e-11
7.17535e-11
6.08058e-11
5.39231e-11
5.09899e-11
5.18436e-11
5.59803e-11
6.13109e-11
3.23152e-10
2.79716e-10
2.31173e-10
1.90454e-10
1.60571e-10
1.41692e-10
1.33429e-10
1.35254e-10
1.4572e-10
1.59297e-10
8.59523e-10
7.43654e-10
6.13323e-10
5.03468e-10
4.22517e-10
3.70913e-10
3.47473e-10
3.50618e-10
3.76392e-10
4.10455e-10
2.27446e-09
1.96733e-09
1.6201e-09
1.32598e-09
1.10805e-09
9.67425e-10
9.00743e-10
9.0352e-10
9.65305e-10
1.04949e-09
5.99162e-09
5.18195e-09
4.26274e-09
3.48009e-09
2.89644e-09
2.51431e-09
2.32464e-09
2.31518e-09
2.45884e-09
2.66388e-09
1.57198e-08
1.35956e-08
1.11751e-08
9.10321e-09
7.54727e-09
6.51186e-09
5.97353e-09
5.89982e-09
6.22147e-09
6.71328e-09
4.10891e-08
3.55392e-08
2.91938e-08
2.37358e-08
1.96043e-08
1.68083e-08
1.52856e-08
1.49527e-08
1.56384e-08
1.67953e-08
1.07021e-07
9.25792e-08
7.60134e-08
6.17003e-08
5.07722e-08
4.32463e-08
3.89565e-08
3.76938e-08
3.905e-08
4.17087e-08
2.77775e-07
2.40338e-07
1.97286e-07
1.59926e-07
1.31126e-07
1.10938e-07
9.89038e-08
9.45188e-08
9.68562e-08
1.0279e-07
7.1839e-07
6.21713e-07
5.1046e-07
4.13409e-07
3.37798e-07
2.83808e-07
2.50193e-07
2.35787e-07
2.38574e-07
2.5132e-07
1.85055e-06
1.60244e-06
1.31672e-06
1.06591e-06
8.68282e-07
7.24241e-07
6.30719e-07
5.85228e-07
5.83453e-07
6.09296e-07
4.74535e-06
4.11391e-06
3.38501e-06
2.74112e-06
2.22739e-06
1.84429e-06
1.58518e-06
1.44536e-06
1.41639e-06
1.46358e-06
1.21058e-05
1.05123e-05
8.66857e-06
7.02956e-06
5.70296e-06
4.68885e-06
3.97424e-06
3.55283e-06
3.41204e-06
3.48134e-06
3.06885e-05
2.67046e-05
2.20954e-05
1.79692e-05
1.45716e-05
1.19044e-05
9.94433e-06
8.69475e-06
8.15439e-06
8.19286e-06
7.71511e-05
6.73397e-05
5.59954e-05
4.57526e-05
3.71482e-05
3.01882e-05
2.48469e-05
2.11982e-05
1.93312e-05
1.90569e-05
0.000191875
0.000168224
0.000140872
0.000115914
9.44561e-05
7.64809e-05
6.20477e-05
5.15469e-05
4.54707e-05
4.37807e-05
0.000470598
0.000415114
0.000350972
0.000291705
0.000239298
0.000193573
0.000155019
0.000125224
0.000106234
9.92797e-05
0.00113329
0.00100787
0.000863021
0.000727178
0.000602852
0.00048907
0.000387787
0.000304622
0.000247038
0.000222175
0.00266485
0.00239543
0.00208476
0.00178824
0.00150521
0.00123106
0.000971529
0.000744341
0.000574188
0.0004912
0.00607736
0.00553748
0.00491707
0.00431259
0.00370515
0.00307529
0.00243496
0.00183331
0.00134383
0.00107643
0.0133373
0.0123553
0.011235
0.0101178
0.00892071
0.00757282
0.0060831
0.00456601
0.00321329
0.0023689
0.0279236
0.0263719
0.0246322
0.0228513
0.0207745
0.0181821
0.0150173
0.0114767
0.0079809
0.00537606
0.0552749
0.0533311
0.0512472
0.0490493
0.04612
0.0419075
0.0361298
0.0289431
0.0214828
0.0144236
3.41492e-14
3.05098e-14
2.65762e-14
2.33303e-14
2.07045e-14
1.8868e-14
1.78945e-14
1.77815e-14
1.86501e-14
1.99674e-14
1.9775e-13
1.76281e-13
1.53337e-13
1.3404e-13
1.1859e-13
1.07917e-13
1.02385e-13
1.02008e-13
1.07073e-13
1.14838e-13
6.4628e-13
5.72782e-13
4.94788e-13
4.28634e-13
3.76984e-13
3.4207e-13
3.24893e-13
3.25537e-13
3.43575e-13
3.70274e-13
1.8855e-12
1.66404e-12
1.42526e-12
1.2224e-12
1.06729e-12
9.64863e-13
9.17251e-13
9.23973e-13
9.80913e-13
1.06126e-12
5.28048e-12
4.64757e-12
3.95101e-12
3.35792e-12
2.91039e-12
2.62046e-12
2.49115e-12
2.51876e-12
2.68536e-12
2.91046e-12
1.45081e-11
1.27462e-11
1.07732e-11
9.08544e-12
7.82094e-12
7.01159e-12
6.65853e-12
6.7446e-12
7.20685e-12
7.81307e-12
3.94089e-11
3.45765e-11
2.90957e-11
2.43843e-11
2.08638e-11
1.86208e-11
1.76435e-11
1.78686e-11
1.91009e-11
2.06979e-11
1.0615e-10
9.30435e-11
7.80325e-11
6.50743e-11
5.53856e-11
4.92011e-11
4.64603e-11
4.69599e-11
5.01372e-11
5.42686e-11
2.8396e-10
2.48725e-10
2.08085e-10
1.72854e-10
1.46433e-10
1.29452e-10
1.21699e-10
1.2257e-10
1.3052e-10
1.41029e-10
7.5524e-10
6.61208e-10
5.52181e-10
4.57246e-10
3.85715e-10
3.39264e-10
3.17238e-10
3.17944e-10
3.3727e-10
3.63581e-10
1.99873e-09
1.74933e-09
1.45899e-09
1.20494e-09
1.01245e-09
8.85781e-10
8.23153e-10
8.19986e-10
8.65552e-10
9.30415e-10
5.2664e-09
4.60848e-09
3.83979e-09
3.16391e-09
2.64845e-09
2.30415e-09
2.12637e-09
2.10303e-09
2.20671e-09
2.36404e-09
1.38212e-08
1.20936e-08
1.00681e-08
8.27962e-09
6.90473e-09
5.97237e-09
5.4692e-09
5.36418e-09
5.5898e-09
5.9645e-09
3.61399e-08
3.1623e-08
2.63101e-08
2.15986e-08
1.79456e-08
1.54283e-08
1.40093e-08
1.3611e-08
1.40702e-08
1.49442e-08
9.41733e-08
8.24096e-08
6.85331e-08
5.61753e-08
4.65056e-08
3.97303e-08
3.57448e-08
3.43592e-08
3.51929e-08
3.71805e-08
2.44553e-07
2.14049e-07
1.77975e-07
1.45701e-07
1.202e-07
1.02015e-07
9.0864e-08
8.63034e-08
8.74647e-08
9.18361e-08
6.32794e-07
5.54078e-07
4.6083e-07
3.76915e-07
3.09955e-07
2.61238e-07
2.30157e-07
2.15728e-07
2.15956e-07
2.25122e-07
1.63123e-06
1.42905e-06
1.18949e-06
9.72612e-07
7.97589e-07
6.675e-07
5.81207e-07
5.36649e-07
5.29641e-07
5.4744e-07
4.18725e-06
3.67197e-06
3.06068e-06
2.50383e-06
2.04859e-06
1.7027e-06
1.46406e-06
1.32903e-06
1.29018e-06
1.3201e-06
1.06947e-05
9.3942e-06
7.84747e-06
6.42954e-06
5.25247e-06
4.3373e-06
3.68011e-06
3.27763e-06
3.12078e-06
3.15457e-06
2.71492e-05
2.39018e-05
2.00371e-05
1.64637e-05
1.34468e-05
1.10375e-05
9.23614e-06
8.05394e-06
7.49478e-06
7.46545e-06
6.84016e-05
6.04138e-05
5.09081e-05
4.2024e-05
3.43778e-05
2.80784e-05
2.31694e-05
1.97389e-05
1.7877e-05
1.74872e-05
0.000170675
0.000151422
0.000128501
0.000106833
8.77309e-05
7.14358e-05
5.8158e-05
4.83083e-05
4.23761e-05
4.05185e-05
0.000420416
0.000375283
0.000321537
0.000270026
0.000223279
0.000181748
0.000146219
0.000118276
9.99344e-05
9.28205e-05
0.00101821
0.000916375
0.000795067
0.000676877
0.000565755
0.000462166
0.000368598
0.000290462
0.000235032
0.000210226
0.00241209
0.00219415
0.00193439
0.0016763
0.0014229
0.00117267
0.000932154
0.000717938
0.000553756
0.00047126
0.00555337
0.00512038
0.00460374
0.00407844
0.00353436
0.00295827
0.00236284
0.00179271
0.00131688
0.0010486
0.0123318
0.0115593
0.0106362
0.00967207
0.00860356
0.00737082
0.00598158
0.00453615
0.00320727
0.00234539
0.0261851
0.0250209
0.0236277
0.0221243
0.0202966
0.017941
0.0149893
0.0116117
0.00811174
0.00539869
0.0526766
0.0514118
0.0498936
0.0481724
0.0457119
0.0419775
0.0366445
0.0298502
0.0223894
0.0145816
3.06035e-14
2.74452e-14
2.39844e-14
2.11127e-14
1.87754e-14
1.71294e-14
1.62445e-14
1.61204e-14
1.68693e-14
1.80019e-14
1.76801e-13
1.58347e-13
1.38281e-13
1.21256e-13
1.07523e-13
9.79615e-14
9.29381e-14
9.24465e-14
9.67427e-14
1.03326e-13
5.72874e-13
5.10979e-13
4.43715e-13
3.85872e-13
3.40294e-13
3.09216e-13
2.93651e-13
2.93598e-13
3.0844e-13
3.30516e-13
1.65546e-12
1.47218e-12
1.27018e-12
1.09505e-12
9.59367e-13
8.68813e-13
8.25556e-13
8.28904e-13
8.74117e-13
9.38691e-13
4.598e-12
4.08262e-12
3.50336e-12
2.99764e-12
2.60925e-12
2.35399e-12
2.2358e-12
2.2501e-12
2.37817e-12
2.55454e-12
1.25516e-11
1.11383e-11
9.51876e-12
8.09444e-12
7.00435e-12
6.29334e-12
5.96765e-12
6.00813e-12
6.35314e-12
6.8178e-12
3.3936e-11
3.01026e-11
2.56474e-11
2.1704e-11
1.86851e-11
1.67165e-11
1.58066e-11
1.58907e-11
1.67859e-11
1.79889e-11
9.11197e-11
8.07977e-11
6.86849e-11
5.79051e-11
4.9628e-11
4.4202e-11
4.16336e-11
4.17293e-11
4.39792e-11
4.70498e-11
2.43259e-10
2.15645e-10
1.83015e-10
1.53829e-10
1.31312e-10
1.16414e-10
1.09127e-10
1.08909e-10
1.14394e-10
1.22118e-10
6.46212e-10
5.72755e-10
4.85491e-10
4.07054e-10
3.4618e-10
3.05418e-10
2.84722e-10
2.8263e-10
2.95585e-10
3.1473e-10
1.70913e-09
1.51468e-09
1.28267e-09
1.07313e-09
9.094e-10
7.98254e-10
7.39555e-10
7.29491e-10
7.58995e-10
8.05723e-10
4.50239e-09
3.98992e-09
3.37617e-09
2.81918e-09
2.38073e-09
2.07867e-09
1.91266e-09
1.87303e-09
1.93713e-09
2.04928e-09
1.18171e-08
1.0472e-08
8.85557e-09
7.38168e-09
6.21212e-09
5.39381e-09
4.92603e-09
4.78478e-09
4.91468e-09
5.17873e-09
3.09081e-08
2.73917e-08
2.31525e-08
1.92685e-08
1.61601e-08
1.39498e-08
1.26367e-08
1.21631e-08
1.23961e-08
1.30034e-08
8.05747e-08
7.14163e-08
6.03452e-08
5.01525e-08
4.19208e-08
3.59681e-08
3.22965e-08
3.07715e-08
3.10837e-08
3.24393e-08
2.09368e-07
1.85609e-07
1.56827e-07
1.30194e-07
1.08475e-07
9.24888e-08
8.22594e-08
7.74923e-08
7.74879e-08
8.039e-08
5.42224e-07
4.80862e-07
4.06417e-07
3.37154e-07
2.80084e-07
2.37276e-07
2.08876e-07
1.94296e-07
1.92033e-07
1.97862e-07
1.3993e-06
1.2417e-06
1.05031e-06
8.71171e-07
7.21864e-07
6.07601e-07
5.29023e-07
4.85162e-07
4.73101e-07
4.83556e-07
3.59708e-06
3.19527e-06
2.7067e-06
2.24643e-06
1.85778e-06
1.55388e-06
1.33719e-06
1.207e-06
1.15872e-06
1.17308e-06
9.20566e-06
8.19008e-06
6.95422e-06
5.78134e-06
4.77604e-06
3.97111e-06
3.37556e-06
2.99335e-06
2.82146e-06
2.82392e-06
2.34341e-05
2.08951e-05
1.7806e-05
1.48488e-05
1.22697e-05
1.01486e-05
8.51794e-06
7.40613e-06
6.83175e-06
6.743e-06
5.92601e-05
5.3005e-05
4.54026e-05
3.80503e-05
3.15048e-05
2.59543e-05
2.15105e-05
1.83021e-05
1.64571e-05
1.59649e-05
0.000148572
0.000133469
0.000115145
9.72108e-05
8.0842e-05
6.64616e-05
5.44304e-05
4.52435e-05
3.94723e-05
3.74641e-05
0.000368267
0.000332815
0.000289894
0.000247276
0.000207181
0.000170457
0.000138197
0.000112122
9.44056e-05
8.71126e-05
0.000899177
0.000819153
0.000722522
0.000624881
0.000529523
0.000437731
0.000352507
0.000279356
0.000225755
0.000200719
0.00215228
0.00198136
0.0017756
0.00156322
0.00134592
0.00112379
0.0009039
0.000702233
0.000542297
0.000458762
0.00501979
0.00468294
0.00427873
0.0038504
0.00338554
0.00287389
0.00232762
0.00178727
0.00131846
0.00104296
0.0113243
0.0107371
0.010035
0.00926562
0.00836244
0.00727092
0.00599426
0.00461585
0.00328963
0.00238892
0.0244998
0.0236726
0.0226866
0.0215513
0.0200504
0.0179897
0.0152879
0.0120583
0.00853021
0.00564169
0.0503499
0.0496712
0.0488532
0.047784
0.0459346
0.0427902
0.0380001
0.0315497
0.0240875
0.0156925
2.82715e-14
2.54152e-14
2.2267e-14
1.96493e-14
1.75082e-14
1.59898e-14
1.51626e-14
1.50282e-14
1.56982e-14
1.67219e-14
1.6268e-13
1.46071e-13
1.27931e-13
1.12479e-13
9.99496e-14
9.11605e-14
8.64795e-14
8.59046e-14
8.9703e-14
9.56261e-14
5.22725e-13
4.67524e-13
4.07431e-13
3.5546e-13
3.14256e-13
2.85929e-13
2.71479e-13
2.70952e-13
2.83834e-13
3.0349e-13
1.49621e-12
1.33512e-12
1.15743e-12
1.00212e-12
8.8073e-13
7.98849e-13
7.58716e-13
7.59813e-13
7.97989e-13
8.54274e-13
4.11971e-12
3.67379e-12
3.17223e-12
2.72961e-12
2.38549e-12
2.15606e-12
2.04599e-12
2.05136e-12
2.15603e-12
2.30617e-12
1.11645e-11
9.95991e-12
8.57767e-12
7.3457e-12
6.38793e-12
5.75151e-12
5.44621e-12
5.4558e-12
5.72815e-12
6.11449e-12
3.00166e-11
2.67919e-11
2.30348e-11
1.96567e-11
1.70215e-11
1.52639e-11
1.44056e-11
1.43934e-11
1.50756e-11
1.60543e-11
8.02705e-11
7.16776e-11
6.1557e-11
5.2389e-11
4.5198e-11
4.03598e-11
3.79273e-11
3.77465e-11
3.9401e-11
4.18524e-11
2.13712e-10
1.90901e-10
1.63818e-10
1.39121e-10
1.19619e-10
1.06343e-10
9.94323e-11
9.84687e-11
1.02354e-10
1.08423e-10
5.66743e-10
5.06388e-10
4.34286e-10
3.68133e-10
3.15504e-10
2.79194e-10
2.59582e-10
2.55584e-10
2.64382e-10
2.79218e-10
1.49745e-09
1.33826e-09
1.14712e-09
9.70742e-10
8.29318e-10
7.30324e-10
6.74837e-10
6.60132e-10
6.79127e-10
7.1489e-10
3.94287e-09
3.52431e-09
3.01952e-09
2.55117e-09
2.17256e-09
1.90354e-09
1.74716e-09
1.69679e-09
1.73498e-09
1.81978e-09
1.03474e-08
9.25029e-09
7.92204e-09
6.68316e-09
5.67318e-09
4.94437e-09
4.50546e-09
4.34082e-09
4.40842e-09
4.60554e-09
2.70688e-08
2.42021e-08
2.072e-08
1.74553e-08
1.47703e-08
1.28018e-08
1.15749e-08
1.10543e-08
1.11413e-08
1.1588e-08
7.05932e-08
6.31279e-08
5.40349e-08
4.54655e-08
3.83524e-08
3.3051e-08
2.9634e-08
2.80278e-08
2.80076e-08
2.89851e-08
1.8354e-07
1.64171e-07
1.4053e-07
1.1813e-07
9.93542e-08
8.51177e-08
7.56343e-08
7.07694e-08
7.0036e-08
7.20691e-08
4.75723e-07
4.25692e-07
3.64534e-07
3.06258e-07
2.56889e-07
2.18768e-07
1.92531e-07
1.78007e-07
1.74223e-07
1.78109e-07
1.22908e-06
1.10054e-06
9.43258e-07
7.92472e-07
6.63231e-07
5.61469e-07
4.89088e-07
4.46208e-07
4.31198e-07
4.37457e-07
3.16441e-06
2.8364e-06
2.4348e-06
2.04723e-06
1.71062e-06
1.4399e-06
1.24076e-06
1.11528e-06
1.06196e-06
1.06767e-06
8.11526e-06
7.28508e-06
6.26901e-06
5.28113e-06
4.40998e-06
3.69257e-06
3.14614e-06
2.78157e-06
2.60319e-06
2.58892e-06
2.07153e-05
1.86365e-05
1.60964e-05
1.36054e-05
1.13691e-05
9.47741e-06
7.9824e-06
6.92916e-06
6.35397e-06
6.23571e-06
5.25742e-05
4.74431e-05
4.11922e-05
3.50001e-05
2.93213e-05
2.43666e-05
2.02916e-05
1.72637e-05
1.54525e-05
1.49156e-05
0.000132433
0.000120016
0.00010496
8.98643e-05
7.56563e-05
6.28029e-05
5.17562e-05
4.3093e-05
3.74802e-05
3.54205e-05
0.000330274
0.000301064
0.000265854
0.000230029
0.000195221
0.000162346
0.000132656
0.000108019
9.08153e-05
8.34872e-05
0.00081272
0.000746686
0.000667676
0.00058584
0.000503102
0.000420798
0.000342117
0.000272697
0.000220419
0.000195306
0.00196443
0.00182342
0.00165639
0.00147946
0.00129133
0.00109194
0.000888215
0.000695676
0.000538335
0.000453836
0.00463682
0.00436049
0.00403735
0.00368503
0.00328481
0.00282576
0.0023181
0.00179883
0.00133266
0.00105026
0.0106111
0.010139
0.00959717
0.00898186
0.00821476
0.00723947
0.00605199
0.00472052
0.00338733
0.00245084
0.0233415
0.0227201
0.0220306
0.0211877
0.0199556
0.0181379
0.0156347
0.012509
0.00894036
0.00590222
0.0488698
0.0485406
0.0482307
0.0476741
0.0463182
0.043651
0.0392886
0.0331038
0.0256194
0.0167446
2.70149e-14
2.43194e-14
2.1336e-14
1.88508e-14
1.68158e-14
1.5367e-14
1.45717e-14
1.44353e-14
1.50643e-14
1.60288e-14
1.55117e-13
1.39486e-13
1.22349e-13
1.07725e-13
9.58435e-14
8.74731e-14
8.29777e-14
8.23699e-14
8.59172e-14
9.14837e-14
4.96465e-13
4.44494e-13
3.88137e-13
3.39267e-13
3.00393e-13
2.73526e-13
2.5966e-13
2.58885e-13
2.70762e-13
2.89288e-13
1.41373e-12
1.26322e-12
1.09779e-12
9.52771e-13
8.38934e-13
7.6164e-13
7.23149e-13
7.23141e-13
7.57907e-13
8.10391e-13
3.87307e-12
3.46002e-12
2.99683e-12
2.5867e-12
2.26595e-12
2.05023e-12
1.94451e-12
1.94562e-12
2.03936e-12
2.1776e-12
1.04503e-11
9.34352e-12
8.07757e-12
6.94441e-12
6.05656e-12
5.45995e-12
5.16587e-12
5.16085e-12
5.39958e-12
5.75084e-12
2.79978e-11
2.50571e-11
2.16419e-11
1.85543e-11
1.61222e-11
1.44778e-11
1.36486e-11
1.35912e-11
1.41747e-11
1.50532e-11
7.46757e-11
6.68892e-11
5.7746e-11
4.94075e-11
4.27924e-11
3.82711e-11
3.59173e-11
3.56064e-11
3.69842e-11
3.91585e-11
1.98452e-10
1.77884e-10
1.5353e-10
1.31147e-10
1.13247e-10
1.00849e-10
9.4159e-11
9.28461e-11
9.59867e-11
1.01312e-10
5.25639e-10
4.71415e-10
4.06796e-10
3.46986e-10
2.98746e-10
2.64851e-10
2.45878e-10
2.40995e-10
2.47854e-10
2.60746e-10
1.38779e-09
1.24517e-09
1.07426e-09
9.15026e-10
7.85488e-10
6.93103e-10
6.39505e-10
6.22674e-10
6.36777e-10
6.67583e-10
3.65259e-09
3.2784e-09
2.82766e-09
2.40517e-09
2.05849e-09
1.80746e-09
1.65671e-09
1.60153e-09
1.62771e-09
1.70017e-09
9.58427e-09
8.60466e-09
7.41954e-09
6.3024e-09
5.37764e-09
4.69765e-09
4.27552e-09
4.10079e-09
4.13969e-09
4.30667e-09
2.50743e-08
2.2516e-08
1.94101e-08
1.64666e-08
1.4008e-08
1.21715e-08
1.09943e-08
1.04549e-08
1.04753e-08
1.085e-08
6.54088e-08
5.87459e-08
5.06358e-08
4.29092e-08
3.63946e-08
3.14495e-08
2.81787e-08
2.6545e-08
2.63756e-08
2.71852e-08
1.7013e-07
1.52836e-07
1.3175e-07
1.11551e-07
9.4351e-08
8.10728e-08
7.20154e-08
6.7139e-08
6.60859e-08
6.77376e-08
4.412e-07
3.96516e-07
3.41974e-07
2.89411e-07
2.44173e-07
2.08621e-07
1.83612e-07
1.69222e-07
1.64795e-07
1.67843e-07
1.14067e-06
1.02589e-06
8.85613e-07
7.4958e-07
6.31117e-07
5.36212e-07
4.67337e-07
4.25238e-07
4.0906e-07
4.13556e-07
2.9396e-06
2.64667e-06
2.28846e-06
1.93876e-06
1.63013e-06
1.37761e-06
1.18837e-06
1.06604e-06
1.01099e-06
1.01321e-06
7.54864e-06
6.80678e-06
5.90042e-06
5.00903e-06
4.21007e-06
3.54076e-06
3.02191e-06
2.66829e-06
2.4887e-06
2.46806e-06
1.9303e-05
1.74437e-05
1.51773e-05
1.29298e-05
1.08783e-05
9.11278e-06
7.69367e-06
6.6754e-06
6.10483e-06
5.97661e-06
4.91036e-05
4.45081e-05
3.89303e-05
3.33452e-05
2.81346e-05
2.35078e-05
1.96385e-05
1.67154e-05
1.49333e-05
1.43851e-05
0.000124062
0.000112913
9.94912e-05
8.58845e-05
7.2847e-05
6.08351e-05
5.0336e-05
4.19709e-05
3.64651e-05
3.44041e-05
0.000310569
0.000284295
0.000252953
0.000220703
0.000188767
0.000158017
0.000129754
0.000105922
8.90322e-05
8.17367e-05
0.000767883
0.000708453
0.000638264
0.000564772
0.000488917
0.000411864
0.000336808
0.000269449
0.000217931
0.000192867
0.00186711
0.00174011
0.0015925
0.00143437
0.0012622
0.00107544
0.000880664
0.000693105
0.000537166
0.000452281
0.0044388
0.00419055
0.00390817
0.00359624
0.00323154
0.00280176
0.0023155
0.0018076
0.00134259
0.00105659
0.0102441
0.00982473
0.00936351
0.0088301
0.00813773
0.00722716
0.00608908
0.00478277
0.00344499
0.00248911
0.0227528
0.0222244
0.0216835
0.0209947
0.0199091
0.0182261
0.0158329
0.012764
0.00916996
0.00605037
0.0481469
0.0479748
0.0479139
0.0476214
0.0465281
0.0441206
0.0399931
0.0339466
0.0264394
0.0172898
2.69511e-14
2.42626e-14
2.12911e-14
1.88144e-14
1.67827e-14
1.53355e-14
1.45405e-14
1.44004e-14
1.50237e-14
1.59842e-14
1.54733e-13
1.39155e-13
1.22084e-13
1.07499e-13
9.56369e-14
8.72771e-14
8.27846e-14
8.21645e-14
8.56806e-14
9.12149e-14
4.95122e-13
4.43574e-13
3.87322e-13
3.38527e-13
2.99708e-13
2.7288e-13
2.5903e-13
2.58245e-13
2.7008e-13
2.88357e-13
1.41014e-12
1.2605e-12
1.09541e-12
9.50677e-13
8.37015e-13
7.59829e-13
7.2137e-13
7.21289e-13
7.55892e-13
8.07871e-13
3.86368e-12
3.45221e-12
2.99012e-12
2.58083e-12
2.26062e-12
2.04522e-12
1.93957e-12
1.94043e-12
2.03362e-12
2.17091e-12
1.04253e-11
9.32186e-12
8.05886e-12
6.92804e-12
6.04179e-12
5.44611e-12
5.15221e-12
5.14653e-12
5.38376e-12
5.73292e-12
2.79306e-11
2.49976e-11
2.15897e-11
1.85085e-11
1.60812e-11
1.44395e-11
1.3611e-11
1.35518e-11
1.41315e-11
1.50052e-11
7.44952e-11
6.67279e-11
5.76008e-11
4.92798e-11
4.26784e-11
3.81654e-11
3.58138e-11
3.54989e-11
3.68676e-11
3.90305e-11
1.97972e-10
1.77446e-10
1.53127e-10
1.30793e-10
1.12932e-10
1.00559e-10
9.3877e-11
9.25555e-11
9.56742e-11
1.00972e-10
5.24369e-10
4.70179e-10
4.05687e-10
3.46015e-10
2.97887e-10
2.64064e-10
2.45118e-10
2.40217e-10
2.47025e-10
2.59855e-10
1.38433e-09
1.24174e-09
1.07124e-09
9.12391e-10
7.83166e-10
6.9099e-10
6.3748e-10
6.2062e-10
6.34605e-10
6.65263e-10
3.64303e-09
3.26927e-09
2.81957e-09
2.3981e-09
2.05228e-09
1.80185e-09
1.65138e-09
1.59617e-09
1.62209e-09
1.69419e-09
9.55848e-09
8.58058e-09
7.398e-09
6.2836e-09
5.36118e-09
4.68286e-09
4.26159e-09
4.08694e-09
4.12528e-09
4.29144e-09
2.50063e-08
2.24533e-08
1.93531e-08
1.64168e-08
1.39646e-08
1.21329e-08
1.09583e-08
1.04195e-08
1.04388e-08
1.08116e-08
6.5233e-08
5.85842e-08
5.04851e-08
4.27778e-08
3.6281e-08
3.13491e-08
2.80862e-08
2.64552e-08
2.6284e-08
2.70895e-08
1.69683e-07
1.52402e-07
1.31351e-07
1.11206e-07
9.40546e-08
8.08136e-08
7.17798e-08
6.69133e-08
6.58584e-08
6.75015e-08
4.4004e-07
3.95327e-07
3.40923e-07
2.88508e-07
2.43404e-07
2.07957e-07
1.83017e-07
1.6866e-07
1.64236e-07
1.67268e-07
1.13756e-06
1.02275e-06
8.82883e-07
7.47241e-07
6.29135e-07
5.34517e-07
4.65841e-07
4.2385e-07
4.077e-07
4.12167e-07
2.93124e-06
2.63863e-06
2.28141e-06
1.93273e-06
1.62505e-06
1.37331e-06
1.18463e-06
1.06264e-06
1.00771e-06
1.00989e-06
7.52671e-06
6.78613e-06
5.88224e-06
4.99353e-06
4.19707e-06
3.52986e-06
3.0126e-06
2.66e-06
2.48087e-06
2.46025e-06
1.9246e-05
1.739e-05
1.51305e-05
1.289e-05
1.08451e-05
9.08525e-06
7.67057e-06
6.6553e-06
6.08628e-06
5.95836e-06
4.89544e-05
4.43686e-05
3.88107e-05
3.32434e-05
2.805e-05
2.34382e-05
1.95812e-05
1.66668e-05
1.48897e-05
1.43428e-05
0.000123672
0.000112565
9.91883e-05
8.56254e-05
7.26315e-05
6.06592e-05
5.01935e-05
4.18534e-05
3.63628e-05
3.43071e-05
0.000309582
0.000283428
0.000252189
0.000220047
0.000188219
0.000157571
0.000129399
0.000105638
8.87938e-05
8.15162e-05
0.000765454
0.000706272
0.000636362
0.000563122
0.000487526
0.000410735
0.000335922
0.000268762
0.000217378
0.000192373
0.00186124
0.00173487
0.00158785
0.00143026
0.00125869
0.00107257
0.000878438
0.000691429
0.000535886
0.000451193
0.0044252
0.00417833
0.00389701
0.00358615
0.00322274
0.00279447
0.00230985
0.00180346
0.00133959
0.00105421
0.0102141
0.00979733
0.00933758
0.00880592
0.00811598
0.00720867
0.00607447
0.00477211
0.0034381
0.00248455
0.0226905
0.0221659
0.0216258
0.020939
0.0198571
0.0181804
0.0157962
0.0127391
0.00915416
0.00603712
0.0480262
0.0478561
0.0477935
0.0475006
0.0464102
0.0440118
0.0399007
0.0338763
0.0264091
0.0173055
2.80733e-14
2.52569e-14
2.21348e-14
1.95303e-14
1.73984e-14
1.58857e-14
1.50614e-14
1.49253e-14
1.55842e-14
1.65873e-14
1.61523e-13
1.4516e-13
1.27168e-13
1.11791e-13
9.93149e-14
9.05577e-14
8.58932e-14
8.53078e-14
8.90439e-14
9.48389e-14
5.19009e-13
4.64581e-13
4.04962e-13
3.53255e-13
3.12227e-13
2.84009e-13
2.69601e-13
2.69024e-13
2.81695e-13
3.00936e-13
1.48578e-12
1.32653e-12
1.15021e-12
9.95766e-13
8.74923e-13
7.93372e-13
7.53332e-13
7.54216e-13
7.91742e-13
8.47e-13
4.09134e-12
3.64973e-12
3.15185e-12
2.71176e-12
2.3693e-12
2.14084e-12
2.03099e-12
2.03568e-12
2.13856e-12
2.28614e-12
1.10881e-11
9.89342e-12
8.52057e-12
7.29581e-12
6.343e-12
5.70944e-12
5.40473e-12
5.41237e-12
5.68005e-12
6.06016e-12
2.98104e-11
2.66083e-11
2.28749e-11
1.95171e-11
1.68965e-11
1.51474e-11
1.4291e-11
1.42738e-11
1.49442e-11
1.59081e-11
7.97129e-11
7.11715e-11
6.11112e-11
5.19997e-11
4.48512e-11
4.00385e-11
3.76127e-11
3.74195e-11
3.90453e-11
4.14619e-11
2.12204e-10
1.8951e-10
1.62584e-10
1.38044e-10
1.18663e-10
1.05463e-10
9.8576e-11
9.75844e-11
1.01401e-10
1.07388e-10
5.6266e-10
5.02584e-10
4.30906e-10
3.65182e-10
3.12898e-10
2.76808e-10
2.57276e-10
2.5322e-10
2.61855e-10
2.76497e-10
1.4864e-09
1.32795e-09
1.13796e-09
9.62748e-10
8.2228e-10
7.23921e-10
6.68695e-10
6.53887e-10
6.72507e-10
7.0781e-10
3.91307e-09
3.49662e-09
2.99491e-09
2.52972e-09
2.15375e-09
1.88653e-09
1.73098e-09
1.68049e-09
1.71784e-09
1.80156e-09
1.02677e-08
9.17641e-09
7.85638e-09
6.62604e-09
5.6233e-09
4.89958e-09
4.46325e-09
4.29874e-09
4.36453e-09
4.55913e-09
2.6857e-08
2.40059e-08
2.05455e-08
1.73039e-08
1.46389e-08
1.26847e-08
1.14656e-08
1.09466e-08
1.10301e-08
1.1471e-08
7.00352e-08
6.26086e-08
5.35726e-08
4.5066e-08
3.80078e-08
3.27467e-08
2.93535e-08
2.77548e-08
2.77284e-08
2.86933e-08
1.82076e-07
1.62799e-07
1.39312e-07
1.17081e-07
9.84556e-08
8.43322e-08
7.49196e-08
7.00832e-08
6.93424e-08
7.13491e-08
4.71885e-07
4.22091e-07
3.6135e-07
3.03524e-07
2.5456e-07
2.16754e-07
1.90724e-07
1.76297e-07
1.72518e-07
1.76353e-07
1.21904e-06
1.09119e-06
9.34998e-07
7.85391e-07
6.57229e-07
5.56332e-07
4.84547e-07
4.41986e-07
4.27052e-07
4.33226e-07
3.13833e-06
2.81233e-06
2.41346e-06
2.02898e-06
1.69524e-06
1.42686e-06
1.22941e-06
1.10494e-06
1.05197e-06
1.05758e-06
8.04833e-06
7.22327e-06
6.21404e-06
5.23426e-06
4.37069e-06
3.65962e-06
3.11794e-06
2.75641e-06
2.57939e-06
2.56513e-06
2.05446e-05
1.84762e-05
1.59551e-05
1.34852e-05
1.12689e-05
9.39428e-06
7.91253e-06
6.86827e-06
6.29768e-06
6.18023e-06
5.21352e-05
4.70303e-05
4.08316e-05
3.46933e-05
2.90661e-05
2.41569e-05
2.01186e-05
1.71166e-05
1.53203e-05
1.47873e-05
0.000131306
0.000118974
0.000104047
8.90849e-05
7.50081e-05
6.22741e-05
5.13274e-05
4.27385e-05
3.71711e-05
3.51267e-05
0.000327438
0.000298463
0.000263562
0.000228062
0.000193579
0.000161012
0.000131593
0.000107166
9.00969e-05
8.28217e-05
0.000805756
0.00074029
0.000661998
0.000580917
0.000498961
0.000417436
0.000339473
0.00027064
0.000218756
0.000193814
0.00194781
0.00180806
0.00164256
0.00146727
0.00128093
0.00108345
0.000881598
0.000690681
0.000534488
0.000450526
0.00459857
0.00432463
0.00400441
0.00365533
0.00325894
0.00280433
0.0023014
0.00178653
0.00132368
0.00104296
0.010527
0.0100585
0.00952118
0.00891131
0.00815142
0.0071856
0.00600933
0.0046896
0.0033659
0.00243469
0.0231662
0.0225482
0.0218631
0.0210265
0.0198053
0.0180053
0.0155263
0.0124299
0.00888679
0.00586463
0.0485288
0.048197
0.0478842
0.0473277
0.0459809
0.0433392
0.0390206
0.0328952
0.0254725
0.0166445
3.02694e-14
2.71819e-14
2.37645e-14
2.09139e-14
1.85916e-14
1.69546e-14
1.60749e-14
1.59491e-14
1.66823e-14
1.77839e-14
1.74853e-13
1.56839e-13
1.3702e-13
1.20111e-13
1.06463e-13
9.69502e-14
9.19593e-14
9.14587e-14
9.5663e-14
1.02049e-13
5.66598e-13
5.06095e-13
4.39615e-13
3.82191e-13
3.36898e-13
3.05999e-13
2.90512e-13
2.90401e-13
3.0492e-13
3.26333e-13
1.6377e-12
1.45769e-12
1.25798e-12
1.08429e-12
9.4952e-13
8.59531e-13
8.16457e-13
8.19512e-13
8.63695e-13
9.26553e-13
4.54946e-12
4.04145e-12
3.46846e-12
2.96712e-12
2.58158e-12
2.32801e-12
2.21028e-12
2.22353e-12
2.34864e-12
2.52068e-12
1.24204e-11
1.10236e-11
9.42026e-12
8.0087e-12
6.92732e-12
6.22135e-12
5.8968e-12
5.93402e-12
6.27108e-12
6.72519e-12
3.3582e-11
2.97854e-11
2.53715e-11
2.14643e-11
1.84712e-11
1.65177e-11
1.56111e-11
1.56862e-11
1.65609e-11
1.77387e-11
9.01612e-11
7.99232e-11
6.79185e-11
5.72395e-11
4.90373e-11
4.36557e-11
4.10984e-11
4.11712e-11
4.33699e-11
4.6381e-11
2.40664e-10
2.13254e-10
1.80906e-10
1.51996e-10
1.29692e-10
1.14923e-10
1.07675e-10
1.07403e-10
1.12764e-10
1.20346e-10
6.39205e-10
5.66254e-10
4.79732e-10
4.02049e-10
3.41771e-10
3.01387e-10
2.8082e-10
2.78613e-10
2.91273e-10
3.1008e-10
1.69024e-09
1.4971e-09
1.26709e-09
1.05959e-09
8.9751e-10
7.87453e-10
7.29179e-10
7.18894e-10
7.47713e-10
7.93638e-10
4.45162e-09
3.94277e-09
3.33438e-09
2.7829e-09
2.34896e-09
2.04999e-09
1.88535e-09
1.8454e-09
1.90794e-09
2.0182e-09
1.16812e-08
1.03463e-08
8.74419e-09
7.28508e-09
6.12791e-09
5.31826e-09
4.85474e-09
4.71344e-09
4.83997e-09
5.0996e-09
3.05472e-08
2.70576e-08
2.28562e-08
1.90123e-08
1.5938e-08
1.37521e-08
1.24521e-08
1.19804e-08
1.22066e-08
1.28039e-08
7.96211e-08
7.053e-08
5.95598e-08
4.94758e-08
4.13384e-08
3.5454e-08
3.18218e-08
3.03081e-08
3.06079e-08
3.19414e-08
2.06852e-07
1.83262e-07
1.54755e-07
1.28416e-07
1.06956e-07
9.1161e-08
8.10493e-08
7.63268e-08
7.63056e-08
7.91613e-08
5.35594e-07
4.74698e-07
4.00999e-07
3.3252e-07
2.76143e-07
2.3387e-07
2.05815e-07
1.91392e-07
1.89128e-07
1.94866e-07
1.38195e-06
1.2257e-06
1.03626e-06
8.59179e-07
7.11712e-07
5.98913e-07
5.21331e-07
4.77994e-07
4.66043e-07
4.76341e-07
3.55217e-06
3.154e-06
2.67045e-06
2.21555e-06
1.83179e-06
1.53184e-06
1.31797e-06
1.18945e-06
1.14174e-06
1.15591e-06
9.0907e-06
8.08405e-06
6.86108e-06
5.70219e-06
4.70984e-06
3.91552e-06
3.32789e-06
2.95076e-06
2.78107e-06
2.78354e-06
2.31412e-05
2.06237e-05
1.75678e-05
1.46467e-05
1.21014e-05
1.00088e-05
8.40023e-06
7.30332e-06
6.73655e-06
6.64913e-06
5.85147e-05
5.23151e-05
4.47972e-05
3.75362e-05
3.10775e-05
2.5603e-05
2.122e-05
1.80546e-05
1.62341e-05
1.57486e-05
0.000146691
0.000131736
0.000113621
9.59119e-05
7.97623e-05
6.55802e-05
5.37141e-05
4.46496e-05
3.8953e-05
3.69705e-05
0.000363598
0.000328518
0.000286101
0.000244024
0.000204467
0.000168251
0.000136432
0.0001107
9.3204e-05
8.5999e-05
0.000887852
0.000808692
0.000713213
0.000616817
0.000522742
0.000432217
0.000348151
0.000275946
0.000222984
0.000198232
0.00212557
0.0019565
0.00175317
0.00154348
0.00132909
0.00111002
0.000893107
0.000694008
0.000535901
0.000453258
0.004959
0.00462559
0.00422598
0.00380293
0.00334421
0.0028396
0.00230073
0.00176721
0.00130355
0.00103087
0.0111919
0.0106099
0.00991503
0.00915447
0.00826282
0.00718616
0.00592684
0.00456614
0.00325422
0.00236241
0.024227
0.0234046
0.0224261
0.0213015
0.0198181
0.017785
0.0151205
0.0119346
0.00844289
0.00558066
0.0498255
0.049143
0.0483222
0.047255
0.0454215
0.0423174
0.0375925
0.0312356
0.0238594
0.0155342
3.36544e-14
3.01225e-14
2.62577e-14
2.30431e-14
2.04382e-14
1.86151e-14
1.765e-14
1.75356e-14
1.83846e-14
1.96625e-14
1.94882e-13
1.74076e-13
1.51511e-13
1.32388e-13
1.17058e-13
1.06454e-13
1.00979e-13
1.00593e-13
1.05545e-13
1.13057e-13
6.37007e-13
5.65778e-13
4.88808e-13
4.23275e-13
3.72055e-13
3.37402e-13
3.20355e-13
3.20934e-13
3.38572e-13
3.64417e-13
1.85964e-12
1.64301e-12
1.40727e-12
1.20662e-12
1.05294e-12
9.51422e-13
9.04046e-13
9.10377e-13
9.65972e-13
1.04413e-12
5.21041e-12
4.58677e-12
3.89942e-12
3.31322e-12
2.87013e-12
2.58286e-12
2.45418e-12
2.4803e-12
2.64287e-12
2.86243e-12
1.4319e-11
1.25778e-11
1.06289e-11
8.96078e-12
7.70959e-12
6.90792e-12
6.55654e-12
6.63779e-12
7.08887e-12
7.6813e-12
3.89001e-11
3.41197e-11
2.86967e-11
2.40396e-11
2.05579e-11
1.83371e-11
1.73645e-11
1.7576e-11
1.87787e-11
2.03416e-11
1.04789e-10
9.17934e-11
7.6937e-11
6.41276e-11
5.45488e-11
4.84286e-11
4.5703e-11
4.61673e-11
4.92693e-11
5.33177e-11
2.80311e-10
2.45334e-10
2.051e-10
1.7027e-10
1.44155e-10
1.2736e-10
1.19658e-10
1.20445e-10
1.2821e-10
1.38518e-10
7.45384e-10
6.52082e-10
5.44081e-10
4.50229e-10
3.79545e-10
3.33634e-10
3.1178e-10
3.12299e-10
3.31183e-10
3.57007e-10
1.97223e-09
1.72462e-09
1.43705e-09
1.18599e-09
9.95798e-10
8.70715e-10
8.08667e-10
8.05094e-10
8.49645e-10
9.13321e-10
5.19532e-09
4.54205e-09
3.78085e-09
3.11308e-09
2.60383e-09
2.26414e-09
2.08823e-09
2.0641e-09
2.16555e-09
2.32e-09
1.36309e-08
1.19174e-08
9.91143e-09
8.14427e-09
6.7866e-09
5.86691e-09
5.3696e-09
5.26383e-09
5.48453e-09
5.85248e-09
3.56351e-08
3.11575e-08
2.58945e-08
2.12397e-08
1.76344e-08
1.51519e-08
1.37509e-08
1.33543e-08
1.38034e-08
1.46621e-08
9.28406e-08
8.11794e-08
6.74337e-08
5.5228e-08
4.56911e-08
3.90094e-08
3.50782e-08
3.37084e-08
3.45232e-08
3.64766e-08
2.41032e-07
2.10766e-07
1.7507e-07
1.43211e-07
1.18079e-07
1.00148e-07
8.91583e-08
8.46656e-08
8.57996e-08
9.00977e-08
6.23519e-07
5.45351e-07
4.5319e-07
3.70413e-07
3.04442e-07
2.5646e-07
2.25857e-07
2.11633e-07
2.11865e-07
2.20885e-07
1.60686e-06
1.40646e-06
1.16972e-06
9.5578e-07
7.83342e-07
6.55345e-07
5.70436e-07
5.26555e-07
5.19715e-07
5.37274e-07
4.1239e-06
3.61411e-06
3.00974e-06
2.46041e-06
2.01199e-06
1.67175e-06
1.43705e-06
1.30433e-06
1.26628e-06
1.29595e-06
1.0533e-05
9.2458e-06
7.7171e-06
6.31832e-06
5.1597e-06
4.25915e-06
3.61301e-06
3.21789e-06
3.064e-06
3.09802e-06
2.67413e-05
2.3524e-05
1.97064e-05
1.61823e-05
1.32132e-05
1.08426e-05
9.07187e-06
7.91092e-06
7.36223e-06
7.33506e-06
6.73764e-05
5.94614e-05
5.00729e-05
4.13156e-05
3.37884e-05
2.75936e-05
2.27679e-05
1.93964e-05
1.75692e-05
1.71886e-05
0.000168109
0.00014905
0.000126415
0.000105055
8.6251e-05
7.02262e-05
5.71726e-05
4.74898e-05
4.16615e-05
3.98396e-05
0.000414113
0.000369463
0.000316393
0.000265614
0.000219591
0.000178741
0.000143804
0.000116325
9.82843e-05
9.129e-05
0.00100309
0.000902364
0.00078258
0.000666049
0.000556629
0.000454712
0.000362675
0.000285802
0.000231228
0.000206798
0.00237687
0.00216125
0.00190467
0.0016501
0.00140051
0.00115425
0.000917582
0.000706728
0.000544947
0.000463614
0.00547426
0.0050455
0.0045348
0.00401632
0.00348015
0.00291298
0.00232684
0.00176543
0.00129616
0.00103153
0.0121619
0.0113956
0.0104819
0.00952913
0.00847519
0.00726073
0.00589249
0.00446884
0.00315707
0.00230699
0.0258408
0.0246817
0.0232986
0.0218092
0.0200032
0.0176803
0.0147724
0.011445
0.00798186
0.00530612
0.0520261
0.0507552
0.0492357
0.0475188
0.0450775
0.0413896
0.0361289
0.0294351
0.0220281
0.0143513
3.71669e-14
3.31162e-14
2.87677e-14
2.5185e-14
2.23014e-14
2.02925e-14
1.92382e-14
1.91348e-14
2.01227e-14
2.16361e-14
2.16385e-13
1.91817e-13
1.66222e-13
1.44875e-13
1.27868e-13
1.1616e-13
1.10172e-13
1.09868e-13
1.15726e-13
1.25043e-13
7.13167e-13
6.27013e-13
5.38547e-13
4.65045e-13
4.07952e-13
3.69509e-13
3.50775e-13
3.51823e-13
3.73176e-13
4.06212e-13
2.09394e-12
1.83019e-12
1.55582e-12
1.32912e-12
1.15718e-12
1.04421e-12
9.92105e-13
1.00108e-12
1.06993e-12
1.17005e-12
5.88847e-12
5.12634e-12
4.31865e-12
3.65205e-12
3.15496e-12
2.83499e-12
2.6941e-12
2.73112e-12
2.93576e-12
3.21791e-12
1.622e-11
1.40843e-11
1.17796e-11
9.8729e-12
8.46634e-12
7.57384e-12
7.19225e-12
7.31155e-12
7.88668e-12
8.65093e-12
4.41285e-11
3.82551e-11
3.18172e-11
2.6471e-11
2.25491e-11
2.00787e-11
1.90317e-11
1.93621e-11
2.09125e-11
2.29306e-11
1.18976e-10
1.03022e-10
8.53289e-11
7.05739e-11
5.97658e-11
5.29637e-11
5.00488e-11
5.08559e-11
5.48957e-11
6.01227e-11
3.18428e-10
2.75503e-10
2.27493e-10
1.8728e-10
1.57778e-10
1.39127e-10
1.30922e-10
1.32636e-10
1.4286e-10
1.56178e-10
8.47054e-10
7.32399e-10
6.03445e-10
4.9493e-10
4.1502e-10
3.64066e-10
3.40823e-10
3.43721e-10
3.68909e-10
4.02338e-10
2.24132e-09
1.93715e-09
1.59357e-09
1.30302e-09
1.08793e-09
9.49193e-10
8.83174e-10
8.85435e-10
9.45825e-10
1.02851e-09
5.90255e-09
5.10124e-09
4.19142e-09
3.41839e-09
2.84249e-09
2.4659e-09
2.27842e-09
2.26796e-09
2.40848e-09
2.60991e-09
1.54815e-08
1.33806e-08
1.09836e-08
8.93808e-09
7.40314e-09
6.38392e-09
5.85264e-09
5.77735e-09
6.0926e-09
6.57529e-09
4.04568e-08
3.49694e-08
2.86833e-08
2.32969e-08
1.92226e-08
1.64722e-08
1.49716e-08
1.46384e-08
1.53119e-08
1.64471e-08
1.05355e-07
9.10703e-08
7.4661e-08
6.05423e-08
4.97695e-08
4.23691e-08
3.81465e-08
3.68954e-08
3.82308e-08
4.0841e-08
2.73417e-07
2.36335e-07
1.93734e-07
1.56893e-07
1.28517e-07
1.08662e-07
9.68276e-08
9.25127e-08
9.48225e-08
1.00654e-07
7.06901e-07
6.11195e-07
5.01194e-07
4.05507e-07
3.31062e-07
2.77946e-07
2.4491e-07
2.30789e-07
2.33587e-07
2.46111e-07
1.82029e-06
1.57514e-06
1.29261e-06
1.04542e-06
8.50956e-07
7.09306e-07
6.17452e-07
5.72869e-07
5.71369e-07
5.96733e-07
4.66718e-06
4.04344e-06
3.32256e-06
2.68823e-06
2.18289e-06
1.80652e-06
1.55218e-06
1.41508e-06
1.38737e-06
1.43386e-06
1.19066e-05
1.03311e-05
8.5081e-06
6.89374e-06
5.58908e-06
4.59347e-06
3.89238e-06
3.4793e-06
3.34309e-06
3.41179e-06
3.01848e-05
2.62429e-05
2.16892e-05
1.7624e-05
1.42837e-05
1.1665e-05
9.74234e-06
8.51835e-06
7.99236e-06
8.03228e-06
7.58896e-05
6.61841e-05
5.49839e-05
4.48889e-05
3.64303e-05
2.95945e-05
2.43545e-05
2.07802e-05
1.89554e-05
1.86928e-05
0.00018876
0.000165383
0.000138381
0.00011378
9.26791e-05
7.50217e-05
6.08571e-05
5.05612e-05
4.46095e-05
4.29632e-05
0.000463039
0.000408228
0.000344897
0.000286476
0.00023492
0.000189991
0.000152137
0.000122898
0.000104267
9.74547e-05
0.00111535
0.000991456
0.000848407
0.000714472
0.000592118
0.000480277
0.000380782
0.000299106
0.000242541
0.000218123
0.00262347
0.0023572
0.00205029
0.00175779
0.00147911
0.0012095
0.000954413
0.000731155
0.000563854
0.000482249
0.00598538
0.00545134
0.00483791
0.00424112
0.00364252
0.0030227
0.00239299
0.00180144
0.00131978
0.00105669
0.0131422
0.0121692
0.0110599
0.00995513
0.00877396
0.00744632
0.00598024
0.00448804
0.00315611
0.0023251
0.0275334
0.025992
0.0242636
0.0224974
0.0204436
0.0178865
0.0147689
0.0112847
0.0078393
0.0052742
0.054549
0.0526065
0.050521
0.0483261
0.0454162
0.0412511
0.0355508
0.0284716
0.0211133
0.0141447
0.102551
0.101152
0.0999406
0.0985752
0.0958459
0.0906321
0.0822565
0.0699877
0.0570198
0.0431478
0.176928
0.178178
0.180439
0.182664
0.182985
0.179751
0.172243
0.159394
0.144035
0.129846
0.282103
0.289043
0.298257
0.307721
0.315101
0.318682
0.3179
0.312723
0.303316
0.294806
0.414133
0.42934
0.447848
0.466599
0.483121
0.495978
0.504678
0.509498
0.51019
0.509032
0.559447
0.583101
0.609719
0.635526
0.65837
0.677637
0.693238
0.705673
0.716147
0.726809
0.698384
0.727201
0.756249
0.78274
0.805537
0.824915
0.840926
0.854477
0.869486
0.887655
0.812992
0.841646
0.866577
0.887849
0.905195
0.919734
0.931096
0.940838
0.956554
0.979912
0.894474
0.918634
0.935632
0.949215
0.95948
0.967864
0.973498
0.978674
0.995358
1.0287
0.944794
0.962846
0.971785
0.978785
0.983603
0.986902
0.988992
0.988537
1.00369
1.0447
0.972316
0.984772
0.988121
0.991205
0.993308
0.994544
0.996974
0.994587
1.00907
1.03542
0.0994565
0.099204
0.0988546
0.0982728
0.0964086
0.0921555
0.084778
0.0731951
0.0609013
0.0454456
0.174646
0.177813
0.181272
0.184686
0.186491
0.18503
0.179666
0.168937
0.155765
0.142087
0.282971
0.293044
0.303687
0.314653
0.324164
0.330527
0.333405
0.332875
0.328956
0.325855
0.420499
0.440471
0.460241
0.480263
0.498982
0.514948
0.527769
0.538025
0.545314
0.550968
0.571582
0.601591
0.628329
0.653727
0.677333
0.69836
0.716576
0.732519
0.747453
0.762372
0.713571
0.748827
0.776429
0.800574
0.822119
0.84136
0.857717
0.872328
0.889519
0.906289
0.827337
0.861273
0.883745
0.901436
0.916249
0.929839
0.939464
0.950198
0.966947
0.978652
0.905445
0.933301
0.947906
0.957883
0.965569
0.973567
0.975924
0.98687
0.997356
1.00997
0.951807
0.972162
0.979689
0.983788
0.986643
0.990075
0.989466
0.995548
0.999981
1.02579
0.976164
0.989913
0.992899
0.993966
0.994717
0.995294
0.997998
0.990387
0.998011
1.03522
0.0972918
0.0980347
0.0987987
0.0992867
0.0984951
0.0953702
0.0891245
0.0783506
0.0665353
0.0502094
0.174891
0.179708
0.18476
0.189736
0.19323
0.193715
0.190588
0.18245
0.171218
0.159541
0.289372
0.302053
0.314593
0.327377
0.339028
0.348049
0.354346
0.358318
0.359893
0.362286
0.436533
0.460168
0.481481
0.5027
0.523036
0.541233
0.557018
0.571178
0.582788
0.592823
0.596893
0.630645
0.657118
0.6817
0.704908
0.726145
0.745069
0.762231
0.778794
0.795057
0.741591
0.779421
0.804911
0.82631
0.845489
0.86303
0.877769
0.891267
0.907847
0.923533
0.850648
0.885625
0.905205
0.919598
0.931478
0.942888
0.949822
0.959129
0.973041
0.98255
0.920582
0.948489
0.960716
0.968215
0.973757
0.980175
0.980611
0.989744
0.996319
1.00809
0.959697
0.979693
0.985981
0.988877
0.990703
0.993426
0.992903
0.996917
0.997948
1.02509
0.979586
0.992838
0.995539
0.996293
0.996543
0.997335
0.999697
0.990305
0.998352
1.03849
0.096312
0.0976302
0.0991846
0.100484
0.100521
0.0982664
0.0928941
0.0827557
0.0712741
0.0543567
0.176494
0.182235
0.188348
0.194421
0.199126
0.201022
0.199529
0.193102
0.183585
0.173408
0.296845
0.310928
0.324533
0.338386
0.351408
0.362236
0.37086
0.37774
0.382756
0.388882
0.452561
0.478014
0.499719
0.521178
0.542092
0.561402
0.578866
0.595315
0.609419
0.62194
0.620138
0.654984
0.680319
0.703528
0.725774
0.746615
0.765565
0.783077
0.800072
0.816703
0.765667
0.803316
0.826359
0.845224
0.862275
0.878261
0.891741
0.90407
0.91961
0.934299
0.869649
0.9033
0.920049
0.931901
0.941638
0.951421
0.957001
0.964739
0.977447
0.985832
0.932467
0.958584
0.968535
0.974326
0.978493
0.983836
0.983715
0.990979
0.997005
1.0081
0.965834
0.98412
0.989045
0.991171
0.992422
0.994698
0.994311
0.996176
0.997133
1.02576
0.982353
0.994124
0.996219
0.996813
0.996911
0.997812
0.99993
0.98909
0.997314
1.04076
0.0959476
0.0975217
0.0994457
0.101143
0.101599
0.0998003
0.0948922
0.0850854
0.0737233
0.0564357
0.177712
0.183851
0.190413
0.196968
0.202238
0.204833
0.204164
0.198686
0.18955
0.180294
0.30154
0.316202
0.330136
0.344332
0.357905
0.369537
0.379269
0.387573
0.39407
0.401635
0.462189
0.488315
0.509833
0.531025
0.551909
0.571573
0.589745
0.607164
0.622268
0.635674
0.633446
0.668555
0.692852
0.714911
0.736316
0.756729
0.775561
0.793115
0.810174
0.826724
0.778909
0.816216
0.837619
0.854827
0.870548
0.885623
0.898455
0.91022
0.92523
0.939199
0.879662
0.912547
0.927626
0.937974
0.946517
0.955492
0.960498
0.967639
0.979764
0.987429
0.938517
0.963769
0.972452
0.97728
0.980725
0.985638
0.985323
0.992137
0.99771
1.00854
0.968911
0.986445
0.990614
0.992291
0.993249
0.995429
0.995075
0.996572
0.997201
1.02607
0.983756
0.994949
0.996677
0.997128
0.997154
0.998138
1.0002
0.989084
0.997261
1.04096
0.0957313
0.0973003
0.0992155
0.100903
0.101355
0.0995618
0.094667
0.0848787
0.0736402
0.05659
0.177357
0.183482
0.19002
0.196548
0.201798
0.204381
0.203733
0.198133
0.189823
0.180413
0.301027
0.315663
0.329555
0.343706
0.35724
0.368838
0.378586
0.386852
0.393557
0.401637
0.461558
0.487641
0.509118
0.530273
0.551128
0.57077
0.588943
0.606365
0.621467
0.63497
0.632799
0.667874
0.692158
0.714208
0.735616
0.756039
0.774897
0.792496
0.809621
0.826249
0.778366
0.815658
0.837085
0.854317
0.870062
0.885185
0.898038
0.909875
0.925
0.938981
0.879303
0.912194
0.927306
0.937686
0.94625
0.955292
0.960252
0.967533
0.979781
0.987275
0.938341
0.963585
0.972299
0.977152
0.9806
0.985601
0.985085
0.992306
0.997878
1.00828
0.968847
0.986372
0.990557
0.992245
0.993192
0.995462
0.994793
0.996932
0.997385
1.0256
0.98374
0.994933
0.996658
0.99711
0.99713
0.998145
1.00015
0.988916
0.997192
1.04112
0.0957009
0.0969983
0.098527
0.0998028
0.099829
0.0975934
0.0922803
0.0822387
0.0708651
0.0540475
0.175505
0.181188
0.187233
0.193234
0.197882
0.199758
0.198293
0.191966
0.182386
0.172499
0.295426
0.309398
0.322889
0.336624
0.349531
0.360268
0.36886
0.375752
0.380795
0.386956
0.450796
0.476104
0.49769
0.51904
0.53987
0.559118
0.576569
0.593
0.607197
0.619794
0.618315
0.653044
0.678332
0.701519
0.723765
0.744641
0.763657
0.781243
0.798426
0.815222
0.764127
0.801712
0.8248
0.843735
0.860863
0.876973
0.890537
0.903028
0.918751
0.933558
0.868604
0.902224
0.919076
0.931036
0.940859
0.95078
0.956417
0.964347
0.977086
0.98549
0.931926
0.957966
0.968039
0.97393
0.978155
0.983579
0.983511
0.990908
0.996901
1.00804
0.96563
0.983772
0.988839
0.991028
0.992308
0.994611
0.99431
0.996218
0.997167
1.02571
0.982293
0.99393
0.996165
0.996776
0.996883
0.997803
0.999965
0.989166
0.997378
1.04019
0.0963653
0.0970773
0.0978044
0.0982591
0.0974567
0.0943628
0.0882037
0.0775814
0.0659386
0.0497418
0.173413
0.178142
0.183092
0.187964
0.19138
0.19184
0.18877
0.180761
0.169703
0.158185
0.287281
0.299793
0.312154
0.324755
0.336246
0.345133
0.351392
0.355395
0.35712
0.359604
0.433957
0.457364
0.478467
0.499496
0.519677
0.537772
0.553528
0.567652
0.579371
0.589559
0.594207
0.627752
0.654113
0.678628
0.701808
0.723081
0.74205
0.759311
0.77607
0.792579
0.739282
0.77698
0.802491
0.823968
0.843246
0.860971
0.875822
0.889556
0.906293
0.922246
0.849043
0.883956
0.90364
0.918176
0.930184
0.9418
0.948896
0.958482
0.972306
0.982058
0.919704
0.947549
0.959887
0.96751
0.973145
0.979616
0.98044
0.989345
0.996142
1.00819
0.959311
0.979246
0.985608
0.988566
0.990457
0.993085
0.993137
0.996452
0.997917
1.02555
0.979446
0.992625
0.995375
0.996146
0.99643
0.997224
0.9997
0.990445
0.998556
1.03838
0.0983252
0.0980366
0.0976461
0.0970266
0.0951494
0.0909302
0.0836438
0.0721964
0.060006
0.0448572
0.172873
0.175937
0.179278
0.182569
0.184279
0.182788
0.177473
0.166743
0.153967
0.140349
0.280501
0.290378
0.300808
0.311548
0.320863
0.327059
0.329896
0.329346
0.325655
0.322488
0.417496
0.437227
0.45672
0.476474
0.494966
0.51074
0.523512
0.533542
0.540999
0.546773
0.568553
0.59828
0.624801
0.650053
0.673539
0.694526
0.712721
0.728646
0.744059
0.759258
0.710916
0.746041
0.773556
0.797709
0.819282
0.838703
0.855052
0.869829
0.88759
0.904557
0.825398
0.8593
0.881848
0.899665
0.91455
0.928459
0.937805
0.949168
0.965397
0.977186
0.904279
0.932174
0.946905
0.957044
0.964766
0.972919
0.975075
0.985865
0.996607
1.00969
0.951179
0.971597
0.9793
0.983539
0.98641
0.989755
0.989765
0.995334
1.00004
1.02551
0.975896
0.989614
0.992789
0.993956
0.994632
0.995202
0.997894
0.990424
0.998593
1.03498
0.101312
0.0998814
0.0986263
0.0972189
0.0944738
0.0892932
0.0810113
0.068891
0.0561
0.0423921
0.175018
0.176171
0.178301
0.180393
0.180611
0.177339
0.169875
0.157108
0.141932
0.127854
0.279484
0.286234
0.295206
0.304421
0.311587
0.31501
0.314159
0.308955
0.299581
0.291069
0.410977
0.42593
0.444131
0.462577
0.478834
0.491481
0.500057
0.504688
0.505344
0.504097
0.556218
0.579632
0.605954
0.631556
0.65426
0.673442
0.68902
0.701294
0.711875
0.72261
0.695536
0.72424
0.75316
0.779617
0.802442
0.821936
0.838123
0.851637
0.867045
0.885544
0.810918
0.839519
0.86448
0.885859
0.903338
0.918099
0.929724
0.939634
0.955694
0.97939
0.893251
0.917389
0.934467
0.948179
0.958593
0.967109
0.97294
0.978325
0.994569
1.02851
0.944235
0.96217
0.971241
0.978334
0.983306
0.986651
0.988898
0.988738
1.00376
1.04425
0.97222
0.984427
0.987885
0.991017
0.993245
0.99456
0.997081
0.994733
1.00946
1.035
0.986188
0.994363
0.994782
0.996054
0.997234
0.998598
1.00271
1.0067
1.02102
1.03924
0.992893
0.99808
0.997293
0.997752
0.998363
0.999005
1.00022
1.00013
0.992094
0.974969
0.99611
0.999205
0.99822
0.998418
0.998675
0.9989
0.999067
0.998421
0.993082
0.9895
0.997669
0.999332
0.998551
0.998666
0.998629
0.998619
0.998443
0.997603
0.994301
0.993175
0.998399
0.99924
0.998721
0.998728
0.998485
0.998405
0.998186
0.997557
0.995626
0.996091
0.998684
0.999134
0.998682
0.99862
0.998409
0.998352
0.99819
0.997733
0.996453
0.997281
0.998732
0.998955
0.998549
0.998494
0.998461
0.998362
0.998193
0.997932
0.997074
0.997824
0.99869
0.998742
0.998455
0.998527
0.998464
0.998323
0.998199
0.998078
0.997569
0.997948
0.998623
0.998565
0.998359
0.998593
0.998372
0.998365
0.998205
0.998157
0.997992
0.99789
0.998555
0.998482
0.998328
0.99852
0.998272
0.998437
0.998229
0.998125
0.998117
0.998037
0.998513
0.998496
0.99833
0.998345
0.998263
0.998448
0.998317
0.998151
0.998175
0.99821
0.998481
0.998535
0.998351
0.998269
0.998355
0.998373
0.998377
0.998224
0.998291
0.998203
0.998394
0.998541
0.998293
0.998232
0.998373
0.99816
0.998373
0.998223
0.998293
0.998091
0.998158
0.998619
0.998173
0.998192
0.998366
0.998103
0.998377
0.998181
0.998316
0.997953
0.997951
0.998721
0.998102
0.998301
0.998352
0.998324
0.998334
0.99811
0.99847
0.997952
0.99806
0.998598
0.998115
0.998394
0.998297
0.99843
0.998253
0.998082
0.998526
0.99797
0.998173
0.998448
0.998177
0.998372
0.998295
0.99835
0.998276
0.998105
0.998471
0.997938
0.998104
0.998436
0.998166
0.998247
0.998286
0.998183
0.998352
0.998089
0.998405
0.997807
0.997891
0.998512
0.998105
0.998232
0.998273
0.998151
0.998403
0.998048
0.998423
0.997633
0.997639
0.998618
0.998084
0.998438
0.99831
0.99837
0.998411
0.997968
0.998627
0.997513
0.997662
0.998549
0.998084
0.998505
0.998343
0.99843
0.998363
0.99785
0.998708
0.9973
0.99759
0.99852
0.99805
0.998474
0.998324
0.998246
0.998329
0.997672
0.998683
0.996962
0.997096
0.998564
0.997829
0.998352
0.998104
0.997865
0.998174
0.997368
0.998716
0.996462
0.996229
0.998675
0.997251
0.997888
0.997587
0.997318
0.997653
0.996859
0.998695
0.995769
0.995425
0.99887
0.996467
0.997096
0.99676
0.996672
0.996804
0.996079
0.998622
0.995127
0.995168
0.998641
0.995581
0.996213
0.99585
0.99593
0.995936
0.995279
0.998521
0.994662
0.994179
0.997715
0.994152
0.995162
0.995052
0.995139
0.995133
0.994186
0.997938
0.993589
0.991361
0.996911
0.992361
0.994046
0.994333
0.994395
0.994399
0.992701
0.997112
0.99136
0.990621
0.99945
0.993042
0.994932
0.995273
0.995317
0.995284
0.993425
0.999217
0.991503
0.999092
1.00415
0.998868
0.999834
0.999946
0.999965
0.999926
0.99907
1.00408
0.999312
0.988129
0.996779
0.99756
0.997827
0.99811
0.998754
1.00484
0.995262
1.01072
1.05579
0.993854
0.998956
0.998913
0.999077
0.999068
0.99939
1.00179
0.997488
0.991806
0.971483
0.996527
0.999399
0.999276
0.999249
0.999128
0.999312
0.999118
0.997938
0.99132
0.991441
0.997777
0.999315
0.999345
0.999027
0.998964
0.998981
0.998544
0.997004
0.994284
0.99423
0.99836
0.999094
0.999159
0.998856
0.998777
0.998732
0.998254
0.997519
0.995471
0.996193
0.998705
0.998899
0.99894
0.998919
0.998691
0.998609
0.998261
0.997745
0.996418
0.996925
0.998849
0.998859
0.998937
0.999047
0.998633
0.998546
0.998368
0.99802
0.997104
0.99751
0.998847
0.998908
0.999064
0.998861
0.998599
0.998555
0.998482
0.99822
0.997649
0.997935
0.998799
0.998921
0.999205
0.998618
0.998666
0.998573
0.998577
0.998371
0.998011
0.998309
0.998712
0.998858
0.999076
0.998624
0.998756
0.998566
0.998655
0.998519
0.998133
0.998388
0.998706
0.998877
0.998864
0.998807
0.998804
0.998564
0.998686
0.998592
0.998241
0.998386
0.998743
0.998978
0.998776
0.999013
0.998788
0.998629
0.998715
0.9986
0.998451
0.998468
0.998734
0.999019
0.998705
0.999086
0.998799
0.998873
0.99879
0.998644
0.998829
0.998539
0.998785
0.999054
0.998727
0.999147
0.998823
0.999053
0.998845
0.998678
0.999158
0.998574
0.998861
0.999085
0.998759
0.99899
0.998811
0.998846
0.998872
0.998687
0.999043
0.998492
0.998727
0.999092
0.998747
0.998781
0.998841
0.998673
0.998921
0.998715
0.998919
0.998407
0.998581
0.999136
0.998707
0.998825
0.998891
0.998765
0.998956
0.998729
0.999091
0.998425
0.9986
0.999212
0.998668
0.999046
0.998948
0.998994
0.998992
0.998734
0.999408
0.9985
0.998704
0.999274
0.998663
0.999237
0.99897
0.999164
0.999011
0.998682
0.999652
0.998593
0.998821
0.999252
0.998648
0.999062
0.998913
0.998943
0.999006
0.998614
0.999548
0.998574
0.998787
0.999177
0.998627
0.998928
0.998903
0.998776
0.99907
0.998662
0.9996
0.998492
0.998785
0.999153
0.998626
0.999005
0.998978
0.998927
0.999186
0.998784
0.999976
0.998462
0.998758
0.999391
0.998731
0.999146
0.999206
0.999356
0.999396
0.998947
1.00044
0.998462
0.998632
1.00021
0.999108
0.999525
0.999691
1.00003
0.999841
0.99932
1.00124
0.998454
0.998583
1.00163
0.999821
1.00027
1.00048
1.00068
1.00066
1.0001
1.00261
0.998404
0.998435
1.00302
1.00064
1.00137
1.00153
1.00154
1.00179
1.00081
1.00407
0.998325
0.99774
1.00373
1.00079
1.00227
1.00228
1.00224
1.00242
1.00054
1.00442
0.997837
0.996846
1.00489
1.00052
1.00299
1.00291
1.00282
1.00264
1.00003
1.00446
0.997189
0.999166
1.00884
1.00212
1.00471
1.00462
1.00454
1.00426
1.00181
1.00741
0.999378
1.00412
1.00903
1.00358
1.00471
1.0047
1.00468
1.00462
1.00359
1.00853
1.00411
0.989324
0.997556
0.998624
0.998808
0.998774
0.999948
1.00484
0.993798
1.01244
1.05647
0.994187
0.998927
0.999424
0.99947
0.999405
0.999794
1.0018
0.998049
0.995021
0.97001
0.996658
0.999214
0.999558
0.999604
0.999504
0.9996
0.999365
0.999139
0.99402
0.994597
0.997829
0.999213
0.999514
0.999555
0.99938
0.999313
0.99892
0.99794
0.99678
0.996907
0.998378
0.999129
0.999424
0.999394
0.999189
0.999082
0.998735
0.998394
0.996655
0.997739
0.998648
0.998962
0.999301
0.999211
0.999026
0.998955
0.998663
0.998407
0.99725
0.998008
0.998775
0.998829
0.999123
0.999037
0.998888
0.99886
0.99866
0.998452
0.997623
0.998199
0.998812
0.998777
0.998937
0.998917
0.998811
0.998808
0.998657
0.998465
0.997938
0.998284
0.998698
0.998778
0.998842
0.998845
0.998788
0.998737
0.998656
0.998469
0.998122
0.998373
0.998572
0.998776
0.998815
0.998799
0.998762
0.998664
0.998649
0.998544
0.998297
0.998347
0.998505
0.998721
0.998725
0.998757
0.998694
0.998626
0.998618
0.998559
0.998424
0.998299
0.998459
0.998642
0.998569
0.998678
0.998587
0.998608
0.998586
0.998508
0.998501
0.998231
0.998401
0.998612
0.99849
0.998647
0.998519
0.998613
0.998562
0.998452
0.998547
0.998187
0.998283
0.99864
0.998497
0.998636
0.998498
0.998577
0.998546
0.998417
0.998564
0.998186
0.998253
0.998649
0.998482
0.998609
0.998523
0.998527
0.998574
0.998432
0.998628
0.998147
0.998235
0.998647
0.998422
0.998593
0.998555
0.998518
0.998613
0.998431
0.998736
0.998064
0.998156
0.998645
0.998333
0.998555
0.998516
0.998504
0.998583
0.998328
0.998748
0.998036
0.998153
0.998594
0.998208
0.998526
0.99845
0.998489
0.998521
0.998211
0.998694
0.998033
0.998163
0.998556
0.998108
0.998478
0.998422
0.998444
0.998496
0.998158
0.998663
0.997955
0.99811
0.998572
0.998078
0.998453
0.99843
0.998394
0.998515
0.998145
0.998712
0.997816
0.998098
0.99856
0.998035
0.998487
0.998424
0.998387
0.998532
0.998099
0.998843
0.997692
0.998073
0.998538
0.997957
0.99848
0.998371
0.998364
0.998473
0.997982
0.998965
0.997572
0.997818
0.99869
0.997942
0.998465
0.998368
0.998369
0.998398
0.997863
0.999119
0.99733
0.997206
0.999163
0.99816
0.998585
0.998527
0.998495
0.998488
0.99789
0.999509
0.996838
0.996414
0.999929
0.998475
0.998749
0.998693
0.998614
0.998639
0.998091
1.00032
0.995998
0.995573
1.00069
0.998105
0.998445
0.998397
0.998293
0.998315
0.997687
1.00111
0.995007
0.994175
1.00077
0.996597
0.997534
0.997572
0.997495
0.997412
0.996177
1.0009
0.993854
0.992376
1.00051
0.994876
0.996855
0.997049
0.997055
0.996829
0.994736
1.0002
0.99257
0.993067
1.00213
0.995185
0.997496
0.997745
0.997788
0.997585
0.995401
1.00167
0.99349
0.998891
1.00359
0.998092
0.99908
0.999176
0.999193
0.999139
0.998259
1.0035
0.999085
0.990511
0.997482
0.998356
0.998657
0.998613
1.00003
1.00417
0.993497
1.0116
1.05685
0.994661
0.998428
0.998896
0.999133
0.999097
0.999497
1.00116
0.998244
0.993443
0.964888
0.996805
0.99865
0.999036
0.99923
0.999162
0.999168
0.998943
0.998798
0.993967
0.994122
0.997919
0.998671
0.999024
0.999163
0.999026
0.998947
0.998703
0.998025
0.997176
0.996991
0.998435
0.998635
0.998961
0.999038
0.998875
0.998807
0.998637
0.998582
0.997186
0.997962
0.998608
0.998604
0.998912
0.998946
0.9988
0.998764
0.998624
0.998604
0.997658
0.998155
0.998696
0.99857
0.998855
0.99889
0.998758
0.998734
0.998632
0.998611
0.997928
0.998329
0.998765
0.99853
0.998776
0.998839
0.998727
0.998705
0.998628
0.998625
0.998169
0.998352
0.998762
0.998559
0.998719
0.998786
0.9987
0.998679
0.998626
0.998622
0.9983
0.998383
0.998685
0.998628
0.998697
0.998745
0.99868
0.998665
0.998638
0.998612
0.998408
0.998431
0.998595
0.998686
0.998688
0.998727
0.998667
0.998661
0.998656
0.998578
0.998484
0.998517
0.998594
0.998708
0.998652
0.998723
0.998655
0.998662
0.998673
0.998563
0.998574
0.998544
0.998631
0.998718
0.998601
0.998731
0.998656
0.998674
0.998691
0.998583
0.998683
0.998451
0.998546
0.998797
0.998598
0.998739
0.99867
0.998686
0.998708
0.998626
0.998789
0.998273
0.998421
0.998865
0.998608
0.998736
0.998686
0.998688
0.998723
0.998636
0.998863
0.998173
0.998414
0.998867
0.99858
0.998741
0.998701
0.998696
0.998743
0.99859
0.998895
0.99823
0.998434
0.998882
0.998555
0.998763
0.998716
0.998716
0.998773
0.998549
0.998917
0.998297
0.998398
0.998931
0.998554
0.998804
0.998742
0.99875
0.998816
0.998557
0.998975
0.998266
0.998378
0.998978
0.998531
0.998857
0.998785
0.998789
0.998865
0.998571
0.99906
0.998197
0.998376
0.999023
0.998498
0.998921
0.998841
0.998826
0.998921
0.998564
0.999158
0.998139
0.998418
0.999029
0.998474
0.998996
0.998891
0.998862
0.998973
0.998551
0.999292
0.998055
0.998465
0.999037
0.998448
0.999017
0.998887
0.998856
0.998977
0.9985
0.999458
0.997945
0.998294
0.999229
0.998453
0.998965
0.99885
0.998821
0.998927
0.99842
0.99971
0.997749
0.997771
0.999709
0.998574
0.998948
0.998895
0.998868
0.998925
0.998418
1.0002
0.99733
0.996944
1.00052
0.99873
0.998966
0.998953
0.998917
0.998942
0.998468
1.00103
0.996647
0.996142
1.0015
0.998426
0.998773
0.998767
0.998729
0.998738
0.998141
1.00197
0.99587
0.995258
1.00214
0.99753
0.998561
0.998644
0.998629
0.998568
0.997309
1.00236
0.995095
0.994252
1.00273
0.99686
0.998942
0.999204
0.999221
0.999
0.996811
1.00248
0.994455
0.995103
1.00448
0.997503
0.99986
1.00015
1.00016
0.999931
0.997634
1.00401
0.995477
0.999854
1.00465
0.999085
1.00006
1.00016
1.00016
1.00009
0.999182
1.0045
0.999992
0.991176
0.997661
0.998375
0.998677
0.998635
1.00011
1.00415
0.993569
1.01186
1.05786
0.995065
0.998353
0.998745
0.999061
0.999039
0.999419
1.001
0.998269
0.993477
0.963366
0.997095
0.998485
0.998838
0.999127
0.999081
0.999046
0.998806
0.99872
0.994022
0.993687
0.998022
0.998514
0.998871
0.999046
0.99894
0.998852
0.998629
0.99803
0.997273
0.996889
0.998402
0.998522
0.998857
0.998935
0.998797
0.998731
0.998595
0.998629
0.997336
0.99802
0.998628
0.998492
0.998791
0.998855
0.998728
0.998701
0.998602
0.998654
0.997784
0.998234
0.998767
0.998457
0.998723
0.998802
0.99869
0.998682
0.998614
0.998635
0.997996
0.998421
0.998772
0.998455
0.998697
0.998769
0.998666
0.998662
0.998612
0.998626
0.998207
0.998443
0.99875
0.998486
0.998671
0.998736
0.998651
0.998646
0.998609
0.998619
0.998337
0.99843
0.99873
0.998527
0.998638
0.998706
0.99864
0.998636
0.99862
0.998616
0.998419
0.998411
0.998631
0.998593
0.998642
0.998692
0.998634
0.998633
0.998636
0.998598
0.998468
0.998412
0.998505
0.998661
0.998664
0.998688
0.998627
0.998634
0.998651
0.998584
0.998534
0.998397
0.998476
0.998676
0.99864
0.998694
0.998627
0.99864
0.998662
0.998588
0.998636
0.998329
0.998519
0.998693
0.998564
0.998698
0.998634
0.998642
0.998669
0.998567
0.998726
0.9983
0.998497
0.998744
0.998513
0.998695
0.998646
0.998644
0.99868
0.998537
0.998783
0.998292
0.998408
0.998772
0.998525
0.998698
0.998661
0.998657
0.998703
0.998548
0.998837
0.998212
0.998349
0.998765
0.998557
0.998715
0.998674
0.998673
0.998727
0.998545
0.998881
0.998167
0.998385
0.998747
0.998535
0.998748
0.998689
0.998691
0.998752
0.998522
0.998924
0.998161
0.99842
0.998791
0.998453
0.99879
0.998712
0.998706
0.998782
0.998491
0.998979
0.998147
0.998291
0.999018
0.998387
0.998844
0.998742
0.998718
0.998815
0.998455
0.999055
0.998103
0.998215
0.999205
0.998347
0.99889
0.998762
0.998723
0.998841
0.998432
0.999189
0.997966
0.998339
0.999053
0.998322
0.998884
0.998743
0.998698
0.998828
0.998365
0.999367
0.997803
0.998234
0.999062
0.998359
0.998846
0.998732
0.998688
0.998798
0.998285
0.999647
0.997574
0.997671
0.999579
0.998525
0.998894
0.998848
0.998811
0.998867
0.998331
1.00019
0.997111
0.996755
1.00054
0.998669
0.998958
0.998953
0.998917
0.998934
0.998425
1.00108
0.996369
0.995801
1.00172
0.998364
0.998778
0.998773
0.998735
0.998725
0.998104
1.00203
0.995567
0.995052
1.00234
0.997578
0.998661
0.998756
0.998729
0.998641
0.997331
1.00242
0.994929
0.994359
1.0029
0.997096
0.999224
0.999516
0.999516
0.999265
0.997008
1.00262
0.994538
0.995279
1.00466
0.997782
1.00016
1.00046
1.00046
1.00021
0.997873
1.00413
0.995647
0.999948
1.00471
0.999184
1.00016
1.00025
1.00025
1.00017
0.999261
1.00454
1.00007
0.991142
0.997666
0.99836
0.998661
0.998625
1.00007
1.00437
0.992627
1.01145
1.05926
0.994957
0.998374
0.998753
0.999055
0.999036
0.999404
1.00111
0.997722
0.993499
0.964285
0.997061
0.99848
0.998842
0.999139
0.999087
0.999062
0.99888
0.998738
0.993809
0.993853
0.998147
0.998473
0.998825
0.999054
0.998942
0.998849
0.998611
0.998004
0.997359
0.996907
0.998512
0.99848
0.998816
0.998934
0.998802
0.998735
0.99858
0.998605
0.997285
0.997964
0.998624
0.998476
0.998797
0.998853
0.998731
0.998702
0.998587
0.99864
0.997789
0.99823
0.998739
0.998444
0.998744
0.998806
0.998693
0.998685
0.998607
0.998614
0.997987
0.998434
0.998831
0.998419
0.998681
0.998769
0.998668
0.998666
0.998613
0.998627
0.998202
0.998423
0.998768
0.99845
0.998674
0.998736
0.998653
0.998653
0.998615
0.998639
0.998337
0.998371
0.998651
0.998474
0.9987
0.998713
0.998646
0.998646
0.998623
0.99863
0.998425
0.998378
0.998669
0.998431
0.998677
0.998695
0.998639
0.998642
0.998638
0.998599
0.998478
0.99843
0.998744
0.998365
0.99863
0.998685
0.99863
0.998638
0.998653
0.998579
0.998545
0.998438
0.998736
0.998356
0.998592
0.99869
0.998628
0.998638
0.998662
0.998562
0.998624
0.998409
0.998581
0.998585
0.998554
0.998702
0.998638
0.99864
0.998671
0.99855
0.998705
0.998357
0.998341
0.998994
0.998528
0.998709
0.998655
0.998647
0.998686
0.998551
0.998775
0.998285
0.998238
0.999096
0.998549
0.998708
0.998669
0.998662
0.998708
0.998557
0.998827
0.998214
0.998353
0.998796
0.998573
0.998715
0.998673
0.998672
0.998729
0.998529
0.998854
0.99822
0.998478
0.998622
0.998527
0.998743
0.998678
0.998681
0.998751
0.998495
0.998888
0.998221
0.998423
0.998834
0.998426
0.998786
0.998695
0.998691
0.998778
0.998495
0.998965
0.998112
0.998207
0.999231
0.998348
0.998835
0.99872
0.998697
0.998805
0.998474
0.999064
0.998004
0.998099
0.999349
0.998324
0.998865
0.998731
0.99869
0.998818
0.998426
0.999201
0.997875
0.998187
0.999102
0.998315
0.998845
0.998704
0.99865
0.998792
0.998353
0.99941
0.997658
0.998061
0.999108
0.998347
0.998803
0.998687
0.99863
0.998753
0.99826
0.999734
0.99737
0.997487
0.999629
0.998524
0.998859
0.998809
0.998757
0.99882
0.998263
1.0003
0.996951
0.996668
1.00058
0.998646
0.998929
0.998918
0.998876
0.998892
0.99832
1.00119
0.996302
0.995866
1.00168
0.998312
0.998754
0.998736
0.998697
0.998684
0.997985
1.00209
0.995558
0.995113
1.00224
0.997541
0.998653
0.998728
0.998697
0.998617
0.997217
1.00236
0.994995
0.994362
1.00283
0.997095
0.999241
0.999517
0.999511
0.999276
0.996963
1.00247
0.994641
0.995219
1.00465
0.997795
1.00018
1.00047
1.00046
1.00023
0.997891
1.00404
0.995708
0.99992
1.00468
0.999179
1.00016
1.00025
1.00025
1.00018
0.99927
1.00451
1.0001
0.990462
0.997513
0.998339
0.99864
0.998605
1.00005
1.00415
0.993453
1.01168
1.05665
0.994661
0.998616
0.998831
0.999124
0.999103
0.999543
1.00122
0.998219
0.993539
0.964887
0.996848
0.99873
0.998973
0.999237
0.999172
0.999205
0.998985
0.99883
0.994039
0.994189
0.99793
0.998664
0.999018
0.999177
0.99903
0.99894
0.998623
0.998012
0.997315
0.997015
0.998435
0.998647
0.998977
0.999055
0.998892
0.998821
0.998613
0.998544
0.997187
0.997912
0.998672
0.99856
0.998904
0.998953
0.998808
0.998769
0.998608
0.99862
0.997711
0.998083
0.998778
0.998524
0.99884
0.998892
0.998758
0.99874
0.998619
0.998592
0.997906
0.998321
0.998787
0.99856
0.998786
0.998844
0.998725
0.998714
0.998623
0.99859
0.998145
0.998416
0.998711
0.998613
0.998763
0.9988
0.998703
0.998693
0.998626
0.998585
0.998304
0.998471
0.998695
0.998611
0.998734
0.998768
0.998689
0.998682
0.998643
0.99859
0.998415
0.998502
0.998689
0.998608
0.998709
0.998746
0.99868
0.998676
0.998665
0.998589
0.998481
0.998511
0.998594
0.998659
0.998723
0.998743
0.998674
0.998674
0.998686
0.998592
0.998557
0.998481
0.998575
0.9987
0.998681
0.998747
0.998672
0.998677
0.998702
0.998612
0.998649
0.998387
0.998602
0.998734
0.998594
0.998746
0.998679
0.998681
0.998719
0.998643
0.998748
0.998266
0.998517
0.99881
0.998566
0.998743
0.998695
0.998689
0.998739
0.998636
0.998824
0.998246
0.998378
0.998868
0.998612
0.998749
0.998713
0.998707
0.998765
0.9986
0.998871
0.998302
0.998343
0.99886
0.998643
0.998772
0.998727
0.998728
0.998798
0.998583
0.998918
0.998325
0.998445
0.998838
0.998595
0.998813
0.998747
0.998751
0.998833
0.99859
0.998987
0.998292
0.998522
0.99887
0.998513
0.998864
0.998777
0.998778
0.998875
0.998609
0.999099
0.998206
0.998444
0.998989
0.998467
0.998923
0.998817
0.998804
0.998923
0.998592
0.999224
0.998145
0.99829
0.999214
0.998451
0.998976
0.998849
0.998816
0.998962
0.998553
0.999391
0.998041
0.998205
0.999429
0.998423
0.998982
0.99884
0.998791
0.998956
0.998499
0.999656
0.997791
0.998105
0.999499
0.998418
0.998931
0.99881
0.998753
0.998902
0.998391
1.00003
0.997445
0.997644
0.99984
0.998538
0.998931
0.998873
0.998823
0.998912
0.99833
1.00062
0.996974
0.996883
1.00063
0.998663
0.998952
0.998935
0.998897
0.998939
0.998318
1.00151
0.996365
0.996184
1.0015
0.99833
0.998749
0.99872
0.998688
0.998708
0.997944
1.00235
0.995719
0.995381
1.00202
0.997437
0.998582
0.998632
0.998618
0.998609
0.997156
1.00237
0.995182
0.994294
1.00273
0.996839
0.999024
0.999267
0.999276
0.999117
0.996801
1.00221
0.994721
0.995049
1.00463
0.997563
0.999946
1.00022
1.00023
1.00004
0.997763
1.0038
0.995691
0.999902
1.0047
0.999113
1.00009
1.00018
1.00018
1.00012
0.999244
1.00446
1.00008
0.989273
0.997483
0.998517
0.998724
0.998718
1.00001
1.00446
0.994515
1.01299
1.05553
0.994121
0.998969
0.999357
0.999457
0.999417
0.999926
1.0018
0.998565
0.994848
0.969181
0.996614
0.999266
0.999529
0.99961
0.999506
0.999674
0.999489
0.999099
0.993752
0.994516
0.99788
0.999219
0.999501
0.999527
0.999332
0.999286
0.998858
0.997981
0.996798
0.996711
0.998416
0.999095
0.999406
0.999369
0.999178
0.999065
0.99872
0.998351
0.996563
0.997567
0.998684
0.998899
0.999225
0.999192
0.999047
0.998933
0.998637
0.998381
0.997255
0.997931
0.99878
0.998753
0.999084
0.999069
0.998909
0.998852
0.998623
0.998378
0.997594
0.998204
0.998725
0.99875
0.998979
0.998973
0.998792
0.998784
0.998622
0.998437
0.997937
0.998271
0.998665
0.998748
0.998852
0.998879
0.998732
0.998733
0.998607
0.998488
0.998134
0.998253
0.99861
0.998678
0.998757
0.998796
0.998701
0.998687
0.998591
0.998505
0.998257
0.998262
0.998603
0.998608
0.998696
0.998731
0.99867
0.998638
0.998584
0.998471
0.99833
0.998324
0.998562
0.998601
0.998674
0.998716
0.998637
0.99861
0.99861
0.998459
0.998437
0.99833
0.998444
0.998674
0.998645
0.99871
0.998597
0.99861
0.998629
0.998464
0.998518
0.998318
0.998405
0.998709
0.998553
0.998677
0.998572
0.998586
0.998626
0.998476
0.99857
0.998286
0.998387
0.998699
0.998474
0.998626
0.998601
0.998561
0.998615
0.998476
0.998651
0.998193
0.998278
0.998696
0.998463
0.998592
0.998611
0.998569
0.998608
0.998446
0.998744
0.998089
0.998185
0.998669
0.998425
0.998597
0.998553
0.998546
0.998625
0.998395
0.998784
0.998046
0.998115
0.998687
0.998359
0.998602
0.998492
0.99851
0.998628
0.998357
0.998762
0.997987
0.998037
0.998746
0.998291
0.998594
0.998478
0.998505
0.998619
0.998353
0.998787
0.997824
0.997954
0.99876
0.998175
0.99857
0.998474
0.998481
0.998595
0.998279
0.998875
0.997678
0.997865
0.998738
0.998043
0.998536
0.998442
0.998425
0.998555
0.998128
0.998996
0.997538
0.997728
0.998709
0.997937
0.998497
0.99838
0.998335
0.998498
0.997961
0.999167
0.99726
0.997419
0.998827
0.997841
0.998428
0.998313
0.99824
0.998393
0.997735
0.999418
0.996811
0.996859
0.999265
0.997878
0.998419
0.998345
0.998262
0.998331
0.997562
0.999908
0.996168
0.996044
1.00007
0.998096
0.998475
0.998419
0.998326
0.998315
0.9975
1.0007
0.995438
0.995236
1.00081
0.99772
0.998162
0.998083
0.997996
0.997944
0.997001
1.00124
0.994792
0.994206
1.00056
0.996189
0.997325
0.9973
0.99723
0.997163
0.995613
1.0005
0.99399
0.992715
1.00012
0.994672
0.996813
0.99699
0.996965
0.996806
0.994517
0.999552
0.992965
0.993365
1.00196
0.995301
0.997626
0.997873
0.99789
0.997763
0.995607
1.00132
0.9939
0.999048
1.00362
0.998203
0.999172
0.999261
0.999272
0.999245
0.998421
1.00347
0.999253
0.988056
0.996618
0.997522
0.997737
0.997972
0.998638
1.00427
0.993789
1.01104
1.05614
0.993881
0.99881
0.99888
0.998909
0.99895
0.999282
1.00126
0.996618
0.991832
0.972136
0.996433
0.99933
0.999179
0.999206
0.999074
0.999231
0.99913
0.998273
0.991026
0.99159
0.997539
0.99938
0.999164
0.999151
0.998908
0.998807
0.998344
0.996969
0.99505
0.99434
0.998246
0.9991
0.99911
0.998992
0.998777
0.998638
0.998197
0.997555
0.995319
0.996087
0.998802
0.998848
0.999021
0.998863
0.998682
0.998584
0.998253
0.997814
0.9966
0.997068
0.999089
0.998755
0.998901
0.998846
0.998643
0.998569
0.998368
0.998058
0.997211
0.997654
0.9989
0.998826
0.998855
0.998852
0.998641
0.998581
0.998468
0.998264
0.997672
0.997976
0.998653
0.999055
0.998826
0.998802
0.998664
0.998632
0.998544
0.998389
0.997965
0.99821
0.998766
0.998922
0.998783
0.998748
0.99869
0.998673
0.998602
0.99847
0.998222
0.998385
0.998893
0.998692
0.998768
0.998741
0.998703
0.998691
0.998644
0.998512
0.998443
0.998491
0.998861
0.998593
0.998773
0.998789
0.998725
0.998714
0.998703
0.99856
0.998609
0.998485
0.998772
0.998543
0.998773
0.998837
0.998741
0.998751
0.998768
0.998616
0.998733
0.998464
0.998617
0.998803
0.998734
0.998869
0.998764
0.99877
0.998818
0.998663
0.998824
0.998455
0.998436
0.999251
0.99872
0.998889
0.998822
0.998788
0.998834
0.998688
0.998908
0.998436
0.998491
0.999377
0.998762
0.998901
0.998867
0.99883
0.998842
0.998697
0.999013
0.998409
0.998794
0.999074
0.998768
0.998929
0.99887
0.998857
0.998903
0.998713
0.999137
0.998397
0.998784
0.998892
0.998748
0.998984
0.998883
0.998885
0.998985
0.998713
0.999213
0.998473
0.998551
0.999158
0.998759
0.999077
0.998954
0.998961
0.99908
0.998739
0.999301
0.998547
0.998427
0.999684
0.998781
0.999183
0.999066
0.999066
0.999203
0.998825
0.999569
0.998541
0.998557
1.00001
0.998865
0.999302
0.9992
0.999205
0.999382
0.998977
1.00005
0.998492
0.998914
0.999983
0.999007
0.999483
0.999382
0.999402
0.999657
0.999202
1.00066
0.998438
0.998999
1.00023
0.999173
0.999752
0.999674
0.999713
1.00003
0.999474
1.00145
0.998379
0.99889
1.00115
0.999512
1.00022
1.00021
1.00028
1.0006
0.999921
1.00255
0.9983
0.998748
1.00261
1.00023
1.00103
1.00108
1.00116
1.00146
1.00065
1.00396
0.998319
0.998592
1.00397
1.00099
1.00196
1.00201
1.00208
1.00231
1.00121
1.00502
0.998323
0.998048
1.00415
1.00081
1.00234
1.00239
1.00237
1.00238
1.00053
1.00449
0.997873
0.997033
1.00441
1.00015
1.00249
1.00259
1.00248
1.00224
0.999569
1.00359
0.997326
0.998811
1.00791
1.00166
1.00403
1.00414
1.00404
1.0038
1.00132
1.00632
0.999544
1.00398
1.00875
1.00347
1.0045
1.00454
1.00451
1.00446
1.00348
1.00819
1.00418
0.986152
0.994232
0.994725
0.996038
0.997262
0.998706
1.00295
1.00657
1.02056
1.0388
0.99279
0.998123
0.997341
0.997859
0.998452
0.99918
1.00061
1.00033
0.992635
0.975359
0.996099
0.999337
0.998301
0.998508
0.998784
0.999057
0.999296
0.998634
0.993584
0.989525
0.997714
0.999451
0.998603
0.998655
0.998712
0.998706
0.998382
0.997389
0.994086
0.993313
0.998484
0.999212
0.998667
0.998677
0.998541
0.998541
0.998165
0.997506
0.995494
0.996123
0.998693
0.99911
0.998658
0.998673
0.998412
0.998417
0.99817
0.997744
0.996503
0.997182
0.998579
0.999145
0.998569
0.998583
0.998432
0.998351
0.998193
0.997956
0.997121
0.997735
0.99856
0.99895
0.998502
0.998468
0.998487
0.998333
0.998208
0.998086
0.997501
0.997988
0.998533
0.998736
0.99852
0.99841
0.998452
0.998314
0.998251
0.998165
0.997778
0.998113
0.998527
0.998602
0.998531
0.998429
0.998385
0.998315
0.998308
0.998206
0.99798
0.99816
0.998543
0.998535
0.9985
0.998463
0.998349
0.998352
0.99836
0.998253
0.998137
0.998178
0.998501
0.998495
0.998429
0.998415
0.998337
0.998359
0.998337
0.998277
0.998219
0.998156
0.998487
0.99844
0.998353
0.998362
0.998352
0.998304
0.998304
0.998228
0.998297
0.99811
0.998404
0.998501
0.998246
0.998358
0.998349
0.998311
0.998303
0.998143
0.998391
0.998054
0.998203
0.998581
0.998123
0.998366
0.998237
0.998327
0.998319
0.998133
0.998437
0.998004
0.997957
0.998576
0.99807
0.998352
0.998161
0.998264
0.998329
0.998176
0.998427
0.997959
0.997863
0.998567
0.998103
0.99828
0.99822
0.998248
0.998278
0.998146
0.998414
0.997884
0.997988
0.998467
0.998088
0.998226
0.998266
0.998235
0.998238
0.998043
0.998492
0.997775
0.997954
0.998411
0.997941
0.998194
0.998197
0.998126
0.998204
0.997897
0.998574
0.997602
0.997678
0.998473
0.997809
0.998171
0.99808
0.998013
0.998156
0.99776
0.998569
0.997366
0.997326
0.99847
0.997697
0.998121
0.997954
0.99789
0.998049
0.997568
0.998514
0.997054
0.996914
0.998465
0.997494
0.997958
0.997763
0.997703
0.997798
0.997202
0.998452
0.996618
0.996379
0.998471
0.99723
0.997725
0.997495
0.997432
0.997453
0.996714
0.998387
0.996025
0.995572
0.998602
0.996795
0.997353
0.997081
0.996989
0.997007
0.996135
0.998313
0.995333
0.994967
0.998713
0.996041
0.996692
0.9964
0.996329
0.996426
0.995505
0.998338
0.994796
0.994604
0.998545
0.995131
0.995893
0.995618
0.995538
0.995749
0.994822
0.99833
0.994439
0.993563
0.997938
0.993946
0.995102
0.994987
0.994932
0.995156
0.993957
0.997868
0.993489
0.991355
0.997302
0.992578
0.994453
0.994576
0.994615
0.994697
0.992961
0.997325
0.991481
0.991449
0.999474
0.993455
0.995463
0.995654
0.995709
0.995685
0.9939
0.999545
0.99177
0.999285
1.0041
0.999053
0.999983
1.00007
1.0001
1.00008
0.999252
1.00418
0.999402
0.0442185
0.0707346
0.110309
0.144431
0.174622
0.204645
0.233327
0.259292
0.282746
0.304371
0.324546
0.343334
0.360801
0.376961
0.392064
0.40655
0.420181
0.432874
0.444747
0.455848
0.466347
0.476145
0.485326
0.494004
0.502141
0.509591
0.51691
0.523993
0.530931
0.535772
0.127156
0.145056
0.173378
0.202357
0.229711
0.255971
0.280894
0.303876
0.324822
0.344012
0.361678
0.377989
0.393154
0.407357
0.420539
0.432884
0.444692
0.455745
0.465949
0.475769
0.485239
0.494085
0.502341
0.510096
0.517397
0.524199
0.530683
0.536684
0.542999
0.547592
0.290314
0.297035
0.31311
0.333074
0.353303
0.372539
0.39033
0.406381
0.42068
0.433468
0.44503
0.455582
0.465288
0.474296
0.482744
0.490722
0.498318
0.505581
0.512512
0.51911
0.525393
0.531405
0.537147
0.542615
0.547818
0.552756
0.557501
0.561797
0.566746
0.569835
0.505916
0.507502
0.515719
0.526742
0.536901
0.545123
0.551646
0.556749
0.560638
0.563603
0.565967
0.567979
0.569809
0.571551
0.573228
0.575118
0.577293
0.579462
0.581487
0.583669
0.58608
0.588412
0.590648
0.592847
0.595019
0.597003
0.599137
0.601153
0.603907
0.604455
0.73376
0.73681
0.738121
0.737701
0.734682
0.729474
0.723173
0.716515
0.70979
0.703178
0.696857
0.690922
0.685453
0.680485
0.67581
0.671688
0.66831
0.665246
0.662397
0.659952
0.65789
0.656106
0.65452
0.653127
0.651895
0.650624
0.649751
0.649008
0.649069
0.646767
0.898439
0.900478
0.897721
0.891399
0.881545
0.869122
0.855656
0.84221
0.829305
0.817131
0.805725
0.795078
0.785132
0.775642
0.7668
0.759007
0.751698
0.744876
0.738809
0.732892
0.727168
0.721909
0.717063
0.712543
0.708335
0.704402
0.700765
0.697106
0.694113
0.689358
0.984601
0.977461
0.970911
0.96295
0.951506
0.937693
0.923385
0.909725
0.896884
0.884713
0.87307
0.861856
0.851012
0.840403
0.830024
0.820648
0.812003
0.803458
0.795032
0.787087
0.77981
0.772689
0.765749
0.759123
0.752802
0.746559
0.740865
0.735719
0.730602
0.725201
1.00845
0.988127
0.983485
0.975518
0.964425
0.953714
0.943495
0.933774
0.924612
0.915626
0.906459
0.896999
0.887312
0.87751
0.867593
0.857713
0.848118
0.838873
0.829829
0.821
0.812544
0.804388
0.796454
0.788783
0.781338
0.774046
0.767217
0.761017
0.754461
0.749891
0.942548
0.954195
0.98142
0.979023
0.972487
0.966583
0.957944
0.948207
0.938641
0.9292
0.919711
0.910092
0.900462
0.890848
0.881055
0.871383
0.862087
0.852874
0.843596
0.834758
0.826312
0.817828
0.809495
0.801431
0.793672
0.78614
0.778597
0.771689
0.764893
0.762352
0.77944
0.951869
0.971706
0.955729
0.965145
0.967156
0.960179
0.951316
0.942447
0.933531
0.924402
0.915073
0.905683
0.895984
0.886043
0.877102
0.86839
0.85887
0.849342
0.84065
0.832226
0.823505
0.815008
0.806809
0.798705
0.790732
0.783369
0.776799
0.769869
0.768404
0.0459837
0.0736122
0.114878
0.149993
0.181024
0.211971
0.241388
0.267813
0.291489
0.313149
0.333149
0.35158
0.368801
0.384897
0.399865
0.41386
0.426839
0.438864
0.45011
0.460806
0.470875
0.480271
0.489127
0.497492
0.505437
0.513017
0.52008
0.526446
0.533051
0.538349
0.138728
0.156613
0.185328
0.214873
0.24284
0.269645
0.294961
0.318123
0.339038
0.357996
0.375349
0.391335
0.405883
0.419309
0.431859
0.443281
0.45389
0.464108
0.474003
0.483197
0.49164
0.499731
0.507493
0.514844
0.521874
0.528654
0.534817
0.540034
0.546004
0.551118
0.322845
0.329035
0.344052
0.363074
0.382416
0.400698
0.41746
0.432441
0.445667
0.457331
0.467705
0.477036
0.485463
0.493186
0.500408
0.507147
0.513454
0.519472
0.525269
0.530794
0.536045
0.541124
0.546027
0.550729
0.555267
0.559683
0.563986
0.567689
0.572183
0.57555
0.552699
0.555308
0.562426
0.571825
0.580365
0.586992
0.591887
0.595272
0.597266
0.598198
0.598449
0.598348
0.598085
0.597885
0.597997
0.598052
0.597934
0.598171
0.598912
0.599655
0.600258
0.601136
0.602294
0.603581
0.604994
0.606643
0.608214
0.6091
0.61115
0.611794
0.771564
0.774987
0.77588
0.775292
0.77277
0.768344
0.762586
0.755962
0.748738
0.741112
0.733306
0.72557
0.718052
0.710999
0.704693
0.698573
0.692569
0.687277
0.682699
0.67865
0.67501
0.671786
0.66896
0.666444
0.6643
0.662649
0.661026
0.658834
0.658053
0.655467
0.912853
0.911006
0.906393
0.90205
0.897039
0.89004
0.881011
0.870603
0.859418
0.847841
0.836205
0.82479
0.813844
0.80371
0.794129
0.784383
0.775058
0.766394
0.758231
0.750851
0.744059
0.737816
0.732036
0.726622
0.72158
0.716952
0.71261
0.708244
0.705102
0.700032
0.975206
0.964048
0.952289
0.945256
0.94239
0.938748
0.932197
0.923331
0.913256
0.902567
0.891544
0.880459
0.869494
0.858867
0.848833
0.838766
0.828547
0.819048
0.810458
0.801861
0.793189
0.785204
0.777825
0.770813
0.764211
0.758175
0.752033
0.745681
0.739912
0.734212
0.991612
0.977002
0.963382
0.950456
0.948283
0.947864
0.944335
0.938408
0.931362
0.923458
0.91482
0.905635
0.896086
0.88641
0.876717
0.86697
0.857258
0.847911
0.838879
0.829871
0.821132
0.812812
0.804772
0.796978
0.789447
0.782185
0.775164
0.768672
0.761661
0.757462
0.946676
0.962267
0.98183
0.983169
0.984403
0.975496
0.960528
0.94787
0.938039
0.929018
0.920142
0.911355
0.90263
0.893924
0.885132
0.87594
0.866522
0.857253
0.848263
0.839382
0.830569
0.822012
0.813756
0.805764
0.798067
0.790661
0.783329
0.776621
0.769627
0.767859
0.799614
0.930063
0.976329
0.963305
0.971628
0.973368
0.963736
0.95341
0.944014
0.934958
0.925862
0.916629
0.907344
0.898122
0.888828
0.879537
0.87025
0.860892
0.851693
0.842909
0.834223
0.82554
0.817197
0.809118
0.80126
0.793634
0.786114
0.779232
0.772272
0.771202
0.0511674
0.0804019
0.123946
0.16149
0.194407
0.22683
0.257347
0.28443
0.308428
0.330136
0.350005
0.368226
0.384918
0.400245
0.414406
0.427582
0.439901
0.451417
0.462153
0.472154
0.481485
0.490182
0.498353
0.506032
0.513252
0.520055
0.526475
0.532427
0.538506
0.543684
0.158152
0.178253
0.209034
0.240348
0.269466
0.296878
0.32241
0.345483
0.36604
0.384439
0.401048
0.416101
0.429759
0.442216
0.453665
0.464221
0.474037
0.4832
0.49175
0.499734
0.507232
0.514342
0.521031
0.5273
0.533188
0.538728
0.544
0.54876
0.553936
0.558698
0.362204
0.370594
0.387053
0.407135
0.427264
0.445888
0.462506
0.47691
0.489148
0.499542
0.508449
0.516154
0.522886
0.528853
0.534223
0.539132
0.543706
0.548001
0.552052
0.555911
0.559621
0.563183
0.566588
0.569833
0.572934
0.57591
0.578825
0.581504
0.584424
0.587175
0.599245
0.6044
0.613134
0.623779
0.632856
0.639202
0.64329
0.645676
0.646674
0.646588
0.645742
0.644416
0.642804
0.641035
0.639236
0.637492
0.635899
0.634488
0.633219
0.632069
0.631072
0.630278
0.629653
0.629153
0.628757
0.628466
0.628291
0.628099
0.628351
0.628053
0.805942
0.811213
0.813415
0.813266
0.810402
0.805311
0.79902
0.79221
0.785072
0.777649
0.770045
0.76241
0.754858
0.747459
0.740317
0.733512
0.727114
0.721138
0.715521
0.71024
0.705307
0.700732
0.696488
0.692532
0.688841
0.685422
0.682292
0.679266
0.676927
0.673277
0.930231
0.929912
0.926056
0.920983
0.914548
0.906358
0.897011
0.887299
0.877526
0.867661
0.857695
0.847709
0.837781
0.827986
0.818405
0.809111
0.800236
0.791737
0.783555
0.775725
0.768259
0.76116
0.754413
0.747997
0.741898
0.736118
0.730693
0.725544
0.720855
0.714945
0.980925
0.974348
0.965549
0.957209
0.951259
0.945025
0.937317
0.928802
0.92004
0.911036
0.901706
0.892115
0.882343
0.872454
0.862632
0.852997
0.843593
0.834438
0.825511
0.816774
0.808286
0.800123
0.792254
0.784648
0.7773
0.770259
0.763449
0.757027
0.75055
0.744311
0.994513
0.986722
0.977292
0.962693
0.955133
0.951396
0.946937
0.941422
0.935188
0.928068
0.920054
0.91149
0.902561
0.893302
0.883834
0.874379
0.864986
0.855662
0.846438
0.837418
0.828659
0.820113
0.811727
0.803506
0.795545
0.787876
0.780393
0.77355
0.766179
0.761644
0.956434
0.976313
0.991522
0.986661
0.986215
0.980549
0.96839
0.956111
0.945151
0.934765
0.92484
0.915292
0.905905
0.89666
0.887524
0.878347
0.869159
0.85988
0.850679
0.841833
0.833194
0.824591
0.816152
0.807954
0.799923
0.792163
0.784638
0.777969
0.77094
0.768999
0.817935
0.944503
0.976263
0.959197
0.972004
0.976885
0.968613
0.958297
0.948416
0.938733
0.929058
0.91928
0.909512
0.899865
0.890288
0.880778
0.871429
0.862157
0.852988
0.844073
0.835345
0.826737
0.818336
0.810157
0.802085
0.794243
0.7867
0.77995
0.773044
0.771585
0.0555353
0.0860863
0.13138
0.170782
0.205259
0.238909
0.270468
0.298356
0.322837
0.34482
0.364789
0.382916
0.399409
0.414476
0.428307
0.441048
0.45282
0.463717
0.473795
0.483153
0.491818
0.499753
0.507313
0.51449
0.521278
0.527779
0.533767
0.53921
0.54464
0.549615
0.173822
0.196428
0.229586
0.262328
0.292106
0.319819
0.345477
0.368533
0.388937
0.407043
0.423239
0.437796
0.450885
0.462696
0.473434
0.48326
0.492284
0.500602
0.508326
0.515518
0.522301
0.528829
0.534783
0.540216
0.545216
0.549763
0.554267
0.558498
0.562947
0.567474
0.391572
0.40136
0.418453
0.439221
0.459931
0.478909
0.495638
0.509915
0.521819
0.531699
0.539977
0.546972
0.552912
0.558002
0.562439
0.566374
0.569912
0.573136
0.576119
0.578905
0.581511
0.583967
0.586268
0.588459
0.590586
0.592649
0.594682
0.596586
0.598427
0.600527
0.629949
0.636049
0.645676
0.657218
0.666926
0.673567
0.677715
0.680007
0.680789
0.680366
0.679078
0.67723
0.675036
0.672656
0.670223
0.667808
0.665441
0.663148
0.660963
0.658897
0.65695
0.655149
0.653504
0.652003
0.650637
0.649397
0.648286
0.647239
0.646352
0.645152
0.827904
0.833522
0.836092
0.836491
0.834308
0.82985
0.824057
0.817625
0.810781
0.80359
0.796176
0.788708
0.781315
0.774079
0.767064
0.760283
0.753731
0.747414
0.741346
0.735546
0.730029
0.724802
0.719852
0.715161
0.710726
0.706558
0.702648
0.698957
0.69547
0.69122
0.940252
0.939739
0.936019
0.931679
0.926479
0.919482
0.910949
0.901754
0.892398
0.882964
0.873467
0.863986
0.854617
0.845428
0.836447
0.827654
0.819053
0.810654
0.802484
0.794578
0.78696
0.779645
0.772635
0.765921
0.759496
0.753369
0.74751
0.741963
0.736467
0.730281
0.983723
0.97738
0.969054
0.961876
0.957422
0.952135
0.944753
0.936373
0.927851
0.919251
0.910446
0.901439
0.892326
0.883185
0.874084
0.865038
0.856041
0.847131
0.83838
0.829805
0.821408
0.813225
0.805286
0.797592
0.79014
0.782962
0.77599
0.769359
0.762584
0.755844
0.995618
0.988378
0.97889
0.96739
0.962787
0.957672
0.950351
0.943059
0.936537
0.930074
0.923053
0.915441
0.907485
0.899124
0.890325
0.881378
0.872436
0.863548
0.854774
0.846149
0.837663
0.829313
0.82112
0.813058
0.805156
0.797496
0.790015
0.783013
0.775643
0.770278
0.961012
0.982219
0.996242
0.993778
0.992767
0.981981
0.965492
0.951437
0.941036
0.932541
0.924605
0.916827
0.908951
0.901009
0.892924
0.88444
0.875712
0.866915
0.858154
0.849492
0.840911
0.832412
0.824033
0.815844
0.807836
0.800059
0.792421
0.785549
0.778363
0.77596
0.827077
0.964252
0.986275
0.956032
0.966712
0.972196
0.964527
0.955246
0.946729
0.938376
0.929784
0.920929
0.911779
0.902665
0.893663
0.884578
0.875533
0.866539
0.857611
0.848808
0.840139
0.831603
0.823218
0.815055
0.807063
0.79926
0.791646
0.784761
0.777702
0.776038
0.0580674
0.0895543
0.13589
0.17643
0.211657
0.245818
0.277831
0.306059
0.330676
0.352854
0.373063
0.39123
0.407607
0.422486
0.436118
0.448626
0.460144
0.470783
0.480589
0.489654
0.49805
0.505819
0.513067
0.519889
0.526274
0.532248
0.537884
0.543096
0.548249
0.553146
0.181545
0.205182
0.239182
0.272529
0.302846
0.33106
0.357114
0.380458
0.401099
0.419129
0.43495
0.449178
0.462016
0.473589
0.484036
0.493524
0.502178
0.510104
0.517429
0.524206
0.530498
0.536395
0.541879
0.546951
0.551702
0.55614
0.560328
0.564146
0.5681
0.572281
0.404658
0.415106
0.432863
0.454285
0.475538
0.494888
0.511815
0.52612
0.537909
0.547556
0.555521
0.562198
0.567835
0.572603
0.576642
0.580109
0.583154
0.585899
0.588415
0.590714
0.592798
0.594711
0.596511
0.598249
0.599944
0.60159
0.603163
0.604616
0.605953
0.607613
0.645362
0.652367
0.662316
0.673823
0.683262
0.689531
0.693302
0.695254
0.695742
0.695056
0.693517
0.691432
0.689025
0.686447
0.683797
0.681133
0.678493
0.675916
0.67343
0.671038
0.668743
0.666575
0.664559
0.662692
0.660964
0.659359
0.657851
0.656421
0.655076
0.653538
0.837895
0.843418
0.845837
0.84608
0.843785
0.839261
0.833439
0.827025
0.82025
0.813157
0.805846
0.79848
0.79119
0.784049
0.777089
0.770317
0.763735
0.757371
0.751254
0.745389
0.739773
0.734407
0.729293
0.724423
0.719798
0.715417
0.711248
0.707299
0.703477
0.699087
0.94459
0.943771
0.939795
0.935307
0.93018
0.923401
0.915105
0.90614
0.897039
0.887904
0.878741
0.869622
0.86061
0.851729
0.842969
0.834324
0.825821
0.817516
0.809447
0.801633
0.794078
0.786789
0.779769
0.773015
0.766521
0.760291
0.75427
0.748565
0.742807
0.736601
0.984957
0.97865
0.969809
0.961593
0.956749
0.951949
0.945407
0.937797
0.929867
0.921732
0.913324
0.904692
0.895956
0.887189
0.878429
0.869669
0.860891
0.852153
0.843529
0.835051
0.826739
0.818625
0.81073
0.803057
0.795595
0.788364
0.781278
0.774586
0.767532
0.760899
0.99653
0.990843
0.981023
0.965503
0.958849
0.955002
0.949962
0.944495
0.939013
0.933091
0.92653
0.919375
0.911537
0.902826
0.89381
0.885077
0.876444
0.867823
0.859242
0.85072
0.842278
0.833961
0.825778
0.817727
0.809816
0.802101
0.794475
0.787402
0.779508
0.774293
0.960937
0.983181
0.998031
0.991871
0.990074
0.982784
0.969563
0.956786
0.946396
0.937195
0.928319
0.919709
0.911424
0.903518
0.89552
0.887017
0.878303
0.869553
0.860852
0.852253
0.843767
0.835384
0.827122
0.819001
0.811012
0.803255
0.795602
0.78878
0.781435
0.779279
0.822844
0.952699
0.986664
0.96212
0.971247
0.977038
0.969414
0.959645
0.950583
0.941648
0.93238
0.922947
0.913686
0.904932
0.89606
0.886772
0.877626
0.868596
0.85965
0.85085
0.842211
0.833705
0.825356
0.817188
0.809172
0.801365
0.793715
0.786828
0.779626
0.778163
0.0575279
0.0887353
0.135301
0.175822
0.21114
0.245535
0.277779
0.306195
0.331044
0.353206
0.37311
0.391277
0.407895
0.422873
0.436447
0.448758
0.460259
0.471067
0.480916
0.489942
0.498246
0.505802
0.513034
0.519999
0.526271
0.53225
0.538072
0.543318
0.54839
0.553223
0.181611
0.205972
0.240835
0.274432
0.304506
0.332366
0.358136
0.381253
0.401619
0.419637
0.435805
0.450081
0.462623
0.473975
0.484398
0.494072
0.502714
0.510366
0.517532
0.52428
0.530655
0.536804
0.54229
0.54713
0.551954
0.556364
0.560263
0.563939
0.567887
0.572158
0.406112
0.41638
0.433744
0.454895
0.475974
0.495227
0.512112
0.526412
0.538209
0.547871
0.555863
0.562528
0.56812
0.57287
0.576906
0.580372
0.5834
0.586112
0.588613
0.590897
0.592965
0.594868
0.596649
0.598358
0.600046
0.601643
0.603138
0.604567
0.605893
0.60756
0.642597
0.648931
0.659367
0.671689
0.681836
0.688607
0.692713
0.694882
0.695498
0.69489
0.693427
0.691412
0.68904
0.686463
0.683795
0.681125
0.678497
0.675922
0.673421
0.671009
0.668705
0.666548
0.664547
0.662676
0.660934
0.659307
0.657767
0.656313
0.65495
0.653385
0.837412
0.843035
0.845577
0.845926
0.843684
0.839169
0.833333
0.826896
0.820095
0.812984
0.805674
0.79831
0.791009
0.783847
0.776865
0.770087
0.763521
0.757172
0.751057
0.745189
0.739572
0.73421
0.729094
0.724216
0.719582
0.715189
0.711002
0.707044
0.703218
0.698817
0.944219
0.943249
0.939243
0.934854
0.929844
0.923128
0.914845
0.905869
0.896756
0.887615
0.878456
0.869344
0.860334
0.851441
0.84266
0.83401
0.82552
0.817229
0.809168
0.801354
0.793793
0.786495
0.779461
0.77269
0.76618
0.759933
0.753897
0.74818
0.742417
0.736186
0.984637
0.978262
0.969765
0.96203
0.957439
0.952602
0.945846
0.937989
0.929864
0.921598
0.913115
0.904447
0.895694
0.886914
0.878133
0.869355
0.860576
0.851838
0.843203
0.834713
0.826398
0.818279
0.810371
0.802676
0.795189
0.787928
0.780822
0.774119
0.767078
0.760419
0.996121
0.99014
0.981075
0.967507
0.960733
0.956218
0.950465
0.944461
0.938677
0.932626
0.926014
0.918834
0.911009
0.902375
0.893405
0.884637
0.875984
0.867358
0.858762
0.850228
0.841771
0.833427
0.825217
0.817145
0.809217
0.80151
0.793887
0.786814
0.778945
0.773692
0.96112
0.983512
0.998804
0.993572
0.990944
0.982758
0.968597
0.955316
0.944959
0.936025
0.927435
0.919058
0.910931
0.903074
0.895078
0.88659
0.877875
0.869125
0.860431
0.851819
0.843307
0.83491
0.826637
0.818503
0.810512
0.802736
0.795071
0.788241
0.780903
0.778747
0.825112
0.957347
0.986589
0.95854
0.969753
0.975756
0.968291
0.95862
0.94972
0.940936
0.931792
0.922454
0.913221
0.904412
0.895527
0.886284
0.877127
0.868085
0.859141
0.850324
0.84168
0.833187
0.824838
0.816672
0.808664
0.800833
0.793172
0.786268
0.77907
0.777642
0.0552067
0.0854939
0.130659
0.170057
0.204491
0.238084
0.26961
0.297475
0.321959
0.343923
0.36387
0.382033
0.39856
0.413644
0.427463
0.440173
0.451944
0.462862
0.472952
0.482313
0.49097
0.49889
0.506535
0.513933
0.520694
0.526963
0.532888
0.538364
0.543828
0.548906
0.172955
0.195408
0.228355
0.260967
0.290687
0.318416
0.344128
0.367247
0.387704
0.405872
0.422124
0.436686
0.449772
0.461594
0.472354
0.482211
0.491255
0.499593
0.507348
0.514565
0.521389
0.527971
0.53386
0.539055
0.544091
0.548947
0.553594
0.557843
0.562247
0.566751
0.389642
0.399673
0.416929
0.437761
0.458539
0.477622
0.494452
0.508807
0.520772
0.530687
0.53896
0.545945
0.551919
0.557062
0.561526
0.565451
0.568973
0.572212
0.575228
0.578032
0.580633
0.583075
0.585377
0.587602
0.58979
0.591889
0.593903
0.595786
0.597624
0.59973
0.628487
0.635045
0.644856
0.656404
0.66603
0.672569
0.676629
0.678859
0.679604
0.679166
0.677884
0.67605
0.673877
0.671513
0.669066
0.666623
0.664242
0.661957
0.659783
0.65773
0.655809
0.65405
0.652451
0.650981
0.649633
0.648398
0.64728
0.646234
0.645357
0.644163
0.826684
0.832539
0.835228
0.835597
0.833312
0.82877
0.822944
0.816519
0.809707
0.802563
0.795197
0.787764
0.780395
0.773172
0.76614
0.759327
0.752745
0.746411
0.740344
0.734555
0.729053
0.723838
0.718893
0.714206
0.709781
0.705611
0.70168
0.697961
0.694454
0.690174
0.9396
0.93921
0.93549
0.931034
0.925686
0.918596
0.910051
0.900898
0.891599
0.882211
0.872742
0.863274
0.853907
0.844693
0.83565
0.826785
0.818116
0.809673
0.801485
0.793574
0.785956
0.778637
0.771619
0.7649
0.758474
0.752333
0.746441
0.740846
0.735317
0.729063
0.983375
0.977101
0.968542
0.960842
0.956153
0.950977
0.943846
0.935711
0.927355
0.918816
0.909986
0.900918
0.891738
0.88252
0.873306
0.864128
0.85502
0.846027
0.837195
0.82856
0.820144
0.811961
0.804019
0.79632
0.788859
0.781643
0.774629
0.767965
0.761231
0.754458
0.995641
0.98909
0.97935
0.965375
0.95968
0.955444
0.949299
0.942793
0.936663
0.930257
0.923062
0.915229
0.90704
0.898463
0.889542
0.880482
0.87142
0.862415
0.853516
0.84478
0.836211
0.827799
0.819564
0.811506
0.803635
0.795979
0.788479
0.781436
0.774133
0.768746
0.960492
0.981974
0.996307
0.991271
0.990108
0.981633
0.966852
0.953291
0.942709
0.9336
0.925057
0.916816
0.908629
0.900462
0.892129
0.883461
0.874619
0.865754
0.856934
0.848167
0.839501
0.830981
0.822588
0.814359
0.806303
0.798488
0.790847
0.784005
0.776876
0.774561
0.824406
0.956174
0.984393
0.958595
0.96829
0.974021
0.966266
0.95655
0.947444
0.938554
0.929581
0.920443
0.911114
0.901871
0.892673
0.883416
0.874226
0.865149
0.856181
0.847309
0.838587
0.830037
0.821642
0.813441
0.805422
0.797629
0.790051
0.783214
0.776215
0.774644
0.050675
0.079583
0.122924
0.160493
0.193463
0.225881
0.256369
0.283422
0.307377
0.329053
0.348897
0.367084
0.383764
0.399114
0.413313
0.426499
0.438782
0.450267
0.460969
0.47095
0.48028
0.488936
0.49709
0.50484
0.51212
0.51893
0.525372
0.531301
0.537283
0.542499
0.156934
0.176957
0.207625
0.238869
0.267936
0.29531
0.320818
0.343875
0.364416
0.382803
0.399408
0.41446
0.428133
0.440618
0.452097
0.462725
0.472591
0.481751
0.490291
0.498294
0.505863
0.512995
0.519644
0.525894
0.531834
0.537411
0.542714
0.547511
0.55262
0.55735
0.359561
0.36797
0.384345
0.404331
0.424415
0.443067
0.459759
0.474249
0.486583
0.497067
0.506064
0.513873
0.520726
0.52681
0.532277
0.53725
0.541848
0.546164
0.550267
0.554172
0.557883
0.561428
0.564841
0.568148
0.571335
0.57436
0.577288
0.579963
0.582871
0.585616
0.596161
0.601358
0.610053
0.620683
0.629816
0.636277
0.640503
0.643027
0.644156
0.644189
0.643451
0.642224
0.640708
0.639042
0.637336
0.635675
0.634122
0.632701
0.631418
0.630287
0.629319
0.628518
0.627881
0.627391
0.627033
0.626778
0.626655
0.626496
0.626701
0.626331
0.803652
0.809075
0.81132
0.811141
0.808287
0.803266
0.797073
0.790347
0.783267
0.775874
0.768277
0.760642
0.753111
0.745779
0.738708
0.73194
0.725507
0.719427
0.713716
0.708376
0.703408
0.6988
0.694531
0.690581
0.686937
0.683561
0.680473
0.677472
0.675088
0.671374
0.929188
0.928961
0.92498
0.919737
0.913247
0.905129
0.895897
0.886267
0.876511
0.86661
0.856577
0.846517
0.836552
0.826768
0.817215
0.807927
0.798935
0.790273
0.781966
0.77403
0.766473
0.759295
0.752489
0.746051
0.739969
0.734215
0.728788
0.72359
0.718801
0.712843
0.980649
0.974032
0.96496
0.956679
0.95096
0.944767
0.936956
0.928317
0.919419
0.910255
0.900764
0.891023
0.88115
0.871248
0.861391
0.851647
0.842075
0.832719
0.823614
0.814784
0.80624
0.797999
0.790064
0.782435
0.7751
0.768062
0.761261
0.754853
0.748293
0.742097
0.994588
0.986346
0.975735
0.961502
0.955828
0.952248
0.94698
0.940821
0.934242
0.926876
0.918744
0.910048
0.900963
0.891642
0.88212
0.872497
0.862912
0.853453
0.844165
0.835078
0.826198
0.817516
0.809083
0.800903
0.792942
0.785285
0.777785
0.7709
0.763394
0.75905
0.956318
0.97632
0.990548
0.986246
0.986394
0.979369
0.966368
0.954198
0.94359
0.93325
0.923138
0.913485
0.904146
0.89487
0.88558
0.876265
0.866983
0.857763
0.848627
0.839568
0.830677
0.822072
0.813617
0.805346
0.797319
0.789557
0.781962
0.775345
0.768321
0.76665
0.817004
0.945762
0.978638
0.959069
0.969525
0.974633
0.966752
0.956827
0.947003
0.937188
0.927236
0.917348
0.907558
0.897824
0.888174
0.8786
0.86915
0.859845
0.850693
0.841681
0.832857
0.824261
0.815817
0.807574
0.799553
0.791754
0.784192
0.777473
0.77059
0.769352
0.0450829
0.0722615
0.113374
0.148383
0.179322
0.210206
0.239602
0.265991
0.289629
0.311265
0.331295
0.349877
0.367105
0.383077
0.39793
0.411792
0.424762
0.436913
0.448313
0.458997
0.468872
0.478286
0.487408
0.495891
0.503648
0.511058
0.518148
0.524712
0.531585
0.537143
0.136701
0.154485
0.183244
0.212687
0.240501
0.267207
0.292476
0.315632
0.33655
0.355521
0.372845
0.388688
0.403217
0.416632
0.429121
0.440832
0.451837
0.46219
0.471932
0.481174
0.490053
0.49826
0.505748
0.512982
0.520079
0.526648
0.532826
0.538324
0.544292
0.5495
0.319853
0.325974
0.340812
0.359656
0.378908
0.39717
0.413939
0.428958
0.442243
0.453986
0.464458
0.473882
0.482426
0.490253
0.497503
0.504279
0.51067
0.516751
0.522568
0.528147
0.533523
0.538653
0.543573
0.548354
0.552974
0.557336
0.561596
0.565389
0.570018
0.573636
0.547897
0.550128
0.557377
0.567148
0.576071
0.582992
0.588091
0.591607
0.593695
0.594713
0.595049
0.595019
0.594834
0.594642
0.594541
0.594589
0.594821
0.595254
0.595878
0.596676
0.597635
0.598729
0.599934
0.601223
0.602583
0.603961
0.605476
0.606678
0.608947
0.609766
0.768438
0.771953
0.773007
0.772621
0.770208
0.765765
0.759929
0.753219
0.745921
0.73823
0.730367
0.722574
0.715049
0.707922
0.701271
0.695136
0.689539
0.684476
0.679921
0.675853
0.672242
0.669041
0.6662
0.663688
0.661493
0.659537
0.657906
0.656128
0.655613
0.653189
0.911045
0.909135
0.904903
0.901036
0.89606
0.88878
0.879439
0.868786
0.857406
0.845679
0.833929
0.822422
0.811331
0.800744
0.790694
0.781195
0.772256
0.763866
0.756016
0.74869
0.74187
0.735531
0.72963
0.724138
0.719041
0.714271
0.709896
0.705553
0.702274
0.69729
0.973654
0.962371
0.951537
0.945636
0.942788
0.938432
0.931176
0.921838
0.911432
0.900517
0.889361
0.878203
0.867198
0.856392
0.845873
0.835709
0.825932
0.816532
0.807514
0.798909
0.790707
0.782882
0.775434
0.768345
0.76159
0.755142
0.749021
0.743153
0.737618
0.732158
0.99067
0.97471
0.96197
0.951416
0.948917
0.947007
0.942476
0.936244
0.92911
0.921077
0.912285
0.903
0.893393
0.883545
0.873661
0.863899
0.854284
0.844897
0.835761
0.826932
0.818365
0.810005
0.801949
0.79418
0.786671
0.779433
0.772474
0.766013
0.758963
0.755151
0.946831
0.962547
0.981898
0.984283
0.983808
0.971983
0.955935
0.944031
0.935305
0.926857
0.918049
0.909212
0.900345
0.891511
0.882499
0.873264
0.863952
0.854706
0.845596
0.836605
0.827827
0.819349
0.81108
0.803044
0.795246
0.787747
0.780431
0.773908
0.76702
0.765636
0.80243
0.941617
0.977624
0.961065
0.971133
0.971298
0.961172
0.950977
0.941733
0.932665
0.923436
0.914129
0.904738
0.895412
0.886077
0.876661
0.8673
0.858041
0.848946
0.839966
0.831193
0.822688
0.814341
0.806198
0.798269
0.790617
0.783142
0.776459
0.769632
0.768823
0.0432994
0.0694093
0.108817
0.142873
0.172969
0.202903
0.231508
0.257397
0.280783
0.302362
0.322525
0.341345
0.358843
0.375145
0.390396
0.404695
0.418114
0.430709
0.442548
0.453658
0.464049
0.473918
0.483304
0.492055
0.500209
0.507966
0.515298
0.522109
0.529028
0.533893
0.124999
0.142579
0.170698
0.199572
0.226867
0.253091
0.27801
0.301001
0.321959
0.341159
0.358832
0.375154
0.390323
0.404502
0.417813
0.430345
0.442151
0.453272
0.463745
0.473622
0.482948
0.491749
0.500017
0.507793
0.515153
0.522104
0.528685
0.534635
0.540885
0.54536
0.286595
0.293198
0.309093
0.328902
0.349049
0.368269
0.386093
0.402217
0.416614
0.429513
0.441199
0.451891
0.461747
0.470896
0.479457
0.487532
0.495187
0.502466
0.509405
0.516031
0.522366
0.528438
0.534254
0.539801
0.545088
0.550112
0.554957
0.559301
0.564247
0.567275
0.500842
0.502235
0.510343
0.521365
0.531609
0.539978
0.546682
0.551979
0.556056
0.559195
0.56172
0.56389
0.565878
0.567796
0.569717
0.571691
0.573742
0.57587
0.578067
0.580315
0.582602
0.584922
0.587257
0.589581
0.591889
0.594144
0.596403
0.598286
0.60102
0.601531
0.729672
0.732695
0.733928
0.733491
0.730501
0.725362
0.719159
0.712607
0.705978
0.69944
0.693168
0.687288
0.681859
0.676895
0.672401
0.668372
0.664793
0.661642
0.658884
0.656485
0.654402
0.652605
0.651063
0.64974
0.648613
0.647632
0.646841
0.645854
0.645799
0.643455
0.896636
0.898631
0.895478
0.888799
0.878824
0.866444
0.853075
0.839706
0.826817
0.814591
0.803119
0.792423
0.782451
0.773141
0.764451
0.756353
0.748822
0.741833
0.735352
0.729344
0.723772
0.718595
0.713788
0.70932
0.705158
0.701262
0.697637
0.694034
0.691159
0.68652
0.984475
0.977304
0.970309
0.961855
0.950193
0.936439
0.922225
0.908543
0.89557
0.883202
0.871336
0.859928
0.84897
0.838425
0.828291
0.818584
0.809316
0.800495
0.792106
0.784126
0.776535
0.769304
0.762432
0.755895
0.749667
0.743735
0.738058
0.732637
0.727473
0.722058
1.00847
0.987657
0.98235
0.974099
0.963201
0.952858
0.942876
0.933152
0.923762
0.914422
0.904898
0.895128
0.885183
0.875148
0.865111
0.855195
0.845488
0.836047
0.826887
0.81803
0.809487
0.801234
0.793271
0.785599
0.778214
0.771112
0.764216
0.757812
0.751196
0.746627
0.941762
0.953767
0.980364
0.978111
0.972163
0.965856
0.956608
0.946616
0.936972
0.927417
0.917735
0.907956
0.898129
0.888345
0.878622
0.868989
0.85947
0.850097
0.840898
0.831899
0.823117
0.814567
0.806252
0.798177
0.790343
0.782773
0.775412
0.768734
0.761896
0.759316
0.779687
0.95532
0.972819
0.956419
0.966077
0.966956
0.959449
0.950302
0.941082
0.931769
0.922299
0.912768
0.903184
0.893575
0.883977
0.874429
0.864978
0.85566
0.846507
0.837518
0.82871
0.820109
0.811699
0.803495
0.795503
0.787767
0.780264
0.773504
0.76661
0.765253
)
;

boundaryField
{
    inlet_one
    {
        type            fixedValue;
        value           uniform 0;
    }
    inlet_two
    {
        type            fixedValue;
        value           uniform 1;
    }
    outlet
    {
        type            zeroGradient;
    }
    walls
    {
        type            zeroGradient;
    }
}


// ************************************************************************* //
