/*--------------------------------*- C++ -*----------------------------------*\
| =========                 |                                                 |
| \\      /  F ield         | OpenFOAM: The Open Source CFD Toolbox           |
|  \\    /   O peration     | Version:  2112                                  |
|   \\  /    A nd           | Website:  www.openfoam.com                      |
|    \\/     M anipulation  |                                                 |
\*---------------------------------------------------------------------------*/
FoamFile
{
    version     2.0;
    format      ascii;
    arch        "LSB;label=32;scalar=64";
    class       volScalarField;
    location    "1";
    object      Ma;
}
// * * * * * * * * * * * * * * * * * * * * * * * * * * * * * * * * * * * * * //

dimensions      [0 0 0 0 0 0 0];

internalField   nonuniform List<scalar> 
5250
(
3
2.99999
2.99996
2.99992
2.99974
2.99948
2.99844
2.99695
2.99097
2.98174
2.94902
2.88269
2.70842
2.26447
1.45654
0.546726
0.177113
0.300331
0.326283
0.280658
0.218997
0.167109
0.121801
0.0806879
0.0450148
3
2.99999
2.99996
2.99992
2.99974
2.99949
2.99846
2.99699
2.99108
2.98198
2.94967
2.88477
2.71249
2.2773
1.47444
0.558262
0.184843
0.304819
0.330259
0.284839
0.224684
0.174698
0.131744
0.0947021
0.0675039
3
2.99999
2.99996
2.99992
2.99975
2.9995
2.99849
2.99706
2.99131
2.98248
2.95092
2.88901
2.72047
2.30428
1.51258
0.584504
0.202997
0.3154
0.340073
0.296072
0.23959
0.193523
0.155454
0.125111
0.10559
3
2.99999
2.99997
2.99992
2.99976
2.99952
2.99855
2.99717
2.99163
2.98318
2.95268
2.89453
2.73163
2.34069
1.56645
0.623182
0.229545
0.330917
0.354436
0.313247
0.262149
0.220739
0.187838
0.16307
0.148162
3
3
2.99997
2.99993
2.99977
2.99954
2.99862
2.99731
2.99202
2.98401
2.95492
2.90026
2.74507
2.37813
1.63012
0.668908
0.263292
0.349746
0.371154
0.334458
0.290149
0.253524
0.225351
0.205271
0.193608
3
3
2.99997
2.99993
2.99978
2.99957
2.9987
2.99747
2.99249
2.98498
2.95748
2.90644
2.75987
2.41486
1.69497
0.720711
0.30578
0.371506
0.388951
0.358665
0.322474
0.291154
0.268216
0.252514
0.244341
3
3
2.99997
2.99994
2.9998
2.99961
2.99881
2.99769
2.99309
2.98624
2.96071
2.91374
2.77797
2.45183
1.76748
0.788336
0.359022
0.39592
0.406357
0.385885
0.359002
0.333666
0.316249
0.306659
0.304614
3
3
2.99998
2.99995
2.99983
2.99966
2.99895
2.99796
2.99391
2.98773
2.96564
2.92064
2.80218
2.48851
1.8754
0.868127
0.422399
0.417658
0.424796
0.417396
0.3987
0.380629
0.371462
0.370109
0.379456
3
3
2.99998
2.99996
2.99985
2.99971
2.99911
2.99824
2.99485
2.98927
2.97035
2.92888
2.82363
2.53368
1.9806
0.969378
0.496705
0.43841
0.449215
0.453661
0.442371
0.43417
0.434185
0.448345
0.482928
3
3
2.99999
2.99997
2.99988
2.99976
2.99926
2.99851
2.9958
2.99075
2.97544
2.93819
2.84885
2.58699
2.09439
1.11752
0.588944
0.465178
0.479553
0.49327
0.491168
0.493001
0.507385
0.55182
0.653038
3.00001
3
2.99999
2.99996
2.99992
2.99975
2.99948
2.9985
2.99681
2.99138
2.97943
2.94757
2.86305
2.6787
2.15967
1.32607
0.695718
0.506717
0.521579
0.539197
0.544438
0.557038
0.592424
0.678139
0.855252
3.00001
3
2.99999
2.99998
2.99992
2.99983
2.99947
2.99894
2.99701
2.99344
2.98265
2.95698
2.89353
2.7136
2.35632
1.53154
0.827503
0.565215
0.578669
0.593949
0.604958
0.626345
0.676357
0.781931
0.969603
3.00001
3
2.99999
2.99998
2.99993
2.99985
2.99953
2.99909
2.99723
2.9946
2.98404
2.96707
2.9104
2.78488
2.48486
1.81849
0.968186
0.630462
0.634434
0.647319
0.665445
0.692893
0.748115
0.849518
1.01575
3.00001
3
3
2.99999
2.99994
2.99988
2.99963
2.99927
2.99778
2.99566
2.98719
2.97378
2.92728
2.82682
2.5823
1.98585
1.13257
0.706825
0.67371
0.689657
0.715006
0.750138
0.806854
0.896351
1.03453
3.00001
3
3
2.99999
2.99996
2.99991
2.9997
2.99942
2.99826
2.99657
2.9901
2.97908
2.94359
2.86078
2.66973
2.14794
1.34989
0.816204
0.705884
0.722908
0.751517
0.793267
0.851112
0.930523
1.04685
3.00001
3.00001
3
2.99999
2.99997
2.99993
2.99977
2.99954
2.9986
2.99727
2.99187
2.98364
2.95401
2.8959
2.73995
2.34786
1.62466
0.950334
0.75093
0.760357
0.788587
0.831099
0.887073
0.95695
1.05499
3.00001
3.00001
3
3
2.99998
2.99995
2.99982
2.99965
2.99894
2.99793
2.9938
2.9877
2.96463
2.9241
2.80039
2.52556
1.90367
1.11244
0.819162
0.806229
0.828315
0.865809
0.918419
0.982289
1.06412
3.00001
3.00001
3
3
2.99998
2.99996
2.99987
2.99975
2.99923
2.9985
2.99557
2.99106
2.97487
2.94333
2.85386
2.62891
2.16634
1.30066
0.911429
0.848069
0.866996
0.898425
0.944925
1.00503
1.07601
3.00001
3.00001
3
3
2.99999
2.99997
2.99991
2.99982
2.99944
2.9989
2.99675
2.99346
2.98177
2.9591
2.89409
2.72861
2.38095
1.62503
1.06849
0.906295
0.906749
0.930606
0.97002
1.02363
1.08862
3.00001
3.00001
3.00001
3
3
2.99998
2.99995
2.99984
2.99968
2.99903
2.99806
2.99434
2.98843
2.96768
2.92893
2.8146
2.56775
1.96713
1.26112
0.987315
0.955325
0.968916
1.00218
1.04723
1.10391
3.00001
3.00001
3.00001
3
3
2.99999
2.99997
2.99989
2.99977
2.99931
2.99865
2.996
2.99204
2.97725
2.95115
2.87362
2.68965
2.27693
1.51897
1.10665
1.00601
1.00839
1.03239
1.07538
1.12437
3.00001
3.00001
3.00001
3.00001
3
3
2.99997
2.99994
2.99982
2.99963
2.99891
2.9978
2.99371
2.98686
2.96431
2.91932
2.79392
2.51712
1.87325
1.28086
1.07945
1.05339
1.06593
1.09854
1.14645
3.00001
3.00001
3.00001
3.00001
3
3
2.99999
2.99996
2.99991
2.99971
2.99942
2.99832
2.99657
2.99059
2.97904
2.94616
2.86397
2.68781
2.20221
1.4972
1.16885
1.1095
1.10867
1.12898
1.16453
3.00001
3.00001
3.00001
3.00001
3.00001
3
2.99999
2.99998
2.99993
2.99985
2.99954
2.99908
2.99734
2.99456
2.9852
2.9664
2.91484
2.78289
2.50712
1.86265
1.33451
1.17021
1.15335
1.16427
1.18945
3.00001
3.00001
3.00001
3.00001
3.00001
3
3
2.99999
2.99995
2.9999
2.9997
2.99941
2.99825
2.99657
2.9901
2.97955
2.94469
2.86751
2.68969
2.22707
1.56751
1.2591
1.19776
1.19715
1.21587
3.00001
3.00001
3.00001
3.00001
3.00001
3.00001
3
3
2.99997
2.99994
2.99981
2.99963
2.9989
2.99783
2.99367
2.98725
2.96451
2.9217
2.80224
2.52669
1.94011
1.42184
1.25557
1.23593
1.24595
3.00001
3.00001
3.00001
3.00001
3.00001
3.00001
3
3
2.99999
2.99996
2.99991
2.99973
2.99946
2.99844
2.99686
2.99127
2.98119
2.95092
2.87924
2.72137
2.29371
1.66349
1.35037
1.28096
1.27799
3.00001
3.00001
3.00001
3.00001
3.00001
3.00001
3.00001
3
3
2.99998
2.99995
2.99983
2.99967
2.99901
2.99806
2.99434
2.9887
2.96853
2.93273
2.82671
2.60424
2.07495
1.53546
1.34228
1.31756
3.00001
3.00001
3.00001
3.00001
3.00001
3.00001
3.00001
3
3
2.99999
2.99997
2.99991
2.99981
2.99942
2.99886
2.99669
2.99338
2.98148
2.96023
2.89786
2.75843
2.42804
1.82784
1.45603
1.36338
3.00001
3.00001
3.00001
3.00001
3.00001
3.00001
3.00001
3.00001
3
3
2.99998
2.99996
2.99987
2.99973
2.99921
2.99841
2.99546
2.99072
2.97452
2.94521
2.85607
2.68153
2.205
1.68212
1.4473
3.00001
3.00001
3.00001
3.00001
3.00001
3.00001
3.00001
3.00001
3.00001
3
2.99999
2.99998
2.99993
2.99985
2.99955
2.99913
2.99745
2.99496
2.98578
2.97017
2.92226
2.81845
2.57295
2.04097
1.61127
3.00001
3.00001
3.00001
3.00001
3.00001
3.00001
3.00001
3.00001
3.00001
3
3
2.99999
2.99996
2.99992
2.99976
2.99952
2.9986
2.99725
2.99217
2.98382
2.95712
2.89806
2.76356
2.4017
1.85509
3.00001
3.00001
3.00001
3.00001
3.00001
3.00001
3.00001
3.00001
3.00001
3.00001
3
3
2.99999
2.99995
2.9999
2.9997
2.99939
2.99823
2.99645
2.99
2.97915
2.94477
2.87183
2.69231
2.29588
3.00001
3.00001
3.00001
3.00001
3.00001
3.00001
3.00001
3.00001
3.00001
3.00001
3.00001
3
3
2.99998
2.99994
2.99987
2.99961
2.99922
2.99777
2.99549
2.98765
2.97332
2.93259
2.84046
2.62422
3.00001
3.00001
3.00001
3.00001
3.00001
3.00001
3.00001
3.00001
3.00001
3.00001
3.00001
3.00001
3
2.99999
2.99997
2.99993
2.99979
2.99959
2.9988
2.99766
2.99326
2.98646
2.96361
2.91629
2.80498
3.00001
3.00001
3.00001
3.00001
3.00001
3.00001
3.00001
3.00001
3.00001
3.00001
3.00001
3.00001
3
3
2.99999
2.99997
2.9999
2.99979
2.99938
2.99879
2.99647
2.99298
2.98021
2.95891
2.88946
3.00001
3.00001
3.00001
3.00001
3.00001
3.00001
3.00001
3.00001
3.00001
3.00001
3.00001
3.00001
3.00001
3
3
2.99998
2.99996
2.99988
2.99975
2.99927
2.99854
2.99591
2.99158
2.97744
2.95083
3.00001
3.00001
3.00001
3.00001
3.00001
3.00001
3.00001
3.00001
3.00001
3.00001
3.00001
3.00001
3.00001
3.00001
3
3
2.99999
2.99994
2.99988
2.99964
2.99929
2.99797
2.99597
2.98881
2.97692
3.00001
3.00001
3.00001
3.00001
3.00001
3.00001
3.00001
3.00001
3.00001
3.00001
3.00001
3.00001
3.00001
3.00001
3.00001
3
2.99999
2.99998
2.99994
2.99986
2.9996
2.9992
2.99775
2.99545
2.98757
3.00001
3.00001
3.00001
3.00001
3.00001
3.00001
3.00001
3.00001
3.00001
3.00001
3.00001
3.00001
3.00001
3.00001
3.00001
3.00001
3
3
2.99997
2.99994
2.99981
2.99963
2.99891
2.99788
2.99393
3.00001
3.00001
3.00001
3.00001
3.00001
3.00001
3.00001
3.00001
3.00001
3.00001
3.00001
3.00001
3.00001
3.00001
3.00001
3.00001
3
3
2.99999
2.99998
2.99992
2.99983
2.9995
2.99901
2.99717
3.00001
3.00001
3.00001
3.00001
3.00001
3.00001
3.00001
3.00001
3.00001
3.00001
3.00001
3.00001
3.00001
3.00001
3.00001
3.00001
3.00001
3
3
2.99999
2.99997
2.99991
2.99982
2.99947
2.99893
3.00001
3.00001
3.00001
3.00001
3.00001
3.00001
3.00001
3.00001
3.00001
3.00001
3.00001
3.00001
3.00001
3.00001
3.00001
3.00001
3.00001
3.00001
3
3
2.99999
2.99996
2.99992
2.99976
2.99953
3.00001
3.00001
3.00001
3.00001
3.00001
3.00001
3.00001
3.00001
3.00001
3.00001
3.00001
3.00001
3.00001
3.00001
3.00001
3.00001
3.00001
3.00001
3.00001
3
3
2.99999
2.99997
2.9999
2.9998
3.00001
3.00001
3.00001
3.00001
3.00001
3.00001
3.00001
3.00001
3.00001
3.00001
3.00001
3.00001
3.00001
3.00001
3.00001
3.00001
3.00001
3.00001
3.00001
3.00001
3
3
2.99999
2.99997
2.9999
3.00001
3.00001
3.00001
3.00001
3.00001
3.00001
3.00001
3.00001
3.00001
3.00001
3.00001
3.00001
3.00001
3.00001
3.00001
3.00001
3.00001
3.00001
3.00001
3.00001
3.00001
3
3
2.99999
2.99996
3.00001
3.00001
3.00001
3.00001
3.00001
3.00001
3.00001
3.00001
3.00001
3.00001
3.00001
3.00001
3.00001
3.00001
3.00001
3.00001
3.00001
3.00001
3.00001
3.00001
3.00001
3.00001
3
3
2.99999
3.00001
3.00001
3.00001
3.00001
3.00001
3.00001
3.00001
3.00001
3.00001
3.00001
3.00001
3.00001
3.00001
3.00001
3.00001
3.00001
3.00001
3.00001
3.00001
3.00001
3.00001
3.00001
3.00001
3
3
3.00001
3.00001
3.00001
3.00001
3.00001
3.00001
3.00001
3.00001
3.00001
3.00001
3.00001
3.00001
3.00001
3.00001
3.00001
3.00001
3.00001
3.00001
3.00001
3.00001
3.00001
3.00001
3.00001
3.00001
3
3.00001
3.00001
3.00001
3.00001
3.00001
3.00001
3.00001
3.00001
3.00001
3.00001
3.00001
3.00001
3.00001
3.00001
3.00001
3.00001
3.00001
3.00001
3.00001
3.00001
3.00001
3.00001
3.00001
3.00001
3.00001
1.0963
1.2905
1.3573
1.34236
1.28046
1.22088
1.15477
1.11965
1.11143
1.11646
1.12333
1.13155
1.13586
1.13851
1.14144
1.1459
1.1527
1.16139
1.17113
1.18157
1.19247
1.20371
1.21523
1.22695
1.23883
1.25081
1.26286
1.27493
1.28697
1.29893
1.31078
1.32247
1.33402
1.34543
1.35672
1.36791
1.37901
1.39
1.40084
1.41147
1.42182
1.43184
1.44146
1.45068
1.45945
1.46784
1.47581
1.48344
1.49073
1.49769
1.50435
1.51075
1.51692
1.52292
1.52869
1.53427
1.5397
1.5449
1.54985
1.55468
1.5593
1.56361
1.56807
1.57222
1.57632
1.58033
1.58409
1.58769
1.59091
1.59406
1.59638
1.59823
1.60015
1.602
1.60361
1.60493
1.60604
1.60681
1.6072
1.60724
1.60702
1.60641
1.60539
1.60407
1.60259
1.60056
1.59756
1.59479
1.59271
1.59234
1.59243
1.5937
1.59595
1.60269
1.61062
1.63036
1.64605
1.68146
1.70144
1.75966
1.13735
1.25877
1.33245
1.38492
1.43299
1.47881
1.49943
1.50052
1.49617
1.48151
1.47133
1.46342
1.46674
1.47072
1.47721
1.4841
1.49039
1.49642
1.50263
1.50933
1.51677
1.52488
1.53351
1.54257
1.55198
1.5616
1.57139
1.58123
1.59108
1.60091
1.6107
1.62043
1.63009
1.63967
1.64919
1.65865
1.66805
1.67741
1.68676
1.69606
1.70525
1.71429
1.72314
1.73169
1.73979
1.74742
1.75474
1.76172
1.76825
1.77433
1.78001
1.78526
1.7902
1.79473
1.79894
1.80289
1.80656
1.81007
1.81344
1.81665
1.81965
1.82244
1.82514
1.82778
1.82999
1.83213
1.83417
1.83566
1.83751
1.83956
1.84099
1.84234
1.84377
1.84511
1.84619
1.84689
1.84741
1.84778
1.84798
1.84812
1.84827
1.84846
1.84851
1.84854
1.84849
1.84831
1.84767
1.84662
1.84535
1.84373
1.84139
1.83963
1.83831
1.83833
1.83866
1.84078
1.84363
1.85244
1.85866
1.88498
1.14559
1.25511
1.35411
1.44882
1.53923
1.61079
1.65875
1.67053
1.66994
1.66373
1.64865
1.63963
1.63256
1.6351
1.63739
1.64172
1.64761
1.65386
1.66006
1.66634
1.67283
1.67963
1.68677
1.6943
1.7022
1.71045
1.71896
1.72765
1.73647
1.74539
1.75435
1.76334
1.77233
1.7813
1.79026
1.79921
1.80814
1.81707
1.826
1.8349
1.84369
1.85223
1.8604
1.86822
1.87583
1.88315
1.89004
1.89649
1.90267
1.90857
1.91417
1.91955
1.92463
1.92933
1.93364
1.93743
1.94074
1.94367
1.94613
1.94831
1.95043
1.95246
1.95443
1.9564
1.95822
1.95982
1.96121
1.96241
1.96329
1.96413
1.96507
1.96521
1.96557
1.96597
1.96644
1.96641
1.96635
1.966
1.96533
1.96467
1.96371
1.96314
1.96226
1.96178
1.96105
1.9607
1.95987
1.95929
1.95826
1.95775
1.95694
1.9568
1.95624
1.95664
1.95689
1.95949
1.96214
1.97088
1.97608
1.99928
1.16113
1.27089
1.37246
1.46528
1.54788
1.61847
1.67563
1.71877
1.74888
1.76114
1.76361
1.76205
1.75768
1.75179
1.74934
1.75114
1.75321
1.75773
1.76383
1.77083
1.77784
1.78472
1.7916
1.79867
1.80609
1.81392
1.82216
1.8307
1.83944
1.84827
1.8571
1.86585
1.87451
1.88305
1.89145
1.89967
1.90768
1.91554
1.92337
1.93106
1.93856
1.94596
1.95333
1.96073
1.96818
1.97562
1.98314
1.99076
1.99802
2.00481
2.01127
2.01739
2.02297
2.02769
2.0315
2.03462
2.03717
2.03936
2.04142
2.04338
2.04529
2.04735
2.04953
2.05158
2.05347
2.0552
2.05658
2.05743
2.05795
2.05824
2.05788
2.05742
2.05707
2.05649
2.05599
2.05534
2.05457
2.05367
2.05255
2.05132
2.04998
2.04862
2.04725
2.0461
2.04495
2.04446
2.04375
2.04412
2.04381
2.04475
2.04445
2.04544
2.0453
2.0468
2.0475
2.05109
2.0537
2.06242
2.06725
2.08856
1.16478
1.27234
1.36927
1.45862
1.54032
1.61405
1.68019
1.73683
1.78476
1.81903
1.84086
1.84696
1.8478
1.84634
1.84455
1.84047
1.84139
1.84252
1.84492
1.84921
1.85508
1.8621
1.86944
1.87702
1.88478
1.89271
1.90077
1.90892
1.91704
1.92501
1.93278
1.94038
1.94783
1.95522
1.96262
1.96987
1.977
1.9842
1.9915
1.99893
2.00652
2.01418
2.02199
2.03005
2.03797
2.04549
2.05272
2.05976
2.06649
2.0727
2.0781
2.08271
2.08665
2.09
2.09286
2.0954
2.09773
2.10003
2.10241
2.10492
2.10758
2.11026
2.11283
2.11523
2.11745
2.1192
2.12037
2.12095
2.12109
2.12065
2.11998
2.11911
2.11803
2.11685
2.11627
2.11526
2.11375
2.11251
2.11096
2.10949
2.10791
2.10655
2.10525
2.10407
2.10302
2.10259
2.10205
2.10254
2.10229
2.10327
2.10314
2.10443
2.10466
2.10698
2.10836
2.11346
2.11698
2.1277
2.13357
2.15734
1.16257
1.26506
1.35869
1.44492
1.52439
1.59711
1.66349
1.72193
1.77364
1.81746
1.8533
1.88063
1.8975
1.90689
1.90952
1.91027
1.91032
1.91041
1.91193
1.91429
1.91776
1.92338
1.93131
1.94021
1.94913
1.95771
1.96592
1.97378
1.98126
1.98841
1.99534
2.0022
2.00912
2.0161
2.02306
2.03016
2.03738
2.04474
2.0522
2.05974
2.06746
2.07531
2.08297
2.0904
2.09773
2.1049
2.11178
2.11818
2.12407
2.12945
2.13425
2.13851
2.14223
2.14552
2.14849
2.15126
2.15397
2.15661
2.15929
2.16193
2.16458
2.16713
2.16957
2.1714
2.17301
2.1741
2.17469
2.17446
2.17415
2.17345
2.17232
2.17091
2.17
2.16886
2.16744
2.16629
2.16531
2.16391
2.1622
2.16074
2.1592
2.15792
2.1568
2.1559
2.15505
2.1547
2.15436
2.15497
2.15499
2.15633
2.15664
2.15863
2.15942
2.16275
2.16477
2.17111
2.17529
2.18729
2.19371
2.21894
1.15794
1.25279
1.34329
1.42753
1.5053
1.57703
1.64302
1.70337
1.7578
1.80674
1.84963
1.88652
1.91667
1.93859
1.95233
1.9601
1.96377
1.96567
1.96735
1.96928
1.97184
1.97537
1.98055
1.98745
1.99557
2.00399
2.01235
2.02052
2.02845
2.03614
2.04365
2.05106
2.05847
2.06592
2.07343
2.08104
2.0888
2.09673
2.10479
2.11287
2.12087
2.1287
2.13625
2.14353
2.15069
2.15766
2.16423
2.17018
2.17553
2.18028
2.18439
2.18792
2.19099
2.19373
2.19629
2.19877
2.20125
2.20379
2.20638
2.20892
2.21144
2.21376
2.2159
2.21752
2.21877
2.21934
2.21957
2.21899
2.21832
2.21736
2.21636
2.21501
2.21385
2.2128
2.21175
2.21058
2.20888
2.20763
2.20611
2.20435
2.20265
2.20127
2.20005
2.19926
2.19854
2.19807
2.19776
2.19823
2.19837
2.19969
2.20018
2.20242
2.20368
2.20791
2.21076
2.21885
2.22427
2.23888
2.24659
2.2754
1.15772
1.24334
1.32714
1.40735
1.48268
1.55353
1.61902
1.67998
1.736
1.78681
1.83283
1.87333
1.90901
1.93935
1.96486
1.98414
1.99715
2.00558
2.01079
2.01416
2.01699
2.01976
2.02316
2.02764
2.03341
2.04038
2.04806
2.05605
2.06412
2.07211
2.07994
2.08757
2.09513
2.10276
2.11053
2.11842
2.12644
2.1346
2.14288
2.15119
2.15946
2.16759
2.17546
2.18292
2.19001
2.19696
2.20365
2.20983
2.21522
2.22005
2.22437
2.22826
2.2318
2.2351
2.23827
2.2414
2.24453
2.24766
2.25071
2.25354
2.25611
2.25832
2.2601
2.26119
2.26177
2.26186
2.26174
2.26107
2.26037
2.25956
2.25865
2.25739
2.25621
2.25504
2.25365
2.25223
2.25024
2.24849
2.24634
2.24431
2.24215
2.24077
2.23915
2.23814
2.23728
2.23685
2.2365
2.23661
2.23675
2.23787
2.23865
2.24134
2.24331
2.24887
2.25283
2.263
2.26982
2.28694
2.29559
2.32786
1.16112
1.23827
1.31523
1.39004
1.46148
1.52939
1.59344
1.65356
1.70969
1.76195
1.81036
1.85444
1.89434
1.92995
1.96134
1.98834
2.01116
2.0286
2.04098
2.04971
2.05584
2.06035
2.06423
2.06801
2.07216
2.07708
2.08288
2.08954
2.0968
2.10442
2.11225
2.12015
2.128
2.13582
2.14369
2.15165
2.15969
2.16778
2.1759
2.184
2.19203
2.19995
2.20767
2.21504
2.22203
2.22884
2.23544
2.24158
2.24697
2.25172
2.25606
2.26011
2.26403
2.26798
2.272
2.27609
2.2802
2.2843
2.28833
2.29215
2.29569
2.29878
2.3013
2.303
2.30401
2.30431
2.30409
2.30301
2.30171
2.30009
2.29827
2.29605
2.29386
2.29185
2.28968
2.28755
2.28496
2.28252
2.27995
2.27759
2.27516
2.27317
2.27116
2.26973
2.26818
2.26732
2.2662
2.26597
2.26588
2.26691
2.26823
2.27194
2.27512
2.28288
2.28863
2.30208
2.31087
2.33138
2.34131
2.37977
1.16788
1.23656
1.30683
1.37609
1.44327
1.50755
1.56893
1.62706
1.68201
1.73384
1.78233
1.82792
1.87027
1.90935
1.94486
1.97668
2.00467
2.02913
2.05011
2.06691
2.07958
2.08885
2.09563
2.10079
2.1051
2.10922
2.11365
2.11874
2.1247
2.13145
2.13881
2.14663
2.15473
2.16292
2.17113
2.17935
2.18751
2.19558
2.20361
2.21161
2.21956
2.22736
2.23495
2.24219
2.24905
2.25571
2.26216
2.26817
2.27356
2.2786
2.28341
2.28808
2.29274
2.29747
2.30227
2.30713
2.31196
2.31666
2.32121
2.32547
2.32936
2.33266
2.33528
2.33702
2.33802
2.33831
2.33818
2.33709
2.33577
2.33403
2.33204
2.32938
2.32675
2.3243
2.32133
2.31817
2.31445
2.31076
2.3067
2.30283
2.29853
2.29473
2.29072
2.28752
2.28428
2.28225
2.2805
2.28038
2.28095
2.28301
2.28592
2.29211
2.29759
2.30894
2.3172
2.33471
2.34547
2.36955
2.38002
2.42742
1.18134
1.24001
1.30297
1.3666
1.42913
1.4898
1.54817
1.60388
1.65707
1.70754
1.75545
1.8008
1.84341
1.88353
1.92086
1.95574
1.98788
2.01717
2.04348
2.0666
2.08629
2.10227
2.11455
2.12382
2.13098
2.13671
2.14179
2.14679
2.15206
2.15781
2.16428
2.17144
2.1791
2.18717
2.19552
2.20397
2.21242
2.22075
2.22887
2.23679
2.24458
2.25223
2.25968
2.26681
2.27358
2.28007
2.28643
2.29254
2.29824
2.30373
2.30914
2.31457
2.32014
2.32578
2.33145
2.33732
2.34315
2.34841
2.35328
2.35785
2.36189
2.36511
2.36742
2.36879
2.36936
2.36923
2.36852
2.36695
2.36505
2.36231
2.35941
2.35634
2.35234
2.3479
2.34232
2.33623
2.32878
2.32109
2.31249
2.3043
2.29557
2.28842
2.28135
2.27629
2.27228
2.27081
2.27065
2.27281
2.27612
2.28168
2.28802
2.29907
2.30809
2.32432
2.33518
2.35673
2.37019
2.3988
2.40801
2.46572
1.19568
1.25076
1.30497
1.36223
1.42002
1.47667
1.53177
1.58497
1.63612
1.68503
1.7319
1.77652
1.81915
1.85962
1.89804
1.93434
1.96844
2.00023
2.02947
2.05618
2.08005
2.10111
2.11911
2.13412
2.14625
2.15579
2.16356
2.16999
2.17565
2.18111
2.1866
2.19242
2.19884
2.20581
2.2133
2.22124
2.22948
2.23784
2.24619
2.25439
2.26233
2.27005
2.27755
2.28479
2.29177
2.2985
2.30503
2.31139
2.31766
2.32393
2.33033
2.33698
2.34388
2.35088
2.35785
2.36464
2.37097
2.37654
2.38148
2.38611
2.39012
2.39308
2.39489
2.39569
2.39556
2.39459
2.39281
2.38992
2.38662
2.38232
2.37656
2.36898
2.35912
2.34803
2.33446
2.32075
2.30505
2.28992
2.27497
2.26184
2.24935
2.24108
2.23599
2.2358
2.23747
2.2434
2.25027
2.25967
2.26912
2.28264
2.29328
2.30987
2.32083
2.34068
2.35291
2.37667
2.38987
2.42014
2.42537
2.48943
1.20909
1.25823
1.311
1.36295
1.41572
1.46853
1.52027
1.57072
1.61964
1.66675
1.71217
1.75571
1.79757
1.83768
1.87612
1.91282
1.94774
1.98089
2.01209
2.04119
2.06825
2.09284
2.11509
2.13473
2.15172
2.16614
2.17794
2.18745
2.19523
2.20164
2.20731
2.21265
2.21802
2.22383
2.23018
2.23708
2.24453
2.25242
2.26057
2.26882
2.27704
2.28514
2.29305
2.30074
2.30819
2.31541
2.32249
2.32953
2.33659
2.34377
2.35116
2.35879
2.3666
2.37443
2.38209
2.38941
2.39614
2.40194
2.40695
2.4116
2.41554
2.41825
2.41947
2.41942
2.41738
2.41447
2.41009
2.40321
2.39331
2.38014
2.36257
2.34295
2.32053
2.297
2.27197
2.24753
2.22866
2.21785
2.21305
2.21523
2.22156
2.23094
2.24167
2.25386
2.26554
2.28042
2.29129
2.30824
2.31957
2.33759
2.34912
2.36853
2.38037
2.40163
2.414
2.43706
2.44918
2.47496
2.48165
2.52752
1.22688
1.2702
1.31726
1.36665
1.41536
1.4645
1.51313
1.56077
1.60721
1.65232
1.69611
1.73839
1.77927
1.8186
1.85652
1.89301
1.92802
1.96159
1.99364
2.02403
2.05272
2.07955
2.1045
2.12736
2.14806
2.1665
2.18242
2.19597
2.20713
2.2162
2.22372
2.22998
2.23566
2.24113
2.24671
2.25263
2.25914
2.26622
2.27381
2.28175
2.2899
2.29814
2.30639
2.31462
2.32267
2.33059
2.33837
2.34611
2.35395
2.36192
2.37005
2.37841
2.38689
2.39528
2.40338
2.41108
2.41808
2.42392
2.42886
2.43326
2.43654
2.43764
2.4364
2.43297
2.42715
2.41672
2.40131
2.37886
2.35268
2.32209
2.28884
2.25354
2.22357
2.20869
2.20324
2.20858
2.21777
2.22907
2.24032
2.25339
2.26481
2.27917
2.29046
2.30697
2.31842
2.33606
2.3479
2.36672
2.37872
2.39838
2.41038
2.43069
2.44296
2.46435
2.47677
2.49914
2.51119
2.53407
2.54385
2.57383
1.24663
1.2853
1.32718
1.37129
1.41754
1.46318
1.50911
1.55447
1.59883
1.64204
1.68401
1.72476
1.76427
1.80259
1.8397
1.87563
1.91034
1.94373
1.97584
2.00659
2.03597
2.06395
2.09047
2.11546
2.13867
2.15995
2.17927
2.1963
2.21107
2.2237
2.23432
2.24332
2.25096
2.25766
2.26389
2.26996
2.27607
2.28251
2.28945
2.29691
2.30481
2.31299
2.32138
2.32984
2.33835
2.34682
2.35525
2.36371
2.37223
2.38092
2.38976
2.39867
2.40757
2.41625
2.42451
2.43224
2.43897
2.44401
2.44821
2.45021
2.45016
2.44635
2.43796
2.42305
2.39784
2.36646
2.32866
2.28635
2.24153
2.20985
2.19744
2.19967
2.20918
2.22066
2.23301
2.2465
2.25895
2.2739
2.28604
2.30244
2.31413
2.33101
2.34284
2.36043
2.37256
2.3912
2.40346
2.42289
2.43522
2.4552
2.46736
2.48763
2.49984
2.52074
2.53299
2.55437
2.56626
2.58754
2.59734
2.6212
1.27057
1.30568
1.34128
1.38022
1.42141
1.46485
1.50742
1.55044
1.59299
1.63458
1.67508
1.71439
1.75257
1.78964
1.82564
1.86054
1.89442
1.92722
1.95898
1.98976
2.0195
2.04819
2.0757
2.10189
2.12667
2.1498
2.17119
2.19078
2.20855
2.22437
2.23831
2.25054
2.2611
2.27028
2.27842
2.2858
2.29272
2.29947
2.30632
2.31348
2.32096
2.32877
2.33684
2.34515
2.35367
2.36233
2.37113
2.38004
2.38915
2.39841
2.40773
2.41707
2.42618
2.43476
2.44281
2.44968
2.454
2.45624
2.45603
2.45166
2.44077
2.41723
2.38325
2.34159
2.29247
2.23974
2.20311
2.19162
2.19691
2.20789
2.22046
2.23443
2.24833
2.26374
2.27775
2.29413
2.30695
2.32358
2.33577
2.3527
2.36514
2.38196
2.39492
2.41255
2.42553
2.44411
2.45659
2.47608
2.48824
2.50796
2.51987
2.53952
2.55129
2.57113
2.58278
2.60277
2.61414
2.6342
2.64367
2.66391
1.2929
1.32022
1.35711
1.39315
1.42986
1.46873
1.50946
1.54954
1.58963
1.62947
1.66852
1.70655
1.7435
1.77936
1.81414
1.84794
1.88082
1.91292
1.94424
1.97481
2.00461
2.03351
2.06143
2.08824
2.11379
2.13805
2.16088
2.18226
2.20211
2.22044
2.23724
2.25243
2.26612
2.27838
2.28927
2.29904
2.30793
2.31612
2.32383
2.33132
2.33877
2.34632
2.35405
2.36205
2.37034
2.37895
2.38783
2.39696
2.40634
2.41589
2.4254
2.43486
2.44333
2.45128
2.45632
2.45893
2.45826
2.4522
2.43632
2.40364
2.36122
2.30814
2.24684
2.20123
2.18327
2.18944
2.20087
2.21438
2.22929
2.24567
2.26165
2.27881
2.29412
2.31072
2.32462
2.34117
2.35502
2.37132
2.38547
2.40191
2.41583
2.43314
2.44651
2.4644
2.47761
2.49625
2.50859
2.52775
2.53953
2.55856
2.57005
2.58882
2.60002
2.61873
2.62982
2.64864
2.65944
2.67834
2.68757
2.70422
1.3227
1.34183
1.37206
1.40645
1.44081
1.47619
1.51321
1.55149
1.58963
1.62706
1.66432
1.70077
1.73631
1.77093
1.80465
1.83758
1.86969
1.90118
1.93196
1.96213
1.99159
2.02035
2.04824
2.07529
2.1013
2.12627
2.15011
2.17273
2.19415
2.21429
2.23312
2.2507
2.26702
2.28204
2.29583
2.30841
2.31984
2.33021
2.33972
2.3485
2.3568
2.36479
2.37263
2.38046
2.38847
2.39667
2.40527
2.41398
2.42311
2.4319
2.44078
2.44842
2.45374
2.45651
2.45539
2.44756
2.42571
2.3849
2.33242
2.2657
2.20578
2.17325
2.17712
2.18851
2.20241
2.21864
2.23582
2.25408
2.27222
2.29017
2.30671
2.32357
2.33932
2.35577
2.37124
2.38783
2.40322
2.42009
2.43489
2.45218
2.46674
2.4842
2.49811
2.51624
2.52914
2.54759
2.55948
2.57796
2.5893
2.60747
2.6184
2.63607
2.64671
2.66435
2.67485
2.69251
2.70266
2.72022
2.72919
2.74276
1.35599
1.36808
1.39061
1.42314
1.4553
1.48658
1.52006
1.55524
1.59101
1.62727
1.66236
1.69724
1.73141
1.76479
1.79738
1.82932
1.86061
1.89136
1.92157
1.9512
1.9803
2.00877
2.03659
2.06371
2.09001
2.11544
2.13995
2.16344
2.18594
2.20742
2.22783
2.24725
2.26558
2.28289
2.29917
2.31434
2.32838
2.34132
2.35317
2.36398
2.37384
2.38296
2.39149
2.39961
2.40755
2.4154
2.42332
2.4312
2.43881
2.44584
2.44987
2.45209
2.45018
2.44019
2.41195
2.3632
2.30251
2.22271
2.17052
2.15673
2.16885
2.18246
2.19959
2.21784
2.23724
2.25741
2.27673
2.29547
2.31378
2.33167
2.34923
2.36664
2.3834
2.40058
2.41689
2.43453
2.45046
2.46823
2.4837
2.50144
2.51607
2.53406
2.54749
2.56565
2.57781
2.596
2.60725
2.6249
2.63588
2.65312
2.66359
2.68045
2.69061
2.70726
2.71714
2.73358
2.74328
2.7586
2.76893
2.77908
1.40175
1.399
1.41169
1.4362
1.46859
1.50073
1.53068
1.56232
1.59543
1.62893
1.66287
1.69579
1.72843
1.7606
1.79212
1.82304
1.85343
1.88336
1.91293
1.94211
1.97089
1.9992
2.02698
2.05414
2.08063
2.10635
2.13127
2.15537
2.17863
2.20101
2.22265
2.24337
2.26326
2.28226
2.30038
2.31757
2.33383
2.34907
2.3632
2.37623
2.38811
2.39887
2.40863
2.41754
2.42576
2.43342
2.44014
2.44547
2.44876
2.44963
2.44611
2.43249
2.39825
2.34231
2.2721
2.1873
2.14041
2.1433
2.15633
2.17299
2.19188
2.21266
2.23339
2.2548
2.27528
2.29577
2.3157
2.3356
2.35478
2.37379
2.39206
2.41044
2.42783
2.44606
2.46296
2.4812
2.49756
2.51569
2.53107
2.54923
2.56334
2.58134
2.59405
2.61177
2.62352
2.64058
2.65163
2.6683
2.67904
2.69519
2.7054
2.72121
2.73097
2.74625
2.75596
2.77025
2.78079
2.793
2.80369
2.81235
1.46157
1.43946
1.44149
1.45675
1.48301
1.51521
1.54599
1.57514
1.60431
1.63466
1.666
1.69749
1.72841
1.75889
1.78917
1.81907
1.84859
1.87783
1.90679
1.93553
1.964
1.99217
2.01991
2.04714
2.07373
2.09966
2.12484
2.14931
2.17301
2.19599
2.21817
2.23975
2.26064
2.28087
2.30035
2.31905
2.3369
2.35382
2.36979
2.38464
2.39835
2.41085
2.42219
2.43229
2.44074
2.44691
2.44969
2.45
2.44534
2.42934
2.39112
2.32724
2.25097
2.16238
2.11793
2.12803
2.14133
2.16072
2.18071
2.20261
2.22499
2.24681
2.2686
2.29043
2.3123
2.33406
2.35505
2.37575
2.39565
2.41528
2.43419
2.45307
2.47105
2.48966
2.50687
2.52551
2.54167
2.56004
2.57509
2.59311
2.60681
2.62425
2.6367
2.65367
2.66524
2.68138
2.69261
2.70816
2.71884
2.73398
2.74409
2.75854
2.76827
2.78175
2.79182
2.80374
2.81445
2.82513
2.83484
2.84278
1.56019
1.48331
1.47286
1.48152
1.50143
1.53082
1.56099
1.58914
1.61697
1.64458
1.67314
1.70203
1.73117
1.76018
1.7889
1.81765
1.8463
1.87482
1.90321
1.93149
1.95957
1.98741
2.01485
2.04186
2.06831
2.09421
2.11946
2.14408
2.16809
2.1915
2.2143
2.23644
2.25797
2.27888
2.29911
2.31877
2.33764
2.35583
2.37304
2.38936
2.40451
2.41845
2.43092
2.44107
2.44548
2.44684
2.44332
2.42762
2.38792
2.3202
2.24024
2.14823
2.1016
2.1118
2.12547
2.14583
2.16725
2.18953
2.21219
2.23447
2.25718
2.28047
2.30357
2.32671
2.34934
2.37147
2.39289
2.41387
2.4341
2.45395
2.4731
2.49219
2.5104
2.52924
2.54645
2.5651
2.58101
2.59938
2.61401
2.6319
2.64511
2.66224
2.67467
2.6909
2.70271
2.71815
2.72929
2.74417
2.75482
2.76906
2.77914
2.79237
2.80212
2.81408
2.82408
2.83474
2.84458
2.85474
2.8633
2.87082
1.76679
1.55939
1.51747
1.51087
1.52122
1.54208
1.57134
1.60063
1.6284
1.6553
1.68195
1.70948
1.73739
1.76477
1.79174
1.81883
1.84622
1.8738
1.90142
1.92905
1.95655
1.98389
2.0109
2.03757
2.06376
2.0895
2.11471
2.13938
2.16349
2.18703
2.21005
2.23248
2.25443
2.27578
2.29667
2.3169
2.33658
2.35549
2.37359
2.39075
2.40663
2.42065
2.43139
2.43358
2.43056
2.4195
2.38458
2.31482
2.23335
2.13708
2.08535
2.09401
2.10788
2.12895
2.15141
2.17434
2.19765
2.22079
2.24445
2.26859
2.29265
2.31659
2.34002
2.36318
2.38561
2.40755
2.42886
2.44963
2.46974
2.48944
2.50856
2.52764
2.5458
2.56464
2.58165
2.60034
2.61591
2.63427
2.64861
2.66606
2.67939
2.69603
2.70861
2.72438
2.7362
2.75108
2.76222
2.77646
2.78709
2.80032
2.81036
2.82248
2.83196
2.84308
2.85218
2.86258
2.87101
2.88085
2.88834
2.89535
2.16684
1.72773
1.57194
1.5472
1.54708
1.55873
1.58039
1.6087
1.63682
1.66443
1.69087
1.71686
1.74323
1.77041
1.79756
1.82376
1.84956
1.87537
1.90157
1.92806
1.95461
1.98115
2.00761
2.03385
2.05976
2.08531
2.11043
2.13508
2.15922
2.18287
2.20599
2.22862
2.25075
2.27238
2.2935
2.31406
2.33402
2.35323
2.37145
2.38862
2.40263
2.40943
2.41003
2.40195
2.37252
2.3091
2.223
2.12077
2.06367
2.06968
2.08476
2.10736
2.13153
2.1565
2.18155
2.20644
2.23138
2.25664
2.28157
2.30628
2.33057
2.35445
2.37756
2.40023
2.42218
2.44382
2.46473
2.48533
2.50524
2.52493
2.54398
2.56314
2.58122
2.60011
2.61707
2.63554
2.65124
2.66908
2.68354
2.70046
2.71412
2.73019
2.74302
2.75822
2.77005
2.78429
2.79552
2.80877
2.81958
2.83141
2.84157
2.85217
2.86117
2.87138
2.87912
2.88906
2.89601
2.90476
2.91139
2.917
2.50604
2.02672
1.68145
1.58658
1.57527
1.58015
1.5942
1.61696
1.64453
1.67168
1.69854
1.72492
1.75056
1.77606
1.80211
1.82823
1.85377
1.87885
1.90372
1.9286
1.95381
1.97916
2.00466
2.03019
2.05564
2.08089
2.1058
2.13042
2.15456
2.17833
2.20153
2.22429
2.24651
2.26828
2.28949
2.31013
2.33004
2.34888
2.36528
2.37827
2.37834
2.37401
2.35494
2.29533
2.21316
2.1029
2.03661
2.03529
2.05292
2.07786
2.10348
2.13177
2.15997
2.1873
2.21454
2.24163
2.26796
2.29407
2.31933
2.34432
2.3684
2.39195
2.41464
2.43721
2.45878
2.4803
2.50102
2.52174
2.54152
2.56146
2.58051
2.59979
2.618
2.63674
2.65376
2.67194
2.68785
2.70517
2.72017
2.73656
2.75083
2.76644
2.77962
2.79431
2.80647
2.82
2.83175
2.84385
2.85526
2.8654
2.87618
2.88488
2.89405
2.90267
2.91004
2.91835
2.9248
2.93152
2.9377
2.94123
2.76153
2.38377
1.95524
1.68225
1.61586
1.6078
1.61433
1.63026
1.65334
1.67971
1.70595
1.73213
1.75831
1.78357
1.80813
1.83259
1.85734
1.88161
1.90569
1.92975
1.95398
1.97827
2.00278
2.0274
2.05208
2.07675
2.1012
2.12543
2.1493
2.17289
2.19607
2.2189
2.24126
2.26313
2.28441
2.30458
2.32359
2.33858
2.34316
2.34051
2.32696
2.28381
2.19494
2.08363
2.00573
1.99315
2.01433
2.04045
2.06721
2.09805
2.12852
2.15869
2.1885
2.21741
2.24564
2.27314
2.30011
2.32676
2.35255
2.37804
2.40245
2.42644
2.44956
2.47219
2.49381
2.51555
2.53624
2.55704
2.57692
2.59708
2.61617
2.63567
2.65386
2.67245
2.68966
2.7075
2.72383
2.74079
2.75631
2.77241
2.78714
2.80239
2.81594
2.83019
2.84284
2.8559
2.86815
2.87965
2.8914
2.90081
2.9119
2.91966
2.9293
2.93638
2.9446
2.95074
2.95768
2.96258
2.96863
2.97062
2.87608
2.71911
2.32491
1.9023
1.69472
1.64722
1.6406
1.64826
1.66512
1.68973
1.71529
1.74037
1.76541
1.79061
1.815
1.83865
1.86181
1.88512
1.9084
1.93168
1.95517
1.97887
2.00258
2.02636
2.0502
2.07403
2.09782
2.1215
2.14495
2.16819
2.19113
2.21384
2.23599
2.25748
2.27781
2.29444
2.30432
2.30381
2.29232
2.2605
2.18365
2.069
1.97123
1.9456
1.96928
1.99546
2.02439
2.05774
2.09034
2.12238
2.15404
2.18539
2.21535
2.24486
2.27321
2.3012
2.32846
2.35545
2.3815
2.40713
2.4318
2.45628
2.47981
2.50325
2.52554
2.54762
2.56838
2.58959
2.60967
2.63018
2.64952
2.66908
2.68738
2.70593
2.72343
2.74112
2.75773
2.77448
2.79024
2.80613
2.82101
2.83582
2.84955
2.86329
2.87616
2.88894
2.90114
2.91278
2.92395
2.93381
2.94429
2.95222
2.96178
2.9684
2.97701
2.98216
2.98935
2.9934
2.99959
3.00116
2.93935
2.8673
2.66931
2.30333
1.87675
1.71045
1.67995
1.67414
1.68238
1.69939
1.72482
1.75038
1.7744
1.79808
1.82173
1.84507
1.86777
1.89015
1.91258
1.93514
1.95785
1.98079
2.00396
2.02718
2.05037
2.07348
2.09649
2.11946
2.14224
2.16495
2.18721
2.20913
2.22985
2.24818
2.26182
2.26214
2.25383
2.23034
2.16678
2.0567
1.94099
1.89723
1.91823
1.94476
1.97583
2.01128
2.04627
2.08056
2.11433
2.1471
2.17904
2.2102
2.24035
2.27003
2.29847
2.32667
2.35379
2.38079
2.40668
2.43245
2.4571
2.48213
2.50603
2.53026
2.55315
2.57631
2.59793
2.61999
2.64049
2.66147
2.68096
2.70066
2.71912
2.7378
2.75549
2.77316
2.7899
2.80657
2.8223
2.83796
2.85253
2.86687
2.88054
2.89368
2.90687
2.91905
2.93141
2.94256
2.95355
2.96314
2.97337
2.98103
2.99023
2.99675
3.00474
3.00963
3.01656
3.02035
3.02648
3.02817
2.97377
2.93185
2.8477
2.62215
2.22615
1.85744
1.73202
1.70961
1.706
1.71514
1.73286
1.75803
1.78297
1.80613
1.82861
1.85117
1.87387
1.89628
1.9184
1.94046
1.96257
1.98486
2.00729
2.02974
2.05219
2.07441
2.09666
2.11876
2.14079
2.16226
2.18313
2.20199
2.21731
2.21925
2.21506
2.19476
2.14275
2.0446
1.91288
1.85006
1.86408
1.89129
1.92347
1.96045
1.99772
2.03379
2.06943
2.10404
2.13747
2.16992
2.20145
2.23223
2.26218
2.29163
2.31998
2.34841
2.37559
2.40278
2.42855
2.45472
2.47976
2.5051
2.52889
2.55346
2.57649
2.60043
2.62261
2.64569
2.66696
2.6889
2.70905
2.72959
2.74873
2.76795
2.78598
2.80379
2.82061
2.8372
2.85274
2.86809
2.88242
2.89656
2.91021
2.92329
2.93658
2.94841
2.96081
2.97138
2.98231
2.99138
3.00129
3.00862
3.01737
3.02344
3.03091
3.03541
3.04182
3.04526
3.05098
3.05251
2.98785
2.96735
2.92627
2.82798
2.57134
2.15963
1.8476
1.75167
1.73516
1.73677
1.74607
1.76371
1.78847
1.81306
1.83582
1.8574
1.87913
1.90134
1.92356
1.94571
1.96755
1.98934
2.01108
2.03291
2.05458
2.07632
2.09761
2.11874
2.13883
2.15807
2.17277
2.17843
2.17515
2.1561
2.11728
2.02572
1.90009
1.81167
1.80614
1.83637
1.86858
1.90679
1.94676
1.98429
2.02089
2.05692
2.09174
2.12568
2.15831
2.19019
2.2211
2.25148
2.28092
2.3102
2.33853
2.367
2.39412
2.42158
2.44751
2.47409
2.49886
2.52454
2.54828
2.57292
2.59588
2.62021
2.64293
2.66663
2.68848
2.71096
2.73176
2.75295
2.77272
2.79256
2.81101
2.82951
2.84663
2.86391
2.8798
2.89575
2.91058
2.92522
2.93928
2.95263
2.96601
2.97787
2.99007
3.00061
3.01127
3.0203
3.02999
3.03726
3.04572
3.05176
3.05873
3.06308
3.06908
3.07215
3.07747
3.07806
2.99435
2.98421
2.96724
2.91252
2.81203
2.50923
2.15439
1.86153
1.77705
1.76305
1.76603
1.77566
1.79313
1.81732
1.84159
1.86409
1.88539
1.90664
1.92847
1.95028
1.97202
1.99339
2.01457
2.03546
2.05656
2.07706
2.09727
2.11591
2.13133
2.13858
2.13671
2.12117
2.08229
2.0159
1.89238
1.77746
1.74987
1.7821
1.8135
1.85212
1.89446
1.93341
1.97135
2.00771
2.04357
2.07842
2.11218
2.14503
2.17689
2.20812
2.23836
2.26826
2.29735
2.32642
2.35458
2.38297
2.41002
2.43763
2.46361
2.49049
2.51561
2.5416
2.56578
2.59097
2.61428
2.63854
2.66117
2.68474
2.70662
2.72915
2.75017
2.77172
2.7918
2.81213
2.83103
2.85004
2.86776
2.88546
2.90206
2.91852
2.93402
2.94931
2.96393
2.9778
2.99155
3.00393
3.01623
3.02719
3.03809
3.04727
3.05725
3.06465
3.0733
3.07943
3.08656
3.09092
3.097
3.10006
3.10534
3.10577
2.997
2.99386
2.98333
2.96446
2.90761
2.79822
2.48723
2.13089
1.87523
1.80452
1.79253
1.79583
1.80542
1.82218
1.84549
1.86915
1.89135
1.91245
1.9334
1.95493
1.97636
1.99747
2.01798
2.03794
2.05702
2.07541
2.09047
2.0997
2.09765
2.08555
2.05511
1.98724
1.88708
1.75432
1.69986
1.72756
1.75821
1.79635
1.84084
1.88117
1.92149
1.95985
1.99638
2.03151
2.0656
2.09856
2.13087
2.16249
2.19348
2.22386
2.25369
2.28324
2.3122
2.3412
2.36932
2.39764
2.42476
2.45238
2.47854
2.50552
2.53065
2.5568
2.58109
2.60644
2.62995
2.65448
2.67731
2.70099
2.72311
2.74587
2.76699
2.78859
2.80858
2.82892
2.84797
2.86712
2.88528
2.90335
2.92056
2.93755
2.95387
2.96942
2.98497
2.99893
3.01324
3.02583
3.03858
3.0496
3.06113
3.07048
3.08072
3.0886
3.09761
3.10376
3.11159
3.11608
3.12256
3.12591
3.13159
3.13276
2.99863
2.99733
2.99242
2.98475
2.95909
2.91136
2.784
2.51483
2.1225
1.88982
1.8293
1.81915
1.82337
1.83319
1.84998
1.87271
1.89586
1.91777
1.93845
1.95878
1.97948
1.99994
2.01939
2.03742
2.05228
2.06066
2.05989
2.04816
2.01863
1.96691
1.873
1.73657
1.65736
1.67091
1.7033
1.74151
1.78851
1.82959
1.87009
1.90947
1.94708
1.98372
2.01906
2.05297
2.08556
2.11724
2.14831
2.17881
2.20894
2.23876
2.26832
2.29773
2.32675
2.35565
2.3838
2.41202
2.43919
2.46675
2.49291
2.51964
2.54478
2.5708
2.59517
2.62037
2.64405
2.66843
2.69127
2.71465
2.73666
2.75924
2.78065
2.80236
2.82287
2.84347
2.86292
2.88246
2.90099
2.91935
2.93703
2.95396
2.97084
2.98638
3.00218
3.01648
3.03086
3.04373
3.05696
3.068
3.08019
3.08971
3.10056
3.1087
3.1183
3.12482
3.13326
3.1382
3.14528
3.149
3.15512
3.15644
2.99941
2.99883
2.99666
2.99333
2.98167
2.96174
2.90079
2.78494
2.46472
2.14082
1.91324
1.85629
1.84689
1.85103
1.86059
1.87676
1.89874
1.92107
1.94229
1.96233
1.98129
1.99959
2.01516
2.02414
2.02298
2.01261
1.98645
1.93038
1.85317
1.73094
1.62793
1.61299
1.64685
1.68457
1.7323
1.77517
1.81892
1.86
1.89815
1.93495
1.97048
2.00495
2.03832
2.07087
2.10267
2.1338
2.16421
2.19429
2.22395
2.25356
2.28295
2.31227
2.3412
2.36995
2.398
2.42599
2.45302
2.48022
2.50614
2.5326
2.55768
2.58347
2.60777
2.63283
2.65639
2.68061
2.70338
2.72674
2.74876
2.77133
2.79263
2.81439
2.83489
2.85567
2.8753
2.89499
2.91381
2.93222
2.95035
2.96732
2.98471
3.0004
3.01653
3.03105
3.0457
3.0586
3.07219
3.08336
3.09584
3.10571
3.11701
3.12547
3.13586
3.14276
3.15199
3.1575
3.16538
3.16973
3.17635
3.17855
2.9998
2.99942
2.99882
2.99673
2.99327
2.9821
2.96141
2.90302
2.78422
2.47482
2.1547
1.93812
1.88447
1.87519
1.87866
1.88752
1.90201
1.92264
1.94316
1.96211
1.97771
1.98659
1.9865
1.97631
1.94955
1.90405
1.82144
1.71206
1.6055
1.56074
1.59265
1.6306
1.67573
1.72026
1.76569
1.80791
1.84644
1.88396
1.92086
1.95634
1.99041
2.02323
2.05526
2.08678
2.11785
2.14847
2.17879
2.20876
2.23854
2.2681
2.29737
2.3264
2.35496
2.38329
2.41096
2.43851
2.46519
2.49198
2.51768
2.54385
2.56871
2.59426
2.61839
2.64325
2.6667
2.69076
2.71356
2.73685
2.75899
2.78148
2.80282
2.82449
2.8451
2.86588
2.88572
2.90536
2.92452
2.94281
2.96125
2.97823
2.99558
3.0114
3.02736
3.04182
3.05675
3.06959
3.08373
3.09528
3.10837
3.11874
3.13081
3.13964
3.1506
3.15795
3.16763
3.17345
3.1818
3.1867
3.19372
3.1962
2.99992
2.99975
2.99951
2.9986
2.99725
2.99229
2.98442
2.95888
2.91093
2.78478
2.52489
2.17632
1.96211
1.90899
1.89998
1.90273
1.90996
1.92135
1.93818
1.95003
1.94994
1.93918
1.91328
1.86751
1.79043
1.69042
1.58291
1.51554
1.54235
1.57678
1.61685
1.66664
1.71474
1.75823
1.79736
1.83456
1.8706
1.90575
1.94008
1.97361
2.00642
2.0385
2.07003
2.10106
2.13171
2.16207
2.19217
2.22209
2.25172
2.28109
2.31004
2.33866
2.3667
2.39445
2.4215
2.44849
2.47468
2.50115
2.52664
2.55266
2.57742
2.60284
2.62689
2.65162
2.67502
2.69902
2.72181
2.74509
2.76725
2.78979
2.81121
2.83288
2.85354
2.87428
2.89423
2.91385
2.93314
2.95145
2.96995
2.9869
3.00426
3.01998
3.03606
3.05047
3.06567
3.0787
3.09319
3.10508
3.11863
3.12927
3.14177
3.15091
3.16226
3.16991
3.18008
3.18624
3.19505
3.20043
3.20796
3.21072
2.99997
2.9999
2.99981
2.99943
2.99888
2.99684
2.99364
2.9828
2.96378
2.90783
2.7986
2.50721
2.21508
1.9915
1.93392
1.92302
1.91875
1.91936
1.91504
1.90247
1.87392
1.82507
1.74937
1.65563
1.55621
1.48123
1.49161
1.52223
1.56262
1.61398
1.66169
1.70452
1.74439
1.78265
1.81887
1.85373
1.8877
1.92116
1.9541
1.98653
2.01838
2.04982
2.08087
2.11168
2.14223
2.17255
2.20264
2.2324
2.26181
2.29084
2.3194
2.34754
2.37516
2.40249
2.42928
2.45603
2.48215
2.50852
2.53397
2.5599
2.58462
2.60998
2.63399
2.65867
2.68203
2.70596
2.72873
2.75195
2.77412
2.79664
2.81815
2.83984
2.86059
2.88122
2.90128
2.92065
2.94006
2.95813
2.97675
2.99366
3.01108
3.02685
3.04312
3.05757
3.07309
3.08617
3.10089
3.11278
3.12646
3.13704
3.14969
3.15884
3.17044
3.17816
3.1887
3.19506
3.20425
3.21014
3.21812
3.22137
2.99999
2.99997
2.99991
2.99982
2.99948
2.99894
2.99708
2.994
2.98404
2.96573
2.91363
2.81005
2.52972
2.25528
2.01927
1.95389
1.92567
1.89326
1.85097
1.78792
1.70582
1.6172
1.50089
1.43515
1.43411
1.46372
1.50254
1.55508
1.60483
1.65091
1.69252
1.73037
1.76581
1.80022
1.83398
1.86739
1.9006
1.93354
1.96609
1.99814
2.02969
2.06081
2.0916
2.12214
2.15242
2.18247
2.21223
2.24168
2.27077
2.29947
2.3277
2.35556
2.38291
2.41004
2.43664
2.46327
2.48925
2.51549
2.5408
2.56659
2.59117
2.61639
2.64027
2.66483
2.68812
2.71196
2.73469
2.75784
2.77998
2.80244
2.82391
2.84556
2.86628
2.88683
2.90689
2.92612
2.94555
2.96346
2.98204
2.9988
3.01619
3.03186
3.04816
3.06249
3.07804
3.09102
3.10573
3.11754
3.13125
3.14178
3.1545
3.16365
3.17541
3.18318
3.19396
3.2005
3.20996
3.21621
3.22455
3.22811
3
2.99999
2.99997
2.99992
2.99983
2.9995
2.99899
2.99723
2.99433
2.98501
2.96772
2.92032
2.82106
2.57062
2.28963
2.01493
1.90665
1.80955
1.68508
1.54949
1.45373
1.39235
1.38486
1.41229
1.44763
1.49505
1.54211
1.58617
1.62847
1.66819
1.70468
1.73898
1.77247
1.80583
1.83924
1.8726
1.90576
1.9386
1.97098
2.00287
2.03428
2.0653
2.09598
2.12637
2.15649
2.18636
2.21596
2.24527
2.27421
2.30277
2.3309
2.35867
2.386
2.41313
2.43979
2.46648
2.49255
2.51886
2.54425
2.57009
2.59472
2.61996
2.6439
2.66847
2.69182
2.71569
2.7385
2.76167
2.78388
2.80637
2.82788
2.84952
2.87026
2.89079
2.91086
2.93007
2.94954
2.96741
2.986
3.00272
3.02009
3.03569
3.05199
3.06628
3.08182
3.09478
3.1095
3.12128
3.13499
3.14553
3.15826
3.16746
3.17926
3.18714
3.19802
3.2047
3.21436
3.2207
3.22934
3.23289
3
3
2.99999
2.99996
2.99992
2.99975
2.99951
2.99861
2.99725
2.99242
2.98457
2.95986
2.91242
2.79601
2.55772
2.18369
1.88494
1.5764
1.42442
1.30957
1.29225
1.3188
1.36379
1.4292
1.48586
1.53035
1.57043
1.61101
1.65038
1.68694
1.72112
1.75465
1.78879
1.82369
1.85882
1.89358
1.92772
1.96116
1.99403
2.0264
2.05834
2.08985
2.12095
2.15161
2.18188
2.21179
2.24136
2.27064
2.29959
2.32824
2.35653
2.38453
2.41212
2.43953
2.46648
2.49341
2.51972
2.54618
2.57175
2.59766
2.62243
2.64772
2.67178
2.6964
2.71987
2.74376
2.76666
2.78982
2.81205
2.83443
2.85585
2.87731
2.89785
2.91816
2.93792
2.9569
2.97596
2.9936
3.01175
3.02823
3.04517
3.06052
3.07637
3.09037
3.10538
3.11801
3.13207
3.1435
3.15651
3.16671
3.17872
3.18765
3.19867
3.20631
3.21641
3.2227
3.23184
3.23725
3.24592
3.24798
)
;

boundaryField
{
    inlet
    {
        type            calculated;
        value           uniform 3.00001;
    }
    outlet
    {
        type            calculated;
        value           nonuniform List<scalar> 
40
(
1.75966
1.88498
1.99928
2.08856
2.15734
2.21894
2.2754
2.32786
2.37977
2.42742
2.46572
2.48943
2.52752
2.57383
2.6212
2.66391
2.70422
2.74276
2.77908
2.81235
2.84278
2.87082
2.89535
2.917
2.94123
2.97062
3.00116
3.02817
3.05251
3.07806
3.10577
3.13276
3.15644
3.17855
3.1962
3.21072
3.22137
3.22811
3.23289
3.24798
)
;
    }
    bottom
    {
        type            symmetryPlane;
    }
    top
    {
        type            symmetryPlane;
    }
    obstacle
    {
        type            calculated;
        value           uniform 0;
    }
    defaultFaces
    {
        type            empty;
    }
}


// ************************************************************************* //
