/*--------------------------------*- C++ -*----------------------------------*\
| =========                 |                                                 |
| \\      /  F ield         | OpenFOAM: The Open Source CFD Toolbox           |
|  \\    /   O peration     | Version:  2112                                  |
|   \\  /    A nd           | Website:  www.openfoam.com                      |
|    \\/     M anipulation  |                                                 |
\*---------------------------------------------------------------------------*/
FoamFile
{
    version     2.0;
    format      ascii;
    arch        "LSB;label=32;scalar=64";
    class       volScalarField;
    location    "2";
    object      T;
}
// * * * * * * * * * * * * * * * * * * * * * * * * * * * * * * * * * * * * * //

dimensions      [0 0 0 1 0 0 0];

internalField   nonuniform List<scalar> 
5250
(
1.00001
1.00001
1.00004
1.00008
1.00025
1.00046
1.00144
1.0027
1.00778
1.01701
1.04267
1.11871
1.27672
1.75384
2.61227
2.76198
2.75508
2.74277
2.75807
2.76495
2.77791
2.78914
2.79309
2.79723
2.83672
1.00001
1.00001
1.00004
1.00008
1.00025
1.00045
1.00142
1.00267
1.00771
1.01682
1.04228
1.11754
1.27288
1.7482
2.61039
2.76004
2.75324
2.7415
2.75641
2.76329
2.77643
2.7876
2.79123
2.79499
2.83387
1.00001
1.00001
1.00004
1.00008
1.00025
1.00044
1.0014
1.00262
1.00761
1.01643
1.04159
1.11485
1.26599
1.73588
2.60453
2.75553
2.74965
2.73841
2.75185
2.75864
2.77269
2.78477
2.78854
2.79205
2.83021
1.00001
1.00001
1.00004
1.00007
1.00024
1.00043
1.00137
1.00254
1.00749
1.01587
1.04076
1.11035
1.25762
1.71689
2.59169
2.75029
2.74292
2.73133
2.74479
2.75261
2.76811
2.77838
2.78174
2.78638
2.82529
1.00001
1.00001
1.00004
1.00007
1.00023
1.00042
1.00133
1.00244
1.00732
1.01513
1.03968
1.1045
1.24714
1.69182
2.57411
2.73705
2.72829
2.72884
2.73864
2.74512
2.76017
2.77219
2.77465
2.77704
2.81351
1.00001
1.00001
1.00004
1.00007
1.00022
1.0004
1.00126
1.00232
1.00699
1.01429
1.03783
1.09839
1.23265
1.6583
2.53871
2.72058
2.72175
2.72181
2.72684
2.73719
2.74787
2.75872
2.7621
2.76334
2.8018
1
1.00001
1.00003
1.00006
1.00021
1.00037
1.00119
1.00217
1.0066
1.0133
1.03563
1.09134
1.21582
1.61837
2.48802
2.69725
2.71503
2.71374
2.71497
2.72637
2.73674
2.74743
2.74751
2.74668
2.77708
1
1.00001
1.00003
1.00006
1.00019
1.00034
1.00109
1.00199
1.00607
1.0122
1.03279
1.08429
1.19569
1.57628
2.42085
2.66787
2.708
2.7043
2.70188
2.70851
2.71762
2.72705
2.72857
2.72482
2.75127
1
1.00001
1.00003
1.00005
1.00017
1.0003
1.00097
1.00178
1.0053
1.01103
1.02876
1.07737
1.17274
1.53154
2.3358
2.63279
2.70253
2.69689
2.69221
2.69833
2.69954
2.70257
2.69757
2.68774
2.6912
1
1.00001
1.00002
1.00005
1.00014
1.00027
1.00082
1.00157
1.00445
1.00985
1.02455
1.06863
1.14996
1.47495
2.23541
2.58509
2.6887
2.67788
2.67198
2.6777
2.68177
2.67884
2.66665
2.63403
2.6095
1
1.00001
1.00001
1.00005
1.00009
1.00027
1.00054
1.00143
1.00346
1.00806
1.02286
1.04896
1.15547
1.35092
1.99222
2.53963
2.68127
2.67023
2.64925
2.64941
2.6509
2.64472
2.62235
2.55946
2.38309
1
1.00001
1.00002
1.00003
1.00011
1.0002
1.00063
1.00118
1.00357
1.00711
1.01949
1.0464
1.11209
1.30924
1.88329
2.4414
2.64671
2.64354
2.63477
2.62722
2.62119
2.60436
2.57298
2.50407
2.31136
1
1
1.00002
1.00003
1.0001
1.00017
1.00055
1.001
1.00312
1.00591
1.01715
1.03776
1.09558
1.25479
1.72386
2.39741
2.62326
2.60442
2.60826
2.60428
2.5955
2.57139
2.52123
2.456
2.30025
1
1
1.00001
1.00002
1.00008
1.00014
1.00044
1.00081
1.00244
1.00492
1.01301
1.03282
1.07525
1.22554
1.54602
2.29848
2.58604
2.59252
2.58682
2.57719
2.56663
2.54375
2.49176
2.43134
2.30316
1
1
1.00001
1.00002
1.00006
1.00012
1.00037
1.00067
1.00201
1.00403
1.01067
1.02673
1.0613
1.18573
1.42717
2.1228
2.51298
2.58125
2.56739
2.55715
2.53613
2.51258
2.4604
2.41204
2.3139
1
1
1.00001
1.00002
1.00005
1.00009
1.0003
1.00054
1.00168
1.0032
1.00886
1.02062
1.04922
1.14371
1.32906
1.9415
2.40465
2.55585
2.55172
2.54092
2.51635
2.49121
2.43533
2.38249
2.31026
1
1
1.00001
1.00001
1.00004
1.00007
1.00024
1.00042
1.00134
1.00246
1.00732
1.01512
1.03907
1.10155
1.24034
1.63649
2.29061
2.49288
2.50799
2.50592
2.4902
2.47102
2.4281
2.36562
2.2991
1
1
1.00001
1.00001
1.00003
1.00006
1.00018
1.00033
1.00104
1.00189
1.00572
1.01143
1.03058
1.07822
1.17762
1.52326
2.21694
2.44636
2.47853
2.47283
2.45981
2.43542
2.41179
2.36082
2.29735
1
1
1
1.00001
1.00002
1.00004
1.00014
1.00025
1.00077
1.00144
1.00423
1.00875
1.02262
1.0594
1.13328
1.39726
2.03667
2.37012
2.45847
2.45361
2.43802
2.40642
2.37504
2.34473
2.29294
1
1
1
1.00001
1.00001
1.00004
1.00008
1.00023
1.00043
1.00128
1.00252
1.00676
1.01597
1.03782
1.1075
1.24181
1.69156
2.20501
2.41349
2.42376
2.41817
2.39831
2.35923
2.32058
2.27808
1
1
1
1.00001
1.00001
1.00003
1.00006
1.00017
1.00031
1.00097
1.00181
1.00527
1.0111
1.02836
1.07586
1.16716
1.498
2.13978
2.34846
2.38224
2.37346
2.36726
2.34698
2.31104
2.2714
1
1
1
1
1.00001
1.00002
1.00005
1.00009
1.00027
1.00053
1.00145
1.00323
1.00787
1.02117
1.04717
1.14059
1.31609
1.83981
2.26832
2.3647
2.3579
2.33368
2.31689
2.28804
2.25656
1
1
1
1
1
1.00002
1.00003
1.00009
1.00016
1.00049
1.00094
1.00275
1.00553
1.01518
1.0339
1.08774
1.21168
1.64695
2.06162
2.31309
2.33744
2.32584
2.30284
2.27037
2.23685
1
1
1
1
1
1.00001
1.00003
1.00005
1.00014
1.00026
1.0008
1.00153
1.00425
1.00936
1.02291
1.06268
1.13356
1.41494
1.97273
2.21056
2.28324
2.29621
2.28487
2.26095
2.22833
1
1
1
1
1
1.00001
1.00002
1.00003
1.0001
1.00019
1.00058
1.00106
1.00327
1.00616
1.01765
1.03803
1.09707
1.24324
1.69178
2.10898
2.25667
2.26423
2.25599
2.2402
2.21029
1
1
1
1
1
1
1.00001
1.00002
1.00007
1.00013
1.00039
1.00071
1.00217
1.00409
1.01175
1.02504
1.06332
1.15952
1.42534
1.9044
2.19061
2.24103
2.23983
2.22644
2.20348
1
1
1
1
1
1
1.00001
1.00002
1.00004
1.00011
1.0002
1.0006
1.00112
1.00332
1.00656
1.01784
1.04087
1.09953
1.25931
1.70056
2.06135
2.19684
2.20793
2.20098
2.18874
1
1
1
1
1
1
1
1.00001
1.00002
1.00007
1.00013
1.0004
1.00073
1.00223
1.00417
1.01208
1.02502
1.06515
1.15608
1.42867
1.88243
2.13591
2.17843
2.17829
2.1656
1
1
1
1
1
1
1
1.00001
1.00001
1.00005
1.00008
1.00025
1.00046
1.00141
1.00262
1.00763
1.01567
1.04002
1.10063
1.23941
1.59847
1.99668
2.14287
2.15067
2.1458
1
1
1
1
1
1
1
1
1.00001
1.00002
1.00007
1.00012
1.00037
1.0007
1.00206
1.00399
1.01114
1.02361
1.06187
1.1428
1.4134
1.80755
2.06819
2.12636
2.12499
1
1
1
1
1
1
1
1
1.00001
1.00001
1.00004
1.00008
1.00023
1.00042
1.0013
1.00238
1.00696
1.01406
1.03617
1.0903
1.20686
1.54946
1.90918
2.07426
2.10197
1
1
1
1
1
1
1
1
1
1.00001
1.00003
1.00005
1.00014
1.00026
1.00078
1.00144
1.00416
1.00844
1.02161
1.0549
1.11951
1.34588
1.78978
1.9907
2.05246
1
1
1
1
1
1
1
1
1
1.00001
1.00001
1.00004
1.00007
1.00019
1.00036
1.00107
1.00204
1.00578
1.01196
1.03047
1.07319
1.17926
1.4293
1.88069
2.01973
1
1
1
1
1
1
1
1
1
1
1.00001
1.00002
1.00005
1.00009
1.00028
1.00052
1.00154
1.00292
1.00825
1.01735
1.04334
1.10739
1.26128
1.62262
1.93917
1
1
1
1
1
1
1
1
1
1
1.00001
1.00001
1.00003
1.00006
1.00017
1.0003
1.00093
1.00169
1.00501
1.00966
1.02599
1.05938
1.14053
1.35902
1.76877
1
1
1
1
1
1
1
1
1
1
1
1.00001
1.00002
1.00003
1.0001
1.00018
1.00053
1.00097
1.00288
1.00547
1.01511
1.03275
1.07984
1.19868
1.52979
1
1
1
1
1
1
1
1
1
1
1
1
1.00001
1.00002
1.00004
1.00013
1.00023
1.00069
1.0013
1.00362
1.00756
1.0187
1.04774
1.1018
1.29441
1
1
1
1
1
1
1
1
1
1
1
1
1
1.00001
1.00002
1.00007
1.00014
1.00041
1.00075
1.00221
1.00416
1.01178
1.02376
1.06363
1.13869
1
1
1
1
1
1
1
1
1
1
1
1
1
1.00001
1.00002
1.00003
1.00009
1.00017
1.00051
1.00095
1.00275
1.00537
1.01431
1.03203
1.07506
1
1
1
1
1
1
1
1
1
1
1
1
1
1
1.00001
1.00002
1.00005
1.0001
1.00029
1.00053
1.00158
1.00293
1.00837
1.01666
1.04364
1
1
1
1
1
1
1
1
1
1
1
1
1
1
1.00001
1.00001
1.00003
1.00005
1.00016
1.00029
1.00085
1.00157
1.00455
1.00881
1.0235
1
1
1
1
1
1
1
1
1
1
1
1
1
1
1
1.00001
1.00001
1.00004
1.00007
1.00019
1.00035
1.00102
1.00194
1.00538
1.01095
1
1
1
1
1
1
1
1
1
1
1
1
1
1
1
1
1.00001
1.00002
1.00004
1.0001
1.00019
1.00057
1.00103
1.00302
1.0057
1
1
1
1
1
1
1
1
1
1
1
1
1
1
1
1
1
1.00001
1.00002
1.00006
1.0001
1.0003
1.00055
1.00159
1.00299
1
1
1
1
1
1
1
1
1
1
1
1
1
1
1
1
1
1
1.00001
1.00002
1.00007
1.00012
1.00035
1.00066
1.00185
1
1
1
1
1
1
1
1
1
1
1
1
1
1
1
1
1
1
1.00001
1.00001
1.00003
1.00006
1.00018
1.00033
1.00097
1
1
1
1
1
1
1
1
1
1
1
1
1
1
1
1
1
1
1
1.00001
1.00002
1.00003
1.00009
1.00017
1.00049
1
1
1
1
1
1
1
1
1
1
1
1
1
1
1
1
1
1
1
1
1.00001
1.00002
1.00004
1.00011
1.0002
1
1
1
1
1
1
1
1
1
1
1
1
1
1
1
1
1
1
1
1
1
1.00001
1.00003
1.00005
1.00014
1
1
1
1
1
1
1
1
1
1
1
1
1
1
1
1
1
1
1
1
1
1.00001
1.00002
1.00003
1.0001
2.35543
2.26341
2.26559
2.31498
2.40772
2.47234
2.52774
2.55454
2.55917
2.55672
2.55712
2.55846
2.56103
2.56569
2.56737
2.57092
2.5703
2.57027
2.57007
2.56944
2.56855
2.56676
2.56493
2.56192
2.55884
2.55475
2.55073
2.54608
2.54137
2.53628
2.53084
2.52507
2.51936
2.51278
2.50756
2.50083
2.4965
2.49316
2.49211
2.49339
2.49754
2.51217
2.54849
2.63155
2.80961
3.13322
3.49427
3.66279
3.60606
3.56292
3.51282
3.45648
3.3998
3.34836
3.3044
3.27086
3.24169
3.21308
3.18638
3.16505
3.14364
3.12399
3.10378
3.08574
3.06705
3.0512
3.03411
3.02053
3.00452
2.99218
2.97674
2.96543
2.95051
2.94011
2.92571
2.91617
2.90243
2.8936
2.88074
2.87278
2.86086
2.85382
2.84284
2.83682
2.82678
2.8216
2.81249
2.80793
2.79894
2.79441
2.78533
2.78075
2.77149
2.76681
2.75729
2.75264
2.74322
2.7396
2.73305
2.73747
2.21131
2.14325
2.10585
2.08747
2.0607
2.03301
2.02072
2.02235
2.03224
2.05061
2.06519
2.07348
2.07288
2.07232
2.07207
2.07234
2.07305
2.07372
2.07455
2.0752
2.07516
2.07474
2.07378
2.07214
2.07079
2.06896
2.06724
2.06494
2.06258
2.05995
2.05687
2.05407
2.05048
2.04719
2.04367
2.03964
2.03624
2.03418
2.03232
2.03262
2.03474
2.04352
2.06725
2.12564
2.26052
2.54275
2.92812
3.13661
3.08627
2.98315
2.90976
2.84859
2.80284
2.76817
2.7408
2.7167
2.69447
2.67546
2.65811
2.64244
2.62709
2.61265
2.59815
2.58498
2.57159
2.55906
2.5459
2.53321
2.51967
2.50701
2.49325
2.48096
2.4669
2.45489
2.44059
2.42878
2.41444
2.40283
2.38861
2.37725
2.3634
2.35233
2.33903
2.32856
2.31619
2.30674
2.29554
2.2873
2.27751
2.27064
2.26219
2.25648
2.24914
2.24432
2.23792
2.23388
2.22853
2.22605
2.2235
2.23024
2.20101
2.12522
2.05667
1.98678
1.92004
1.86973
1.84273
1.84087
1.84392
1.85508
1.86783
1.88148
1.88699
1.89079
1.89033
1.89035
1.89029
1.89032
1.89045
1.89072
1.89097
1.89091
1.89069
1.89009
1.88952
1.8884
1.88743
1.886
1.88455
1.88296
1.8811
1.87916
1.87724
1.8746
1.87259
1.87002
1.8674
1.86679
1.86644
1.86679
1.86959
1.87808
1.89886
1.94473
2.03845
2.20948
2.42257
2.67859
2.67547
2.63267
2.58981
2.55833
2.53372
2.51735
2.50576
2.49607
2.48591
2.47577
2.4648
2.45435
2.44365
2.43307
2.42163
2.41111
2.39997
2.39043
2.37948
2.37024
2.35854
2.34927
2.33687
2.32769
2.31483
2.30547
2.29211
2.28237
2.26872
2.25862
2.24482
2.23451
2.22061
2.21035
2.19664
2.18662
2.17337
2.16399
2.15161
2.14321
2.13191
2.12452
2.11423
2.10774
2.09831
2.09265
2.08392
2.07909
2.0711
2.06773
2.06195
2.06573
2.19755
2.11073
2.03352
1.96229
1.89911
1.8477
1.80531
1.77708
1.75964
1.75628
1.75698
1.76282
1.76908
1.77826
1.78172
1.78472
1.78414
1.78379
1.78323
1.78238
1.78199
1.78179
1.78163
1.78134
1.78063
1.78001
1.77866
1.77784
1.77628
1.77504
1.77371
1.77203
1.77053
1.7689
1.76686
1.76555
1.76431
1.76449
1.76534
1.76716
1.77334
1.78681
1.8183
1.88559
1.98628
2.13139
2.22824
2.34738
2.43613
2.47916
2.4693
2.45433
2.43584
2.41661
2.40347
2.39557
2.38613
2.37854
2.36945
2.36257
2.35381
2.34624
2.33537
2.3268
2.3156
2.30749
2.29632
2.28818
2.27604
2.26791
2.25569
2.24786
2.23544
2.2274
2.21454
2.20588
2.19252
2.18351
2.17019
2.16129
2.14805
2.13919
2.12603
2.11734
2.10446
2.09621
2.08381
2.07616
2.06438
2.05751
2.04644
2.04036
2.02992
2.02451
2.01449
2.00967
2.0001
1.99625
1.98841
1.99014
2.20486
2.11443
2.03708
1.96845
1.90451
1.85025
1.8006
1.7603
1.72787
1.70769
1.69814
1.69838
1.69953
1.70486
1.7098
1.71689
1.71975
1.72305
1.72298
1.72303
1.72287
1.7225
1.72185
1.7213
1.72097
1.72027
1.71981
1.71886
1.718
1.71709
1.71568
1.71469
1.71328
1.71174
1.71075
1.70964
1.70992
1.71082
1.71252
1.71744
1.72975
1.75454
1.81593
1.90799
2.02681
2.10121
2.13212
2.17205
2.22854
2.28135
2.33007
2.35586
2.36727
2.35779
2.35162
2.34313
2.32784
2.31854
2.30793
2.30176
2.29174
2.28499
2.27467
2.26755
2.2562
2.24876
2.23698
2.22944
2.21768
2.21042
2.19848
2.19131
2.17937
2.1723
2.16038
2.15307
2.14082
2.1331
2.12063
2.11284
2.10044
2.09281
2.08066
2.07334
2.06146
2.05445
2.04278
2.03609
2.02465
2.01835
2.00725
2.00138
1.9906
1.98512
1.97456
1.96943
1.95911
1.95478
1.94577
1.9464
2.22281
2.13472
2.05256
1.98214
1.91766
1.86064
1.81067
1.76762
1.73103
1.70167
1.67813
1.66394
1.65689
1.65707
1.65787
1.66209
1.66558
1.67176
1.67405
1.67702
1.6768
1.67677
1.67646
1.67572
1.67451
1.67379
1.67288
1.67218
1.67155
1.67029
1.66941
1.66813
1.66669
1.66578
1.66481
1.66509
1.66613
1.66774
1.67225
1.68356
1.70624
1.75854
1.85423
1.97258
2.04876
2.07849
2.07952
2.08504
2.09942
2.12269
2.1534
2.1956
2.24238
2.27957
2.2982
2.29731
2.29007
2.28201
2.26735
2.25688
2.24474
2.23642
2.22545
2.2192
2.20907
2.20303
2.192
2.18473
2.17293
2.16564
2.15373
2.14679
2.13562
2.12931
2.11841
2.11216
2.10131
2.09507
2.08422
2.07801
2.06718
2.061
2.05009
2.04395
2.03302
2.0271
2.01619
2.01046
1.99942
1.99374
1.98255
1.97691
1.96563
1.95998
1.94865
1.94306
1.93174
1.92679
1.91669
1.91582
2.22399
2.14858
2.07477
2.00659
1.94417
1.88694
1.83477
1.78901
1.7476
1.71276
1.68273
1.65929
1.6417
1.63128
1.62701
1.62738
1.62815
1.63165
1.63408
1.63882
1.64025
1.64257
1.6423
1.64221
1.64185
1.64098
1.64005
1.63923
1.63816
1.63765
1.63668
1.63575
1.63507
1.63429
1.63459
1.63578
1.63713
1.64173
1.65116
1.67357
1.71894
1.81654
1.9337
2.02428
2.05495
2.05028
2.04241
2.03986
2.03344
2.03425
2.0404
2.06057
2.08946
2.13251
2.18017
2.22171
2.24383
2.25021
2.24421
2.23562
2.21926
2.2058
2.19202
2.18241
2.17219
2.16694
2.15872
2.15351
2.14286
2.13593
2.1246
2.11809
2.10714
2.10089
2.09035
2.08473
2.07479
2.06955
2.05959
2.05412
2.0439
2.03837
2.02806
2.02249
2.01191
2.00629
1.9955
1.98997
1.97897
1.97336
1.96208
1.95635
1.94487
1.93911
1.92755
1.92183
1.91029
1.90505
1.89488
1.89324
2.22666
2.15593
2.08745
2.02268
1.96241
1.90699
1.85596
1.80989
1.76799
1.73096
1.69841
1.67076
1.64719
1.62896
1.61531
1.60746
1.60377
1.604
1.6045
1.6072
1.60921
1.61337
1.61467
1.61696
1.61671
1.61647
1.6159
1.61459
1.61337
1.61222
1.6111
1.61036
1.61
1.61037
1.61165
1.61316
1.61735
1.62637
1.64675
1.68914
1.78215
1.90023
2.00023
2.03318
2.03468
2.0299
2.01949
2.00628
1.98879
1.97771
1.97516
1.97675
1.98324
2.00225
2.03045
2.07247
2.12257
2.16876
2.19724
2.20662
2.20102
2.19105
2.17257
2.15721
2.14067
2.13024
2.12174
2.1176
2.11114
2.10658
2.09731
2.09139
2.08103
2.07484
2.06469
2.0588
2.04886
2.04322
2.03358
2.02825
2.01856
2.01295
2.00283
1.99705
1.98664
1.98072
1.96992
1.96389
1.95283
1.9468
1.93541
1.92931
1.91755
1.91148
1.89957
1.89374
1.882
1.87685
1.86646
1.86514
2.23171
2.16767
2.10361
2.04242
1.98433
1.93034
1.87994
1.83381
1.79156
1.75326
1.71872
1.68793
1.6609
1.63784
1.61843
1.60339
1.5927
1.58664
1.58396
1.58425
1.58468
1.58624
1.58868
1.5908
1.59243
1.59346
1.59359
1.5935
1.59311
1.5921
1.59129
1.59009
1.59035
1.59122
1.59233
1.59607
1.60398
1.62381
1.66237
1.75257
1.87207
1.9818
2.0199
2.0286
2.01911
2.00906
1.99388
1.97887
1.96022
1.94635
1.93342
1.92595
1.92472
1.92675
1.93369
1.95191
1.98204
2.02389
2.07609
2.12864
2.16102
2.17258
2.16767
2.15798
2.13822
2.12256
2.10483
2.09342
2.08335
2.07879
2.07212
2.06796
2.05955
2.05393
2.04414
2.03787
2.02775
2.02131
2.011
2.00471
1.99457
1.98846
1.97791
1.97143
1.9605
1.95411
1.94306
1.93672
1.92545
1.91923
1.90779
1.90163
1.8899
1.88377
1.87187
1.86604
1.85433
1.84918
1.83885
1.83741
2.22701
2.17032
2.11238
2.05559
2.00078
1.94942
1.90095
1.85584
1.81372
1.77522
1.73971
1.70778
1.67866
1.65306
1.63038
1.61137
1.59533
1.58297
1.57407
1.56903
1.56652
1.56663
1.56699
1.56808
1.57057
1.5719
1.57409
1.57429
1.57429
1.57406
1.5735
1.57292
1.57331
1.57444
1.57768
1.58478
1.6031
1.63861
1.72356
1.84397
1.96363
2.00986
2.02181
2.01108
2.00031
1.98911
1.9729
1.95493
1.93475
1.91967
1.90517
1.89672
1.8885
1.88184
1.88032
1.88225
1.88923
1.90847
1.93849
1.98123
2.03358
2.08689
2.12367
2.13789
2.13234
2.12206
2.10243
2.08498
2.06576
2.0539
2.04212
2.03649
2.02867
2.02429
2.01594
2.01054
2.00101
1.99472
1.98462
1.97787
1.96716
1.96032
1.94958
1.94279
1.93167
1.92487
1.91373
1.90731
1.89612
1.88987
1.8786
1.87259
1.86116
1.8552
1.84348
1.83767
1.82602
1.82086
1.81058
1.809
2.22268
2.17285
2.11953
2.06713
2.01552
1.96599
1.91906
1.87544
1.83407
1.79584
1.75982
1.72705
1.69659
1.66932
1.64437
1.62255
1.6031
1.587
1.57336
1.56309
1.55564
1.55163
1.5496
1.54971
1.55006
1.55081
1.5526
1.55377
1.55502
1.55616
1.55642
1.55724
1.55835
1.56183
1.56837
1.58598
1.61907
1.7013
1.81824
1.95131
2.00554
2.01695
2.00507
1.99703
1.98395
1.9694
1.94942
1.93147
1.91452
1.90117
1.887
1.87692
1.86438
1.85468
1.846
1.8387
1.83929
1.84223
1.84918
1.86759
1.89641
1.93542
1.98621
2.04137
2.07896
2.09922
2.09306
2.08214
2.064
2.04539
2.02489
2.01229
1.99987
1.99344
1.98478
1.97983
1.97156
1.96634
1.95723
1.95122
1.94118
1.93429
1.92341
1.91643
1.90537
1.89842
1.88711
1.88059
1.86955
1.8635
1.85242
1.84657
1.83537
1.82966
1.81825
1.81259
1.80121
1.79602
1.78595
1.78407
2.21717
2.17144
2.12437
2.07628
2.02871
1.98279
1.93752
1.89472
1.85445
1.81658
1.78126
1.74797
1.71723
1.68858
1.66244
1.63857
1.61711
1.59812
1.58149
1.56774
1.55627
1.54776
1.54159
1.53824
1.53654
1.53664
1.53697
1.53765
1.53928
1.5411
1.54281
1.54469
1.54849
1.55571
1.57207
1.60418
1.67836
1.79557
1.93565
1.99821
2.01079
2.00161
1.99115
1.98056
1.9632
1.94661
1.92781
1.91263
1.8963
1.8836
1.87152
1.86143
1.84703
1.8357
1.82167
1.81246
1.80501
1.79955
1.79967
1.80122
1.80585
1.82001
1.84617
1.88223
1.93054
1.98696
2.03035
2.05487
2.04838
2.03732
2.02064
2.00239
1.98177
1.96888
1.9563
1.94952
1.94024
1.93528
1.92693
1.92218
1.91353
1.9083
1.89839
1.89201
1.88132
1.87509
1.86422
1.85804
1.8471
1.84142
1.83077
1.8254
1.81472
1.80939
1.79867
1.79332
1.78256
1.77739
1.76779
1.76567
2.20144
2.16384
2.12335
2.08139
2.03762
1.99498
1.95394
1.91356
1.87438
1.83739
1.80214
1.76928
1.73811
1.70918
1.68206
1.65699
1.63403
1.61298
1.59425
1.57751
1.5632
1.55103
1.54129
1.53386
1.52867
1.52561
1.52437
1.52458
1.52495
1.52611
1.52877
1.53336
1.54066
1.5565
1.58747
1.65562
1.77361
1.91503
1.98919
2.00595
1.99734
1.99039
1.97682
1.96206
1.94466
1.92984
1.91189
1.89715
1.88209
1.87164
1.85928
1.84709
1.83242
1.81981
1.80425
1.79315
1.77982
1.77071
1.76215
1.75524
1.75243
1.75187
1.75442
1.76626
1.78985
1.82406
1.87031
1.92676
1.97685
2.00602
1.99924
1.98932
1.97563
1.95811
1.93729
1.92474
1.91238
1.90531
1.8957
1.89063
1.8823
1.87812
1.87003
1.86553
1.85627
1.85111
1.84115
1.83604
1.82599
1.82083
1.81088
1.80596
1.79624
1.79141
1.78171
1.77688
1.76712
1.76243
1.75344
1.75172
2.19536
2.15854
2.12014
2.08102
2.04256
2.00311
1.96378
1.92687
1.89061
1.8551
1.82146
1.78894
1.75857
1.7293
1.70242
1.67653
1.65311
1.63082
1.61087
1.59224
1.57589
1.56106
1.54852
1.53776
1.52911
1.52291
1.51813
1.51676
1.51698
1.51812
1.5214
1.52805
1.54279
1.57195
1.63312
1.75083
1.88839
1.97741
2.00049
1.99521
1.98692
1.97561
1.95907
1.94469
1.92822
1.9131
1.89587
1.88239
1.86786
1.85644
1.84233
1.82965
1.81447
1.79997
1.78356
1.77089
1.75585
1.74554
1.73255
1.72303
1.71282
1.70532
1.70056
1.69998
1.7021
1.71307
1.73569
1.76808
1.81261
1.86913
1.92391
1.95979
1.95253
1.94411
1.93362
1.91628
1.89539
1.88317
1.87082
1.86349
1.85361
1.84816
1.83992
1.83602
1.82848
1.82432
1.81593
1.81153
1.80282
1.79831
1.78926
1.78462
1.77562
1.77118
1.76231
1.75794
1.74904
1.74496
1.73653
1.73581
2.18034
2.15169
2.11623
2.08087
2.04346
2.00757
1.97189
1.93517
1.90139
1.86831
1.83579
1.80499
1.77546
1.74706
1.72065
1.69489
1.6716
1.64847
1.6285
1.60807
1.59143
1.57391
1.56049
1.54627
1.53619
1.5258
1.51916
1.51447
1.515
1.51623
1.52131
1.53357
1.55984
1.61343
1.72699
1.85899
1.96226
1.99346
1.99219
1.98576
1.97186
1.95796
1.942
1.9284
1.91143
1.89599
1.87841
1.86398
1.84887
1.83686
1.82208
1.80894
1.79262
1.77782
1.7621
1.74868
1.73382
1.72282
1.7089
1.6989
1.68636
1.67679
1.66669
1.66014
1.65565
1.65629
1.65909
1.66909
1.69071
1.72124
1.76351
1.81859
1.87793
1.91951
1.91449
1.90683
1.89703
1.8806
1.8607
1.84829
1.83562
1.8279
1.81762
1.81167
1.80325
1.79926
1.79177
1.78744
1.77947
1.77543
1.76737
1.76317
1.7547
1.75042
1.74194
1.73774
1.72923
1.72541
1.71724
1.71729
2.17211
2.14103
2.11142
2.07728
2.04446
2.00943
1.97528
1.94305
1.90831
1.87735
1.84705
1.81671
1.78875
1.76129
1.73517
1.71053
1.68712
1.66432
1.6442
1.623
1.60608
1.58706
1.57288
1.5567
1.54507
1.53276
1.52379
1.5185
1.5187
1.52189
1.53051
1.55309
1.59903
1.70172
1.83215
1.94377
1.98281
1.99028
1.97996
1.966
1.9502
1.93733
1.92141
1.90702
1.88817
1.87175
1.85387
1.8403
1.82575
1.81315
1.79826
1.78515
1.76931
1.75601
1.74091
1.72798
1.71431
1.70322
1.69002
1.68034
1.66733
1.65764
1.64598
1.63692
1.62789
1.62229
1.6184
1.61929
1.62252
1.63042
1.64957
1.67792
1.71835
1.77008
1.83447
1.88072
1.88058
1.87356
1.86425
1.84838
1.8305
1.81826
1.80522
1.79671
1.78607
1.77974
1.77109
1.76663
1.75853
1.75399
1.74645
1.74265
1.73493
1.73083
1.72258
1.71845
1.71008
1.70628
1.69804
1.69797
2.16357
2.13494
2.10542
2.07553
2.04179
2.01089
1.97761
1.94528
1.91549
1.88285
1.85392
1.82657
1.79701
1.77279
1.74608
1.72219
1.6998
1.67618
1.65726
1.63504
1.61826
1.59891
1.58311
1.56765
1.55266
1.54158
1.52986
1.52727
1.52879
1.53541
1.55282
1.59219
1.68678
1.81377
1.92718
1.97617
1.98458
1.97306
1.95664
1.94324
1.92653
1.9119
1.89418
1.87786
1.85955
1.84505
1.82928
1.81678
1.80194
1.78978
1.77599
1.76383
1.74971
1.73762
1.72314
1.71149
1.69846
1.68771
1.67557
1.66587
1.65308
1.64383
1.63102
1.62168
1.6107
1.60217
1.59405
1.58861
1.5843
1.5849
1.58711
1.59246
1.60744
1.63375
1.67171
1.71949
1.78916
1.83877
1.84674
1.83971
1.83091
1.81737
1.80181
1.7893
1.77505
1.76644
1.75571
1.74929
1.74047
1.73541
1.72693
1.72267
1.71548
1.7118
1.70428
1.70028
1.69212
1.68835
1.68036
1.67989
2.15052
2.12508
2.09888
2.07193
2.04207
2.00968
1.98022
1.94899
1.91777
1.89035
1.85792
1.83345
1.80549
1.77926
1.75686
1.73048
1.71072
1.68681
1.66754
1.64737
1.62772
1.61145
1.59238
1.57875
1.56219
1.55114
1.54169
1.54224
1.54716
1.56141
1.59322
1.68319
1.79693
1.91863
1.97061
1.98071
1.96643
1.95233
1.9362
1.9186
1.89866
1.88159
1.86321
1.84886
1.83339
1.82076
1.80602
1.79387
1.78034
1.77008
1.75745
1.74669
1.7334
1.72136
1.70747
1.69627
1.68315
1.6728
1.66073
1.65049
1.63824
1.6285
1.61558
1.60649
1.59417
1.58541
1.57501
1.56679
1.55887
1.55268
1.54787
1.54707
1.54825
1.55218
1.56436
1.58853
1.62314
1.66798
1.74076
1.79216
1.81013
1.80305
1.79499
1.78603
1.77084
1.75807
1.74352
1.73532
1.7243
1.71848
1.70944
1.70404
1.69551
1.69157
1.68432
1.68067
1.67312
1.66946
1.6618
1.66114
2.13157
2.10966
2.08761
2.06482
2.03979
2.011
1.9802
1.95238
1.9224
1.8945
1.86613
1.83729
1.8135
1.78632
1.7633
1.74039
1.71697
1.69776
1.67522
1.65777
1.63758
1.62039
1.60392
1.58648
1.57447
1.56087
1.5597
1.56294
1.57466
1.60399
1.67017
1.79827
1.91905
1.97366
1.98264
1.96754
1.94822
1.93272
1.91115
1.89161
1.87033
1.85389
1.83811
1.826
1.81161
1.79927
1.78498
1.77415
1.76243
1.75283
1.74071
1.72994
1.71617
1.70438
1.69088
1.67963
1.66668
1.65652
1.64408
1.63423
1.62239
1.61259
1.60047
1.59118
1.57855
1.56981
1.5579
1.5495
1.53945
1.53155
1.52379
1.51727
1.51258
1.51051
1.5114
1.5144
1.52398
1.54567
1.57573
1.6197
1.69083
1.74404
1.77243
1.76598
1.76018
1.75307
1.73789
1.72671
1.71254
1.70408
1.69296
1.68782
1.67799
1.67269
1.66405
1.66017
1.65249
1.64904
1.64176
1.64103
2.11351
2.09613
2.07006
2.04708
2.02687
2.00622
1.97993
1.95202
1.92477
1.89903
1.8715
1.84513
1.81859
1.79465
1.76991
1.74748
1.72572
1.70373
1.68519
1.66415
1.64749
1.62839
1.61305
1.59704
1.58402
1.5788
1.58247
1.59102
1.61602
1.6829
1.7903
1.91825
1.98025
1.98785
1.96928
1.95063
1.93223
1.91185
1.88901
1.87024
1.85239
1.83833
1.82197
1.80725
1.79058
1.77762
1.76454
1.7552
1.74383
1.73409
1.7215
1.71003
1.69635
1.68489
1.67144
1.6605
1.64803
1.63814
1.62642
1.61752
1.60605
1.59682
1.58507
1.57534
1.56303
1.55402
1.54186
1.53396
1.52304
1.51557
1.50617
1.49871
1.49076
1.48391
1.47872
1.475
1.47544
1.47772
1.48465
1.50249
1.52885
1.57305
1.63723
1.69566
1.7326
1.73072
1.72504
1.71899
1.70465
1.69578
1.68164
1.67261
1.66213
1.65698
1.64668
1.64176
1.63282
1.62914
1.6217
1.62111
2.1009
2.08722
2.06558
2.0382
2.01415
1.99087
1.97207
1.94966
1.924
1.89946
1.87574
1.84994
1.82645
1.80113
1.77865
1.75515
1.73356
1.71266
1.69171
1.67363
1.65372
1.63765
1.62008
1.60666
1.59843
1.60016
1.60818
1.63273
1.68386
1.79635
1.92734
1.99375
1.99992
1.9834
1.96188
1.94299
1.91769
1.89481
1.87237
1.85527
1.83764
1.82254
1.80479
1.7894
1.77283
1.76023
1.74696
1.73652
1.72393
1.71314
1.69981
1.68861
1.67554
1.66455
1.65171
1.64152
1.62953
1.6204
1.60949
1.60097
1.58987
1.58104
1.56931
1.55984
1.54807
1.5389
1.52733
1.51939
1.50815
1.50097
1.49041
1.48299
1.47338
1.4656
1.45715
1.45011
1.44427
1.43963
1.43996
1.44174
1.44639
1.46043
1.48422
1.52622
1.58087
1.64629
1.68843
1.69595
1.68857
1.68287
1.67216
1.66382
1.64966
1.64192
1.63201
1.62624
1.61655
1.61213
1.60344
1.60287
2.07025
2.06723
2.05662
2.03361
2.01019
1.9856
1.9621
1.94135
1.91933
1.8971
1.87476
1.85287
1.82904
1.80754
1.78419
1.76323
1.74125
1.72082
1.70092
1.68101
1.66364
1.64521
1.63118
1.6197
1.62046
1.62819
1.65028
1.69475
1.80552
1.93861
2.00999
2.01965
2.00198
1.98139
1.95767
1.93114
1.90434
1.8823
1.86194
1.84558
1.82739
1.81066
1.79134
1.77515
1.75821
1.74499
1.73031
1.7184
1.70466
1.69353
1.68068
1.67004
1.65698
1.64599
1.63303
1.62272
1.61082
1.6019
1.59094
1.58245
1.57158
1.56292
1.55159
1.54279
1.53133
1.52247
1.51132
1.50288
1.49185
1.48428
1.47326
1.46614
1.45558
1.44822
1.43869
1.43112
1.4229
1.41622
1.41004
1.40568
1.40501
1.40612
1.40987
1.41992
1.44278
1.47908
1.52416
1.59585
1.64322
1.65945
1.65175
1.64865
1.64122
1.63153
1.6191
1.61296
1.60164
1.597
1.58829
1.58708
2.03327
2.03693
2.02914
2.01967
2.00187
1.98116
1.95866
1.93786
1.91607
1.89456
1.8728
1.85169
1.83152
1.80943
1.78934
1.76802
1.7481
1.72799
1.70857
1.69024
1.67165
1.65667
1.64394
1.64326
1.65049
1.67034
1.71251
1.81946
1.94982
2.0285
2.0416
2.02531
2.00357
1.97866
1.94733
1.92011
1.89463
1.87444
1.85431
1.8359
1.81489
1.79573
1.77587
1.76009
1.74377
1.73053
1.71547
1.70296
1.68864
1.67698
1.66325
1.65167
1.63789
1.62657
1.61341
1.60316
1.59114
1.58199
1.57078
1.5624
1.55172
1.54352
1.53291
1.52457
1.5136
1.50523
1.49422
1.48598
1.47534
1.46754
1.45701
1.44996
1.43935
1.4328
1.42259
1.41594
1.40674
1.39983
1.39194
1.38555
1.37933
1.37514
1.37328
1.37394
1.37716
1.38559
1.40316
1.4336
1.47705
1.54538
1.59789
1.62291
1.62083
1.61749
1.61024
1.60236
1.59155
1.58589
1.57538
1.57407
2.01939
2.01918
2.01384
2.00005
1.9823
1.96572
1.94863
1.93074
1.9117
1.89179
1.87167
1.85114
1.83128
1.81186
1.79161
1.77251
1.75285
1.73399
1.7155
1.69729
1.68181
1.66825
1.66636
1.67341
1.69225
1.73356
1.83082
1.96436
2.0498
2.06698
2.05023
2.02946
2.0003
1.96728
1.93675
1.9115
1.88828
1.86802
1.8464
1.82611
1.8043
1.78519
1.76553
1.74869
1.73065
1.71559
1.69947
1.68665
1.67234
1.66041
1.64638
1.63444
1.62055
1.609
1.59564
1.58499
1.57268
1.56338
1.55237
1.54421
1.53382
1.52596
1.51548
1.50737
1.49676
1.4886
1.47801
1.47009
1.45973
1.45201
1.44203
1.43463
1.42483
1.41806
1.40818
1.40194
1.39227
1.38599
1.37717
1.37059
1.3631
1.3568
1.35095
1.34672
1.34368
1.34481
1.34697
1.35331
1.36846
1.39046
1.43573
1.49201
1.55132
1.58498
1.59237
1.58697
1.58142
1.57706
1.56707
1.56497
1.96057
2.0008
2.00012
1.99269
1.97736
1.95568
1.93629
1.91863
1.90126
1.88368
1.8655
1.84777
1.82882
1.81076
1.79217
1.77359
1.75546
1.7375
1.72006
1.70436
1.69063
1.68813
1.69522
1.71362
1.75433
1.84381
1.98058
2.075
2.09363
2.07729
2.05485
2.02397
1.98691
1.95589
1.92807
1.90513
1.88244
1.86148
1.83867
1.81723
1.79497
1.77518
1.75472
1.73677
1.71831
1.70298
1.68712
1.67412
1.65945
1.64694
1.63208
1.61944
1.60487
1.59284
1.57926
1.56845
1.55607
1.54658
1.53524
1.52659
1.5158
1.50758
1.49711
1.48925
1.47905
1.47137
1.46131
1.4537
1.44369
1.43622
1.42634
1.41907
1.40951
1.40256
1.39324
1.38691
1.37754
1.3719
1.36262
1.3572
1.34862
1.34295
1.33561
1.32993
1.3242
1.31981
1.31625
1.31671
1.31873
1.32209
1.33292
1.35305
1.39493
1.4362
1.50795
1.54687
1.56195
1.55958
1.5559
1.55543
1.81202
1.96012
1.97817
1.97778
1.96742
1.95287
1.93115
1.91198
1.89425
1.87711
1.85977
1.84198
1.82461
1.80657
1.78949
1.77264
1.75548
1.73874
1.72388
1.71059
1.70796
1.71512
1.73366
1.77244
1.86146
2.00113
2.09881
2.11916
2.10105
2.07986
2.04604
2.00877
1.97527
1.94753
1.92188
1.89941
1.8759
1.85363
1.83
1.80866
1.78639
1.76629
1.74509
1.72649
1.70732
1.69117
1.67436
1.66034
1.64532
1.63281
1.61861
1.60632
1.59173
1.57928
1.56501
1.55347
1.54039
1.53014
1.51825
1.50918
1.49827
1.4901
1.47989
1.47223
1.4623
1.45481
1.44493
1.43747
1.42766
1.42026
1.41062
1.40349
1.39415
1.38746
1.37858
1.37236
1.36386
1.35817
1.34967
1.34453
1.33585
1.331
1.32258
1.31754
1.31017
1.30486
1.29912
1.29437
1.29087
1.28998
1.29069
1.29407
1.30215
1.31864
1.34825
1.3919
1.46129
1.50027
1.53644
1.53634
1.66258
1.87972
1.95418
1.96085
1.95726
1.94538
1.9277
1.90623
1.88727
1.8699
1.85324
1.83677
1.82018
1.80371
1.78665
1.77002
1.75423
1.73956
1.727
1.72482
1.73242
1.75159
1.79036
1.88012
2.0189
2.12068
2.14188
2.12407
2.10213
2.06866
2.02977
1.99635
1.9656
1.93941
1.91406
1.89113
1.86721
1.84516
1.82205
1.80063
1.77779
1.75686
1.73501
1.71595
1.69649
1.68026
1.6635
1.64971
1.63457
1.6216
1.60663
1.59371
1.57878
1.56616
1.5518
1.54023
1.5271
1.51688
1.50492
1.49569
1.48456
1.47604
1.46549
1.45746
1.44732
1.43965
1.42981
1.42244
1.41283
1.4057
1.39634
1.38952
1.38049
1.37411
1.36548
1.35963
1.35136
1.34591
1.33785
1.33266
1.32453
1.31961
1.31126
1.30664
1.29836
1.29388
1.28634
1.28176
1.27565
1.27123
1.26755
1.26495
1.26593
1.26855
1.27297
1.28741
1.31
1.35769
1.40682
1.45368
1.41345
1.69226
1.89271
1.93438
1.94025
1.93605
1.92377
1.90406
1.88372
1.86516
1.84783
1.83103
1.81464
1.79873
1.78297
1.76744
1.75321
1.74117
1.73857
1.74678
1.76657
1.806
1.89813
2.03638
2.14151
2.1641
2.14502
2.12453
2.08847
2.05091
2.01583
1.98495
1.95544
1.92961
1.90434
1.88166
1.85829
1.83656
1.81334
1.79149
1.7683
1.74721
1.72555
1.7068
1.68778
1.6718
1.65507
1.6408
1.62505
1.61143
1.59611
1.58308
1.56842
1.55621
1.54213
1.53034
1.5167
1.5057
1.49302
1.48309
1.47144
1.46248
1.45169
1.44346
1.4333
1.4256
1.41587
1.40859
1.3992
1.39228
1.38318
1.37662
1.36779
1.36161
1.35305
1.34729
1.33904
1.33371
1.32573
1.32073
1.31291
1.30808
1.30023
1.29552
1.2875
1.28302
1.2749
1.27067
1.26292
1.25879
1.25213
1.24817
1.24363
1.2406
1.24122
1.24263
1.24705
1.25553
1.28179
1.30395
1.19146
1.48603
1.76318
1.89785
1.91487
1.91732
1.91193
1.9007
1.88208
1.86358
1.84616
1.82943
1.81256
1.79646
1.7805
1.76622
1.75418
1.75165
1.76029
1.78053
1.82076
1.91442
2.05314
2.16231
2.18504
2.16559
2.14503
2.10794
2.06839
2.03377
2.00123
1.9721
1.94408
1.91927
1.89493
1.87273
1.84954
1.82755
1.80412
1.78227
1.75958
1.73922
1.7184
1.70018
1.6814
1.66518
1.64802
1.63322
1.61712
1.60326
1.58787
1.57464
1.5597
1.54698
1.53254
1.52054
1.50675
1.49549
1.48264
1.47248
1.46067
1.45138
1.44033
1.43176
1.42137
1.41348
1.40369
1.39642
1.3871
1.38029
1.37126
1.36477
1.35595
1.34977
1.3412
1.33545
1.32725
1.32199
1.31415
1.30932
1.30168
1.29705
1.28942
1.2848
1.27706
1.27243
1.2646
1.26015
1.25236
1.24828
1.24077
1.2371
1.23025
1.22697
1.22161
1.21908
1.21823
1.21935
1.22387
1.22466
1.09778
1.25518
1.5629
1.80727
1.88857
1.89756
1.89713
1.88892
1.87756
1.86007
1.84251
1.82651
1.81076
1.79506
1.78122
1.7683
1.76511
1.77418
1.79469
1.83622
1.93174
2.07129
2.18422
2.20656
2.18465
2.1654
2.12614
2.08651
2.05023
2.01873
1.98845
1.96096
1.93398
1.9098
1.88568
1.86339
1.84015
1.81823
1.79532
1.77418
1.75237
1.73263
1.71231
1.69419
1.67543
1.65886
1.64145
1.62619
1.60985
1.5956
1.58
1.56643
1.55137
1.53845
1.52405
1.51197
1.49837
1.48707
1.47403
1.4634
1.45118
1.44144
1.43005
1.42116
1.4106
1.40254
1.39268
1.38534
1.37602
1.36923
1.36027
1.35388
1.34517
1.33911
1.33063
1.3249
1.31668
1.31131
1.30338
1.29839
1.29073
1.28604
1.27855
1.27404
1.2666
1.26219
1.25476
1.25044
1.24305
1.23892
1.23163
1.22782
1.22069
1.21725
1.21043
1.20748
1.20145
1.19965
1.19662
1.19676
1.05236
1.12509
1.30871
1.66121
1.82606
1.87406
1.88087
1.87933
1.8705
1.85706
1.84007
1.82421
1.80911
1.79528
1.78337
1.77998
1.79006
1.81057
1.85461
1.9541
2.09659
2.20919
2.22946
2.20507
2.18368
2.14442
2.1043
2.06878
2.03617
2.00707
1.97844
1.952
1.92565
1.90164
1.87742
1.85513
1.83202
1.81058
1.78823
1.7677
1.74635
1.72705
1.70695
1.68899
1.67009
1.65334
1.63553
1.61989
1.60306
1.58845
1.57253
1.55884
1.54372
1.53084
1.5164
1.50424
1.49048
1.4791
1.46611
1.45541
1.44308
1.4332
1.42168
1.41261
1.40181
1.3935
1.38338
1.37583
1.36631
1.35941
1.35034
1.34389
1.3351
1.32898
1.32039
1.31456
1.30622
1.30074
1.29273
1.28766
1.28002
1.27533
1.268
1.26357
1.25641
1.25212
1.24502
1.24082
1.23373
1.22969
1.22267
1.21884
1.21194
1.20836
1.20163
1.19833
1.19184
1.18901
1.18336
1.18243
1.02768
1.06388
1.15249
1.36182
1.68223
1.82619
1.85352
1.85831
1.85602
1.84815
1.83508
1.81957
1.80698
1.79595
1.79381
1.80587
1.82783
1.87514
1.98116
2.12778
2.23496
2.25264
2.22606
2.20306
2.16273
2.12434
2.08837
2.05682
2.02689
1.99942
1.97158
1.94538
1.91885
1.89451
1.87002
1.84764
1.8247
1.80356
1.78159
1.76142
1.74044
1.72138
1.70143
1.68343
1.66441
1.64738
1.62929
1.61337
1.59636
1.58163
1.56567
1.55195
1.53677
1.52381
1.50926
1.49702
1.48322
1.47185
1.45892
1.44838
1.43612
1.42612
1.4145
1.40518
1.39417
1.38558
1.37522
1.36738
1.35764
1.35044
1.34118
1.33447
1.32555
1.31924
1.31059
1.30464
1.29626
1.29068
1.28261
1.27743
1.26973
1.26497
1.25767
1.25331
1.24637
1.24233
1.23562
1.23178
1.22518
1.22145
1.21488
1.21122
1.20469
1.2011
1.19466
1.19116
1.18487
1.18158
1.17578
1.17409
1.01544
1.03399
1.07789
1.20447
1.48507
1.72769
1.82826
1.84293
1.84288
1.8376
1.82935
1.81608
1.80392
1.8033
1.8177
1.84201
1.89528
2.00963
2.16253
2.26474
2.27727
2.25038
2.22406
2.18287
2.14309
2.10852
2.07677
2.04796
2.01893
1.99126
1.96304
1.93664
1.91016
1.88588
1.86152
1.83926
1.81657
1.79571
1.7741
1.75419
1.7334
1.71434
1.6944
1.67632
1.65736
1.64042
1.62259
1.60688
1.59016
1.57553
1.55968
1.54584
1.53062
1.51749
1.50293
1.49063
1.47688
1.46548
1.45254
1.44194
1.42972
1.41971
1.40802
1.39862
1.38753
1.37877
1.36825
1.3601
1.35008
1.3425
1.33295
1.32591
1.3168
1.3103
1.30158
1.29553
1.28714
1.28148
1.2734
1.26811
1.26039
1.25552
1.24826
1.24389
1.23709
1.23318
1.22674
1.22316
1.21689
1.21345
1.20719
1.20377
1.1975
1.19405
1.18785
1.18442
1.17837
1.17512
1.16948
1.16777
1.00843
1.01674
1.04475
1.09554
1.27213
1.51544
1.74668
1.81881
1.82884
1.82823
1.8213
1.81585
1.81025
1.82508
1.85204
1.91147
2.03579
2.19436
2.29194
2.29848
2.2703
2.24299
2.19902
2.16035
2.12549
2.09526
2.06566
2.03717
2.00785
1.97996
1.95182
1.92561
1.8994
1.87537
1.85134
1.82937
1.80698
1.78634
1.76491
1.74517
1.72456
1.70578
1.68615
1.66848
1.64996
1.63351
1.61612
1.60081
1.58436
1.5699
1.5541
1.5403
1.52508
1.51199
1.49747
1.48521
1.47145
1.45999
1.44697
1.43624
1.42392
1.4139
1.40221
1.39279
1.38169
1.37285
1.36223
1.35389
1.34367
1.33582
1.326
1.3187
1.30935
1.30264
1.29376
1.28758
1.27912
1.27338
1.2653
1.25997
1.25226
1.24737
1.24009
1.23568
1.22886
1.22492
1.21852
1.21498
1.20886
1.20556
1.19958
1.19636
1.19044
1.18719
1.18134
1.17811
1.17234
1.16929
1.16385
1.16228
1.00362
1.00967
1.02019
1.05152
1.11401
1.32024
1.56643
1.75557
1.80619
1.81785
1.81772
1.81845
1.83097
1.85668
1.92632
2.06635
2.2246
2.31598
2.31511
2.28604
2.25577
2.21278
2.17543
2.14244
2.11101
2.08172
2.05233
2.02442
1.99594
1.96879
1.94117
1.91545
1.88978
1.86637
1.84282
1.82119
1.79893
1.77834
1.75698
1.7374
1.71705
1.69861
1.67937
1.66214
1.64405
1.62798
1.61093
1.59583
1.57957
1.5652
1.54956
1.53583
1.52079
1.50775
1.49331
1.48097
1.46712
1.45547
1.44226
1.43133
1.41885
1.40871
1.39699
1.38754
1.37646
1.36759
1.35698
1.34856
1.33827
1.33028
1.32031
1.3128
1.30323
1.29629
1.28718
1.2808
1.27217
1.26631
1.25815
1.25277
1.24506
1.24013
1.23284
1.22836
1.22147
1.2174
1.21088
1.20719
1.20099
1.19758
1.19164
1.18841
1.18268
1.17958
1.174
1.17108
1.1656
1.163
1.15781
1.15673
1.0018
1.00502
1.0099
1.02564
1.05576
1.13755
1.31399
1.60402
1.75243
1.79298
1.81104
1.82577
1.86433
1.94017
2.09697
2.25781
2.34102
2.33578
2.30723
2.27362
2.22752
2.18996
2.15586
2.12524
2.09548
2.06791
2.04029
2.01394
1.98668
1.96052
1.93372
1.90865
1.88336
1.86004
1.83644
1.81472
1.7925
1.77206
1.75098
1.73167
1.71166
1.69351
1.67461
1.65765
1.63977
1.62381
1.60677
1.59163
1.5753
1.56093
1.54531
1.53174
1.51682
1.50394
1.48959
1.47728
1.46341
1.45168
1.43837
1.42733
1.41473
1.40445
1.3926
1.38304
1.37182
1.36288
1.35217
1.34368
1.33329
1.32522
1.31513
1.30752
1.29777
1.29067
1.28134
1.27474
1.26585
1.25976
1.25137
1.24582
1.23796
1.23292
1.22555
1.22096
1.21401
1.2098
1.20321
1.19932
1.19306
1.18946
1.18352
1.18021
1.17457
1.17156
1.1662
1.1635
1.15836
1.15602
1.15116
1.15064
1.0009
1.00259
1.00492
1.01316
1.02842
1.06623
1.16421
1.40352
1.63027
1.75999
1.80049
1.84725
1.94487
2.13237
2.30342
2.37081
2.36261
2.33905
2.29826
2.25024
2.2089
2.17381
2.14173
2.11255
2.08372
2.05658
2.02915
2.00301
1.97618
1.95058
1.92435
1.89968
1.87463
1.85152
1.82818
1.80685
1.78512
1.76525
1.74471
1.72595
1.70641
1.68869
1.67012
1.6534
1.63571
1.61988
1.60292
1.58784
1.57153
1.55718
1.54155
1.52794
1.51297
1.50008
1.48575
1.47358
1.45993
1.44848
1.43547
1.42466
1.41224
1.40204
1.39019
1.3806
1.3693
1.36024
1.34936
1.34081
1.33034
1.32227
1.31212
1.30448
1.29463
1.2874
1.27783
1.271
1.2618
1.25543
1.24672
1.24086
1.2327
1.22737
1.21978
1.21495
1.20788
1.20348
1.19686
1.19283
1.18656
1.18284
1.17687
1.17347
1.16782
1.16478
1.15945
1.15681
1.15178
1.14956
1.14484
1.14454
1.00057
1.00108
1.00301
1.00593
1.01527
1.03498
1.07815
1.20442
1.47166
1.68102
1.8008
1.91415
2.13901
2.34664
2.41373
2.40097
2.37518
2.32945
2.27867
2.23695
2.20026
2.16776
2.13658
2.10763
2.07907
2.05242
2.02564
2.00024
1.97408
1.94901
1.92313
1.89869
1.87384
1.8509
1.82775
1.80661
1.78508
1.7654
1.74506
1.72649
1.70713
1.68956
1.67111
1.65448
1.63683
1.621
1.604
1.58885
1.57242
1.55792
1.5421
1.52831
1.51318
1.5002
1.48582
1.47366
1.46004
1.44866
1.43574
1.42503
1.41267
1.40251
1.39065
1.38105
1.3697
1.36062
1.34966
1.34102
1.33039
1.32217
1.31184
1.30404
1.294
1.28657
1.2768
1.26977
1.26035
1.25374
1.24477
1.23864
1.23024
1.22464
1.21689
1.21181
1.20462
1.20001
1.19326
1.18907
1.18265
1.17885
1.17275
1.16932
1.16354
1.16048
1.15503
1.15235
1.14721
1.14492
1.14019
1.13961
1.00026
1.00073
1.00137
1.00387
1.00754
1.0198
1.04366
1.10207
1.253
1.56823
1.80261
2.12545
2.39768
2.47828
2.45187
2.42514
2.37594
2.32296
2.27861
2.24213
2.2083
2.1767
2.14555
2.11654
2.08819
2.06214
2.03625
2.0118
1.98641
1.96181
1.93607
1.91158
1.88657
1.86348
1.84023
1.81907
1.79753
1.77786
1.75747
1.73881
1.71924
1.70142
1.68262
1.66563
1.64756
1.63133
1.61388
1.5983
1.58142
1.56649
1.55023
1.53606
1.52059
1.50737
1.49283
1.48058
1.46688
1.45544
1.44241
1.4316
1.41914
1.40887
1.39681
1.3869
1.37507
1.36548
1.35393
1.34476
1.33358
1.32488
1.31409
1.30585
1.29538
1.28757
1.27742
1.27003
1.26025
1.25332
1.24406
1.23765
1.22906
1.22322
1.21533
1.21006
1.20277
1.198
1.19116
1.18685
1.18034
1.17645
1.17027
1.16678
1.16096
1.15788
1.15242
1.14976
1.14466
1.14241
1.13773
1.13719
1.00018
1.00053
1.00097
1.00286
1.00535
1.01501
1.03052
1.07936
1.17994
1.47956
1.90368
2.39758
2.63804
2.60823
2.58
2.53639
2.48415
2.43525
2.38793
2.34403
2.30248
2.26431
2.22697
2.19164
2.15644
2.12325
2.09025
2.05933
2.02848
1.99969
1.97094
1.94441
1.91799
1.8939
1.8698
1.84788
1.82559
1.80518
1.78398
1.76443
1.74384
1.72489
1.70482
1.6865
1.66705
1.64948
1.63075
1.61399
1.59602
1.58011
1.56295
1.54796
1.5317
1.5177
1.50237
1.48935
1.47489
1.46274
1.44899
1.43749
1.42426
1.41324
1.40041
1.38982
1.37736
1.36726
1.35525
1.34572
1.33423
1.32531
1.31432
1.30596
1.29536
1.28743
1.27714
1.26955
1.25959
1.25237
1.24292
1.23619
1.22741
1.22127
1.21323
1.2077
1.20029
1.19532
1.18835
1.18389
1.17725
1.17326
1.16694
1.1634
1.15746
1.15437
1.14882
1.14615
1.14098
1.13869
1.134
1.1333
)
;

boundaryField
{
    inlet
    {
        type            fixedValue;
        value           uniform 1;
    }
    outlet
    {
        type            zeroGradient;
    }
    bottom
    {
        type            symmetryPlane;
    }
    top
    {
        type            symmetryPlane;
    }
    obstacle
    {
        type            zeroGradient;
    }
    defaultFaces
    {
        type            empty;
    }
}


// ************************************************************************* //
